i:0	142206.50400715848
i:50	109200.46010189732
i:100	99329.20217472964
i:150	93497.97512537602
i:200	92369.01331272454
i:250	92219.1051982075
i:300	92219.1051982075
i:350	92219.1051982075
i:400	92219.1051982075
i:450	92219.1051982075
i:500	92219.1051982075
i:550	92219.1051982075
i:600	92219.1051982075
i:650	92219.1051982075
best: 92219.1051982075
routes: [0, 91, 92, 93, 94, 95, 96, 99, 100, 97, 98, 69, 70, 66, 67, 68, 62, 61, 63, 65, 64, 31, 39, 40, 35, 36, 37, 38, 34, 33, 32, 0, 21, 24, 23, 25, 27, 29, 30, 28, 26, 22, 16, 13, 15, 18, 20, 19, 17, 14, 11, 12, 0, 79, 80, 78, 77, 74, 71, 72, 73, 75, 76, 58, 60, 59, 57, 54, 55, 56, 53, 51, 52, 0, 4, 5, 8, 3, 1, 2, 6, 10, 9, 7, 90, 84, 83, 82, 81, 87, 85, 86, 89, 88, 41, 42, 43, 45, 47, 44, 46, 49, 50, 48, 0]
Elapsed time: 130.1814341545105

i:0	151440.10803681312
i:50	112555.42562257455
i:100	105436.08699431953
i:150	95090.56519929893
i:200	93285.0449296755
i:250	93281.63863615971
i:300	93281.63863615971
i:350	93281.63863615971
i:400	93281.63863615971
i:450	93281.63863615971
i:500	93281.63863615971
i:550	93281.63863615971
i:600	93281.63863615971
i:650	93281.63863615971
best: 93281.63863615971
routes: [0, 91, 92, 93, 94, 95, 96, 99, 100, 97, 98, 69, 70, 66, 67, 68, 62, 61, 63, 65, 64, 0, 79, 80, 72, 71, 73, 75, 78, 77, 74, 76, 59, 60, 58, 52, 51, 53, 56, 57, 55, 54, 0, 31, 39, 38, 37, 40, 35, 36, 34, 33, 32, 28, 30, 29, 27, 25, 26, 24, 21, 23, 22, 19, 17, 14, 12, 11, 13, 15, 18, 20, 16, 0, 90, 86, 84, 83, 85, 82, 81, 87, 89, 88, 46, 49, 50, 48, 47, 45, 44, 41, 42, 43, 9, 7, 8, 2, 1, 3, 6, 10, 5, 4, 0]
Elapsed time: 132.4256362915039

i:0	144674.0344191422
i:50	105483.25708074232
i:100	105276.94113321148
i:150	94599.29022449405
i:200	93785.06815499764
i:250	93608.50867092313
i:300	93608.50867092313
i:350	93608.50867092313
i:400	93608.50867092313
i:450	93608.50867092313
i:500	93608.50867092313
i:550	93608.50867092313
i:600	93608.50867092313
i:650	93608.50867092313
best: 93608.50867092313
routes: [0, 80, 76, 75, 78, 73, 72, 71, 74, 77, 79, 58, 60, 56, 52, 51, 53, 59, 57, 55, 54, 0, 1, 2, 8, 6, 3, 4, 5, 10, 7, 9, 90, 84, 83, 82, 81, 85, 86, 89, 87, 88, 41, 45, 44, 46, 49, 50, 47, 48, 43, 42, 0, 21, 24, 23, 25, 27, 29, 30, 28, 26, 22, 18, 15, 13, 11, 12, 14, 17, 19, 20, 16, 0, 61, 62, 63, 64, 65, 68, 66, 67, 70, 69, 95, 94, 92, 91, 93, 96, 97, 98, 99, 100, 31, 33, 32, 37, 36, 35, 40, 39, 38, 34, 0]
Elapsed time: 128.97688603401184

i:0	153260.72528192305
i:50	106459.756058718
i:100	103676.3965406254
i:150	103676.3965406254
i:200	91845.79408996658
i:250	91645.71185258085
i:300	91645.71185258085
i:350	91645.71185258085
i:400	91645.71185258085
i:450	91645.71185258085
i:500	91645.71185258085
i:550	91645.71185258085
i:600	91645.71185258085
i:650	91645.71185258085
best: 91645.71185258085
routes: [0, 51, 52, 53, 56, 54, 55, 57, 59, 60, 58, 71, 72, 73, 75, 78, 77, 74, 76, 79, 80, 0, 31, 39, 40, 35, 36, 37, 38, 34, 33, 32, 24, 21, 25, 27, 29, 30, 28, 26, 23, 22, 16, 13, 11, 12, 14, 15, 17, 19, 20, 18, 0, 100, 99, 95, 94, 92, 91, 93, 96, 97, 98, 61, 62, 63, 65, 66, 69, 70, 67, 68, 64, 0, 43, 48, 47, 49, 50, 46, 44, 45, 42, 41, 87, 81, 82, 83, 85, 88, 86, 89, 90, 84, 8, 7, 9, 10, 5, 6, 2, 1, 3, 4, 0]
Elapsed time: 146.07913780212402

i:0	145612.657643207
i:50	109275.08831769066
i:100	109275.08831769066
i:150	106187.15848684582
i:200	99684.40581434657
i:250	96495.2478814506
i:300	96401.90337424187
i:350	96401.90337424187
i:400	96401.90337424187
i:450	96401.90337424187
i:500	96401.90337424187
i:550	96401.90337424187
i:600	96401.90337424187
i:650	96401.90337424187
best: 96401.90337424187
routes: [0, 91, 92, 93, 94, 95, 97, 98, 96, 99, 100, 31, 34, 33, 32, 36, 35, 37, 40, 39, 38, 24, 26, 25, 27, 29, 30, 28, 21, 23, 22, 0, 43, 42, 41, 44, 45, 47, 46, 49, 50, 48, 11, 12, 18, 20, 19, 17, 14, 15, 13, 16, 0, 79, 77, 74, 76, 71, 72, 73, 75, 78, 80, 61, 62, 65, 69, 70, 67, 68, 66, 63, 64, 0, 4, 1, 2, 3, 6, 5, 10, 7, 8, 9, 89, 87, 82, 81, 83, 85, 88, 90, 86, 84, 57, 59, 60, 58, 56, 53, 51, 52, 55, 54, 0]
Elapsed time: 175.50654673576355

i:0	160062.7549488981
i:50	110828.71296609021
i:100	99434.90885590567
i:150	95498.18855676384
i:200	93353.84527582415
i:250	93353.84527582415
i:300	93353.84527582415
i:350	93353.84527582415
i:400	93353.84527582415
i:450	93353.84527582415
i:500	93353.84527582415
i:550	93353.84527582415
i:600	93353.84527582415
i:650	93353.84527582415
best: 93353.84527582415
routes: [0, 91, 92, 93, 96, 99, 100, 97, 98, 95, 94, 61, 62, 63, 66, 69, 70, 67, 68, 65, 64, 0, 76, 74, 71, 72, 73, 75, 78, 77, 80, 79, 58, 60, 59, 54, 57, 55, 56, 53, 51, 52, 0, 13, 11, 12, 14, 15, 17, 19, 20, 18, 16, 29, 30, 28, 27, 25, 26, 23, 22, 21, 24, 32, 37, 36, 35, 40, 39, 38, 31, 33, 34, 0, 4, 1, 2, 3, 6, 5, 10, 7, 8, 9, 90, 86, 89, 84, 83, 85, 82, 81, 87, 88, 41, 42, 43, 45, 44, 46, 49, 50, 47, 48, 0]
Elapsed time: 132.17832446098328

i:0	149428.99724446752
i:50	106491.49195216157
i:100	106481.42905777777
i:150	104879.15260038749
i:200	101602.03650982032
i:250	89633.74173281075
i:300	89633.74173281075
i:350	89633.74173281075
i:400	89633.74173281075
i:450	89633.74173281075
i:500	89633.74173281075
i:550	89633.74173281075
i:600	89633.74173281075
i:650	89633.74173281075
best: 89633.74173281075
routes: [0, 91, 92, 93, 94, 95, 96, 100, 99, 97, 98, 61, 62, 63, 68, 67, 69, 70, 66, 65, 64, 31, 39, 38, 37, 40, 35, 36, 32, 33, 34, 0, 51, 52, 53, 56, 54, 55, 57, 59, 60, 58, 79, 80, 76, 77, 74, 71, 72, 73, 75, 78, 1, 2, 8, 7, 9, 10, 5, 6, 3, 4, 0, 90, 89, 88, 87, 81, 82, 83, 85, 86, 84, 41, 43, 42, 45, 47, 44, 46, 49, 50, 48, 14, 15, 17, 19, 20, 18, 16, 13, 11, 12, 0, 21, 23, 22, 25, 27, 29, 30, 28, 26, 24, 0]
Elapsed time: 154.42060327529907

i:0	157792.99532178414
i:50	110530.04435069795
i:100	100659.67941820102
i:150	93861.81535596863
i:200	92812.19328548128
i:250	92812.19328548128
i:300	92812.19328548128
i:350	92812.19328548128
i:400	92812.19328548128
i:450	92812.19328548128
i:500	92812.19328548128
i:550	92812.19328548128
i:600	92812.19328548128
i:650	92812.19328548128
best: 92812.19328548128
routes: [0, 31, 39, 40, 35, 36, 37, 38, 34, 33, 32, 24, 21, 23, 22, 25, 27, 29, 30, 28, 26, 20, 19, 17, 18, 15, 14, 12, 11, 13, 16, 0, 43, 45, 44, 46, 49, 50, 48, 47, 42, 41, 88, 87, 81, 82, 83, 85, 86, 89, 90, 84, 8, 7, 9, 10, 5, 6, 2, 1, 3, 4, 0, 76, 74, 71, 72, 73, 75, 78, 79, 77, 80, 58, 59, 60, 56, 55, 57, 54, 53, 51, 52, 0, 96, 93, 92, 91, 94, 95, 97, 99, 100, 98, 61, 62, 63, 69, 70, 66, 67, 68, 65, 64, 0]
Elapsed time: 129.38580775260925

i:0	141420.6574971021
i:50	109392.02120525371
i:100	103847.6349080354
i:150	93781.65046708562
i:200	90787.36228495768
i:250	90555.60354212107
i:300	90555.60354212107
i:350	90555.60354212107
i:400	90555.60354212107
i:450	90555.60354212107
i:500	90555.60354212107
i:550	90555.60354212107
i:600	90555.60354212107
i:650	90555.60354212107
best: 90555.60354212107
routes: [0, 91, 92, 93, 94, 95, 96, 99, 100, 97, 98, 61, 62, 63, 64, 65, 67, 68, 66, 69, 70, 31, 39, 40, 35, 36, 37, 38, 34, 33, 32, 0, 4, 5, 10, 6, 3, 1, 2, 8, 7, 9, 43, 42, 45, 47, 49, 50, 48, 46, 44, 41, 88, 87, 81, 82, 83, 85, 86, 89, 90, 84, 0, 80, 76, 77, 74, 71, 72, 73, 75, 78, 79, 58, 59, 60, 56, 52, 51, 53, 57, 55, 54, 0, 21, 24, 23, 22, 25, 27, 29, 30, 28, 26, 20, 19, 17, 14, 12, 11, 13, 15, 18, 16, 0]
Elapsed time: 133.82519149780273

i:0	147774.68085884827
i:50	108403.40826039176
i:100	104889.72585724197
i:150	90451.44437144444
i:200	89143.12337013216
i:250	88567.32162269372
i:300	88567.32162269372
i:350	88567.32162269372
i:400	88567.32162269372
i:450	88567.32162269372
i:500	88567.32162269372
i:550	88567.32162269372
i:600	88567.32162269372
i:650	88567.32162269372
best: 88567.32162269372
routes: [0, 51, 52, 53, 56, 54, 55, 57, 59, 60, 58, 76, 71, 72, 73, 75, 78, 74, 77, 79, 80, 0, 31, 39, 40, 35, 36, 37, 38, 34, 33, 32, 30, 28, 27, 29, 25, 26, 24, 21, 23, 22, 16, 13, 11, 12, 14, 15, 17, 19, 20, 18, 0, 61, 62, 63, 64, 65, 68, 66, 67, 70, 69, 100, 99, 97, 98, 96, 95, 94, 93, 91, 92, 0, 43, 44, 46, 49, 50, 48, 47, 45, 42, 41, 87, 88, 86, 84, 83, 82, 81, 85, 89, 90, 8, 2, 1, 3, 6, 7, 9, 10, 5, 4, 0]
Elapsed time: 131.40449237823486

i:0	146529.81749090736
i:50	108978.21351049957
i:100	103952.03603229631
i:150	100323.49942879946
i:200	99725.6366093028
i:250	92650.1704078361
i:300	92650.1704078361
i:350	92650.1704078361
i:400	92650.1704078361
i:450	92650.1704078361
i:500	92650.1704078361
i:550	92650.1704078361
i:600	92650.1704078361
i:650	92650.1704078361
best: 92650.1704078361
routes: [0, 4, 5, 6, 3, 1, 2, 8, 7, 10, 9, 90, 86, 89, 84, 83, 85, 82, 81, 87, 88, 41, 44, 42, 43, 45, 47, 46, 49, 50, 48, 0, 76, 77, 74, 71, 72, 73, 75, 78, 80, 79, 58, 60, 59, 57, 54, 55, 56, 53, 51, 52, 0, 31, 34, 38, 39, 40, 35, 36, 37, 33, 32, 21, 23, 25, 27, 29, 30, 28, 26, 24, 22, 16, 20, 19, 17, 18, 15, 14, 13, 11, 12, 0, 91, 92, 93, 96, 99, 100, 97, 98, 95, 94, 61, 63, 65, 66, 69, 70, 67, 68, 64, 62, 0]
Elapsed time: 155.20655870437622

i:0	142407.80287696273
i:50	107375.42759054263
i:100	105440.09753802296
i:150	101998.89476596346
i:200	93431.66483638257
i:250	93346.68105156855
i:300	93346.68105156855
i:350	93346.68105156855
i:400	93346.68105156855
i:450	93346.68105156855
i:500	93346.68105156855
i:550	93346.68105156855
i:600	93346.68105156855
i:650	93346.68105156855
best: 93346.68105156855
routes: [0, 90, 86, 89, 84, 83, 85, 82, 81, 87, 88, 41, 42, 45, 44, 46, 49, 50, 47, 48, 43, 11, 13, 12, 14, 17, 19, 20, 18, 15, 16, 0, 76, 77, 80, 79, 74, 71, 72, 73, 75, 78, 61, 62, 63, 65, 66, 69, 70, 67, 68, 64, 0, 91, 92, 93, 94, 95, 96, 97, 98, 99, 100, 31, 33, 34, 38, 39, 40, 35, 36, 37, 32, 21, 23, 22, 25, 27, 29, 30, 28, 26, 24, 0, 51, 52, 53, 56, 59, 60, 58, 57, 55, 54, 8, 7, 9, 10, 6, 2, 1, 3, 5, 4, 0]
Elapsed time: 138.82027649879456

i:0	147373.3413943077
i:50	108462.49446638765
i:100	99122.95101449001
i:150	94224.66022178551
i:200	92481.84549405365
i:250	92252.10338006311
i:300	92252.10338006311
i:350	92252.10338006311
i:400	92252.10338006311
i:450	92252.10338006311
i:500	92252.10338006311
i:550	92252.10338006311
i:600	92252.10338006311
i:650	92252.10338006311
best: 92252.10338006311
routes: [0, 43, 44, 46, 49, 50, 48, 47, 45, 42, 41, 88, 87, 81, 82, 83, 85, 86, 89, 90, 84, 9, 10, 7, 8, 2, 1, 3, 6, 5, 4, 0, 76, 74, 71, 72, 73, 75, 78, 77, 79, 80, 58, 52, 51, 53, 56, 59, 60, 57, 55, 54, 0, 100, 99, 98, 96, 95, 94, 97, 93, 91, 92, 61, 63, 65, 68, 67, 69, 70, 66, 64, 62, 0, 31, 34, 33, 32, 38, 39, 40, 37, 36, 35, 30, 28, 27, 29, 25, 26, 24, 21, 23, 22, 20, 19, 17, 18, 15, 14, 12, 11, 13, 16, 0]
Elapsed time: 130.4551739692688

i:0	135340.26847733962
i:50	103338.21580386622
i:100	97201.6794687791
i:150	94361.03139282049
i:200	93063.36420769476
i:250	93063.36420769476
i:300	93063.36420769476
i:350	93063.36420769476
i:400	93063.36420769476
i:450	93063.36420769476
i:500	93063.36420769476
i:550	93063.36420769476
i:600	93063.36420769476
i:650	93063.36420769476
best: 93063.36420769476
routes: [0, 91, 92, 100, 99, 94, 96, 97, 98, 93, 95, 68, 67, 69, 70, 66, 65, 64, 63, 61, 62, 0, 31, 39, 38, 40, 37, 36, 35, 33, 34, 32, 24, 21, 23, 22, 25, 26, 27, 29, 30, 28, 20, 19, 17, 14, 12, 11, 13, 15, 18, 16, 0, 51, 52, 53, 56, 55, 54, 57, 59, 60, 58, 76, 79, 77, 74, 71, 72, 73, 75, 78, 80, 0, 43, 42, 45, 47, 49, 50, 48, 46, 44, 41, 87, 88, 86, 84, 83, 82, 81, 85, 89, 90, 9, 10, 5, 6, 7, 8, 2, 1, 3, 4, 0]
Elapsed time: 127.04453444480896

i:0	139403.5223912861
i:50	108752.9893806913
i:100	104914.96243431968
i:150	99150.66202204979
i:200	93083.98311827015
i:250	92888.63030970056
i:300	92888.63030970056
i:350	92888.63030970056
i:400	92888.63030970056
i:450	92888.63030970056
i:500	92888.63030970056
i:550	92888.63030970056
i:600	92888.63030970056
i:650	92888.63030970056
best: 92888.63030970056
routes: [0, 90, 86, 84, 83, 85, 82, 81, 87, 89, 88, 41, 44, 46, 49, 50, 48, 47, 45, 42, 43, 10, 9, 7, 8, 2, 1, 3, 6, 5, 4, 0, 79, 77, 80, 74, 71, 72, 73, 75, 78, 76, 59, 58, 60, 57, 54, 55, 56, 53, 51, 52, 0, 91, 92, 93, 97, 99, 100, 96, 95, 94, 98, 61, 62, 63, 64, 65, 67, 68, 66, 69, 70, 31, 39, 38, 37, 40, 35, 36, 32, 33, 34, 0, 21, 23, 25, 27, 29, 30, 28, 26, 24, 22, 13, 11, 12, 14, 15, 17, 19, 20, 18, 16, 0]
Elapsed time: 134.6072962284088

i:0	150616.79888276133
i:50	108054.7235274752
i:100	98260.91326433443
i:150	92559.7137768536
i:200	91664.91472037871
i:250	91664.91472037871
i:300	91664.91472037871
i:350	91664.91472037871
i:400	91664.91472037871
i:450	91664.91472037871
i:500	91664.91472037871
i:550	91664.91472037871
i:600	91664.91472037871
i:650	91664.91472037871
best: 91664.91472037871
routes: [0, 31, 39, 40, 35, 36, 37, 38, 34, 33, 32, 24, 21, 23, 25, 27, 29, 30, 28, 26, 22, 13, 11, 12, 14, 15, 17, 19, 20, 18, 16, 0, 96, 97, 98, 99, 100, 95, 94, 93, 91, 92, 61, 62, 63, 69, 70, 66, 67, 68, 65, 64, 0, 80, 76, 77, 74, 71, 72, 73, 75, 78, 79, 58, 56, 54, 55, 57, 59, 60, 53, 51, 52, 0, 43, 48, 47, 49, 50, 46, 44, 45, 42, 41, 88, 87, 81, 82, 83, 85, 86, 89, 90, 84, 9, 10, 7, 8, 2, 1, 3, 6, 5, 4, 0]
Elapsed time: 124.67497873306274

i:0	147194.75038519138
i:50	110674.44656467793
i:100	105029.73032555319
i:150	103321.10355539326
i:200	92780.24458421282
i:250	91736.22654159753
i:300	91736.22654159753
i:350	91736.22654159753
i:400	91736.22654159753
i:450	91736.22654159753
i:500	91736.22654159753
i:550	91736.22654159753
i:600	91736.22654159753
i:650	91736.22654159753
best: 91736.22654159753
routes: [0, 31, 34, 33, 32, 38, 39, 40, 37, 35, 36, 30, 28, 27, 29, 25, 26, 24, 21, 23, 22, 16, 20, 19, 17, 18, 15, 14, 13, 11, 12, 0, 91, 92, 93, 94, 95, 96, 99, 100, 97, 98, 69, 70, 66, 64, 62, 61, 63, 65, 67, 68, 0, 43, 42, 45, 46, 49, 50, 48, 47, 44, 41, 88, 87, 81, 82, 83, 85, 86, 89, 90, 84, 8, 7, 9, 10, 5, 6, 2, 1, 3, 4, 0, 80, 76, 77, 74, 71, 72, 73, 75, 78, 79, 58, 52, 51, 53, 56, 59, 60, 57, 55, 54, 0]
Elapsed time: 144.43881964683533

i:0	140476.67299530195
i:50	104936.76451508544
i:100	95937.4618355096
i:150	92825.15704337036
i:200	90106.42025343841
i:250	90106.42025343841
i:300	90106.42025343841
i:350	90106.42025343841
i:400	90106.42025343841
i:450	90106.42025343841
i:500	90106.42025343841
i:550	90106.42025343841
i:600	89860.79800412589
i:650	89860.79800412589
best: 89860.79800412589
routes: [0, 31, 32, 37, 36, 35, 40, 39, 38, 34, 33, 21, 23, 22, 26, 25, 27, 29, 30, 28, 24, 0, 51, 52, 53, 56, 54, 55, 57, 59, 60, 58, 76, 74, 71, 72, 73, 75, 78, 77, 79, 80, 0, 90, 86, 84, 83, 82, 81, 87, 88, 85, 89, 41, 42, 43, 45, 47, 44, 46, 49, 50, 48, 14, 12, 11, 13, 15, 17, 19, 20, 18, 16, 0, 4, 3, 6, 5, 10, 9, 7, 8, 2, 1, 61, 62, 63, 64, 65, 68, 66, 67, 70, 69, 98, 97, 99, 100, 96, 95, 94, 93, 91, 92, 0]
Elapsed time: 132.97311782836914

i:0	143315.67452659478
i:50	109805.71165989581
i:100	103123.42218722921
i:150	96829.0301722733
i:200	92721.19360267631
i:250	92587.8617317263
i:300	92587.8617317263
i:350	92587.8617317263
i:400	92587.8617317263
i:450	92587.8617317263
i:500	92587.8617317263
i:550	92587.8617317263
i:600	92587.8617317263
i:650	92587.8617317263
best: 92587.8617317263
routes: [0, 4, 1, 2, 3, 6, 5, 10, 7, 8, 9, 84, 83, 82, 81, 87, 88, 85, 86, 89, 90, 41, 42, 43, 45, 47, 44, 46, 49, 50, 48, 0, 61, 62, 63, 64, 65, 68, 66, 67, 70, 69, 98, 96, 94, 92, 91, 93, 95, 97, 99, 100, 0, 80, 76, 77, 74, 71, 72, 73, 75, 78, 79, 58, 59, 60, 56, 57, 55, 54, 53, 51, 52, 0, 13, 11, 12, 14, 15, 17, 19, 18, 16, 20, 29, 27, 26, 24, 21, 23, 22, 25, 28, 30, 35, 36, 37, 40, 39, 38, 31, 34, 33, 32, 0]
Elapsed time: 138.62848496437073

i:0	145158.91076032724
i:50	107847.22108543469
i:100	104543.74036193613
i:150	101944.33141785208
i:200	93508.88307535934
i:250	93175.15582634463
i:300	93175.15582634463
i:350	93175.15582634463
i:400	93175.15582634463
i:450	93175.15582634463
i:500	93175.15582634463
i:550	93175.15582634463
i:600	93175.15582634463
i:650	93175.15582634463
best: 93175.15582634463
routes: [0, 4, 5, 10, 9, 7, 6, 3, 1, 2, 8, 90, 89, 85, 86, 84, 83, 82, 81, 87, 88, 41, 42, 43, 45, 44, 46, 49, 50, 47, 48, 0, 93, 95, 97, 98, 99, 100, 96, 94, 91, 92, 61, 62, 63, 66, 69, 70, 67, 68, 65, 64, 31, 34, 33, 32, 37, 36, 35, 40, 39, 38, 0, 21, 23, 25, 27, 29, 30, 28, 26, 24, 22, 20, 19, 17, 18, 15, 14, 12, 11, 13, 16, 0, 76, 77, 74, 71, 72, 73, 75, 78, 80, 79, 58, 52, 51, 53, 56, 59, 60, 57, 55, 54, 0]
Elapsed time: 140.58686780929565

mean: 92265.27396860401
std: 1658.899017002599
mean-time: 138.0910084605217
std-time: 11.875808855118105