i:0	148280.70854016597
i:50	106003.64227319122
i:100	98208.78691103288
i:150	89387.06426395017
i:200	85919.66220338596
i:250	85919.66220338596
i:300	85919.66220338596
i:350	85919.66220338596
i:400	85919.66220338596
i:450	85919.66220338596
i:500	85919.66220338596
i:550	85919.66220338596
i:600	85919.66220338596
i:650	85919.66220338596
best: 85919.66220338596
routes: [0, 96, 99, 100, 98, 97, 95, 94, 93, 91, 92, 61, 62, 63, 64, 65, 66, 67, 68, 69, 70, 31, 34, 33, 32, 39, 38, 37, 40, 35, 36, 0, 21, 24, 23, 25, 29, 27, 30, 28, 26, 22, 16, 15, 18, 20, 19, 17, 14, 12, 13, 11, 43, 42, 45, 47, 49, 50, 48, 46, 44, 41, 89, 90, 84, 83, 82, 81, 87, 88, 85, 86, 0, 80, 76, 77, 74, 71, 72, 73, 75, 78, 79, 58, 59, 60, 56, 52, 51, 53, 57, 55, 54, 8, 2, 1, 3, 6, 7, 9, 10, 5, 4, 0]
Elapsed time: 132.9936900138855

i:0	151991.9131582523
i:50	100146.85586728936
i:100	97582.47962171314
i:150	95184.89596047586
i:200	93266.71093430193
i:250	93266.71093430193
i:300	93266.71093430193
i:350	93266.71093430193
i:400	93266.71093430193
i:450	93266.71093430193
i:500	93266.71093430193
i:550	93266.71093430193
i:600	93266.71093430193
i:650	93266.71093430193
best: 93266.71093430193
routes: [0, 91, 92, 93, 96, 95, 94, 98, 97, 99, 100, 69, 70, 67, 64, 63, 61, 62, 65, 68, 66, 0, 51, 52, 53, 56, 55, 54, 57, 58, 60, 59, 79, 80, 76, 77, 74, 71, 72, 73, 75, 78, 0, 16, 15, 18, 20, 19, 17, 14, 12, 11, 13, 21, 23, 22, 25, 27, 29, 30, 28, 26, 24, 32, 37, 36, 35, 40, 39, 38, 31, 33, 34, 0, 43, 42, 45, 47, 49, 50, 48, 46, 44, 41, 89, 90, 86, 84, 83, 85, 82, 81, 87, 88, 8, 7, 9, 10, 5, 6, 2, 1, 3, 4, 0]
Elapsed time: 131.24161839485168

i:0	143393.5361554022
i:50	109272.36742572262
i:100	108072.36208837721
i:150	103295.48898940136
i:200	92087.03951572726
i:250	90317.93839214038
i:300	90317.93839214038
i:350	90317.93839214038
i:400	90317.93839214038
i:450	90317.93839214038
i:500	90317.93839214038
i:550	90317.93839214038
i:600	90317.93839214038
i:650	90317.93839214038
best: 90317.93839214038
routes: [0, 91, 92, 93, 94, 95, 96, 99, 100, 97, 98, 62, 61, 63, 64, 65, 68, 66, 67, 69, 70, 31, 34, 33, 32, 37, 36, 35, 40, 39, 38, 0, 51, 52, 53, 56, 54, 55, 57, 59, 60, 58, 79, 80, 77, 75, 78, 73, 72, 71, 74, 76, 0, 43, 48, 45, 47, 49, 50, 46, 44, 42, 41, 87, 88, 85, 89, 90, 86, 81, 82, 83, 84, 9, 10, 5, 6, 7, 8, 2, 1, 3, 4, 0, 21, 25, 27, 29, 30, 28, 26, 24, 23, 22, 16, 20, 19, 17, 18, 15, 14, 13, 11, 12, 0]
Elapsed time: 149.58304595947266

i:0	147285.09473047117
i:50	104076.1478188318
i:100	96360.64259681765
i:150	92922.31851199658
i:200	89224.575255058
i:250	89135.59516035474
i:300	89135.59516035474
i:350	89135.59516035474
i:400	89135.59516035474
i:450	89135.59516035474
i:500	89135.59516035474
i:550	89135.59516035474
i:600	89135.59516035474
i:650	89135.59516035474
best: 89135.59516035474
routes: [0, 51, 52, 53, 57, 55, 54, 56, 59, 60, 58, 77, 74, 71, 72, 73, 75, 78, 76, 79, 80, 0, 4, 6, 10, 5, 8, 2, 3, 1, 7, 9, 88, 87, 81, 82, 83, 85, 89, 90, 84, 86, 41, 42, 43, 45, 44, 46, 49, 50, 47, 48, 0, 96, 97, 99, 100, 98, 95, 94, 93, 91, 92, 62, 61, 63, 64, 65, 68, 66, 67, 69, 70, 31, 39, 40, 35, 36, 37, 38, 34, 33, 32, 28, 30, 29, 27, 25, 26, 24, 21, 23, 22, 0, 13, 11, 12, 14, 15, 17, 19, 20, 18, 16, 0]
Elapsed time: 136.04656553268433

i:0	154637.9385726738
i:50	107366.97326722884
i:100	98620.3794878443
i:150	94641.32723029389
i:200	92217.11989671332
i:250	92205.43628557258
i:300	92205.43628557258
i:350	92205.43628557258
i:400	92205.43628557258
i:450	92205.43628557258
i:500	92205.43628557258
i:550	92205.43628557258
i:600	92205.43628557258
i:650	92205.43628557258
best: 92205.43628557258
routes: [0, 97, 99, 100, 98, 96, 95, 94, 93, 91, 92, 61, 62, 65, 68, 67, 69, 70, 66, 63, 64, 0, 79, 80, 76, 77, 74, 71, 72, 73, 75, 78, 58, 59, 60, 56, 57, 55, 54, 53, 51, 52, 0, 1, 2, 7, 6, 10, 5, 4, 3, 8, 9, 90, 86, 84, 89, 87, 81, 82, 83, 85, 88, 41, 42, 43, 45, 44, 46, 49, 50, 47, 48, 17, 19, 20, 18, 15, 14, 12, 11, 13, 16, 0, 21, 22, 23, 24, 26, 25, 29, 27, 28, 30, 35, 36, 37, 40, 39, 38, 31, 34, 33, 32, 0]
Elapsed time: 132.96686434745789

i:0	156094.18877723414
i:50	107303.42669991194
i:100	96659.99755396871
i:150	95108.64747261355
i:200	93559.07278250917
i:250	93559.07278250917
i:300	93559.07278250917
i:350	93559.07278250917
i:400	93559.07278250917
i:450	93559.07278250917
i:500	93559.07278250917
i:550	93559.07278250917
i:600	93559.07278250917
i:650	93559.07278250917
best: 93559.07278250917
routes: [0, 92, 91, 93, 99, 100, 98, 97, 95, 94, 96, 69, 70, 66, 67, 68, 65, 64, 63, 61, 62, 0, 76, 71, 72, 73, 75, 78, 74, 77, 80, 79, 58, 60, 59, 57, 54, 55, 56, 53, 51, 52, 0, 31, 33, 34, 32, 38, 39, 40, 35, 36, 37, 30, 29, 27, 28, 25, 26, 23, 24, 21, 22, 13, 11, 14, 12, 15, 20, 19, 17, 18, 16, 0, 1, 3, 10, 6, 4, 2, 5, 8, 7, 9, 86, 89, 90, 84, 83, 85, 82, 81, 87, 88, 41, 45, 44, 46, 49, 50, 47, 48, 43, 42, 0]
Elapsed time: 126.68560338020325

i:0	147620.3028412883
i:50	103950.60965168593
i:100	103402.5847105389
i:150	99053.84923859577
i:200	86621.41593550403
i:250	85872.20718385524
i:300	85872.20718385524
i:350	85872.20718385524
i:400	85872.20718385524
i:450	85872.20718385524
i:500	85872.20718385524
i:550	85872.20718385524
i:600	85872.20718385524
i:650	85872.20718385524
best: 85872.20718385524
routes: [0, 51, 52, 53, 56, 54, 55, 57, 59, 60, 58, 79, 80, 76, 77, 74, 71, 72, 73, 75, 78, 2, 1, 3, 5, 10, 9, 7, 8, 6, 4, 0, 91, 92, 93, 94, 95, 96, 99, 100, 97, 98, 69, 70, 67, 64, 62, 61, 63, 65, 68, 66, 31, 38, 37, 36, 35, 40, 39, 34, 33, 32, 0, 90, 86, 84, 83, 85, 82, 81, 87, 89, 88, 41, 42, 43, 45, 44, 46, 49, 50, 47, 48, 14, 12, 11, 13, 15, 17, 19, 20, 18, 16, 29, 27, 30, 28, 26, 25, 22, 23, 21, 24, 0]
Elapsed time: 143.71504521369934

i:0	153142.03368534343
i:50	107568.43378655567
i:100	98611.84016352831
i:150	89798.89307937985
i:200	87729.03619116901
i:250	87697.07199215071
i:300	87697.07199215071
i:350	87697.07199215071
i:400	87697.07199215071
i:450	87697.07199215071
i:500	87697.07199215071
i:550	87697.07199215071
i:600	87697.07199215071
i:650	87697.07199215071
best: 87697.07199215071
routes: [0, 93, 92, 91, 95, 97, 100, 94, 96, 99, 98, 69, 70, 66, 67, 68, 65, 64, 63, 62, 61, 79, 77, 74, 76, 71, 72, 73, 75, 78, 80, 0, 51, 52, 53, 56, 59, 60, 58, 57, 55, 54, 90, 87, 81, 82, 83, 84, 86, 89, 85, 88, 41, 43, 45, 47, 49, 50, 48, 46, 44, 42, 0, 4, 5, 10, 9, 7, 8, 6, 3, 2, 1, 31, 39, 40, 36, 35, 37, 38, 34, 33, 32, 24, 21, 23, 25, 27, 29, 30, 28, 26, 22, 16, 15, 14, 17, 19, 20, 18, 13, 11, 12, 0]
Elapsed time: 131.23813652992249

i:0	146251.73845193363
i:50	105756.47464884608
i:100	95977.63014043143
i:150	90294.91490632817
i:200	85320.19065528028
i:250	85303.04878173812
i:300	85303.04878173812
i:350	85303.04878173812
i:400	85303.04878173812
i:450	85303.04878173812
i:500	85303.04878173812
i:550	85303.04878173812
i:600	85303.04878173812
i:650	85303.04878173812
best: 85303.04878173812
routes: [0, 80, 76, 77, 74, 71, 72, 73, 75, 78, 79, 58, 59, 60, 56, 52, 51, 53, 57, 55, 54, 2, 1, 3, 6, 7, 8, 9, 10, 5, 4, 0, 90, 86, 89, 84, 83, 85, 82, 81, 87, 88, 41, 42, 43, 45, 44, 46, 49, 50, 47, 48, 14, 12, 11, 13, 15, 17, 19, 20, 18, 16, 25, 27, 29, 30, 28, 26, 24, 21, 23, 22, 0, 33, 32, 38, 39, 40, 36, 35, 37, 34, 31, 100, 99, 97, 98, 96, 95, 94, 93, 91, 92, 61, 62, 63, 64, 65, 68, 66, 67, 69, 70, 0]
Elapsed time: 130.98397278785706

i:0	144630.05845438706
i:50	113705.70033726456
i:100	106538.17021150122
i:150	96628.7096942197
i:200	89614.76607162567
i:250	86199.28889891028
i:300	86199.28889891028
i:350	86199.28889891028
i:400	86199.28889891028
i:450	86199.28889891028
i:500	86199.28889891028
i:550	86199.28889891028
i:600	86199.28889891028
i:650	86199.28889891028
best: 86199.28889891028
routes: [0, 51, 52, 53, 58, 56, 54, 55, 57, 59, 60, 76, 74, 71, 72, 73, 75, 78, 77, 79, 80, 2, 1, 3, 8, 7, 9, 10, 5, 6, 4, 0, 90, 84, 83, 82, 81, 85, 86, 89, 87, 88, 41, 42, 45, 44, 46, 49, 50, 47, 48, 43, 11, 12, 14, 13, 16, 15, 18, 17, 19, 20, 22, 25, 27, 29, 30, 28, 26, 23, 21, 24, 0, 32, 33, 34, 39, 40, 35, 36, 37, 38, 31, 100, 95, 94, 92, 91, 93, 96, 99, 97, 98, 69, 70, 66, 67, 68, 65, 64, 63, 61, 62, 0]
Elapsed time: 140.3843801021576

i:0	159340.59964628186
i:50	108029.834595981
i:100	104160.80338405565
i:150	95716.46739715035
i:200	86290.49018800186
i:250	86157.49349552207
i:300	86157.49349552207
i:350	86157.49349552207
i:400	86157.49349552207
i:450	86157.49349552207
i:500	86157.49349552207
i:550	86157.49349552207
i:600	86157.49349552207
i:650	86157.49349552207
best: 86157.49349552207
routes: [0, 31, 39, 38, 37, 40, 35, 36, 34, 33, 32, 28, 30, 29, 27, 25, 26, 24, 21, 23, 22, 16, 15, 18, 20, 19, 17, 14, 13, 11, 12, 10, 5, 6, 7, 9, 8, 2, 1, 3, 4, 0, 43, 45, 47, 49, 50, 48, 46, 44, 42, 41, 88, 87, 81, 82, 83, 85, 86, 89, 90, 84, 54, 52, 51, 53, 56, 55, 57, 59, 60, 58, 0, 91, 92, 93, 94, 95, 96, 99, 100, 97, 98, 63, 65, 68, 67, 69, 70, 66, 64, 62, 61, 80, 79, 77, 74, 71, 72, 73, 75, 78, 76, 0]
Elapsed time: 139.84657454490662

i:0	143647.85456215678
i:50	106475.14222063837
i:100	100347.78008905728
i:150	93956.6718003193
i:200	84767.81476065479
i:250	84767.81476065479
i:300	84767.81476065479
i:350	84767.81476065479
i:400	84767.81476065479
i:450	84767.81476065479
i:500	84767.81476065479
i:550	84767.81476065479
i:600	84767.81476065479
i:650	84767.81476065479
best: 84767.81476065479
routes: [0, 96, 99, 100, 97, 98, 95, 94, 93, 91, 92, 51, 52, 53, 56, 54, 55, 57, 59, 60, 58, 79, 80, 76, 77, 74, 71, 72, 73, 75, 78, 0, 61, 62, 63, 64, 65, 68, 66, 67, 69, 70, 31, 34, 33, 38, 39, 40, 35, 36, 37, 32, 24, 21, 23, 22, 25, 27, 29, 30, 28, 26, 0, 13, 15, 18, 16, 20, 19, 17, 14, 12, 11, 43, 44, 46, 49, 50, 48, 47, 45, 42, 41, 89, 90, 84, 83, 82, 81, 87, 88, 85, 86, 9, 10, 5, 6, 7, 8, 2, 1, 3, 4, 0]
Elapsed time: 136.06216526031494

i:0	146357.33389766022
i:50	108348.87927609072
i:100	107157.57055587448
i:150	96286.15796132197
i:200	95730.94385999064
i:250	95730.94385999064
i:300	95730.94385999064
i:350	95730.94385999064
i:400	95730.94385999064
i:450	95730.94385999064
i:500	95730.94385999064
i:550	95730.94385999064
i:600	95730.94385999064
i:650	95730.94385999064
best: 95730.94385999064
routes: [0, 91, 93, 94, 98, 97, 99, 100, 96, 95, 92, 65, 66, 69, 70, 67, 68, 63, 64, 61, 62, 0, 54, 55, 57, 59, 60, 56, 51, 52, 53, 58, 76, 77, 74, 71, 72, 73, 75, 78, 79, 80, 0, 11, 13, 12, 15, 16, 20, 18, 14, 17, 19, 29, 30, 28, 27, 25, 26, 22, 23, 21, 24, 32, 37, 35, 36, 40, 39, 38, 33, 34, 31, 0, 4, 1, 3, 5, 6, 2, 8, 7, 10, 9, 90, 86, 89, 84, 83, 85, 82, 81, 87, 88, 41, 43, 48, 47, 49, 50, 46, 44, 45, 42, 0]
Elapsed time: 131.11383485794067

i:0	151602.093874891
i:50	108385.17730582804
i:100	102181.18154075604
i:150	96449.40394277142
i:200	95857.61435440993
i:250	95841.91251472702
i:300	95841.91251472702
i:350	95841.91251472702
i:400	95841.91251472702
i:450	95841.91251472702
i:500	95841.91251472702
i:550	95841.91251472702
i:600	95841.91251472702
i:650	95841.91251472702
best: 95841.91251472702
routes: [0, 91, 92, 97, 95, 100, 99, 98, 96, 93, 94, 69, 70, 67, 68, 65, 66, 64, 63, 61, 62, 0, 33, 34, 31, 38, 40, 36, 35, 37, 39, 32, 28, 30, 29, 27, 25, 26, 24, 21, 23, 22, 18, 14, 12, 11, 13, 15, 17, 19, 20, 16, 0, 76, 80, 79, 77, 74, 71, 72, 73, 75, 78, 58, 59, 60, 52, 51, 53, 56, 57, 55, 54, 0, 4, 1, 3, 2, 8, 7, 10, 5, 6, 9, 90, 86, 84, 83, 82, 81, 87, 85, 89, 88, 41, 44, 45, 47, 46, 49, 50, 48, 43, 42, 0]
Elapsed time: 132.55860662460327

i:0	138636.0884895617
i:50	105525.01435129877
i:100	104464.58985559121
i:150	103017.05447123722
i:200	99576.16859174089
i:250	92406.96546327963
i:300	92406.96546327963
i:350	92406.96546327963
i:400	92406.96546327963
i:450	92406.96546327963
i:500	92406.96546327963
i:550	92406.96546327963
i:600	92406.96546327963
i:650	92406.96546327963
best: 92406.96546327963
routes: [0, 31, 33, 34, 32, 38, 39, 40, 37, 36, 35, 30, 28, 25, 29, 27, 26, 22, 23, 21, 24, 0, 54, 52, 51, 53, 56, 55, 57, 59, 60, 58, 76, 79, 80, 77, 74, 71, 72, 73, 75, 78, 0, 13, 12, 17, 18, 19, 20, 16, 15, 14, 11, 45, 47, 46, 49, 50, 48, 43, 42, 44, 41, 88, 87, 81, 82, 83, 85, 86, 89, 90, 84, 9, 7, 10, 5, 6, 3, 8, 2, 1, 4, 0, 91, 92, 93, 94, 95, 97, 98, 99, 100, 96, 61, 62, 63, 65, 68, 67, 69, 70, 66, 64, 0]
Elapsed time: 151.84042167663574

i:0	141455.51639910284
i:50	106680.79173973287
i:100	100011.63106344195
i:150	96179.86266633344
i:200	95407.63583083409
i:250	95407.63583083409
i:300	95407.63583083409
i:350	95407.63583083409
i:400	95407.63583083409
i:450	95407.63583083409
i:500	95407.63583083409
i:550	95407.63583083409
i:600	95407.63583083409
i:650	95407.63583083409
best: 95407.63583083409
routes: [0, 51, 52, 53, 56, 54, 55, 57, 59, 60, 58, 76, 77, 74, 71, 72, 73, 75, 78, 79, 80, 0, 16, 20, 18, 14, 12, 11, 13, 15, 17, 19, 22, 23, 21, 24, 26, 25, 29, 27, 28, 30, 35, 36, 37, 40, 39, 38, 31, 34, 33, 32, 0, 61, 62, 65, 64, 63, 68, 66, 67, 70, 69, 100, 97, 94, 96, 95, 99, 98, 91, 92, 93, 0, 4, 6, 1, 5, 7, 10, 2, 3, 8, 9, 90, 86, 89, 84, 83, 85, 82, 81, 87, 88, 41, 44, 45, 47, 46, 49, 50, 48, 43, 42, 0]
Elapsed time: 132.4365472793579

i:0	148331.47635756183
i:50	105463.22206092968
i:100	96815.61228515422
i:150	93093.64174827309
i:200	92223.91632463194
i:250	92223.91632463194
i:300	91929.1516818612
i:350	91929.1516818612
i:400	91929.1516818612
i:450	91929.1516818612
i:500	91929.1516818612
i:550	91929.1516818612
i:600	91929.1516818612
i:650	91929.1516818612
best: 91929.1516818612
routes: [0, 31, 39, 38, 37, 40, 35, 36, 34, 33, 32, 24, 21, 23, 22, 25, 27, 29, 30, 28, 26, 16, 15, 14, 17, 19, 20, 18, 13, 11, 12, 0, 79, 80, 76, 77, 74, 71, 72, 73, 75, 78, 58, 59, 60, 57, 55, 56, 54, 53, 51, 52, 0, 4, 1, 2, 3, 6, 5, 10, 7, 8, 9, 43, 46, 49, 50, 48, 47, 45, 44, 42, 41, 87, 88, 85, 82, 81, 83, 84, 86, 89, 90, 0, 61, 62, 63, 64, 65, 67, 68, 66, 70, 69, 100, 99, 97, 98, 96, 95, 94, 93, 91, 92, 0]
Elapsed time: 123.84076189994812

i:0	149519.24872589888
i:50	112560.45956364603
i:100	109407.59900550723
i:150	103284.55670717337
i:200	96039.17998841802
i:250	87332.1239541664
i:300	87332.1239541664
i:350	87332.1239541664
i:400	87332.1239541664
i:450	87332.1239541664
i:500	87332.1239541664
i:550	87332.1239541664
i:600	87332.1239541664
i:650	87332.1239541664
best: 87332.1239541664
routes: [0, 76, 77, 74, 71, 72, 73, 75, 78, 79, 80, 58, 59, 60, 56, 55, 57, 54, 51, 53, 52, 0, 96, 100, 99, 97, 98, 91, 95, 94, 93, 92, 61, 62, 63, 64, 65, 68, 66, 67, 69, 70, 31, 39, 40, 35, 36, 37, 38, 34, 33, 32, 24, 21, 23, 25, 27, 29, 30, 28, 26, 22, 0, 16, 20, 19, 17, 18, 15, 14, 12, 13, 11, 48, 47, 49, 50, 46, 44, 45, 43, 42, 41, 86, 84, 83, 82, 81, 87, 88, 85, 89, 90, 2, 1, 3, 4, 5, 6, 7, 8, 9, 10, 0]
Elapsed time: 149.6426272392273

i:0	155787.83533737814
i:50	102933.49979666586
i:100	97364.22469383037
i:150	96693.81440808358
i:200	94813.6798416416
i:250	94810.9443786687
i:300	94810.9443786687
i:350	94810.9443786687
i:400	94810.9443786687
i:450	94810.9443786687
i:500	94810.9443786687
i:550	94810.9443786687
i:600	94810.9443786687
i:650	94810.9443786687
best: 94810.9443786687
routes: [0, 91, 92, 93, 95, 94, 99, 100, 96, 97, 98, 70, 69, 67, 68, 66, 62, 61, 63, 65, 64, 0, 52, 51, 53, 54, 55, 56, 57, 60, 58, 59, 76, 79, 77, 74, 71, 72, 73, 75, 78, 80, 0, 13, 11, 14, 12, 17, 19, 20, 18, 15, 16, 23, 21, 22, 24, 26, 25, 29, 27, 28, 30, 35, 36, 37, 40, 39, 38, 31, 34, 33, 32, 0, 1, 2, 5, 4, 10, 6, 3, 8, 7, 9, 90, 84, 86, 89, 81, 82, 83, 85, 87, 88, 41, 44, 46, 49, 50, 48, 47, 45, 43, 42, 0]
Elapsed time: 132.0175700187683

i:0	138049.40449648484
i:50	107924.17043824306
i:100	99154.0003644246
i:150	93361.28124960412
i:200	91349.2494547109
i:250	91349.2494547109
i:300	91349.2494547109
i:350	91349.2494547109
i:400	91349.2494547109
i:450	91349.2494547109
i:500	91349.2494547109
i:550	91349.2494547109
i:600	91349.2494547109
i:650	91349.2494547109
best: 91349.2494547109
routes: [0, 51, 52, 53, 56, 54, 55, 57, 59, 60, 58, 76, 77, 74, 71, 72, 73, 75, 78, 79, 80, 0, 70, 66, 64, 61, 62, 63, 65, 68, 67, 69, 98, 97, 99, 100, 96, 95, 94, 93, 91, 92, 0, 43, 48, 47, 49, 50, 46, 44, 45, 42, 41, 88, 87, 81, 82, 83, 85, 86, 89, 90, 84, 8, 2, 1, 3, 6, 7, 9, 10, 5, 4, 0, 31, 39, 40, 35, 36, 37, 38, 34, 33, 32, 24, 21, 25, 27, 29, 30, 28, 26, 23, 22, 16, 15, 14, 17, 19, 20, 18, 13, 11, 12, 0]
Elapsed time: 135.5312569141388

mean: 90260.51340046672
std: 3762.608684966508
mean-time: 136.03646442890167
std-time: 7.425887350775182