i:0	163121.34175117192
i:50	120719.87872431913
i:100	115648.42832972994
i:150	110381.45850088101
i:200	105174.63751291727
i:250	104329.85322347043
i:300	104329.85322347043
i:350	104329.85322347043
i:400	104329.85322347043
i:450	104329.85322347043
i:500	104289.02301122503
i:550	104289.02301122503
i:600	104289.02301122503
i:650	104289.02301122503
best: 104289.02301122503
routes: [0, 90, 89, 88, 87, 81, 82, 83, 85, 86, 84, 0, 10, 9, 7, 8, 2, 1, 3, 6, 5, 4, 0, 43, 45, 47, 49, 50, 48, 46, 44, 41, 42, 0, 91, 92, 93, 94, 95, 96, 97, 98, 99, 100, 31, 39, 38, 40, 35, 36, 37, 32, 33, 34, 0, 61, 62, 63, 64, 65, 68, 67, 66, 69, 70, 0, 51, 53, 52, 54, 55, 57, 56, 59, 60, 58, 79, 77, 76, 74, 71, 72, 73, 75, 78, 80, 0, 21, 23, 22, 25, 27, 29, 30, 28, 26, 24, 0, 13, 11, 12, 14, 15, 17, 19, 20, 18, 16, 0]
Elapsed time: 132.59438729286194

i:0	159459.1056720538
i:50	114607.92261168387
i:100	111155.46558621906
i:150	106968.76406610377
i:200	104773.97084555891
i:250	104711.25342885945
i:300	104711.25342885945
i:350	104711.25342885945
i:400	104711.25342885945
i:450	104711.25342885945
i:500	104711.25342885945
i:550	104711.25342885945
i:600	104711.25342885945
i:650	104711.25342885945
best: 104711.25342885945
routes: [0, 13, 11, 12, 14, 15, 17, 19, 20, 18, 16, 0, 21, 25, 27, 29, 30, 28, 26, 24, 23, 22, 0, 69, 70, 66, 67, 68, 65, 64, 63, 61, 62, 0, 43, 45, 42, 41, 44, 46, 49, 50, 47, 48, 0, 84, 86, 85, 83, 82, 81, 87, 88, 89, 90, 0, 51, 52, 53, 56, 54, 55, 57, 59, 60, 58, 79, 80, 77, 76, 74, 71, 72, 73, 75, 78, 0, 33, 32, 39, 38, 37, 40, 35, 36, 34, 31, 100, 99, 97, 98, 96, 95, 94, 93, 91, 92, 0, 1, 3, 2, 8, 7, 9, 10, 5, 6, 4, 0]
Elapsed time: 130.8054473400116

i:0	149692.47806330418
i:50	118677.40413522735
i:100	116993.8631860454
i:150	112411.29309720043
i:200	107014.19793241489
i:250	105450.52429808927
i:300	105450.52429808925
i:350	105450.52429808925
i:400	105450.52429808925
i:450	105450.52429808925
i:500	105450.52429808925
i:550	105450.52429808925
i:600	105450.52429808925
i:650	105450.52429808925
best: 105450.52429808925
routes: [0, 21, 22, 23, 24, 26, 25, 27, 29, 30, 28, 0, 43, 45, 47, 49, 50, 48, 46, 44, 41, 42, 0, 90, 89, 88, 87, 81, 82, 83, 85, 86, 84, 0, 91, 92, 93, 94, 95, 96, 97, 98, 99, 100, 31, 39, 38, 40, 35, 36, 37, 32, 33, 34, 0, 51, 52, 53, 56, 54, 55, 57, 59, 60, 58, 71, 72, 73, 75, 78, 77, 74, 76, 79, 80, 0, 13, 11, 12, 14, 15, 17, 19, 20, 18, 16, 0, 61, 62, 63, 64, 65, 68, 67, 66, 69, 70, 0, 5, 6, 10, 9, 7, 8, 2, 1, 3, 4, 0]
Elapsed time: 145.48033499717712

i:0	155563.26907807472
i:50	114776.95869301178
i:100	113830.04027171552
i:150	108925.572240688
i:200	106030.72502434485
i:250	105440.17398946999
i:300	105440.17398946999
i:350	105440.17398946999
i:400	105440.17398946999
i:450	105440.17398946999
i:500	105440.17398946999
i:550	105440.17398946999
i:600	105440.17398946999
i:650	105440.17398946999
best: 105440.17398946999
routes: [0, 91, 92, 93, 94, 95, 96, 97, 98, 99, 100, 31, 33, 32, 37, 36, 35, 40, 39, 38, 34, 0, 51, 52, 53, 56, 54, 55, 57, 59, 60, 58, 76, 77, 74, 71, 72, 73, 75, 78, 79, 80, 0, 43, 42, 41, 44, 45, 47, 46, 49, 50, 48, 0, 13, 11, 12, 14, 17, 19, 20, 18, 15, 16, 0, 90, 84, 86, 89, 85, 83, 82, 81, 87, 88, 0, 4, 3, 6, 5, 10, 9, 7, 8, 2, 1, 0, 61, 62, 63, 69, 70, 66, 67, 68, 65, 64, 0, 21, 23, 22, 25, 27, 29, 30, 28, 26, 24, 0]
Elapsed time: 138.14428615570068

i:0	146755.0921647024
i:50	119924.00207543472
i:100	112433.49563329622
i:150	109416.06370741622
i:200	105962.08269179596
i:250	105362.75601030681
i:300	105362.75601030681
i:350	105362.75601030681
i:400	105362.75601030681
i:450	105362.75601030681
i:500	105362.75601030681
i:550	105362.75601030681
i:600	105362.75601030681
i:650	105362.75601030681
best: 105362.75601030681
routes: [0, 43, 45, 47, 49, 50, 46, 44, 41, 42, 48, 0, 21, 23, 22, 25, 26, 27, 29, 30, 28, 24, 0, 51, 53, 52, 54, 55, 57, 56, 59, 60, 58, 79, 80, 78, 75, 73, 72, 71, 74, 77, 76, 0, 33, 32, 37, 36, 35, 40, 39, 38, 34, 31, 100, 99, 98, 97, 96, 95, 94, 93, 91, 92, 0, 11, 13, 15, 17, 19, 20, 18, 16, 14, 12, 0, 61, 62, 63, 64, 65, 68, 67, 66, 69, 70, 0, 90, 86, 89, 88, 87, 81, 82, 85, 83, 84, 0, 1, 2, 8, 7, 9, 10, 5, 6, 3, 4, 0]
Elapsed time: 140.15955352783203

i:0	160401.23863389948
i:50	117188.11896767758
i:100	115130.07861906574
i:150	112918.7012049046
i:200	107524.39374932245
i:250	106803.98853493393
i:300	106803.98853493393
i:350	106803.98853493393
i:400	106803.98853493393
i:450	106803.98853493393
i:500	106803.98853493393
i:550	106803.98853493393
i:600	106803.98853493393
i:650	106803.98853493393
best: 106803.98853493393
routes: [0, 13, 11, 12, 14, 15, 17, 19, 20, 18, 16, 0, 61, 62, 63, 64, 65, 68, 67, 66, 69, 70, 0, 21, 23, 24, 26, 27, 29, 30, 28, 25, 22, 0, 43, 42, 41, 44, 45, 47, 46, 49, 50, 48, 0, 77, 79, 80, 78, 75, 73, 72, 71, 74, 76, 60, 58, 52, 51, 53, 56, 59, 57, 55, 54, 0, 33, 32, 37, 36, 35, 40, 39, 38, 34, 31, 100, 99, 98, 97, 96, 95, 94, 93, 91, 92, 0, 90, 84, 86, 89, 85, 83, 82, 81, 87, 88, 0, 1, 3, 6, 2, 8, 7, 9, 10, 5, 4, 0]
Elapsed time: 140.84075927734375

i:0	157533.87313904296
i:50	118403.66779118188
i:100	114751.38476781164
i:150	109554.70425088535
i:200	105370.06373486451
i:250	105046.72069582634
i:300	105046.72069582634
i:350	105046.72069582634
i:400	105046.72069582634
i:450	105046.72069582634
i:500	105046.72069582634
i:550	105046.72069582634
i:600	105046.72069582634
i:650	105046.72069582634
best: 105046.72069582634
routes: [0, 51, 53, 52, 54, 55, 57, 56, 59, 60, 58, 79, 80, 77, 76, 74, 71, 72, 73, 75, 78, 0, 43, 48, 47, 45, 42, 41, 44, 46, 49, 50, 0, 21, 24, 26, 25, 27, 29, 30, 28, 23, 22, 0, 90, 86, 89, 88, 87, 81, 82, 85, 83, 84, 0, 61, 62, 63, 64, 65, 68, 67, 66, 69, 70, 0, 4, 1, 3, 6, 5, 10, 9, 7, 8, 2, 0, 91, 92, 93, 94, 95, 96, 97, 98, 99, 100, 31, 37, 36, 35, 40, 39, 38, 34, 33, 32, 0, 13, 11, 12, 14, 15, 17, 19, 20, 18, 16, 0]
Elapsed time: 133.15764808654785

i:0	157978.51970636199
i:50	120961.15418536664
i:100	116085.07193313811
i:150	108076.25803793693
i:200	106143.27410415708
i:250	105560.6632839803
i:300	105560.6632839803
i:350	105560.6632839803
i:400	105560.6632839803
i:450	105560.6632839803
i:500	105560.6632839803
i:550	105560.6632839803
i:600	105560.6632839803
i:650	105560.6632839803
best: 105560.6632839803
routes: [0, 69, 70, 66, 67, 68, 65, 64, 63, 61, 62, 0, 79, 77, 76, 74, 71, 72, 73, 75, 78, 80, 58, 60, 59, 57, 56, 53, 51, 52, 55, 54, 0, 43, 42, 41, 44, 45, 47, 46, 49, 50, 48, 0, 1, 3, 2, 8, 7, 9, 10, 5, 6, 4, 0, 84, 86, 85, 83, 82, 81, 87, 88, 89, 90, 0, 33, 32, 37, 36, 35, 40, 39, 38, 34, 31, 100, 99, 98, 97, 96, 95, 94, 93, 91, 92, 0, 13, 11, 12, 14, 15, 17, 19, 20, 18, 16, 0, 21, 25, 27, 29, 30, 28, 26, 24, 23, 22, 0]
Elapsed time: 141.2922248840332

i:0	147253.96996143757
i:50	113911.50015119022
i:100	112580.62011531192
i:150	108281.20429863312
i:200	104652.16253038895
i:250	103776.53913650145
i:300	103776.53913650145
i:350	103776.53913650145
i:400	103776.53913650145
i:450	103776.53913650145
i:500	103776.53913650145
i:550	103776.53913650145
i:600	103776.53913650145
i:650	103776.53913650145
best: 103776.53913650145
routes: [0, 91, 92, 93, 94, 95, 96, 97, 98, 99, 100, 31, 39, 38, 40, 35, 36, 37, 32, 33, 34, 0, 69, 70, 66, 67, 68, 65, 64, 63, 61, 62, 0, 5, 10, 9, 7, 8, 2, 1, 3, 6, 4, 0, 43, 42, 41, 44, 45, 47, 46, 49, 50, 48, 0, 51, 52, 53, 56, 54, 55, 57, 59, 60, 58, 79, 77, 76, 74, 71, 72, 73, 75, 78, 80, 0, 89, 88, 87, 81, 82, 85, 83, 84, 86, 90, 0, 21, 23, 22, 25, 27, 29, 30, 28, 26, 24, 0, 13, 11, 12, 14, 15, 18, 17, 19, 20, 16, 0]
Elapsed time: 136.5821807384491

i:0	153099.74518862012
i:50	114865.10675769711
i:100	114459.6830947703
i:150	112533.87007316828
i:200	107718.93883543443
i:250	106804.25727622621
i:300	106804.25727622621
i:350	106804.25727622621
i:400	106804.25727622621
i:450	106804.25727622621
i:500	106804.25727622621
i:550	106804.25727622621
i:600	106804.25727622621
i:650	106804.25727622621
best: 106804.25727622621
routes: [0, 11, 13, 15, 18, 16, 20, 19, 17, 14, 12, 0, 69, 70, 66, 67, 68, 65, 64, 63, 61, 62, 0, 4, 1, 2, 3, 6, 5, 10, 9, 7, 8, 0, 21, 23, 22, 25, 26, 27, 29, 30, 28, 24, 0, 79, 77, 76, 74, 71, 72, 73, 75, 78, 80, 58, 60, 59, 57, 56, 55, 54, 53, 51, 52, 0, 43, 45, 42, 41, 44, 46, 49, 50, 47, 48, 0, 89, 88, 87, 81, 82, 83, 85, 86, 90, 84, 0, 91, 92, 93, 94, 95, 96, 97, 98, 99, 100, 31, 38, 37, 36, 35, 40, 39, 34, 33, 32, 0]
Elapsed time: 142.32692003250122

i:0	156601.90735885067
i:50	114671.20406108396
i:100	112861.59124131681
i:150	111049.43731099322
i:200	108448.29171290189
i:250	107802.87761868314
i:300	107802.87761868314
i:350	107802.87761868314
i:400	107802.87761868314
i:450	107802.87761868314
i:500	107802.87761868314
i:550	107802.87761868314
i:600	107802.87761868314
i:650	107802.87761868314
best: 107802.87761868314
routes: [0, 91, 92, 93, 94, 95, 96, 97, 98, 99, 100, 31, 33, 34, 38, 39, 40, 35, 36, 37, 32, 0, 11, 13, 15, 18, 16, 20, 19, 17, 14, 12, 0, 84, 83, 82, 81, 87, 88, 85, 86, 89, 90, 0, 1, 2, 3, 6, 7, 8, 9, 10, 5, 4, 0, 21, 25, 27, 29, 30, 28, 26, 24, 23, 22, 0, 41, 44, 46, 49, 50, 48, 47, 45, 43, 42, 0, 61, 62, 63, 64, 65, 68, 67, 66, 69, 70, 0, 79, 80, 77, 78, 75, 73, 72, 71, 74, 76, 58, 53, 51, 52, 55, 57, 59, 60, 56, 54, 0]
Elapsed time: 132.38161826133728

i:0	162636.66848180542
i:50	116433.20295448475
i:100	111242.67227014956
i:150	108102.19668260732
i:200	104690.85907688827
i:250	104497.5707813182
i:300	104497.5707813182
i:350	104497.5707813182
i:400	104497.5707813182
i:450	104497.5707813182
i:500	104497.5707813182
i:550	104497.5707813182
i:600	104497.5707813182
i:650	104497.5707813182
best: 104497.5707813182
routes: [0, 43, 45, 47, 49, 50, 48, 46, 44, 41, 42, 0, 61, 62, 63, 64, 65, 68, 67, 66, 69, 70, 0, 13, 11, 12, 14, 15, 17, 19, 20, 18, 16, 0, 21, 24, 28, 30, 29, 27, 25, 26, 23, 22, 0, 91, 92, 93, 94, 95, 96, 97, 98, 99, 100, 31, 33, 32, 37, 36, 35, 40, 39, 38, 34, 0, 90, 86, 89, 85, 83, 82, 81, 87, 88, 84, 0, 51, 52, 53, 56, 54, 55, 57, 59, 60, 58, 76, 74, 71, 72, 73, 75, 78, 77, 79, 80, 0, 5, 6, 10, 9, 7, 8, 2, 1, 3, 4, 0]
Elapsed time: 132.97944736480713

i:0	157281.06217187055
i:50	118970.49208581906
i:100	116468.90183470961
i:150	111796.53955562547
i:200	107997.53994679413
i:250	106950.5702648463
i:300	106950.5702648463
i:350	106950.5702648463
i:400	106950.5702648463
i:450	106950.5702648463
i:500	106950.5702648463
i:550	106950.5702648463
i:600	106950.5702648463
i:650	106950.5702648463
best: 106950.5702648463
routes: [0, 76, 71, 72, 73, 75, 78, 74, 77, 79, 80, 58, 59, 60, 56, 52, 51, 53, 57, 55, 54, 0, 13, 11, 12, 14, 15, 17, 19, 20, 18, 16, 0, 90, 86, 89, 84, 83, 85, 82, 81, 87, 88, 0, 91, 92, 93, 94, 95, 96, 97, 98, 99, 100, 31, 39, 38, 40, 35, 36, 37, 32, 33, 34, 0, 61, 62, 63, 64, 65, 68, 67, 66, 69, 70, 0, 43, 47, 49, 50, 46, 44, 41, 42, 45, 48, 0, 5, 6, 10, 9, 7, 8, 2, 1, 3, 4, 0, 21, 23, 22, 25, 27, 29, 30, 28, 26, 24, 0]
Elapsed time: 132.50382733345032

i:0	148107.59128759708
i:50	117013.13075912942
i:100	115761.44812520771
i:150	110460.68044166284
i:200	106644.70295857926
i:250	106383.9665901649
i:300	106383.9665901649
i:350	106383.9665901649
i:400	106383.9665901649
i:450	106383.9665901649
i:500	106383.9665901649
i:550	106383.9665901649
i:600	106383.9665901649
i:650	106383.9665901649
best: 106383.9665901649
routes: [0, 51, 52, 53, 56, 54, 55, 57, 59, 60, 58, 79, 80, 77, 76, 74, 71, 72, 73, 75, 78, 0, 43, 45, 47, 49, 50, 48, 46, 44, 41, 42, 0, 61, 62, 63, 64, 65, 68, 67, 66, 69, 70, 0, 96, 99, 100, 97, 98, 95, 94, 93, 91, 92, 0, 1, 3, 5, 6, 2, 8, 7, 9, 10, 4, 0, 84, 83, 82, 81, 87, 88, 85, 86, 89, 90, 0, 21, 23, 22, 25, 27, 29, 30, 28, 26, 24, 0, 31, 34, 33, 32, 38, 39, 40, 37, 35, 36, 20, 19, 17, 18, 15, 14, 12, 11, 13, 16, 0]
Elapsed time: 124.55124497413635

i:0	147624.15814950145
i:50	120030.1441736004
i:100	116723.6650435801
i:150	112426.94485764412
i:200	106236.49268745651
i:250	105337.19300247509
i:300	105337.19300247509
i:350	105337.19300247509
i:400	105337.19300247509
i:450	105337.19300247509
i:500	105337.19300247509
i:550	105337.19300247509
i:600	105337.19300247509
i:650	105337.19300247509
best: 105337.19300247509
routes: [0, 91, 92, 93, 94, 95, 96, 97, 98, 99, 100, 31, 39, 40, 35, 36, 37, 38, 34, 33, 32, 0, 13, 11, 12, 14, 15, 17, 19, 20, 18, 16, 0, 43, 45, 42, 41, 44, 46, 49, 50, 47, 48, 0, 69, 70, 66, 67, 68, 65, 64, 63, 61, 62, 0, 3, 6, 5, 10, 9, 7, 8, 2, 1, 4, 0, 79, 77, 76, 74, 71, 72, 73, 75, 78, 80, 58, 59, 60, 56, 52, 51, 53, 57, 55, 54, 0, 84, 86, 85, 83, 82, 81, 87, 88, 89, 90, 0, 21, 23, 22, 25, 27, 29, 30, 28, 26, 24, 0]
Elapsed time: 135.3146767616272

i:0	149775.22108357298
i:50	117466.09350715272
i:100	111600.38011288806
i:150	108082.02875397095
i:200	104256.70189586739
i:250	103939.33675401793
i:300	103939.33675401793
i:350	103939.33675401793
i:400	103939.33675401793
i:450	103939.33675401793
i:500	103939.33675401793
i:550	103939.33675401793
i:600	103939.33675401793
i:650	103939.33675401793
best: 103939.33675401793
routes: [0, 61, 62, 63, 64, 65, 68, 67, 66, 69, 70, 0, 51, 52, 53, 56, 54, 55, 57, 59, 60, 58, 79, 80, 77, 76, 74, 71, 72, 73, 75, 78, 0, 21, 23, 22, 25, 27, 29, 30, 28, 26, 24, 0, 5, 6, 10, 9, 7, 8, 2, 1, 3, 4, 0, 43, 45, 42, 41, 44, 46, 49, 50, 47, 48, 0, 90, 86, 89, 88, 87, 81, 82, 85, 83, 84, 0, 91, 92, 93, 94, 95, 96, 97, 98, 99, 100, 31, 33, 34, 38, 39, 40, 35, 36, 37, 32, 0, 11, 13, 15, 18, 16, 20, 19, 17, 14, 12, 0]
Elapsed time: 135.53173899650574

i:0	154258.13711282425
i:50	115863.20259035466
i:100	112739.78004528163
i:150	108526.73075591322
i:200	105606.40473140597
i:250	104989.02024618122
i:300	104989.02024618122
i:350	104989.02024618122
i:400	104989.02024618122
i:450	104989.02024618122
i:500	104989.02024618122
i:550	104989.02024618122
i:600	104989.02024618122
i:650	104989.02024618122
best: 104989.02024618122
routes: [0, 91, 92, 93, 94, 95, 96, 97, 98, 99, 100, 31, 39, 40, 35, 36, 37, 38, 34, 33, 32, 0, 21, 23, 22, 25, 26, 27, 29, 30, 28, 24, 0, 61, 62, 63, 64, 65, 68, 67, 66, 69, 70, 0, 13, 11, 12, 14, 17, 19, 20, 18, 15, 16, 0, 89, 88, 87, 81, 82, 83, 85, 86, 90, 84, 0, 43, 45, 47, 49, 50, 48, 46, 44, 41, 42, 0, 54, 55, 52, 51, 53, 56, 57, 59, 60, 58, 76, 74, 71, 72, 73, 75, 78, 77, 79, 80, 0, 5, 6, 10, 9, 7, 8, 2, 1, 3, 4, 0]
Elapsed time: 140.9614131450653

i:0	159110.35042753047
i:50	115731.68916962687
i:100	112373.79516421576
i:150	109424.25885055828
i:200	105971.12191261028
i:250	105519.10201917207
i:300	105519.10201917207
i:350	105519.10201917207
i:400	105519.10201917207
i:450	105519.10201917207
i:500	105519.10201917207
i:550	105519.10201917207
i:600	105519.10201917207
i:650	105519.10201917207
best: 105519.10201917207
routes: [0, 54, 52, 51, 53, 56, 55, 57, 59, 60, 58, 76, 74, 71, 72, 73, 75, 78, 77, 79, 80, 0, 86, 84, 83, 82, 81, 87, 88, 85, 89, 90, 0, 21, 23, 25, 27, 29, 30, 28, 26, 24, 22, 0, 11, 12, 13, 15, 14, 17, 19, 20, 18, 16, 0, 43, 45, 46, 49, 50, 48, 47, 44, 41, 42, 0, 69, 70, 66, 67, 68, 65, 64, 63, 61, 62, 0, 4, 5, 10, 9, 7, 8, 6, 3, 1, 2, 0, 33, 32, 37, 36, 35, 40, 39, 38, 34, 31, 100, 99, 98, 97, 96, 95, 94, 93, 91, 92, 0]
Elapsed time: 129.03557753562927

i:0	161198.69708824184
i:50	116338.75192538244
i:100	113720.284742516
i:150	109601.45778420485
i:200	106128.439543342
i:250	105700.15517514078
i:300	105700.15517514078
i:350	105700.15517514078
i:400	105700.15517514078
i:450	105700.15517514078
i:500	105700.15517514078
i:550	105700.15517514078
i:600	105700.15517514078
i:650	105700.15517514078
best: 105700.15517514078
routes: [0, 51, 53, 52, 54, 55, 57, 56, 59, 60, 58, 79, 77, 76, 74, 71, 72, 73, 75, 78, 80, 0, 43, 42, 41, 44, 45, 47, 46, 49, 50, 48, 0, 69, 70, 66, 67, 68, 65, 64, 63, 61, 62, 0, 96, 97, 98, 95, 94, 92, 91, 93, 99, 100, 31, 34, 33, 38, 39, 40, 35, 36, 37, 32, 0, 90, 89, 88, 87, 81, 82, 83, 85, 86, 84, 0, 21, 23, 24, 26, 27, 29, 30, 28, 25, 22, 0, 4, 1, 3, 6, 5, 10, 9, 7, 8, 2, 0, 11, 13, 15, 18, 16, 20, 19, 17, 14, 12, 0]
Elapsed time: 131.06190037727356

i:0	150968.6152406011
i:50	118782.92530235146
i:100	113968.99558310978
i:150	109516.86693401313
i:200	104246.98610677703
i:250	103703.0020289341
i:300	103703.0020289341
i:350	103703.0020289341
i:400	103703.0020289341
i:450	103703.0020289341
i:500	103703.0020289341
i:550	103703.0020289341
i:600	103703.0020289341
i:650	103703.0020289341
best: 103703.0020289341
routes: [0, 51, 52, 53, 56, 54, 55, 57, 59, 60, 58, 79, 80, 77, 76, 74, 71, 72, 73, 75, 78, 0, 21, 23, 22, 25, 27, 29, 30, 28, 26, 24, 0, 91, 92, 93, 94, 95, 96, 97, 98, 99, 100, 31, 33, 34, 38, 39, 40, 35, 36, 37, 32, 0, 43, 42, 41, 44, 45, 47, 46, 49, 50, 48, 0, 11, 12, 14, 17, 19, 20, 18, 15, 13, 16, 0, 61, 62, 63, 64, 65, 68, 67, 66, 69, 70, 0, 90, 86, 89, 88, 87, 81, 82, 85, 83, 84, 0, 5, 6, 10, 9, 7, 8, 2, 1, 3, 4, 0]
Elapsed time: 138.82221698760986

mean: 105403.43470731762
std: 1088.4495955572277
mean-time: 135.72637020349504
std-time: 5.1010794638980785