i:0	79039.76952716384
i:50	58550.38234547674
i:100	58550.38234547674
i:150	58550.38234547674
i:200	58550.38234547674
i:250	58550.38234547674
i:300	58550.38234547674
i:350	58550.38234547674
i:400	58550.38234547674
i:450	58550.38234547674
i:500	58550.38234547674
i:550	58550.38234547674
i:600	58550.38234547674
i:650	58550.38234547674
best: 58550.38234547674
routes: [0, 26, 28, 27, 29, 30, 39, 36, 38, 37, 40, 31, 32, 34, 35, 33, 50, 49, 48, 47, 46, 0, 16, 18, 17, 19, 20, 15, 13, 14, 11, 12, 8, 7, 9, 10, 6, 23, 25, 22, 24, 21, 41, 42, 45, 43, 44, 5, 3, 2, 1, 4, 0]
Elapsed time: 28.762990474700928

i:0	85471.71535534755
i:50	62030.71703315276
i:100	62030.71703315276
i:150	62030.71703315276
i:200	62030.71703315276
i:250	62030.71703315276
i:300	62030.71703315276
i:350	62030.71703315276
i:400	62030.71703315276
i:450	62030.71703315276
i:500	62030.71703315276
i:550	62030.71703315276
i:600	62030.71703315276
i:650	62030.71703315276
best: 62030.71703315276
routes: [0, 26, 28, 27, 29, 30, 39, 36, 38, 37, 40, 33, 34, 35, 32, 31, 50, 49, 48, 47, 46, 0, 11, 14, 15, 13, 12, 8, 7, 9, 10, 6, 23, 22, 24, 25, 21, 41, 42, 45, 43, 44, 5, 3, 2, 1, 4, 0, 18, 17, 20, 19, 16, 0]
Elapsed time: 25.58384418487549

i:0	80974.09778062353
i:50	62360.04571004015
i:100	62360.04571004015
i:150	62360.04571004015
i:200	62360.04571004015
i:250	62360.04571004015
i:300	62360.04571004015
i:350	62360.04571004015
i:400	62360.04571004015
i:450	62360.04571004015
i:500	62360.04571004015
i:550	62360.04571004015
i:600	62360.04571004015
i:650	62360.04571004015
best: 62360.04571004015
routes: [0, 26, 28, 27, 29, 30, 39, 37, 36, 38, 40, 33, 34, 35, 32, 31, 50, 49, 48, 47, 46, 0, 11, 14, 13, 15, 12, 8, 7, 9, 10, 6, 23, 22, 24, 25, 21, 41, 42, 45, 43, 44, 5, 3, 2, 1, 4, 0, 18, 17, 20, 19, 16, 0]
Elapsed time: 22.31995177268982

i:0	81723.8848281281
i:50	61637.56519952123
i:100	61637.56519952123
i:150	61637.56519952123
i:200	61637.56519952123
i:250	61370.41525643318
i:300	61370.41525643318
i:350	61370.41525643318
i:400	61370.41525643318
i:450	61370.41525643318
i:500	61370.41525643318
i:550	61370.41525643318
i:600	61370.41525643318
i:650	61370.41525643318
best: 61370.41525643318
routes: [0, 11, 14, 13, 12, 15, 20, 18, 17, 19, 16, 49, 50, 48, 47, 46, 33, 34, 35, 32, 31, 0, 8, 7, 9, 10, 6, 23, 25, 22, 24, 21, 41, 42, 45, 43, 44, 39, 40, 38, 37, 36, 29, 30, 28, 27, 26, 0, 4, 5, 3, 1, 2, 0]
Elapsed time: 42.27468824386597

i:0	81042.35543030233
i:50	59640.08470341972
i:100	59597.97060556449
i:150	59597.97060556449
i:200	59597.97060556449
i:250	59597.97060556449
i:300	59597.97060556449
i:350	59597.97060556449
i:400	59597.97060556449
i:450	59597.97060556449
i:500	59597.97060556449
i:550	59597.97060556449
i:600	59597.97060556449
i:650	59597.97060556449
best: 59597.97060556449
routes: [0, 49, 50, 48, 47, 46, 33, 34, 35, 32, 31, 40, 38, 37, 39, 36, 29, 30, 28, 27, 26, 1, 2, 5, 3, 4, 0, 44, 43, 45, 42, 41, 21, 24, 23, 25, 22, 6, 8, 7, 9, 10, 12, 15, 13, 14, 11, 18, 17, 20, 19, 16, 0]
Elapsed time: 28.30869770050049

i:0	85972.73585307665
i:50	63733.64346507449
i:100	63733.64346507449
i:150	63733.64346507449
i:200	63733.64346507449
i:250	63733.64346507449
i:300	63733.64346507449
i:350	63733.64346507449
i:400	63733.64346507449
i:450	63733.64346507449
i:500	63733.64346507449
i:550	63733.64346507449
i:600	63733.64346507449
i:650	63733.64346507449
best: 63733.64346507449
routes: [0, 4, 5, 3, 1, 2, 44, 43, 45, 42, 41, 21, 24, 25, 23, 22, 6, 8, 7, 9, 10, 0, 27, 26, 28, 30, 29, 39, 36, 38, 37, 40, 33, 34, 35, 32, 31, 50, 49, 48, 47, 46, 0, 11, 14, 13, 12, 15, 20, 18, 17, 19, 16, 0]
Elapsed time: 22.691831350326538

i:0	82995.036267563
i:50	61419.595791527725
i:100	61419.595791527725
i:150	61419.595791527725
i:200	61419.595791527725
i:250	61419.595791527725
i:300	61419.595791527725
i:350	61419.595791527725
i:400	61419.595791527725
i:450	61419.595791527725
i:500	61419.595791527725
i:550	61419.595791527725
i:600	61419.595791527725
i:650	61419.595791527725
best: 61419.595791527725
routes: [0, 26, 28, 27, 29, 30, 39, 36, 38, 37, 40, 33, 34, 35, 32, 31, 50, 49, 48, 47, 46, 1, 2, 5, 3, 4, 0, 23, 25, 22, 24, 21, 41, 42, 45, 43, 44, 6, 8, 7, 9, 10, 12, 11, 14, 13, 15, 20, 18, 17, 19, 16, 0]
Elapsed time: 23.37042737007141

i:0	79536.97514080265
i:50	60600.447054835866
i:100	60600.447054835866
i:150	60600.447054835866
i:200	60600.447054835866
i:250	60600.447054835866
i:300	60600.447054835866
i:350	60600.447054835866
i:400	60600.447054835866
i:450	60600.447054835866
i:500	60600.447054835866
i:550	60600.447054835866
i:600	60600.447054835866
i:650	60600.447054835866
best: 60600.447054835866
routes: [0, 26, 28, 27, 29, 30, 39, 36, 38, 37, 40, 33, 34, 35, 32, 31, 50, 49, 48, 47, 46, 1, 2, 5, 3, 4, 0, 44, 43, 45, 42, 41, 21, 24, 23, 25, 22, 6, 8, 7, 9, 10, 12, 11, 14, 13, 15, 20, 18, 17, 19, 16, 0]
Elapsed time: 23.499430656433105

i:0	74774.74259462988
i:50	61731.66057413038
i:100	61731.66057413038
i:150	61731.66057413038
i:200	61731.66057413038
i:250	61731.66057413038
i:300	61731.66057413038
i:350	61731.66057413038
i:400	61731.66057413038
i:450	61731.66057413038
i:500	61731.66057413038
i:550	61731.66057413038
i:600	61731.66057413038
i:650	61731.66057413038
best: 61731.66057413038
routes: [0, 26, 28, 27, 29, 30, 39, 36, 38, 37, 40, 31, 32, 35, 33, 34, 50, 49, 48, 47, 46, 0, 11, 14, 13, 15, 12, 8, 7, 9, 10, 6, 23, 25, 22, 24, 21, 41, 42, 45, 43, 44, 5, 3, 2, 1, 4, 0, 18, 17, 20, 19, 16, 0]
Elapsed time: 29.01650905609131

i:0	85206.1795425436
i:50	61253.15699286558
i:100	61253.15699286558
i:150	61253.15699286558
i:200	61253.15699286558
i:250	61253.15699286558
i:300	61253.15699286558
i:350	61253.15699286558
i:400	61253.15699286558
i:450	61253.15699286558
i:500	61253.15699286558
i:550	61253.15699286558
i:600	61253.15699286558
i:650	61253.15699286558
best: 61253.15699286558
routes: [0, 26, 28, 27, 29, 30, 39, 36, 38, 37, 40, 33, 34, 35, 32, 31, 50, 49, 48, 47, 46, 1, 2, 5, 3, 4, 0, 8, 7, 9, 10, 6, 23, 25, 22, 24, 21, 41, 42, 45, 43, 44, 11, 14, 13, 12, 15, 20, 18, 17, 19, 16, 0]
Elapsed time: 23.04132890701294

i:0	83684.88789358146
i:50	61569.02291565492
i:100	61569.02291565492
i:150	61569.02291565492
i:200	61569.02291565492
i:250	61569.02291565492
i:300	61569.02291565492
i:350	61569.02291565492
i:400	61569.02291565492
i:450	61569.02291565492
i:500	61569.02291565492
i:550	61569.02291565492
i:600	61569.02291565492
i:650	61569.02291565492
best: 61569.02291565492
routes: [0, 8, 7, 9, 10, 6, 23, 22, 24, 25, 21, 45, 43, 42, 41, 44, 39, 40, 38, 37, 36, 29, 30, 28, 27, 26, 0, 31, 32, 34, 33, 35, 50, 49, 48, 47, 46, 16, 20, 17, 19, 18, 14, 13, 15, 11, 12, 5, 3, 2, 1, 4, 0]
Elapsed time: 50.79437303543091

i:0	74720.75227524676
i:50	58945.793736367064
i:100	58537.56920547397
i:150	58537.56920547397
i:200	58537.56920547397
i:250	58537.56920547397
i:300	58537.56920547397
i:350	58537.56920547397
i:400	58537.56920547397
i:450	58537.56920547397
i:500	58537.56920547397
i:550	58537.56920547397
i:600	58537.56920547397
i:650	58537.56920547397
best: 58537.56920547397
routes: [0, 26, 28, 27, 29, 30, 39, 36, 38, 37, 40, 31, 32, 34, 35, 33, 50, 49, 48, 47, 46, 0, 16, 20, 17, 19, 18, 11, 14, 13, 15, 12, 8, 7, 9, 10, 6, 23, 25, 22, 24, 21, 41, 42, 45, 43, 44, 5, 3, 2, 1, 4, 0]
Elapsed time: 30.147968292236328

i:0	81486.44434534862
i:50	62040.58876306201
i:100	59649.64603245171
i:150	59649.64603245171
i:200	59649.64603245171
i:250	59649.64603245171
i:300	59649.64603245171
i:350	59649.64603245171
i:400	59649.64603245171
i:450	59649.64603245171
i:500	59649.64603245171
i:550	59649.64603245171
i:600	59649.64603245171
i:650	59649.64603245171
best: 59649.64603245171
routes: [0, 16, 18, 17, 20, 19, 11, 14, 13, 15, 12, 8, 7, 9, 10, 6, 23, 24, 25, 22, 21, 41, 42, 45, 43, 44, 0, 4, 5, 3, 1, 2, 29, 30, 28, 27, 26, 39, 40, 38, 37, 36, 33, 34, 35, 32, 31, 50, 49, 48, 47, 46, 0]
Elapsed time: 46.73365831375122

i:0	85527.87238138562
i:50	58186.42457846354
i:100	58186.42457846354
i:150	58186.42457846354
i:200	58186.42457846354
i:250	58186.42457846354
i:300	58186.42457846354
i:350	58186.42457846354
i:400	58186.42457846354
i:450	58186.42457846354
i:500	58186.42457846354
i:550	58186.42457846354
i:600	58186.42457846354
i:650	58186.42457846354
best: 58186.42457846354
routes: [0, 49, 50, 48, 47, 46, 33, 34, 35, 32, 31, 40, 38, 37, 39, 36, 29, 30, 28, 27, 26, 0, 16, 18, 17, 19, 20, 15, 13, 14, 11, 12, 8, 7, 9, 10, 6, 23, 25, 22, 24, 21, 41, 42, 45, 43, 44, 5, 3, 2, 1, 4, 0]
Elapsed time: 22.9839186668396

i:0	83300.56722968053
i:50	59541.67599600241
i:100	59541.67599600241
i:150	59541.67599600241
i:200	59541.67599600241
i:250	59541.67599600241
i:300	59541.67599600241
i:350	59541.67599600241
i:400	59541.67599600241
i:450	59541.67599600241
i:500	59541.67599600241
i:550	59541.67599600241
i:600	59541.67599600241
i:650	59541.67599600241
best: 59541.67599600241
routes: [0, 49, 50, 48, 47, 46, 33, 34, 35, 32, 31, 40, 38, 37, 39, 36, 29, 30, 28, 27, 26, 1, 2, 5, 3, 4, 0, 44, 43, 45, 42, 41, 21, 24, 23, 25, 22, 6, 8, 7, 9, 10, 12, 11, 14, 13, 15, 20, 18, 17, 19, 16, 0]
Elapsed time: 22.042550802230835

i:0	83878.44981277711
i:50	64956.622717864986
i:100	64472.20346449978
i:150	64472.20346449978
i:200	64472.20346449978
i:250	64472.20346449978
i:300	64472.20346449978
i:350	64472.20346449978
i:400	64472.20346449978
i:450	64472.20346449978
i:500	64472.20346449978
i:550	64472.20346449978
i:600	64472.20346449978
i:650	64472.20346449978
best: 64472.20346449978
routes: [0, 1, 2, 4, 3, 5, 23, 25, 22, 24, 21, 45, 43, 42, 41, 44, 6, 8, 7, 9, 10, 0, 26, 28, 27, 29, 30, 39, 36, 38, 37, 40, 33, 34, 35, 32, 31, 50, 49, 48, 47, 46, 0, 11, 14, 13, 12, 15, 20, 18, 17, 19, 16, 0]
Elapsed time: 24.5422625541687

i:0	83860.83568712868
i:50	60234.090128418226
i:100	59559.59174899129
i:150	59559.59174899129
i:200	59559.59174899129
i:250	59559.59174899129
i:300	59559.59174899129
i:350	59559.59174899129
i:400	59559.59174899129
i:450	59559.59174899129
i:500	59559.59174899129
i:550	59559.59174899129
i:600	59559.59174899129
i:650	59559.59174899129
best: 59559.59174899129
routes: [0, 29, 30, 26, 28, 27, 39, 36, 38, 37, 40, 31, 32, 34, 35, 33, 50, 49, 48, 47, 46, 0, 16, 18, 17, 19, 20, 15, 13, 14, 11, 12, 8, 7, 9, 10, 6, 23, 25, 22, 24, 21, 45, 43, 42, 41, 44, 5, 3, 2, 1, 4, 0]
Elapsed time: 30.07079029083252

i:0	82935.4720304217
i:50	59621.073832170965
i:100	59541.67599600241
i:150	59541.67599600241
i:200	59541.67599600241
i:250	59541.67599600241
i:300	59541.67599600241
i:350	59541.67599600241
i:400	59541.67599600241
i:450	59541.67599600241
i:500	59541.67599600241
i:550	59541.67599600241
i:600	59541.67599600241
i:650	59541.67599600241
best: 59541.67599600241
routes: [0, 49, 50, 48, 47, 46, 33, 34, 35, 32, 31, 40, 38, 37, 39, 36, 29, 30, 28, 27, 26, 1, 2, 5, 3, 4, 0, 44, 43, 45, 42, 41, 21, 24, 23, 25, 22, 6, 8, 7, 9, 10, 12, 11, 14, 13, 15, 20, 18, 17, 19, 16, 0]
Elapsed time: 26.393669366836548

i:0	85899.65606356197
i:50	58785.002686538355
i:100	58785.002686538355
i:150	58785.002686538355
i:200	58785.002686538355
i:250	58785.002686538355
i:300	58785.002686538355
i:350	58785.002686538355
i:400	58785.002686538355
i:450	58785.002686538355
i:500	58785.002686538355
i:550	58785.002686538355
i:600	58785.002686538355
i:650	58785.002686538355
best: 58785.002686538355
routes: [0, 49, 50, 48, 47, 46, 33, 34, 35, 32, 31, 40, 38, 37, 39, 36, 29, 30, 28, 27, 26, 1, 2, 5, 3, 4, 0, 16, 18, 17, 19, 20, 15, 13, 14, 11, 12, 8, 7, 9, 10, 6, 23, 25, 22, 24, 21, 41, 42, 45, 43, 44, 0]
Elapsed time: 24.712796449661255

i:0	79169.33664673868
i:50	60609.09161878043
i:100	60609.09161878043
i:150	60609.09161878043
i:200	60609.09161878043
i:250	60609.09161878043
i:300	60609.09161878043
i:350	60609.09161878043
i:400	60609.09161878043
i:450	60609.09161878043
i:500	60609.09161878043
i:550	60609.09161878043
i:600	60609.09161878043
i:650	60609.09161878043
best: 60609.09161878043
routes: [0, 26, 28, 27, 29, 30, 39, 36, 38, 37, 40, 31, 32, 34, 35, 33, 50, 49, 48, 47, 46, 1, 2, 5, 3, 4, 0, 44, 43, 45, 42, 41, 21, 24, 23, 25, 22, 6, 8, 7, 9, 10, 12, 11, 14, 13, 15, 20, 18, 17, 19, 16, 0]
Elapsed time: 24.62203550338745

mean: 60654.99695359801
std: 1682.460013618168
mean-time: 28.595686149597167
std-time: 8.086330218653478