i:0	63326.01020267766
i:50	49059.52193051598
i:100	48194.41401343544
i:150	46821.20015530693
i:200	46775.52018964745
i:250	46775.52018964745
i:300	46775.52018964745
i:350	46775.52018964745
i:400	46775.52018964745
i:450	46775.52018964745
i:500	46775.52018964745
i:550	46775.52018964745
i:600	46775.52018964745
i:650	46775.52018964745
best: 46775.52018964745
routes: [0, 4, 5, 6, 3, 1, 2, 8, 7, 9, 10, 23, 22, 26, 29, 30, 28, 27, 25, 24, 21, 48, 47, 41, 42, 43, 45, 46, 49, 50, 44, 0, 11, 13, 12, 15, 17, 19, 20, 18, 16, 14, 39, 40, 36, 37, 38, 35, 34, 33, 31, 32, 0]
Elapsed time: 75.11095213890076

i:0	62306.986855322946
i:50	48413.13037599394
i:100	47644.178037595244
i:150	47031.78281112284
i:200	47031.78281112284
i:250	47031.78281112284
i:300	47031.78281112284
i:350	47031.78281112284
i:400	47031.78281112284
i:450	47031.78281112284
i:500	47031.78281112284
i:550	47031.78281112284
i:600	47031.78281112284
i:650	47031.78281112284
best: 47031.78281112284
routes: [0, 4, 1, 2, 3, 6, 5, 10, 7, 8, 9, 50, 46, 44, 43, 42, 41, 47, 45, 49, 48, 21, 22, 23, 25, 24, 26, 29, 30, 27, 28, 0, 11, 13, 12, 16, 15, 17, 19, 20, 18, 14, 39, 40, 36, 37, 38, 35, 34, 33, 31, 32, 0]
Elapsed time: 73.04508256912231

i:0	68251.75946624736
i:50	49139.369082440375
i:100	47885.02726938545
i:150	47004.71116265637
i:200	46881.07592775395
i:250	46881.07592775395
i:300	46881.07592775395
i:350	46881.07592775395
i:400	46881.07592775395
i:450	46881.07592775395
i:500	46881.07592775395
i:550	46881.07592775395
i:600	46881.07592775395
i:650	46881.07592775395
best: 46881.07592775395
routes: [0, 23, 22, 25, 27, 29, 30, 28, 26, 24, 21, 48, 47, 41, 42, 43, 45, 46, 49, 50, 44, 8, 7, 9, 10, 5, 6, 2, 1, 3, 4, 0, 11, 12, 13, 15, 17, 19, 20, 18, 16, 14, 31, 32, 33, 34, 35, 38, 37, 36, 39, 40, 0]
Elapsed time: 75.2477056980133

i:0	63264.341523049916
i:50	49195.72018906608
i:100	47940.06206229665
i:150	46844.70336157238
i:200	46502.60044840144
i:250	46502.60044840144
i:300	46502.60044840144
i:350	46502.60044840144
i:400	46502.60044840144
i:450	46502.60044840144
i:500	46502.60044840144
i:550	46502.60044840144
i:600	46502.60044840144
i:650	46502.60044840144
best: 46502.60044840144
routes: [0, 4, 3, 1, 2, 8, 6, 5, 10, 7, 9, 50, 44, 46, 49, 45, 43, 42, 41, 47, 48, 21, 25, 24, 26, 29, 30, 27, 28, 23, 22, 0, 11, 13, 12, 15, 17, 19, 20, 18, 16, 14, 39, 40, 36, 37, 38, 35, 34, 33, 31, 32, 0]
Elapsed time: 72.78653478622437

i:0	63683.80329605527
i:50	48426.88363689852
i:100	47914.080963114546
i:150	47401.49467560676
i:200	46855.06207657859
i:250	46855.06207657859
i:300	46855.06207657859
i:350	46855.06207657859
i:400	46855.06207657859
i:450	46855.06207657859
i:500	46855.06207657859
i:550	46855.06207657859
i:600	46855.06207657859
i:650	46855.06207657859
best: 46855.06207657859
routes: [0, 4, 5, 6, 3, 1, 2, 8, 7, 10, 9, 50, 44, 46, 49, 45, 43, 42, 41, 47, 48, 21, 25, 24, 26, 29, 30, 27, 28, 23, 22, 0, 12, 15, 17, 19, 20, 18, 16, 14, 13, 11, 39, 40, 36, 37, 38, 35, 34, 33, 31, 32, 0]
Elapsed time: 74.83647060394287

i:0	69695.45835485315
i:50	47322.12877154343
i:100	47071.87470801236
i:150	46483.03082450696
i:200	46107.11166275776
i:250	46107.11166275776
i:300	46107.11166275776
i:350	46107.11166275776
i:400	46107.11166275776
i:450	46107.11166275776
i:500	46107.11166275776
i:550	46107.11166275776
i:600	46107.11166275776
i:650	46107.11166275776
best: 46107.11166275776
routes: [0, 11, 13, 12, 15, 17, 19, 20, 18, 16, 14, 39, 40, 36, 37, 38, 35, 34, 33, 31, 32, 0, 23, 24, 26, 29, 30, 28, 27, 25, 22, 21, 47, 41, 42, 43, 45, 48, 46, 49, 50, 44, 8, 7, 9, 10, 5, 6, 2, 1, 3, 4, 0]
Elapsed time: 75.82047510147095

i:0	65954.39299467595
i:50	49144.55945509651
i:100	48911.904252384375
i:150	47554.27464545121
i:200	46743.86269147958
i:250	46743.86269147958
i:300	46743.86269147958
i:350	46743.86269147958
i:400	46743.86269147958
i:450	46743.86269147958
i:500	46743.86269147958
i:550	46743.86269147958
i:600	46743.86269147958
i:650	46743.86269147958
best: 46743.86269147958
routes: [0, 4, 3, 1, 2, 8, 6, 5, 10, 7, 9, 50, 44, 46, 49, 45, 43, 42, 41, 47, 48, 21, 22, 23, 25, 27, 24, 26, 29, 30, 28, 0, 12, 15, 17, 19, 20, 18, 16, 14, 13, 11, 39, 40, 36, 37, 38, 35, 34, 33, 31, 32, 0]
Elapsed time: 75.24713134765625

i:0	60064.02405418338
i:50	50017.19777676787
i:100	49048.34176099723
i:150	47435.1505498917
i:200	47435.1505498917
i:250	47435.1505498917
i:300	47435.1505498917
i:350	47435.1505498917
i:400	47435.1505498917
i:450	47435.1505498917
i:500	47435.1505498917
i:550	47435.1505498917
i:600	47435.1505498917
i:650	47435.1505498917
best: 47435.1505498917
routes: [0, 4, 3, 1, 2, 8, 6, 5, 10, 7, 9, 50, 44, 46, 49, 45, 43, 42, 41, 47, 48, 21, 24, 25, 27, 26, 29, 30, 28, 23, 22, 0, 11, 12, 13, 15, 17, 19, 20, 18, 16, 14, 31, 32, 33, 34, 35, 38, 37, 36, 39, 40, 0]
Elapsed time: 74.02550482749939

i:0	65938.32738126713
i:50	49022.2542592751
i:100	48354.3876227866
i:150	47707.7236069178
i:200	47470.03880346933
i:250	47315.91774719376
i:300	47315.91774719376
i:350	47315.91774719376
i:400	47315.91774719376
i:450	47315.91774719376
i:500	47315.91774719376
i:550	47315.91774719376
i:600	47315.91774719376
i:650	47315.91774719376
best: 47315.91774719376
routes: [0, 11, 12, 13, 15, 17, 19, 20, 18, 16, 14, 31, 32, 33, 34, 35, 38, 37, 36, 39, 40, 0, 23, 24, 26, 29, 30, 28, 27, 25, 22, 21, 49, 50, 46, 44, 43, 45, 42, 41, 47, 48, 9, 10, 5, 6, 7, 8, 2, 1, 3, 4, 0]
Elapsed time: 78.99818181991577

i:0	69132.86479360654
i:50	48343.15237089613
i:100	47863.26659606716
i:150	47648.20927584413
i:200	47253.70454414145
i:250	47253.70454414145
i:300	47253.70454414145
i:350	47253.70454414145
i:400	47253.70454414145
i:450	47253.70454414145
i:500	47253.70454414145
i:550	47253.70454414145
i:600	47253.70454414145
i:650	47253.70454414145
best: 47253.70454414145
routes: [0, 12, 15, 17, 19, 20, 18, 16, 14, 13, 11, 31, 32, 33, 34, 35, 38, 37, 36, 39, 40, 0, 23, 22, 25, 27, 29, 30, 28, 26, 24, 21, 47, 48, 46, 44, 43, 42, 41, 45, 49, 50, 8, 7, 9, 10, 5, 6, 2, 1, 3, 4, 0]
Elapsed time: 73.131920337677

i:0	64296.376588381434
i:50	50923.25569212163
i:100	48434.23385581291
i:150	47398.050743580534
i:200	46929.545007120556
i:250	46929.545007120556
i:300	46929.545007120556
i:350	46929.545007120556
i:400	46929.545007120556
i:450	46929.545007120556
i:500	46929.545007120556
i:550	46929.545007120556
i:600	46929.545007120556
i:650	46929.545007120556
best: 46929.545007120556
routes: [0, 50, 44, 46, 49, 45, 43, 42, 41, 47, 48, 21, 25, 24, 26, 29, 30, 27, 28, 23, 22, 9, 10, 5, 6, 7, 8, 2, 1, 3, 4, 0, 11, 13, 12, 15, 17, 19, 20, 18, 16, 14, 39, 40, 36, 37, 38, 35, 34, 33, 31, 32, 0]
Elapsed time: 75.77474689483643

i:0	66945.19999655822
i:50	49394.275768453575
i:100	48324.290298551954
i:150	47655.74908716828
i:200	46991.71823193935
i:250	46991.71823193935
i:300	46991.71823193935
i:350	46991.71823193935
i:400	46991.71823193935
i:450	46991.71823193935
i:500	46991.71823193935
i:550	46991.71823193935
i:600	46991.71823193935
i:650	46991.71823193935
best: 46991.71823193935
routes: [0, 4, 1, 2, 3, 6, 5, 10, 7, 8, 9, 50, 44, 46, 49, 45, 43, 42, 41, 47, 48, 21, 22, 23, 25, 24, 26, 29, 30, 27, 28, 0, 11, 12, 13, 15, 17, 19, 20, 18, 16, 14, 31, 32, 33, 34, 35, 38, 37, 36, 39, 40, 0]
Elapsed time: 78.33795166015625

i:0	66566.17551254142
i:50	49174.86745840346
i:100	47165.440615462394
i:150	47086.342931489744
i:200	46000.698130681216
i:250	46000.698130681216
i:300	46000.698130681216
i:350	46000.698130681216
i:400	46000.698130681216
i:450	46000.698130681216
i:500	46000.698130681216
i:550	46000.698130681216
i:600	46000.698130681216
i:650	46000.698130681216
best: 46000.698130681216
routes: [0, 4, 5, 10, 6, 3, 1, 2, 8, 7, 9, 50, 44, 46, 49, 45, 43, 42, 41, 47, 48, 21, 22, 23, 25, 24, 26, 29, 30, 27, 28, 0, 11, 13, 12, 15, 17, 19, 20, 18, 16, 14, 39, 40, 36, 37, 38, 35, 34, 33, 31, 32, 0]
Elapsed time: 72.81383299827576

i:0	62449.680635279234
i:50	48138.811368061375
i:100	46889.58841540918
i:150	46843.908449749695
i:200	46598.06442866102
i:250	46598.06442866102
i:300	46598.06442866102
i:350	46598.06442866102
i:400	46598.06442866102
i:450	46598.06442866102
i:500	46598.06442866102
i:550	46598.06442866102
i:600	46598.06442866102
i:650	46598.06442866102
best: 46598.06442866102
routes: [0, 23, 28, 27, 29, 30, 26, 24, 25, 22, 21, 48, 47, 41, 42, 43, 45, 46, 49, 50, 44, 9, 10, 7, 8, 2, 1, 3, 6, 5, 4, 0, 12, 15, 17, 19, 20, 18, 16, 14, 13, 11, 39, 40, 36, 37, 38, 35, 34, 33, 31, 32, 0]
Elapsed time: 72.77894425392151

i:0	62636.234178054074
i:50	49949.257965201505
i:100	48338.46744570606
i:150	47521.85945572244
i:200	46429.849390545685
i:250	46429.849390545685
i:300	46429.849390545685
i:350	46429.849390545685
i:400	46429.849390545685
i:450	46429.849390545685
i:500	46429.849390545685
i:550	46429.849390545685
i:600	46429.849390545685
i:650	46429.849390545685
best: 46429.849390545685
routes: [0, 4, 1, 2, 3, 6, 5, 10, 7, 8, 9, 50, 44, 46, 49, 45, 43, 42, 41, 47, 48, 21, 22, 23, 25, 24, 26, 29, 30, 27, 28, 0, 12, 15, 17, 19, 20, 18, 16, 14, 13, 11, 39, 40, 36, 37, 38, 35, 34, 33, 31, 32, 0]
Elapsed time: 77.88549780845642

i:0	63178.7474753265
i:50	50473.54758739771
i:100	49909.814266499816
i:150	48519.872041712835
i:200	48270.27870456356
i:250	48270.27870456356
i:300	48270.27870456356
i:350	48270.27870456356
i:400	48270.27870456356
i:450	48270.27870456356
i:500	48270.27870456356
i:550	48270.27870456356
i:600	48270.27870456356
i:650	48270.27870456356
best: 48270.27870456356
routes: [0, 23, 24, 26, 29, 30, 28, 27, 25, 22, 21, 48, 47, 41, 42, 43, 45, 46, 49, 50, 44, 9, 10, 7, 8, 2, 1, 3, 6, 5, 4, 0, 13, 12, 15, 17, 19, 20, 18, 16, 14, 11, 31, 33, 35, 38, 37, 39, 40, 36, 34, 32, 0]
Elapsed time: 72.67569470405579

i:0	59847.43154799296
i:50	49389.400846488876
i:100	47219.93393586193
i:150	46258.43844429146
i:200	46258.43844429146
i:250	46258.43844429146
i:300	46258.43844429146
i:350	46258.43844429146
i:400	46258.43844429146
i:450	46258.43844429146
i:500	46258.43844429146
i:550	46258.43844429146
i:600	46258.43844429146
i:650	46258.43844429146
best: 46258.43844429146
routes: [0, 11, 13, 12, 16, 15, 17, 19, 20, 18, 14, 39, 40, 36, 37, 38, 35, 34, 33, 31, 32, 0, 23, 22, 25, 27, 29, 30, 28, 26, 24, 21, 47, 41, 42, 43, 45, 48, 46, 49, 50, 44, 8, 7, 9, 10, 5, 6, 2, 1, 3, 4, 0]
Elapsed time: 75.79850482940674

i:0	68032.66144042285
i:50	51086.42846096784
i:100	49030.98280444197
i:150	46522.64877931503
i:200	46216.483741030504
i:250	46216.483741030504
i:300	46216.483741030504
i:350	46216.483741030504
i:400	46216.483741030504
i:450	46216.483741030504
i:500	46216.483741030504
i:550	46216.483741030504
i:600	46216.483741030504
i:650	46216.483741030504
best: 46216.483741030504
routes: [0, 23, 24, 26, 29, 30, 28, 27, 25, 22, 21, 48, 47, 41, 42, 43, 45, 46, 49, 50, 44, 8, 7, 9, 10, 5, 6, 2, 1, 3, 4, 0, 12, 13, 15, 17, 19, 20, 18, 16, 14, 11, 39, 40, 36, 37, 38, 35, 34, 33, 31, 32, 0]
Elapsed time: 73.71625328063965

i:0	66548.32577980672
i:50	49202.51070745256
i:100	48127.97813945952
i:150	46926.75589341343
i:200	46511.50085055467
i:250	46511.50085055467
i:300	46511.50085055467
i:350	46511.50085055467
i:400	46511.50085055467
i:450	46511.50085055467
i:500	46511.50085055467
i:550	46511.50085055467
i:600	46511.50085055467
i:650	46511.50085055467
best: 46511.50085055467
routes: [0, 23, 22, 25, 27, 29, 30, 28, 26, 24, 21, 48, 47, 41, 42, 43, 45, 46, 49, 50, 44, 31, 32, 33, 34, 35, 38, 37, 36, 39, 40, 0, 11, 13, 12, 15, 17, 19, 20, 18, 16, 14, 5, 6, 10, 9, 7, 8, 2, 1, 3, 4, 0]
Elapsed time: 77.0607488155365

i:0	63373.30246768805
i:50	49917.8135579475
i:100	47366.45970280985
i:150	46878.75274793117
i:200	46672.33921710655
i:250	46672.33921710655
i:300	46672.33921710655
i:350	46672.33921710655
i:400	46672.33921710655
i:450	46672.33921710655
i:500	46672.33921710655
i:550	46672.33921710655
i:600	46672.33921710655
i:650	46672.33921710655
best: 46672.33921710655
routes: [0, 4, 3, 1, 2, 8, 6, 5, 10, 7, 9, 23, 24, 26, 29, 30, 28, 27, 25, 22, 21, 48, 47, 41, 42, 43, 45, 46, 49, 50, 44, 0, 12, 15, 17, 19, 20, 18, 16, 14, 13, 11, 39, 40, 36, 37, 38, 35, 34, 33, 31, 32, 0]
Elapsed time: 74.56786322593689

mean: 46789.035239773155
std: 513.5119185421761
mean-time: 74.98299988508225
std-time: 1.8957444358936886