i:0	70408.6079524386
i:50	51945.22821512208
i:100	50145.41611567228
i:150	49813.96692798855
i:200	49813.96692798855
i:250	49813.96692798855
i:300	49813.96692798855
i:350	49813.96692798855
i:400	49813.96692798855
i:450	49813.96692798855
i:500	49813.96692798855
i:550	49813.96692798855
i:600	49813.96692798855
i:650	49813.96692798855
best: 49813.96692798855
routes: [0, 50, 46, 49, 44, 43, 45, 42, 41, 47, 48, 21, 22, 23, 25, 24, 26, 29, 30, 27, 28, 0, 4, 3, 6, 5, 10, 9, 7, 8, 2, 1, 31, 32, 33, 34, 35, 38, 36, 37, 39, 40, 0, 11, 13, 12, 15, 17, 19, 20, 18, 16, 14, 0]
Elapsed time: 67.13956999778748

i:0	65573.35466511303
i:50	51598.72242483467
i:100	50586.17160866212
i:150	49906.69284378165
i:200	49906.69284378165
i:250	49906.69284378165
i:300	49906.69284378165
i:350	49906.69284378165
i:400	49906.69284378165
i:450	49906.69284378165
i:500	49906.69284378165
i:550	49906.69284378165
i:600	49906.69284378165
i:650	49906.69284378165
best: 49906.69284378165
routes: [0, 23, 25, 27, 29, 30, 28, 26, 24, 22, 21, 46, 44, 43, 42, 41, 47, 48, 45, 49, 50, 0, 4, 3, 6, 5, 10, 9, 7, 8, 2, 1, 31, 32, 33, 34, 35, 38, 36, 37, 39, 40, 0, 11, 13, 12, 15, 17, 19, 20, 18, 16, 14, 0]
Elapsed time: 70.94434976577759

i:0	66018.67915895297
i:50	51679.46323313358
i:100	50748.53065743699
i:150	49877.184867098316
i:200	49877.184867098316
i:250	49877.184867098316
i:300	49877.184867098316
i:350	49877.184867098316
i:400	49877.184867098316
i:450	49877.184867098316
i:500	49877.184867098316
i:550	49877.184867098316
i:600	49877.184867098316
i:650	49877.184867098316
best: 49877.184867098316
routes: [0, 23, 22, 25, 27, 29, 30, 28, 26, 24, 21, 49, 50, 46, 44, 43, 45, 42, 41, 47, 48, 0, 4, 5, 6, 7, 10, 9, 8, 2, 3, 1, 31, 32, 33, 34, 35, 38, 36, 37, 39, 40, 0, 11, 13, 12, 15, 17, 19, 20, 18, 16, 14, 0]
Elapsed time: 68.42923998832703

i:0	67270.56731539783
i:50	51460.49375991382
i:100	49839.064977528644
i:150	49226.378155786726
i:200	49226.378155786726
i:250	49226.378155786726
i:300	49226.378155786726
i:350	49226.378155786726
i:400	49226.378155786726
i:450	49226.378155786726
i:500	49226.378155786726
i:550	49226.378155786726
i:600	49226.378155786726
i:650	49226.378155786726
best: 49226.378155786726
routes: [0, 11, 13, 12, 15, 17, 19, 20, 18, 16, 14, 39, 40, 36, 37, 38, 35, 34, 33, 31, 32, 0, 23, 24, 26, 29, 30, 28, 27, 25, 22, 21, 48, 47, 41, 42, 43, 45, 46, 49, 50, 44, 0, 1, 3, 6, 2, 8, 7, 9, 10, 5, 4, 0]
Elapsed time: 64.43765497207642

i:0	71062.06638083071
i:50	53431.418421778726
i:100	51505.33199866669
i:150	50285.20529411112
i:200	49988.41213452292
i:250	49988.41213452292
i:300	49988.41213452292
i:350	49988.41213452292
i:400	49988.41213452292
i:450	49988.41213452292
i:500	49988.41213452292
i:550	49988.41213452292
i:600	49988.41213452292
i:650	49988.41213452292
best: 49988.41213452292
routes: [0, 50, 46, 44, 43, 45, 42, 41, 47, 49, 48, 21, 22, 23, 25, 24, 26, 29, 30, 27, 28, 0, 4, 3, 6, 5, 10, 9, 7, 8, 2, 1, 31, 32, 33, 34, 35, 38, 36, 37, 39, 40, 0, 11, 13, 12, 15, 17, 19, 20, 18, 16, 14, 0]
Elapsed time: 67.40357089042664

i:0	67391.3916047012
i:50	52078.491300394686
i:100	50646.75948044412
i:150	49885.965771136085
i:200	49681.72871314722
i:250	49681.72871314722
i:300	49681.72871314722
i:350	49681.72871314722
i:400	49681.72871314722
i:450	49681.72871314722
i:500	49681.72871314722
i:550	49681.72871314722
i:600	49681.72871314722
i:650	49681.72871314722
best: 49681.72871314722
routes: [0, 12, 13, 15, 17, 19, 20, 18, 16, 14, 11, 39, 40, 36, 37, 38, 35, 34, 33, 31, 32, 0, 23, 24, 26, 29, 30, 28, 27, 25, 22, 21, 49, 50, 44, 43, 42, 41, 47, 48, 45, 46, 0, 1, 2, 8, 7, 9, 10, 5, 6, 3, 4, 0]
Elapsed time: 67.5779812335968

i:0	66231.18286516322
i:50	52910.46859154215
i:100	52551.72759249159
i:150	51545.5368455431
i:200	50166.223877829754
i:250	50166.223877829754
i:300	50166.223877829754
i:350	50166.223877829754
i:400	50166.223877829754
i:450	50166.223877829754
i:500	50166.223877829754
i:550	50166.223877829754
i:600	50166.223877829754
i:650	50166.223877829754
best: 50166.223877829754
routes: [0, 50, 46, 44, 43, 45, 42, 41, 47, 49, 48, 21, 22, 23, 25, 24, 26, 29, 30, 27, 28, 0, 1, 3, 4, 6, 5, 10, 9, 7, 8, 2, 31, 32, 33, 34, 35, 38, 36, 37, 39, 40, 0, 11, 13, 12, 15, 17, 19, 20, 18, 16, 14, 0]
Elapsed time: 68.46268701553345

i:0	71812.13692367269
i:50	52640.084117288505
i:100	52292.806703148584
i:150	50669.30183626649
i:200	50669.30183626649
i:250	50669.30183626649
i:300	50669.30183626649
i:350	50669.30183626649
i:400	50669.30183626649
i:450	50669.30183626649
i:500	50669.30183626649
i:550	50669.30183626649
i:600	50669.30183626649
i:650	50669.30183626649
best: 50669.30183626649
routes: [0, 50, 46, 49, 44, 43, 45, 42, 41, 47, 48, 21, 22, 23, 28, 27, 25, 24, 26, 29, 30, 0, 12, 15, 17, 19, 20, 18, 16, 14, 13, 11, 39, 40, 36, 37, 38, 35, 34, 33, 31, 32, 0, 1, 3, 6, 2, 8, 7, 9, 10, 5, 4, 0]
Elapsed time: 64.19577550888062

i:0	66849.29909849705
i:50	51709.37825132396
i:100	50062.641294950816
i:150	49596.52411599181
i:200	49471.59016461842
i:250	49471.59016461842
i:300	49471.59016461842
i:350	49471.59016461842
i:400	49471.59016461842
i:450	49471.59016461842
i:500	49471.59016461842
i:550	49471.59016461842
i:600	49471.59016461842
i:650	49471.59016461842
best: 49471.59016461842
routes: [0, 23, 22, 25, 27, 29, 30, 28, 26, 24, 21, 48, 47, 41, 42, 43, 45, 46, 49, 50, 44, 0, 4, 5, 6, 7, 10, 9, 8, 2, 3, 1, 31, 32, 33, 34, 35, 38, 36, 37, 39, 40, 0, 11, 13, 12, 15, 17, 19, 20, 18, 16, 14, 0]
Elapsed time: 72.09325432777405

i:0	68851.51305430254
i:50	51957.16489641725
i:100	51352.7451806676
i:150	49420.86152961276
i:200	49420.86152961276
i:250	49420.86152961276
i:300	49420.86152961276
i:350	49420.86152961276
i:400	49420.86152961276
i:450	49420.86152961276
i:500	49420.86152961276
i:550	49420.86152961276
i:600	49420.86152961276
i:650	49420.86152961276
best: 49420.86152961276
routes: [0, 23, 22, 25, 27, 29, 30, 28, 26, 24, 21, 48, 47, 41, 42, 43, 45, 46, 49, 50, 44, 0, 11, 13, 12, 15, 17, 19, 20, 18, 16, 14, 39, 40, 36, 37, 38, 35, 34, 33, 31, 32, 0, 1, 3, 5, 6, 2, 8, 7, 9, 10, 4, 0]
Elapsed time: 66.5617663860321

i:0	66804.12344212896
i:50	52446.92683838375
i:100	51207.090926357625
i:150	49707.12499739545
i:200	49338.95712503661
i:250	49338.95712503661
i:300	49338.95712503661
i:350	49338.95712503661
i:400	49338.95712503661
i:450	49338.95712503661
i:500	49338.95712503661
i:550	49338.95712503661
i:600	49338.95712503661
i:650	49338.95712503661
best: 49338.95712503661
routes: [0, 23, 24, 26, 29, 30, 28, 27, 25, 22, 21, 48, 47, 41, 42, 43, 45, 46, 49, 50, 44, 0, 4, 3, 6, 5, 10, 9, 7, 8, 2, 1, 31, 32, 33, 34, 35, 38, 36, 37, 39, 40, 0, 11, 13, 12, 15, 17, 19, 20, 18, 16, 14, 0]
Elapsed time: 72.17403173446655

i:0	66358.93892771033
i:50	50956.22796263488
i:100	49463.89107641001
i:150	49463.89107641001
i:200	49463.89107641001
i:250	49463.89107641001
i:300	49463.89107641001
i:350	49463.89107641001
i:400	49463.89107641001
i:450	49463.89107641001
i:500	49463.89107641001
i:550	49463.89107641001
i:600	49463.89107641001
i:650	49463.89107641001
best: 49463.89107641001
routes: [0, 23, 24, 26, 29, 30, 28, 27, 25, 22, 21, 47, 41, 42, 43, 45, 48, 46, 49, 50, 44, 0, 4, 3, 6, 5, 10, 9, 7, 8, 2, 1, 31, 32, 33, 34, 35, 38, 36, 37, 39, 40, 0, 11, 13, 12, 15, 17, 19, 20, 18, 16, 14, 0]
Elapsed time: 64.47638821601868

i:0	66119.28787795926
i:50	52438.80319035872
i:100	50702.07054017452
i:150	50676.4880712231
i:200	50425.78812377718
i:250	50425.78812377718
i:300	50425.78812377718
i:350	50425.78812377718
i:400	50425.78812377718
i:450	50425.78812377718
i:500	50425.78812377718
i:550	50425.78812377718
i:600	50425.78812377718
i:650	50425.78812377718
best: 50425.78812377718
routes: [0, 50, 46, 44, 43, 45, 42, 41, 47, 49, 48, 21, 25, 24, 26, 29, 30, 27, 28, 23, 22, 0, 11, 13, 12, 16, 15, 17, 19, 20, 18, 14, 39, 40, 36, 37, 38, 35, 34, 33, 31, 32, 0, 1, 3, 2, 8, 7, 9, 10, 5, 6, 4, 0]
Elapsed time: 64.12774634361267

i:0	66220.95429975467
i:50	53520.04074151275
i:100	50561.64137573255
i:150	50391.35237419201
i:200	49656.95835609615
i:250	49656.95835609615
i:300	49656.95835609615
i:350	49656.95835609615
i:400	49656.95835609615
i:450	49656.95835609615
i:500	49656.95835609615
i:550	49656.95835609615
i:600	49656.95835609615
i:650	49656.95835609615
best: 49656.95835609615
routes: [0, 4, 3, 6, 5, 10, 9, 7, 8, 2, 1, 31, 32, 33, 34, 35, 38, 36, 37, 39, 40, 0, 23, 22, 25, 27, 29, 30, 28, 26, 24, 21, 48, 47, 41, 42, 43, 45, 46, 49, 50, 44, 0, 11, 15, 17, 19, 20, 18, 16, 14, 13, 12, 0]
Elapsed time: 69.007639169693

i:0	64386.15162564661
i:50	53088.50548831906
i:100	50670.4104284676
i:150	50624.73046280812
i:200	50624.73046280812
i:250	50624.73046280812
i:300	50624.73046280812
i:350	50624.73046280812
i:400	50624.73046280812
i:450	50624.73046280812
i:500	50624.73046280812
i:550	50624.73046280812
i:600	50624.73046280812
i:650	50624.73046280812
best: 50624.73046280812
routes: [0, 4, 5, 10, 9, 7, 8, 6, 3, 2, 1, 31, 33, 35, 38, 37, 39, 40, 36, 34, 32, 0, 23, 22, 25, 27, 29, 30, 28, 26, 24, 21, 48, 47, 41, 42, 43, 45, 46, 49, 50, 44, 0, 11, 13, 12, 15, 17, 19, 20, 18, 16, 14, 0]
Elapsed time: 63.256306886672974

i:0	72573.85938637424
i:50	53327.23427448657
i:100	52419.71109240907
i:150	51836.11568865839
i:200	50410.684001552596
i:250	50410.684001552596
i:300	50410.684001552596
i:350	50410.684001552596
i:400	50410.684001552596
i:450	50410.684001552596
i:500	50410.684001552596
i:550	50410.684001552596
i:600	50410.684001552596
i:650	50410.684001552596
best: 50410.684001552596
routes: [0, 50, 46, 49, 44, 43, 45, 42, 41, 47, 48, 21, 22, 23, 28, 27, 25, 24, 26, 29, 30, 0, 4, 3, 6, 5, 10, 9, 7, 8, 2, 1, 31, 32, 33, 34, 35, 38, 36, 37, 39, 40, 0, 11, 13, 12, 15, 17, 19, 20, 18, 16, 14, 0]
Elapsed time: 67.82023644447327

i:0	67706.74320506438
i:50	52481.312291775896
i:100	50447.89828178903
i:150	50300.37213710871
i:200	49813.96692798855
i:250	49813.96692798855
i:300	49813.96692798855
i:350	49813.96692798855
i:400	49813.96692798855
i:450	49813.96692798855
i:500	49813.96692798855
i:550	49813.96692798855
i:600	49813.96692798855
i:650	49813.96692798855
best: 49813.96692798855
routes: [0, 4, 3, 6, 5, 10, 9, 7, 8, 2, 1, 31, 32, 33, 34, 35, 38, 36, 37, 39, 40, 0, 50, 46, 49, 44, 43, 45, 42, 41, 47, 48, 21, 22, 23, 25, 24, 26, 29, 30, 27, 28, 0, 11, 13, 12, 15, 17, 19, 20, 18, 16, 14, 0]
Elapsed time: 67.2520546913147

i:0	69611.73211040704
i:50	51857.79206782693
i:100	51093.23501566658
i:150	50133.250852133606
i:200	50072.93651758681
i:250	50072.93651758681
i:300	50072.93651758681
i:350	50072.93651758681
i:400	50072.93651758681
i:450	50072.93651758681
i:500	50072.93651758681
i:550	50072.93651758681
i:600	50072.93651758681
i:650	50072.93651758681
best: 50072.93651758681
routes: [0, 23, 24, 26, 29, 30, 28, 27, 25, 22, 21, 47, 41, 42, 43, 45, 48, 46, 49, 50, 44, 0, 4, 3, 6, 5, 10, 9, 7, 8, 2, 1, 31, 32, 33, 34, 35, 38, 36, 37, 39, 40, 0, 11, 12, 13, 14, 16, 15, 17, 19, 20, 18, 0]
Elapsed time: 66.09911370277405

i:0	62772.07763283512
i:50	52659.546279881855
i:100	51614.42054725283
i:150	50762.28152906593
i:200	50741.79377660987
i:250	50741.79377660987
i:300	50741.79377660987
i:350	50741.79377660987
i:400	50741.79377660987
i:450	50741.79377660987
i:500	50741.79377660987
i:550	50741.79377660987
i:600	50741.79377660987
i:650	50741.79377660987
best: 50741.79377660987
routes: [0, 12, 15, 17, 19, 20, 18, 16, 14, 13, 11, 39, 40, 36, 37, 38, 35, 34, 33, 31, 32, 0, 50, 46, 44, 43, 45, 42, 41, 47, 49, 48, 21, 24, 26, 29, 30, 27, 25, 22, 23, 28, 0, 1, 3, 6, 2, 8, 7, 9, 10, 5, 4, 0]
Elapsed time: 65.94567584991455

i:0	61423.756778317795
i:50	51709.21962076104
i:100	50080.451137892764
i:150	50036.12404868096
i:200	49813.96692798855
i:250	49813.96692798855
i:300	49813.96692798855
i:350	49813.96692798855
i:400	49813.96692798855
i:450	49813.96692798855
i:500	49813.96692798855
i:550	49813.96692798855
i:600	49813.96692798855
i:650	49813.96692798855
best: 49813.96692798855
routes: [0, 4, 3, 6, 5, 10, 9, 7, 8, 2, 1, 31, 32, 33, 34, 35, 38, 36, 37, 39, 40, 0, 50, 46, 49, 44, 43, 45, 42, 41, 47, 48, 21, 22, 23, 25, 24, 26, 29, 30, 27, 28, 0, 11, 13, 12, 15, 17, 19, 20, 18, 16, 14, 0]
Elapsed time: 62.47028994560242

mean: 49929.30071732536
std: 444.7287385480249
mean-time: 66.99376665353775
std-time: 2.6779748722758354