i:0	83899.51740538151
i:50	65991.6495237754
i:100	65155.61371078789
i:150	65155.61371078789
i:200	65155.61371078789
i:250	65155.61371078789
i:300	65155.61371078789
i:350	65155.61371078789
i:400	65155.61371078789
i:450	65155.61371078789
i:500	65155.61371078789
i:550	65155.61371078789
i:600	65155.61371078789
i:650	65155.61371078789
best: 65155.61371078789
routes: [0, 26, 28, 27, 29, 30, 39, 36, 38, 37, 40, 32, 34, 35, 33, 31, 50, 49, 48, 47, 46, 0, 1, 2, 4, 5, 3, 44, 43, 45, 41, 42, 21, 22, 24, 25, 23, 6, 8, 7, 9, 10, 0, 12, 15, 13, 14, 11, 18, 17, 20, 19, 16, 0]
Elapsed time: 22.272984504699707

i:0	109952.60970804366
i:50	67692.31108282514
i:100	67692.31108282514
i:150	67692.31108282514
i:200	67692.31108282514
i:250	67692.31108282514
i:300	67692.31108282514
i:350	67692.31108282514
i:400	67692.31108282514
i:450	67692.31108282514
i:500	67692.31108282514
i:550	67692.31108282514
i:600	67692.31108282514
i:650	67692.31108282514
best: 67692.31108282514
routes: [0, 4, 5, 3, 1, 2, 44, 43, 42, 45, 41, 24, 25, 23, 21, 22, 8, 7, 9, 10, 6, 0, 47, 46, 50, 49, 48, 31, 32, 34, 33, 35, 40, 38, 37, 39, 36, 29, 30, 28, 27, 26, 0, 19, 16, 18, 17, 20, 15, 13, 14, 11, 12, 0]
Elapsed time: 36.30656981468201

i:0	295424.6212478006
i:50	66055.1183460415
i:100	66055.1183460415
i:150	66055.1183460415
i:200	66055.1183460415
i:250	66055.1183460415
i:300	66055.1183460415
i:350	66055.1183460415
i:400	66055.1183460415
i:450	66055.1183460415
i:500	66055.1183460415
i:550	66055.1183460415
i:600	66055.1183460415
i:650	66055.1183460415
best: 66055.1183460415
routes: [0, 6, 10, 9, 8, 7, 23, 22, 24, 25, 21, 45, 43, 41, 42, 44, 5, 3, 4, 1, 2, 0, 26, 28, 27, 29, 30, 39, 36, 38, 37, 40, 31, 32, 34, 35, 33, 50, 49, 48, 47, 46, 0, 16, 20, 19, 18, 17, 14, 13, 12, 15, 11, 0]
Elapsed time: 20.634055852890015

i:0	86162.76970738872
i:50	63775.61111375094
i:100	63775.61111375094
i:150	63775.61111375094
i:200	63775.61111375094
i:250	63775.61111375094
i:300	63775.61111375094
i:350	63775.61111375094
i:400	63775.61111375094
i:450	63775.61111375094
i:500	63775.61111375094
i:550	63775.61111375094
i:600	63775.61111375094
i:650	63775.61111375094
best: 63775.61111375094
routes: [0, 26, 28, 27, 29, 30, 39, 36, 38, 37, 40, 33, 31, 32, 34, 35, 50, 49, 48, 47, 46, 0, 4, 5, 3, 1, 2, 44, 43, 45, 41, 42, 21, 22, 24, 25, 23, 6, 8, 7, 9, 10, 0, 11, 12, 15, 13, 14, 20, 18, 17, 19, 16, 0]
Elapsed time: 20.07418727874756

i:0	82037.05816043812
i:50	65788.27907966517
i:100	65788.27907966517
i:150	65788.27907966517
i:200	65788.27907966517
i:250	65788.27907966517
i:300	65788.27907966517
i:350	65788.27907966517
i:400	65788.27907966517
i:450	65788.27907966517
i:500	65788.27907966517
i:550	65788.27907966517
i:600	65788.27907966517
i:650	65788.27907966517
best: 65788.27907966517
routes: [0, 26, 28, 27, 29, 30, 39, 36, 38, 37, 40, 33, 31, 32, 34, 35, 50, 49, 48, 47, 46, 0, 8, 7, 9, 10, 6, 23, 24, 21, 22, 25, 45, 43, 41, 42, 44, 1, 2, 5, 3, 4, 0, 11, 12, 15, 13, 14, 20, 18, 17, 19, 16, 0]
Elapsed time: 19.054548740386963

i:0	84205.65283296676
i:50	64437.53258328365
i:100	64437.53258328365
i:150	64437.53258328365
i:200	64437.53258328365
i:250	64437.53258328365
i:300	64437.53258328365
i:350	64437.53258328365
i:400	64437.53258328365
i:450	64437.53258328365
i:500	64437.53258328365
i:550	64437.53258328365
i:600	64437.53258328365
i:650	64437.53258328365
best: 64437.53258328365
routes: [0, 49, 50, 48, 47, 46, 34, 35, 33, 32, 31, 40, 38, 37, 39, 36, 29, 30, 28, 27, 26, 0, 1, 2, 4, 5, 3, 44, 43, 45, 41, 42, 21, 22, 24, 25, 23, 6, 8, 7, 9, 10, 0, 13, 14, 11, 12, 15, 20, 18, 17, 19, 16, 0]
Elapsed time: 19.02618670463562

i:0	82173.33893599195
i:50	65309.472554314954
i:100	65309.472554314954
i:150	65309.472554314954
i:200	65309.472554314954
i:250	65309.472554314954
i:300	65309.472554314954
i:350	65309.472554314954
i:400	65309.472554314954
i:450	65309.472554314954
i:500	65309.472554314954
i:550	65309.472554314954
i:600	65309.472554314954
i:650	65309.472554314954
best: 65309.472554314954
routes: [0, 6, 8, 7, 10, 9, 24, 25, 23, 22, 21, 41, 42, 45, 43, 44, 5, 3, 4, 1, 2, 0, 49, 50, 48, 47, 46, 34, 35, 33, 32, 31, 40, 38, 37, 39, 36, 29, 30, 28, 27, 26, 0, 14, 13, 12, 15, 11, 18, 17, 20, 19, 16, 0]
Elapsed time: 20.07262420654297

i:0	104169.53567674184
i:50	66166.85832913642
i:100	66166.85832913642
i:150	66166.85832913642
i:200	66166.85832913642
i:250	66166.85832913642
i:300	66166.85832913642
i:350	66166.85832913642
i:400	66166.85832913642
i:450	66166.85832913642
i:500	66166.85832913642
i:550	66166.85832913642
i:600	66166.85832913642
i:650	66166.85832913642
best: 66166.85832913642
routes: [0, 29, 30, 27, 26, 28, 40, 38, 37, 39, 36, 31, 32, 34, 35, 33, 50, 49, 48, 47, 46, 0, 6, 8, 7, 10, 9, 24, 25, 23, 22, 21, 45, 43, 41, 42, 44, 5, 3, 1, 2, 4, 0, 16, 18, 17, 19, 20, 14, 13, 12, 15, 11, 0]
Elapsed time: 18.722604990005493

i:0	291303.8780672342
i:50	66028.83230255406
i:100	64588.12076026412
i:150	64588.12076026412
i:200	64588.12076026412
i:250	64588.12076026412
i:300	64588.12076026412
i:350	64588.12076026412
i:400	64588.12076026412
i:450	64588.12076026412
i:500	64588.12076026412
i:550	64588.12076026412
i:600	64588.12076026412
i:650	64588.12076026412
best: 64588.12076026412
routes: [0, 26, 28, 27, 29, 30, 39, 36, 38, 37, 40, 32, 34, 35, 33, 31, 50, 49, 48, 47, 46, 0, 4, 5, 3, 1, 2, 44, 43, 45, 41, 42, 24, 25, 23, 21, 22, 9, 10, 8, 7, 6, 0, 13, 14, 11, 12, 15, 20, 18, 17, 19, 16, 0]
Elapsed time: 19.279128551483154

i:0	293365.9337635968
i:50	65189.63950854707
i:100	65097.736614392416
i:150	65097.736614392416
i:200	65097.736614392416
i:250	65097.736614392416
i:300	65097.736614392416
i:350	65097.736614392416
i:400	65097.736614392416
i:450	65097.736614392416
i:500	65097.736614392416
i:550	65097.736614392416
i:600	65097.736614392416
i:650	65097.736614392416
best: 65097.736614392416
routes: [0, 26, 28, 27, 29, 30, 39, 36, 38, 37, 40, 32, 34, 35, 33, 31, 50, 49, 48, 47, 46, 0, 8, 7, 9, 10, 6, 23, 22, 24, 25, 21, 43, 45, 41, 42, 44, 5, 3, 1, 2, 4, 0, 16, 18, 17, 19, 20, 14, 15, 13, 12, 11, 0]
Elapsed time: 20.42882513999939

i:0	86175.68659299069
i:50	67350.84391863491
i:100	66691.04400495566
i:150	66691.04400495566
i:200	66691.04400495566
i:250	66691.04400495566
i:300	66691.04400495566
i:350	66691.04400495566
i:400	66691.04400495566
i:450	66691.04400495566
i:500	66691.04400495566
i:550	66691.04400495566
i:600	66691.04400495566
i:650	66691.04400495566
best: 66691.04400495566
routes: [0, 26, 28, 27, 29, 30, 39, 36, 38, 37, 40, 32, 34, 35, 33, 31, 50, 49, 48, 47, 46, 0, 1, 2, 4, 3, 5, 44, 43, 42, 45, 41, 24, 21, 22, 25, 23, 6, 8, 7, 9, 10, 0, 16, 18, 17, 19, 20, 14, 15, 13, 12, 11, 0]
Elapsed time: 17.71087121963501

i:0	81912.66622745401
i:50	67273.0468734115
i:100	67273.0468734115
i:150	67273.0468734115
i:200	67273.0468734115
i:250	67273.0468734115
i:300	67273.0468734115
i:350	67273.0468734115
i:400	67273.0468734115
i:450	67273.0468734115
i:500	67273.0468734115
i:550	67273.0468734115
i:600	67273.0468734115
i:650	67273.0468734115
best: 67273.0468734115
routes: [0, 49, 50, 48, 47, 46, 34, 35, 33, 32, 31, 40, 38, 37, 39, 36, 28, 27, 29, 30, 26, 0, 22, 25, 23, 24, 21, 43, 45, 41, 42, 44, 3, 1, 2, 4, 5, 0, 16, 18, 17, 19, 20, 15, 13, 14, 11, 12, 8, 7, 9, 10, 6, 0]
Elapsed time: 19.849368572235107

i:0	493198.97679195215
i:50	66539.8838766328
i:100	65909.72129763247
i:150	65909.72129763247
i:200	65909.72129763247
i:250	65909.72129763247
i:300	65909.72129763247
i:350	65909.72129763247
i:400	65909.72129763247
i:450	65909.72129763247
i:500	65909.72129763247
i:550	65909.72129763247
i:600	65909.72129763247
i:650	65909.72129763247
best: 65909.72129763247
routes: [0, 26, 28, 27, 29, 30, 39, 36, 38, 37, 40, 33, 31, 32, 34, 35, 50, 49, 48, 47, 46, 0, 3, 1, 2, 4, 5, 44, 43, 45, 41, 42, 21, 22, 24, 25, 23, 6, 8, 7, 9, 10, 0, 16, 18, 17, 19, 20, 14, 15, 13, 12, 11, 0]
Elapsed time: 21.70827603340149

i:0	83370.28754989413
i:50	63801.11010191344
i:100	63801.11010191344
i:150	63801.11010191344
i:200	63801.11010191344
i:250	63801.11010191344
i:300	63801.11010191344
i:350	63801.11010191344
i:400	63801.11010191344
i:450	63801.11010191344
i:500	63801.11010191344
i:550	63801.11010191344
i:600	63801.11010191344
i:650	63801.11010191344
best: 63801.11010191344
routes: [0, 49, 50, 48, 47, 46, 33, 31, 32, 34, 35, 40, 38, 37, 39, 36, 29, 30, 28, 27, 26, 0, 4, 5, 3, 1, 2, 44, 43, 45, 41, 42, 21, 22, 24, 25, 23, 6, 8, 7, 9, 10, 0, 11, 12, 15, 13, 14, 20, 18, 17, 19, 16, 0]
Elapsed time: 21.216726064682007

i:0	88334.30552486332
i:50	65794.28959867544
i:100	65794.28959867544
i:150	65794.28959867544
i:200	65794.28959867544
i:250	65794.28959867544
i:300	65794.28959867544
i:350	65794.28959867544
i:400	65794.28959867544
i:450	65794.28959867544
i:500	65794.28959867544
i:550	65794.28959867544
i:600	65794.28959867544
i:650	65794.28959867544
best: 65794.28959867544
routes: [0, 8, 7, 9, 10, 6, 23, 22, 24, 25, 21, 43, 45, 41, 42, 44, 5, 3, 4, 1, 2, 0, 49, 50, 48, 47, 46, 31, 32, 34, 33, 35, 40, 38, 37, 39, 36, 29, 30, 28, 27, 26, 0, 16, 20, 19, 18, 17, 14, 13, 12, 15, 11, 0]
Elapsed time: 25.553886651992798

i:0	93120.17332153833
i:50	67103.17161777621
i:100	67103.17161777621
i:150	67103.17161777621
i:200	67103.17161777621
i:250	67103.17161777621
i:300	67103.17161777621
i:350	67103.17161777621
i:400	67103.17161777621
i:450	67103.17161777621
i:500	67103.17161777621
i:550	67103.17161777621
i:600	67103.17161777621
i:650	67103.17161777621
best: 67103.17161777621
routes: [0, 49, 50, 48, 47, 46, 34, 35, 33, 32, 31, 40, 38, 37, 39, 36, 28, 27, 29, 30, 26, 0, 4, 1, 2, 5, 3, 44, 43, 45, 41, 42, 24, 25, 23, 21, 22, 9, 10, 8, 7, 6, 0, 16, 20, 19, 18, 17, 14, 13, 12, 15, 11, 0]
Elapsed time: 18.578564405441284

i:0	86993.44378240823
i:50	67385.94406887527
i:100	67385.94406887527
i:150	67385.94406887527
i:200	67385.94406887527
i:250	67385.94406887527
i:300	67385.94406887527
i:350	67385.94406887527
i:400	67385.94406887527
i:450	67385.94406887527
i:500	67385.94406887527
i:550	67385.94406887527
i:600	67385.94406887527
i:650	67385.94406887527
best: 67385.94406887527
routes: [0, 49, 50, 48, 47, 46, 33, 34, 31, 32, 35, 40, 38, 37, 39, 36, 29, 30, 28, 27, 26, 0, 4, 1, 2, 5, 3, 44, 43, 42, 45, 41, 24, 21, 22, 25, 23, 6, 8, 7, 9, 10, 0, 12, 15, 13, 14, 11, 18, 17, 20, 19, 16, 0]
Elapsed time: 21.26516580581665

i:0	300372.35030661814
i:50	65598.34453028817
i:100	65598.34453028817
i:150	65598.34453028817
i:200	65598.34453028817
i:250	65598.34453028817
i:300	65598.34453028817
i:350	65598.34453028817
i:400	65598.34453028817
i:450	65598.34453028817
i:500	65598.34453028817
i:550	65598.34453028817
i:600	65598.34453028817
i:650	65598.34453028817
best: 65598.34453028817
routes: [0, 27, 26, 28, 30, 29, 39, 36, 38, 37, 40, 32, 34, 35, 33, 31, 50, 49, 48, 47, 46, 0, 1, 2, 4, 3, 5, 44, 43, 45, 41, 42, 24, 21, 22, 25, 23, 6, 8, 7, 9, 10, 0, 11, 12, 15, 13, 14, 20, 18, 17, 19, 16, 0]
Elapsed time: 20.03119993209839

i:0	86580.26415735764
i:50	66324.45446684286
i:100	66227.96735088198
i:150	66227.96735088198
i:200	66227.96735088198
i:250	66227.96735088198
i:300	66227.96735088198
i:350	66227.96735088198
i:400	66227.96735088198
i:450	66227.96735088198
i:500	66227.96735088198
i:550	66227.96735088198
i:600	66227.96735088198
i:650	66227.96735088198
best: 66227.96735088198
routes: [0, 8, 7, 9, 10, 6, 23, 24, 21, 22, 25, 44, 43, 45, 41, 42, 5, 3, 1, 2, 4, 0, 26, 28, 27, 29, 30, 39, 36, 38, 37, 40, 31, 32, 34, 35, 33, 50, 49, 48, 47, 46, 0, 12, 15, 13, 14, 11, 18, 17, 20, 19, 16, 0]
Elapsed time: 18.971582889556885

i:0	84348.53511993369
i:50	66211.46118418431
i:100	66211.46118418431
i:150	66211.46118418431
i:200	66211.46118418431
i:250	66211.46118418431
i:300	66211.46118418431
i:350	66211.46118418431
i:400	66211.46118418431
i:450	66211.46118418431
i:500	66211.46118418431
i:550	66211.46118418431
i:600	66211.46118418431
i:650	66211.46118418431
best: 66211.46118418431
routes: [0, 26, 28, 27, 29, 30, 39, 36, 38, 37, 40, 31, 32, 34, 35, 33, 50, 49, 48, 47, 46, 0, 4, 5, 3, 1, 2, 44, 43, 41, 42, 45, 23, 25, 21, 22, 24, 9, 10, 8, 7, 6, 0, 12, 15, 13, 14, 11, 18, 17, 20, 19, 16, 0]
Elapsed time: 19.948283672332764

mean: 65803.13774015283
std: 1093.8612984075883
mean-time: 21.035282051563264
std-time: 3.8692006873604585