i:0	82519.2211710893
i:50	56244.40371508125
i:100	55922.64939148663
i:150	55922.64939148663
i:200	55922.64939148663
i:250	55922.64939148663
i:300	55922.64939148663
i:350	55922.64939148663
i:400	55922.64939148663
i:450	55922.64939148663
i:500	55922.64939148663
i:550	55922.64939148663
i:600	55922.64939148663
i:650	55922.64939148663
best: 55922.64939148663
routes: [0, 45, 41, 44, 43, 42, 22, 21, 24, 25, 23, 8, 7, 9, 10, 6, 12, 11, 14, 13, 15, 17, 16, 20, 19, 18, 0, 46, 50, 47, 49, 48, 34, 35, 33, 32, 31, 40, 38, 37, 39, 36, 28, 30, 29, 27, 26, 3, 4, 5, 1, 2, 0]
Elapsed time: 27.806473970413208

i:0	76743.09757131651
i:50	54740.14317574576
i:100	54740.14317574576
i:150	54740.14317574576
i:200	54740.14317574576
i:250	54740.14317574576
i:300	54740.14317574576
i:350	54740.14317574576
i:400	54740.14317574576
i:450	54740.14317574576
i:500	54740.14317574576
i:550	54740.14317574576
i:600	54740.14317574576
i:650	54740.14317574576
best: 54740.14317574576
routes: [0, 45, 41, 44, 43, 42, 27, 26, 30, 29, 28, 39, 40, 38, 37, 36, 33, 32, 31, 34, 35, 48, 47, 49, 50, 46, 0, 19, 18, 17, 20, 16, 15, 13, 11, 12, 14, 6, 10, 9, 8, 7, 23, 25, 22, 21, 24, 5, 1, 4, 3, 2, 0]
Elapsed time: 20.465834140777588

i:0	80736.82307376308
i:50	54201.07288785168
i:100	54201.07288785168
i:150	54201.07288785168
i:200	54201.07288785168
i:250	54201.07288785168
i:300	54201.07288785168
i:350	54201.07288785168
i:400	54201.07288785168
i:450	54201.07288785168
i:500	54201.07288785168
i:550	54201.07288785168
i:600	54201.07288785168
i:650	54201.07288785168
best: 54201.07288785168
routes: [0, 5, 1, 2, 4, 3, 27, 26, 30, 29, 28, 39, 37, 36, 40, 38, 33, 32, 31, 34, 35, 48, 47, 49, 50, 46, 0, 45, 41, 44, 43, 42, 21, 24, 25, 23, 22, 7, 9, 8, 10, 6, 11, 12, 14, 13, 15, 17, 16, 20, 19, 18, 0]
Elapsed time: 21.113231658935547

i:0	78612.25186928292
i:50	58544.684119106765
i:100	55339.30203342144
i:150	55339.30203342144
i:200	55339.30203342144
i:250	55339.30203342144
i:300	55339.30203342144
i:350	55339.30203342144
i:400	55339.30203342144
i:450	55339.30203342144
i:500	55339.30203342144
i:550	55339.30203342144
i:600	55339.30203342144
i:650	55339.30203342144
best: 55339.30203342144
routes: [0, 46, 48, 47, 49, 50, 34, 35, 33, 32, 31, 40, 38, 37, 39, 36, 28, 30, 29, 27, 26, 45, 41, 44, 43, 42, 0, 19, 18, 17, 20, 16, 15, 13, 11, 12, 14, 6, 8, 10, 9, 7, 23, 25, 22, 21, 24, 5, 1, 4, 3, 2, 0]
Elapsed time: 35.26008725166321

i:0	77097.52578969976
i:50	56863.14605905939
i:100	56438.39514356859
i:150	56438.39514356859
i:200	56438.39514356859
i:250	56438.39514356859
i:300	56438.39514356859
i:350	56438.39514356859
i:400	56438.39514356859
i:450	56438.39514356859
i:500	56438.39514356859
i:550	56438.39514356859
i:600	56438.39514356859
i:650	56438.39514356859
best: 56438.39514356859
routes: [0, 39, 40, 38, 37, 36, 28, 30, 29, 27, 26, 45, 41, 44, 43, 42, 21, 24, 25, 23, 22, 5, 1, 4, 3, 2, 0, 46, 48, 47, 49, 50, 34, 35, 33, 31, 32, 19, 18, 17, 20, 16, 15, 13, 11, 12, 14, 8, 7, 9, 10, 6, 0]
Elapsed time: 29.79422879219055

i:0	76097.22002452778
i:50	55396.32776029689
i:100	55396.32776029689
i:150	55396.32776029689
i:200	55396.32776029689
i:250	54834.342589851905
i:300	54834.342589851905
i:350	54834.342589851905
i:400	54834.342589851905
i:450	54834.342589851905
i:500	54834.342589851905
i:550	54834.342589851905
i:600	54834.342589851905
i:650	54834.342589851905
best: 54834.342589851905
routes: [0, 19, 18, 17, 20, 16, 15, 13, 11, 12, 14, 6, 8, 10, 9, 7, 23, 25, 22, 24, 21, 43, 42, 45, 41, 44, 3, 4, 5, 1, 2, 0, 46, 48, 47, 49, 50, 34, 35, 33, 32, 31, 40, 38, 37, 39, 36, 28, 30, 29, 27, 26, 0]
Elapsed time: 33.42796039581299

i:0	86389.39625356774
i:50	58627.246363395636
i:100	58627.246363395636
i:150	58627.246363395636
i:200	58627.246363395636
i:250	58147.974651735276
i:300	58147.974651735276
i:350	58147.974651735276
i:400	58147.974651735276
i:450	58147.974651735276
i:500	58147.974651735276
i:550	58147.974651735276
i:600	58147.974651735276
i:650	58147.974651735276
best: 58147.974651735276
routes: [0, 45, 41, 44, 43, 42, 21, 24, 25, 23, 22, 8, 10, 7, 9, 6, 14, 13, 11, 12, 15, 17, 16, 20, 19, 18, 0, 48, 50, 47, 49, 46, 34, 35, 33, 32, 31, 39, 40, 38, 37, 36, 28, 30, 29, 27, 26, 5, 1, 4, 3, 2, 0]
Elapsed time: 51.89153790473938

i:0	85242.11663859164
i:50	54481.181572381785
i:100	54481.181572381785
i:150	54481.181572381785
i:200	54481.181572381785
i:250	54481.181572381785
i:300	54481.181572381785
i:350	54481.181572381785
i:400	54481.181572381785
i:450	54481.181572381785
i:500	54481.181572381785
i:550	54481.181572381785
i:600	54481.181572381785
i:650	54481.181572381785
best: 54481.181572381785
routes: [0, 45, 41, 44, 43, 42, 27, 26, 30, 29, 28, 39, 40, 38, 37, 36, 33, 32, 31, 34, 35, 48, 47, 49, 50, 46, 0, 19, 18, 17, 20, 16, 15, 13, 11, 12, 14, 6, 8, 10, 9, 7, 23, 25, 22, 21, 24, 5, 1, 4, 3, 2, 0]
Elapsed time: 26.14958882331848

i:0	83830.81623896645
i:50	55832.890982642944
i:100	55512.425569564686
i:150	55512.425569564686
i:200	55512.425569564686
i:250	55512.425569564686
i:300	55512.425569564686
i:350	55512.425569564686
i:400	55512.425569564686
i:450	55512.425569564686
i:500	55512.425569564686
i:550	55512.425569564686
i:600	55512.425569564686
i:650	55512.425569564686
best: 55512.425569564686
routes: [0, 19, 18, 20, 17, 16, 15, 13, 11, 12, 14, 6, 10, 9, 8, 7, 23, 25, 22, 21, 24, 4, 3, 5, 2, 1, 0, 45, 41, 44, 43, 42, 27, 26, 30, 29, 28, 39, 37, 36, 40, 38, 33, 32, 31, 34, 35, 48, 47, 49, 50, 46, 0]
Elapsed time: 28.91703200340271

i:0	83394.78773403369
i:50	58623.33171278356
i:100	58623.33171278356
i:150	58623.33171278356
i:200	58623.33171278356
i:250	58623.33171278356
i:300	58623.33171278356
i:350	58623.33171278356
i:400	58623.33171278356
i:450	58623.33171278356
i:500	58623.33171278356
i:550	58623.33171278356
i:600	58623.33171278356
i:650	58623.33171278356
best: 58623.33171278356
routes: [0, 45, 41, 44, 43, 42, 21, 24, 25, 23, 22, 7, 9, 8, 10, 6, 11, 12, 14, 13, 15, 17, 16, 20, 19, 18, 0, 27, 29, 30, 26, 28, 39, 37, 36, 38, 40, 33, 32, 31, 34, 35, 48, 47, 49, 50, 46, 3, 2, 4, 5, 1, 0]
Elapsed time: 21.84483766555786

i:0	81092.12524327224
i:50	54995.31114645394
i:100	54995.31114645394
i:150	54995.31114645394
i:200	54995.31114645394
i:250	54995.31114645394
i:300	54995.31114645394
i:350	54995.31114645394
i:400	54995.31114645394
i:450	54995.31114645394
i:500	54995.31114645394
i:550	54995.31114645394
i:600	54995.31114645394
i:650	54995.31114645394
best: 54995.31114645394
routes: [0, 46, 48, 47, 49, 50, 34, 35, 33, 32, 31, 40, 38, 37, 39, 36, 28, 30, 29, 27, 26, 3, 4, 5, 1, 2, 0, 45, 41, 44, 43, 42, 21, 24, 25, 23, 22, 7, 9, 8, 10, 6, 14, 13, 11, 12, 15, 17, 16, 20, 19, 18, 0]
Elapsed time: 22.370171070098877

i:0	81337.62824761344
i:50	54481.181572381785
i:100	54481.181572381785
i:150	54481.181572381785
i:200	54481.181572381785
i:250	54481.181572381785
i:300	54481.181572381785
i:350	54481.181572381785
i:400	54481.181572381785
i:450	54481.181572381785
i:500	54481.181572381785
i:550	54481.181572381785
i:600	54481.181572381785
i:650	54481.181572381785
best: 54481.181572381785
routes: [0, 45, 41, 44, 43, 42, 27, 26, 30, 29, 28, 39, 40, 38, 37, 36, 33, 32, 31, 34, 35, 48, 47, 49, 50, 46, 0, 19, 18, 17, 20, 16, 15, 13, 11, 12, 14, 6, 8, 10, 9, 7, 23, 25, 22, 21, 24, 5, 1, 4, 3, 2, 0]
Elapsed time: 22.903799772262573

i:0	83291.7358805095
i:50	54765.546386148155
i:100	54765.546386148155
i:150	54765.546386148155
i:200	54765.546386148155
i:250	54765.546386148155
i:300	54765.546386148155
i:350	54765.546386148155
i:400	54765.546386148155
i:450	54765.546386148155
i:500	54765.546386148155
i:550	54765.546386148155
i:600	54765.546386148155
i:650	54765.546386148155
best: 54765.546386148155
routes: [0, 46, 48, 47, 49, 50, 34, 35, 33, 32, 31, 40, 38, 37, 39, 36, 28, 30, 29, 27, 26, 0, 19, 18, 17, 20, 16, 15, 13, 11, 12, 14, 6, 8, 10, 9, 7, 23, 25, 22, 24, 21, 43, 42, 45, 41, 44, 4, 3, 2, 5, 1, 0]
Elapsed time: 27.88669466972351

i:0	79630.67969337771
i:50	57537.752129195025
i:100	57537.752129195025
i:150	57537.752129195025
i:200	57537.752129195025
i:250	57537.752129195025
i:300	57537.752129195025
i:350	57537.752129195025
i:400	57537.752129195025
i:450	57537.752129195025
i:500	57537.752129195025
i:550	57537.752129195025
i:600	57537.752129195025
i:650	57537.752129195025
best: 57537.752129195025
routes: [0, 45, 41, 44, 43, 42, 21, 24, 25, 23, 22, 7, 9, 8, 10, 6, 11, 12, 14, 13, 15, 17, 16, 20, 19, 18, 0, 33, 31, 32, 34, 35, 47, 49, 48, 50, 46, 39, 40, 38, 37, 36, 28, 30, 29, 27, 26, 3, 4, 5, 1, 2, 0]
Elapsed time: 28.614099264144897

i:0	74944.94555906257
i:50	56779.55886140921
i:100	56779.55886140921
i:150	56779.55886140921
i:200	56779.55886140921
i:250	56779.55886140921
i:300	56779.55886140921
i:350	56779.55886140921
i:400	56779.55886140921
i:450	56779.55886140921
i:500	56779.55886140921
i:550	56779.55886140921
i:600	56779.55886140921
i:650	56779.55886140921
best: 56779.55886140921
routes: [0, 46, 48, 47, 49, 50, 34, 35, 33, 31, 32, 19, 18, 17, 20, 16, 15, 13, 11, 12, 14, 8, 7, 9, 10, 6, 0, 23, 22, 21, 24, 25, 45, 43, 42, 41, 44, 39, 40, 38, 37, 36, 28, 30, 29, 27, 26, 3, 4, 5, 1, 2, 0]
Elapsed time: 27.29791283607483

i:0	77550.48147329438
i:50	56900.32103844483
i:100	56561.48113645789
i:150	56561.48113645789
i:200	56561.48113645789
i:250	56561.48113645789
i:300	56561.48113645789
i:350	56561.48113645789
i:400	56561.48113645789
i:450	56561.48113645789
i:500	56561.48113645789
i:550	56561.48113645789
i:600	56561.48113645789
i:650	56561.48113645789
best: 56561.48113645789
routes: [0, 5, 1, 2, 4, 3, 39, 40, 38, 37, 36, 28, 30, 29, 27, 26, 45, 41, 44, 43, 42, 21, 24, 25, 23, 22, 7, 9, 8, 10, 6, 0, 11, 12, 14, 13, 15, 16, 20, 17, 19, 18, 34, 35, 33, 32, 31, 48, 47, 49, 50, 46, 0]
Elapsed time: 21.76520800590515

i:0	80369.49386725145
i:50	54481.181572381785
i:100	54481.181572381785
i:150	54481.181572381785
i:200	54481.181572381785
i:250	54481.181572381785
i:300	54481.181572381785
i:350	54481.181572381785
i:400	54481.181572381785
i:450	54481.181572381785
i:500	54481.181572381785
i:550	54481.181572381785
i:600	54481.181572381785
i:650	54481.181572381785
best: 54481.181572381785
routes: [0, 45, 41, 44, 43, 42, 27, 26, 30, 29, 28, 39, 40, 38, 37, 36, 33, 32, 31, 34, 35, 48, 47, 49, 50, 46, 0, 19, 18, 17, 20, 16, 15, 13, 11, 12, 14, 6, 8, 10, 9, 7, 23, 25, 22, 21, 24, 5, 1, 4, 3, 2, 0]
Elapsed time: 21.350847482681274

i:0	82920.83707056177
i:50	54740.14317574576
i:100	54740.14317574576
i:150	54740.14317574576
i:200	54740.14317574576
i:250	54740.14317574576
i:300	54740.14317574576
i:350	54740.14317574576
i:400	54740.14317574576
i:450	54740.14317574576
i:500	54740.14317574576
i:550	54740.14317574576
i:600	54740.14317574576
i:650	54740.14317574576
best: 54740.14317574576
routes: [0, 45, 41, 44, 43, 42, 27, 26, 30, 29, 28, 39, 40, 38, 37, 36, 33, 32, 31, 34, 35, 48, 47, 49, 50, 46, 0, 19, 18, 17, 20, 16, 15, 13, 11, 12, 14, 6, 10, 9, 8, 7, 23, 25, 22, 21, 24, 5, 1, 4, 3, 2, 0]
Elapsed time: 23.951642990112305

i:0	77968.42915853698
i:50	58561.756806158475
i:100	58561.756806158475
i:150	58561.756806158475
i:200	58561.756806158475
i:250	58561.756806158475
i:300	58561.756806158475
i:350	58561.756806158475
i:400	58561.756806158475
i:450	58561.756806158475
i:500	58561.756806158475
i:550	58561.756806158475
i:600	58561.756806158475
i:650	58561.756806158475
best: 58561.756806158475
routes: [0, 46, 48, 47, 49, 50, 34, 31, 32, 35, 33, 40, 39, 38, 37, 36, 28, 30, 29, 27, 26, 0, 45, 41, 44, 43, 42, 21, 24, 25, 23, 22, 7, 9, 8, 10, 6, 11, 12, 14, 13, 15, 17, 16, 20, 19, 18, 5, 1, 4, 3, 2, 0]
Elapsed time: 22.188140392303467

i:0	85298.67337724793
i:50	56694.07986271651
i:100	55929.513141469244
i:150	55929.513141469244
i:200	55929.513141469244
i:250	55929.513141469244
i:300	55929.513141469244
i:350	55929.513141469244
i:400	55929.513141469244
i:450	55929.513141469244
i:500	55929.513141469244
i:550	55929.513141469244
i:600	55929.513141469244
i:650	55929.513141469244
best: 55929.513141469244
routes: [0, 45, 41, 44, 43, 42, 21, 24, 25, 23, 22, 6, 8, 7, 9, 10, 12, 11, 14, 13, 15, 17, 16, 20, 19, 18, 0, 46, 50, 47, 49, 48, 34, 35, 33, 32, 31, 40, 38, 37, 39, 36, 28, 30, 29, 27, 26, 3, 4, 5, 1, 2, 0]
Elapsed time: 30.89643669128418

mean: 55853.71223280963
std: 1396.7531150900095
mean-time: 27.29478828907013
std-time: 7.045633023143134