i:0	83061.67067906761
i:50	68192.54124202678
i:100	68192.54124202678
i:150	68192.54124202678
i:200	68192.54124202678
i:250	68192.54124202678
i:300	68192.54124202678
i:350	68192.54124202678
i:400	68192.54124202678
i:450	68192.54124202678
i:500	68192.54124202678
i:550	68192.54124202678
i:600	68192.54124202678
i:650	68192.54124202678
best: 68192.54124202678
routes: [0, 19, 18, 17, 16, 20, 33, 31, 32, 34, 35, 48, 47, 49, 50, 46, 0, 45, 43, 41, 42, 44, 39, 40, 38, 37, 36, 29, 30, 28, 27, 26, 3, 4, 5, 1, 2, 0, 13, 15, 11, 12, 14, 6, 8, 10, 7, 9, 23, 25, 21, 22, 24, 0]
Elapsed time: 22.030051946640015

i:0	291213.5731603769
i:50	66653.11421010834
i:100	66653.11421010834
i:150	66653.11421010834
i:200	66653.11421010834
i:250	66653.11421010834
i:300	66653.11421010834
i:350	66653.11421010834
i:400	66653.11421010834
i:450	66653.11421010834
i:500	66653.11421010834
i:550	66653.11421010834
i:600	66653.11421010834
i:650	66653.11421010834
best: 66653.11421010834
routes: [0, 16, 20, 19, 18, 17, 15, 13, 12, 14, 11, 6, 10, 8, 7, 9, 25, 23, 24, 21, 22, 0, 3, 4, 5, 1, 2, 43, 42, 44, 45, 41, 27, 26, 30, 29, 28, 39, 40, 38, 37, 36, 0, 33, 31, 32, 34, 35, 47, 49, 48, 50, 46, 0]
Elapsed time: 17.71674942970276

i:0	294666.9231528579
i:50	64300.21950861758
i:100	64300.21950861758
i:150	64300.21950861758
i:200	64300.21950861758
i:250	64300.21950861758
i:300	64300.21950861758
i:350	64300.21950861758
i:400	64300.21950861758
i:450	64300.21950861758
i:500	64300.21950861758
i:550	64300.21950861758
i:600	64300.21950861758
i:650	64300.21950861758
best: 64300.21950861758
routes: [0, 46, 48, 47, 49, 50, 31, 32, 34, 35, 33, 40, 38, 37, 39, 36, 29, 30, 28, 27, 26, 0, 3, 4, 5, 1, 2, 45, 43, 44, 41, 42, 21, 22, 24, 25, 23, 7, 9, 8, 10, 6, 0, 19, 18, 17, 20, 16, 15, 13, 14, 11, 12, 0]
Elapsed time: 19.117777824401855

i:0	84152.07677971093
i:50	64192.09956299665
i:100	64192.09956299665
i:150	64192.09956299665
i:200	64192.09956299665
i:250	64192.09956299665
i:300	64192.09956299665
i:350	64192.09956299665
i:400	64192.09956299665
i:450	64192.09956299665
i:500	64192.09956299665
i:550	64192.09956299665
i:600	64192.09956299665
i:650	64192.09956299665
best: 64192.09956299665
routes: [0, 19, 18, 17, 20, 16, 15, 13, 14, 11, 12, 6, 10, 8, 7, 9, 25, 23, 24, 21, 22, 0, 5, 1, 2, 4, 3, 45, 43, 44, 41, 42, 39, 40, 38, 37, 36, 28, 27, 29, 30, 26, 0, 46, 48, 47, 49, 50, 34, 35, 33, 31, 32, 0]
Elapsed time: 17.74088716506958

i:0	98043.20574389979
i:50	66207.06915146422
i:100	66207.06915146422
i:150	64420.594837414
i:200	64420.594837414
i:250	64420.594837414
i:300	64420.594837414
i:350	64420.594837414
i:400	64420.594837414
i:450	64420.594837414
i:500	64420.594837414
i:550	64420.594837414
i:600	64420.594837414
i:650	64420.594837414
best: 64420.594837414
routes: [0, 6, 10, 8, 7, 9, 25, 23, 24, 21, 22, 43, 44, 45, 41, 42, 4, 3, 5, 1, 2, 0, 46, 48, 47, 49, 50, 34, 35, 33, 32, 31, 39, 40, 38, 37, 36, 28, 27, 29, 30, 26, 0, 11, 12, 14, 13, 15, 16, 20, 19, 18, 17, 0]
Elapsed time: 34.293184995651245

i:0	75113.86036928114
i:50	64366.45228204736
i:100	64366.45228204736
i:150	64366.45228204736
i:200	64366.45228204736
i:250	64366.45228204736
i:300	64366.45228204736
i:350	64366.45228204736
i:400	64366.45228204736
i:450	64366.45228204736
i:500	64366.45228204736
i:550	64366.45228204736
i:600	64366.45228204736
i:650	64366.45228204736
best: 64366.45228204736
routes: [0, 1, 2, 5, 3, 4, 44, 45, 43, 42, 41, 27, 26, 30, 29, 28, 39, 40, 38, 37, 36, 0, 19, 18, 17, 20, 16, 15, 13, 12, 14, 11, 6, 10, 8, 7, 9, 25, 23, 24, 21, 22, 0, 46, 48, 47, 49, 50, 34, 35, 33, 31, 32, 0]
Elapsed time: 23.22173023223877

i:0	83340.6749736667
i:50	63828.994617744975
i:100	63828.994617744975
i:150	63828.994617744975
i:200	63828.994617744975
i:250	63828.994617744975
i:300	63828.994617744975
i:350	63828.994617744975
i:400	63828.994617744975
i:450	63828.994617744975
i:500	63828.994617744975
i:550	63828.994617744975
i:600	63828.994617744975
i:650	63828.994617744975
best: 63828.994617744975
routes: [0, 1, 2, 5, 3, 4, 43, 44, 45, 41, 42, 24, 21, 22, 25, 23, 7, 9, 8, 10, 6, 0, 27, 26, 28, 30, 29, 36, 38, 37, 39, 40, 33, 31, 32, 34, 35, 48, 47, 49, 50, 46, 0, 19, 18, 17, 20, 16, 15, 13, 14, 11, 12, 0]
Elapsed time: 21.346896171569824

i:0	84306.25278906099
i:50	64554.47075853431
i:100	64532.62610849585
i:150	64532.62610849585
i:200	64532.62610849585
i:250	64532.62610849585
i:300	64532.62610849585
i:350	64532.62610849585
i:400	64532.62610849585
i:450	64532.62610849585
i:500	64532.62610849585
i:550	64532.62610849585
i:600	64532.62610849585
i:650	64532.62610849585
best: 64532.62610849585
routes: [0, 6, 8, 7, 10, 9, 25, 23, 22, 24, 21, 43, 45, 41, 42, 44, 4, 3, 2, 5, 1, 0, 27, 29, 30, 26, 28, 39, 40, 38, 37, 36, 33, 31, 32, 34, 35, 50, 49, 48, 47, 46, 0, 19, 18, 17, 20, 16, 15, 13, 14, 11, 12, 0]
Elapsed time: 21.692307949066162

i:0	292605.9243427182
i:50	63587.95568071971
i:100	63587.95568071971
i:150	63587.95568071971
i:200	63587.95568071971
i:250	63587.95568071971
i:300	63587.95568071971
i:350	63587.95568071971
i:400	63587.95568071971
i:450	63587.95568071971
i:500	63587.95568071971
i:550	63587.95568071971
i:600	63587.95568071971
i:650	63587.95568071971
best: 63587.95568071971
routes: [0, 46, 48, 47, 49, 50, 34, 35, 33, 32, 31, 40, 38, 37, 39, 36, 28, 27, 29, 30, 26, 0, 6, 8, 7, 10, 9, 25, 23, 22, 24, 21, 43, 45, 41, 42, 44, 3, 5, 1, 2, 4, 0, 19, 18, 17, 20, 16, 15, 13, 12, 14, 11, 0]
Elapsed time: 17.286672115325928

i:0	88979.02635840188
i:50	65159.51564513359
i:100	64811.37066665225
i:150	64811.37066665225
i:200	64811.37066665225
i:250	64811.37066665225
i:300	64811.37066665225
i:350	64811.37066665225
i:400	64811.37066665225
i:450	64811.37066665225
i:500	64811.37066665225
i:550	64811.37066665225
i:600	64811.37066665225
i:650	64811.37066665225
best: 64811.37066665225
routes: [0, 5, 1, 2, 4, 3, 45, 43, 41, 42, 44, 24, 21, 22, 25, 23, 7, 9, 8, 10, 6, 0, 27, 29, 30, 26, 28, 39, 40, 38, 37, 36, 33, 31, 32, 34, 35, 50, 49, 48, 47, 46, 0, 19, 18, 17, 20, 16, 15, 13, 11, 12, 14, 0]
Elapsed time: 28.148512840270996

i:0	288841.36552350264
i:50	62885.75346546217
i:100	62885.75346546217
i:150	62885.75346546217
i:200	62885.75346546217
i:250	62885.75346546217
i:300	62885.75346546217
i:350	62885.75346546217
i:400	62885.75346546217
i:450	62885.75346546217
i:500	62885.75346546217
i:550	62885.75346546217
i:600	62885.75346546217
i:650	62885.75346546217
best: 62885.75346546217
routes: [0, 46, 48, 47, 49, 50, 34, 35, 33, 32, 31, 40, 38, 37, 39, 36, 28, 27, 29, 30, 26, 0, 1, 2, 5, 3, 4, 44, 43, 45, 41, 42, 25, 23, 24, 21, 22, 7, 9, 8, 10, 6, 0, 19, 18, 17, 20, 16, 15, 13, 14, 11, 12, 0]
Elapsed time: 19.64773178100586

i:0	87226.25113210095
i:50	66010.622815021
i:100	66010.622815021
i:150	66010.622815021
i:200	66010.622815021
i:250	66010.622815021
i:300	66010.622815021
i:350	66010.622815021
i:400	66010.622815021
i:450	66010.622815021
i:500	66010.622815021
i:550	66010.622815021
i:600	66010.622815021
i:650	66010.622815021
best: 66010.622815021
routes: [0, 3, 4, 5, 1, 2, 45, 43, 44, 41, 42, 21, 22, 24, 25, 23, 7, 9, 8, 10, 6, 0, 46, 48, 47, 49, 50, 35, 33, 31, 32, 34, 19, 18, 17, 20, 16, 15, 13, 14, 11, 12, 0, 39, 40, 38, 37, 36, 28, 27, 30, 29, 26, 0]
Elapsed time: 33.87932109832764

i:0	91853.45168009147
i:50	65246.16648600102
i:100	64955.71630332766
i:150	64955.71630332766
i:200	64955.71630332766
i:250	64955.71630332766
i:300	64955.71630332766
i:350	64955.71630332766
i:400	64955.71630332766
i:450	64955.71630332766
i:500	64955.71630332766
i:550	64955.71630332766
i:600	64955.71630332766
i:650	64955.71630332766
best: 64955.71630332766
routes: [0, 5, 1, 2, 4, 3, 43, 42, 44, 45, 41, 27, 29, 30, 26, 28, 39, 40, 38, 37, 36, 0, 19, 18, 17, 20, 16, 15, 13, 12, 14, 11, 6, 10, 8, 7, 9, 25, 23, 24, 21, 22, 0, 34, 33, 31, 32, 35, 50, 48, 47, 49, 46, 0]
Elapsed time: 23.224989414215088

i:0	91732.38377339712
i:50	64498.916521023
i:100	64498.916521023
i:150	64498.916521023
i:200	64498.916521023
i:250	64498.916521023
i:300	64498.916521023
i:350	64498.916521023
i:400	64498.916521023
i:450	64498.916521023
i:500	64498.916521023
i:550	64498.916521023
i:600	64498.916521023
i:650	64498.916521023
best: 64498.916521023
routes: [0, 46, 48, 47, 49, 50, 34, 35, 33, 31, 32, 27, 29, 30, 26, 28, 39, 40, 38, 37, 36, 0, 3, 5, 1, 2, 4, 45, 43, 44, 41, 42, 25, 23, 24, 21, 22, 7, 9, 8, 10, 6, 0, 19, 18, 17, 20, 16, 15, 13, 11, 12, 14, 0]
Elapsed time: 20.18406581878662

i:0	83279.97337065163
i:50	64528.09677719073
i:100	64528.09677719073
i:150	64528.09677719073
i:200	64528.09677719073
i:250	64528.09677719073
i:300	64528.09677719073
i:350	64528.09677719073
i:400	64528.09677719073
i:450	64528.09677719073
i:500	64528.09677719073
i:550	64528.09677719073
i:600	64528.09677719073
i:650	64528.09677719073
best: 64528.09677719073
routes: [0, 3, 4, 5, 1, 2, 45, 43, 44, 41, 42, 25, 23, 24, 21, 22, 7, 9, 8, 10, 6, 0, 27, 26, 28, 30, 29, 36, 38, 37, 39, 40, 33, 31, 32, 34, 35, 48, 47, 49, 50, 46, 0, 19, 18, 17, 20, 16, 15, 13, 14, 11, 12, 0]
Elapsed time: 20.59786605834961

i:0	85715.31479007806
i:50	65702.84077569343
i:100	65702.84077569343
i:150	65702.84077569343
i:200	65702.84077569343
i:250	65702.84077569343
i:300	65702.84077569343
i:350	65702.84077569343
i:400	65702.84077569343
i:450	65702.84077569343
i:500	65702.84077569343
i:550	65702.84077569343
i:600	65702.84077569343
i:650	65702.84077569343
best: 65702.84077569343
routes: [0, 3, 4, 1, 2, 5, 23, 24, 21, 22, 25, 7, 9, 8, 10, 6, 14, 15, 13, 11, 12, 0, 17, 16, 20, 19, 18, 34, 35, 33, 32, 31, 49, 50, 48, 47, 46, 0, 45, 43, 42, 44, 41, 39, 40, 38, 37, 36, 29, 30, 28, 27, 26, 0]
Elapsed time: 20.88045644760132

i:0	87969.62391903388
i:50	64668.34648592172
i:100	64668.34648592172
i:150	64668.34648592172
i:200	64668.34648592172
i:250	64668.34648592172
i:300	64668.34648592172
i:350	64668.34648592172
i:400	64668.34648592172
i:450	64668.34648592172
i:500	64668.34648592172
i:550	64668.34648592172
i:600	64668.34648592172
i:650	64668.34648592172
best: 64668.34648592172
routes: [0, 46, 48, 47, 49, 50, 34, 35, 33, 32, 31, 40, 38, 37, 39, 36, 28, 27, 29, 30, 26, 0, 3, 4, 5, 1, 2, 45, 43, 41, 42, 44, 25, 23, 24, 21, 22, 8, 7, 9, 10, 6, 0, 19, 18, 17, 20, 16, 15, 13, 14, 11, 12, 0]
Elapsed time: 16.65946078300476

i:0	90831.80316916041
i:50	67147.66952230557
i:100	67147.66952230557
i:150	67147.66952230557
i:200	67147.66952230557
i:250	67147.66952230557
i:300	67147.66952230557
i:350	67147.66952230557
i:400	67147.66952230557
i:450	67147.66952230557
i:500	67147.66952230557
i:550	67147.66952230557
i:600	67147.66952230557
i:650	67147.66952230557
best: 67147.66952230557
routes: [0, 3, 4, 5, 1, 2, 45, 43, 44, 41, 42, 39, 40, 38, 37, 36, 28, 27, 29, 30, 26, 0, 17, 16, 20, 19, 18, 15, 13, 14, 11, 12, 10, 6, 8, 7, 9, 25, 23, 24, 21, 22, 0, 33, 32, 34, 35, 31, 50, 49, 48, 47, 46, 0]
Elapsed time: 16.272089958190918

i:0	81497.17566391957
i:50	66279.04888129441
i:100	66279.04888129441
i:150	66279.04888129441
i:200	66279.04888129441
i:250	66279.04888129441
i:300	66279.04888129441
i:350	66279.04888129441
i:400	66279.04888129441
i:450	66279.04888129441
i:500	66279.04888129441
i:550	66279.04888129441
i:600	66279.04888129441
i:650	66279.04888129441
best: 66279.04888129441
routes: [0, 19, 18, 17, 20, 16, 15, 13, 12, 14, 11, 6, 10, 8, 7, 9, 25, 23, 24, 21, 22, 0, 3, 4, 5, 1, 2, 45, 43, 41, 42, 44, 27, 29, 30, 26, 28, 39, 40, 38, 37, 36, 0, 33, 32, 34, 35, 31, 48, 47, 49, 50, 46, 0]
Elapsed time: 22.248785972595215

i:0	93301.68288247785
i:50	64273.33283219117
i:100	64273.33283219117
i:150	64273.33283219117
i:200	64273.33283219117
i:250	64273.33283219117
i:300	64273.33283219117
i:350	64273.33283219117
i:400	64273.33283219117
i:450	64273.33283219117
i:500	64273.33283219117
i:550	64273.33283219117
i:600	64273.33283219117
i:650	64273.33283219117
best: 64273.33283219117
routes: [0, 3, 4, 5, 1, 2, 45, 43, 41, 42, 44, 24, 21, 22, 25, 23, 7, 9, 8, 10, 6, 0, 46, 48, 47, 49, 50, 34, 35, 33, 32, 31, 40, 38, 37, 39, 36, 28, 27, 29, 30, 26, 0, 19, 18, 17, 20, 16, 15, 13, 14, 11, 12, 0]
Elapsed time: 17.935375213623047

mean: 64991.81565481271
std: 1260.357242754499
mean-time: 21.70624566078186
std-time: 4.9437175017172414