i:0	66346.01385689339
i:50	50296.276899145785
i:100	47570.34156818702
i:150	47320.03042503672
i:200	47320.03042503672
i:250	47320.03042503672
i:300	47320.03042503672
i:350	47320.03042503672
i:400	47320.03042503672
i:450	47320.03042503672
i:500	47320.03042503672
i:550	47320.03042503672
i:600	47320.03042503672
i:650	47320.03042503672
best: 47320.03042503672
routes: [0, 41, 42, 43, 44, 45, 46, 47, 48, 49, 50, 11, 19, 20, 15, 16, 17, 18, 14, 13, 12, 0, 21, 22, 23, 26, 24, 25, 27, 29, 30, 28, 36, 34, 31, 32, 33, 35, 38, 37, 39, 40, 0, 1, 2, 3, 5, 4, 7, 9, 10, 8, 6, 0]
Elapsed time: 63.976717948913574

i:0	66141.3905771051
i:50	51718.649278611134
i:100	50020.47886945309
i:150	49434.521447201965
i:200	49394.020497013415
i:250	49394.020497013415
i:300	49394.020497013415
i:350	49394.020497013415
i:400	49394.020497013415
i:450	49394.020497013415
i:500	49394.020497013415
i:550	49394.020497013415
i:600	49394.020497013415
i:650	49394.020497013415
best: 49394.020497013415
routes: [0, 41, 42, 43, 44, 45, 46, 47, 48, 49, 50, 11, 19, 20, 15, 16, 17, 18, 14, 13, 12, 0, 36, 31, 32, 33, 35, 38, 34, 37, 39, 40, 28, 30, 29, 27, 24, 25, 26, 23, 21, 22, 0, 1, 2, 3, 5, 4, 7, 9, 10, 8, 6, 0]
Elapsed time: 65.84667181968689

i:0	73980.35813255188
i:50	49359.82684326838
i:100	47805.75242276526
i:150	47549.93659613144
i:200	47549.93659613144
i:250	47549.93659613144
i:300	47549.93659613144
i:350	47549.93659613144
i:400	47549.93659613144
i:450	47549.93659613144
i:500	47549.93659613144
i:550	47549.93659613144
i:600	47549.93659613144
i:650	47549.93659613144
best: 47549.93659613144
routes: [0, 21, 22, 23, 26, 24, 25, 27, 29, 30, 28, 36, 37, 34, 31, 32, 33, 35, 38, 39, 40, 0, 41, 42, 43, 44, 45, 46, 47, 48, 49, 50, 11, 19, 20, 15, 16, 17, 18, 14, 13, 12, 0, 1, 2, 3, 5, 4, 7, 9, 10, 8, 6, 0]
Elapsed time: 68.34393620491028

i:0	69181.18580674568
i:50	51359.906133012366
i:100	50220.73057759394
i:150	49323.122736637386
i:200	49054.62157646667
i:250	49054.62157646667
i:300	49054.62157646667
i:350	49054.62157646667
i:400	49054.62157646667
i:450	49054.62157646667
i:500	49054.62157646667
i:550	49054.62157646667
i:600	49054.62157646667
i:650	49054.62157646667
best: 49054.62157646667
routes: [0, 36, 34, 31, 32, 33, 35, 38, 37, 39, 40, 28, 30, 29, 27, 24, 25, 26, 23, 21, 22, 0, 41, 42, 43, 44, 45, 46, 47, 48, 49, 50, 11, 19, 18, 20, 15, 16, 17, 12, 13, 14, 0, 1, 2, 3, 5, 4, 7, 9, 10, 8, 6, 0]
Elapsed time: 67.30708813667297

i:0	73681.41616837971
i:50	50157.10266764488
i:100	48445.288073165146
i:150	47830.58893720462
i:200	47830.58893720462
i:250	47830.58893720462
i:300	47830.58893720462
i:350	47830.58893720462
i:400	47830.58893720462
i:450	47830.58893720462
i:500	47830.58893720462
i:550	47830.58893720462
i:600	47830.58893720462
i:650	47830.58893720462
best: 47830.58893720462
routes: [0, 21, 22, 23, 26, 24, 25, 27, 29, 30, 28, 36, 37, 34, 31, 32, 33, 35, 38, 39, 40, 0, 41, 42, 43, 44, 45, 46, 47, 48, 49, 50, 11, 13, 14, 18, 19, 20, 15, 16, 17, 12, 0, 1, 2, 3, 5, 4, 7, 9, 10, 8, 6, 0]
Elapsed time: 67.45714592933655

i:0	63693.6185262986
i:50	51293.47021508335
i:100	49980.52668438632
i:150	49638.24817993742
i:200	49638.24817993742
i:250	49638.24817993742
i:300	49638.24817993742
i:350	49638.24817993742
i:400	49638.24817993742
i:450	49638.24817993742
i:500	49638.24817993742
i:550	49638.24817993742
i:600	49638.24817993742
i:650	49638.24817993742
best: 49638.24817993742
routes: [0, 41, 42, 43, 44, 45, 46, 47, 48, 49, 50, 11, 13, 12, 17, 15, 16, 20, 19, 18, 14, 0, 36, 37, 34, 31, 32, 33, 35, 38, 40, 39, 28, 30, 29, 27, 24, 25, 26, 23, 21, 22, 0, 1, 2, 3, 5, 4, 7, 9, 10, 8, 6, 0]
Elapsed time: 65.93619322776794

i:0	68934.0263235041
i:50	53238.58988869015
i:100	50878.69327977761
i:150	50215.00206720818
i:200	50180.65811745931
i:250	50094.0722641563
i:300	50094.0722641563
i:350	50094.0722641563
i:400	50094.0722641563
i:450	50094.0722641563
i:500	50094.0722641563
i:550	50094.0722641563
i:600	50094.0722641563
i:650	50094.0722641563
best: 50094.0722641563
routes: [0, 36, 37, 34, 31, 32, 33, 35, 38, 40, 39, 28, 30, 29, 27, 24, 25, 26, 23, 21, 22, 0, 13, 14, 19, 20, 15, 16, 17, 18, 12, 11, 50, 49, 47, 48, 46, 45, 44, 43, 41, 42, 0, 1, 2, 3, 5, 4, 7, 9, 10, 8, 6, 0]
Elapsed time: 63.92482137680054

i:0	74927.42914702125
i:50	51795.072343370644
i:100	50799.90865531612
i:150	49487.772775019344
i:200	48958.41533602654
i:250	48958.41533602654
i:300	48958.41533602654
i:350	48958.41533602654
i:400	48958.41533602654
i:450	48958.41533602654
i:500	48958.41533602654
i:550	48958.41533602654
i:600	48958.41533602654
i:650	48958.41533602654
best: 48958.41533602654
routes: [0, 41, 42, 43, 44, 45, 46, 47, 48, 49, 50, 11, 19, 20, 15, 16, 17, 18, 14, 13, 12, 0, 36, 34, 31, 32, 33, 35, 38, 37, 39, 40, 28, 30, 29, 27, 24, 25, 26, 23, 21, 22, 0, 1, 2, 3, 5, 4, 7, 9, 10, 8, 6, 0]
Elapsed time: 66.75076293945312

i:0	65296.66219336692
i:50	51583.57668564427
i:100	50071.03346677875
i:150	48958.41533602654
i:200	48958.41533602654
i:250	48958.41533602654
i:300	48958.41533602654
i:350	48958.41533602654
i:400	48958.41533602654
i:450	48958.41533602654
i:500	48958.41533602654
i:550	48958.41533602654
i:600	48958.41533602654
i:650	48958.41533602654
best: 48958.41533602654
routes: [0, 41, 42, 43, 44, 45, 46, 47, 48, 49, 50, 11, 19, 20, 15, 16, 17, 18, 14, 13, 12, 0, 36, 34, 31, 32, 33, 35, 38, 37, 39, 40, 28, 30, 29, 27, 24, 25, 26, 23, 21, 22, 0, 1, 2, 3, 5, 4, 7, 9, 10, 8, 6, 0]
Elapsed time: 63.32380676269531

i:0	72827.6844637625
i:50	48653.56888596871
i:100	47977.46984315289
i:150	47591.67418890788
i:200	47416.23666547685
i:250	47416.23666547685
i:300	47416.23666547685
i:350	47416.23666547685
i:400	47416.23666547685
i:450	47416.23666547685
i:500	47416.23666547685
i:550	47416.23666547685
i:600	47416.23666547685
i:650	47416.23666547685
best: 47416.23666547685
routes: [0, 41, 42, 43, 44, 45, 46, 47, 48, 49, 50, 11, 19, 18, 20, 15, 16, 17, 12, 13, 14, 0, 21, 22, 23, 26, 24, 25, 27, 29, 30, 28, 36, 34, 31, 32, 33, 35, 38, 37, 39, 40, 0, 1, 2, 3, 5, 4, 7, 9, 10, 8, 6, 0]
Elapsed time: 66.16380047798157

i:0	64289.247737626676
i:50	49768.077856063916
i:100	48582.06526927604
i:150	48582.06526927604
i:200	48582.06526927604
i:250	48582.06526927604
i:300	48582.06526927604
i:350	48582.06526927604
i:400	48582.06526927604
i:450	48582.06526927604
i:500	48582.06526927604
i:550	48582.06526927604
i:600	48582.06526927604
i:650	48582.06526927604
best: 48582.06526927604
routes: [0, 13, 12, 17, 15, 16, 20, 19, 18, 14, 11, 50, 49, 47, 48, 46, 45, 44, 43, 41, 42, 0, 21, 22, 23, 26, 24, 25, 27, 29, 30, 28, 39, 40, 36, 37, 34, 31, 32, 33, 35, 38, 0, 1, 2, 3, 5, 4, 7, 9, 10, 8, 6, 0]
Elapsed time: 58.84434962272644

i:0	74503.23370205807
i:50	51644.82101195227
i:100	49816.089097858596
i:150	49576.97012334234
i:200	49239.067677099716
i:250	49239.067677099716
i:300	49239.067677099716
i:350	49239.067677099716
i:400	49239.067677099716
i:450	49239.067677099716
i:500	49239.067677099716
i:550	49239.067677099716
i:600	49239.067677099716
i:650	49239.067677099716
best: 49239.067677099716
routes: [0, 36, 34, 31, 32, 33, 35, 38, 37, 39, 40, 28, 30, 29, 27, 24, 25, 26, 23, 21, 22, 0, 41, 42, 43, 44, 45, 46, 47, 48, 49, 50, 11, 13, 14, 18, 19, 20, 15, 16, 17, 12, 0, 1, 2, 3, 5, 4, 7, 9, 10, 8, 6, 0]
Elapsed time: 65.63729619979858

i:0	68711.42771496809
i:50	50957.78441835805
i:100	50127.97472651846
i:150	47909.82999356254
i:200	47320.03042503672
i:250	47320.03042503672
i:300	47320.03042503672
i:350	47320.03042503672
i:400	47320.03042503672
i:450	47320.03042503672
i:500	47320.03042503672
i:550	47320.03042503672
i:600	47320.03042503672
i:650	47320.03042503672
best: 47320.03042503672
routes: [0, 41, 42, 43, 44, 45, 46, 47, 48, 49, 50, 11, 19, 20, 15, 16, 17, 18, 14, 13, 12, 0, 21, 22, 23, 26, 24, 25, 27, 29, 30, 28, 36, 34, 31, 32, 33, 35, 38, 37, 39, 40, 0, 1, 2, 3, 5, 4, 7, 9, 10, 8, 6, 0]
Elapsed time: 68.16017484664917

i:0	72525.58980378494
i:50	51712.27662958719
i:100	50241.23906543975
i:150	49893.477986494174
i:200	48123.78456433768
i:250	48123.78456433768
i:300	48123.78456433768
i:350	48123.78456433768
i:400	48123.78456433768
i:450	48123.78456433768
i:500	48123.78456433768
i:550	48123.78456433768
i:600	48123.78456433768
i:650	48123.78456433768
best: 48123.78456433768
routes: [0, 13, 12, 17, 15, 16, 20, 19, 18, 14, 11, 50, 49, 47, 48, 46, 45, 44, 43, 41, 42, 0, 21, 22, 23, 26, 24, 25, 27, 29, 30, 28, 36, 34, 31, 32, 33, 35, 38, 37, 39, 40, 0, 1, 2, 3, 5, 4, 7, 9, 10, 8, 6, 0]
Elapsed time: 70.01458168029785

i:0	67336.08864368875
i:50	50511.47246904877
i:100	49886.661621330444
i:150	49695.15903575412
i:200	49695.15903575412
i:250	49695.15903575412
i:300	49695.15903575412
i:350	49695.15903575412
i:400	49695.15903575412
i:450	49695.15903575412
i:500	49695.15903575412
i:550	49695.15903575412
i:600	49695.15903575412
i:650	49695.15903575412
best: 49695.15903575412
routes: [0, 41, 42, 43, 44, 45, 46, 47, 48, 49, 50, 11, 13, 14, 18, 19, 20, 15, 16, 17, 12, 0, 39, 37, 34, 31, 32, 33, 35, 38, 40, 36, 29, 30, 28, 22, 21, 23, 26, 27, 25, 24, 0, 1, 2, 3, 5, 4, 7, 9, 10, 8, 6, 0]
Elapsed time: 66.26275110244751

i:0	69799.34014800924
i:50	50834.85934284702
i:100	50283.31706920643
i:150	50283.31706920643
i:200	49773.026205695605
i:250	49773.026205695605
i:300	49773.026205695605
i:350	49773.026205695605
i:400	49773.026205695605
i:450	49773.026205695605
i:500	49773.026205695605
i:550	49773.026205695605
i:600	49773.026205695605
i:650	49773.026205695605
best: 49773.026205695605
routes: [0, 41, 42, 43, 44, 45, 46, 47, 48, 49, 50, 11, 13, 14, 18, 19, 20, 15, 16, 17, 12, 0, 39, 40, 36, 37, 34, 31, 32, 33, 35, 38, 28, 30, 29, 27, 24, 25, 26, 23, 21, 22, 0, 1, 2, 3, 5, 4, 7, 9, 10, 8, 6, 0]
Elapsed time: 64.17032408714294

i:0	64194.959361528745
i:50	51344.96752988329
i:100	50467.05879549869
i:150	50296.12800392339
i:200	48582.06526927604
i:250	48582.06526927604
i:300	48582.06526927604
i:350	48582.06526927604
i:400	48582.06526927604
i:450	48582.06526927604
i:500	48582.06526927604
i:550	48582.06526927604
i:600	48582.06526927604
i:650	48582.06526927604
best: 48582.06526927604
routes: [0, 13, 12, 17, 15, 16, 20, 19, 18, 14, 11, 50, 49, 47, 48, 46, 45, 44, 43, 41, 42, 0, 21, 22, 23, 26, 24, 25, 27, 29, 30, 28, 39, 40, 36, 37, 34, 31, 32, 33, 35, 38, 0, 1, 2, 3, 5, 4, 7, 9, 10, 8, 6, 0]
Elapsed time: 64.75900340080261

i:0	65039.4791743345
i:50	50604.98053229302
i:100	49770.14023627754
i:150	49375.18236961974
i:200	49375.18236961974
i:250	49375.18236961974
i:300	49375.18236961974
i:350	49375.18236961974
i:400	49375.18236961974
i:450	49375.18236961974
i:500	49375.18236961974
i:550	49375.18236961974
i:600	49375.18236961974
i:650	49375.18236961974
best: 49375.18236961974
routes: [0, 41, 42, 43, 44, 45, 46, 47, 48, 49, 50, 11, 19, 20, 15, 16, 17, 18, 14, 13, 12, 0, 36, 34, 31, 32, 33, 35, 38, 37, 39, 40, 28, 30, 29, 27, 24, 25, 26, 23, 21, 22, 0, 3, 5, 8, 6, 10, 9, 7, 4, 1, 2, 0]
Elapsed time: 61.56055164337158

i:0	65604.88460143095
i:50	51440.15429034097
i:100	50602.83243817001
i:150	49998.20804348926
i:200	49998.20804348926
i:250	49998.20804348926
i:300	49998.20804348926
i:350	49998.20804348926
i:400	49998.20804348926
i:450	49998.20804348926
i:500	49998.20804348926
i:550	49998.20804348926
i:600	49998.20804348926
i:650	49998.20804348926
best: 49998.20804348926
routes: [0, 13, 12, 18, 19, 20, 16, 15, 17, 14, 11, 50, 49, 47, 48, 46, 45, 44, 43, 41, 42, 0, 36, 37, 34, 31, 32, 33, 35, 38, 40, 39, 28, 30, 29, 27, 24, 25, 26, 23, 21, 22, 0, 1, 2, 3, 5, 4, 7, 9, 10, 8, 6, 0]
Elapsed time: 59.961156368255615

i:0	67114.94698221909
i:50	50025.85553134972
i:100	49406.28710481277
i:150	48875.65565777722
i:200	48875.65565777722
i:250	48875.65565777722
i:300	48875.65565777722
i:350	48875.65565777722
i:400	48875.65565777722
i:450	48875.65565777722
i:500	48875.65565777722
i:550	48875.65565777722
i:600	48875.65565777722
i:650	48875.65565777722
best: 48875.65565777722
routes: [0, 24, 25, 27, 29, 30, 26, 22, 21, 23, 28, 39, 40, 36, 37, 34, 31, 32, 33, 35, 38, 0, 41, 42, 43, 44, 45, 46, 47, 48, 49, 50, 11, 19, 18, 20, 15, 16, 17, 12, 13, 14, 0, 1, 2, 3, 5, 4, 7, 9, 10, 8, 6, 0]
Elapsed time: 65.74404883384705

mean: 48788.941516541934
std: 891.7944641886321
mean-time: 65.20725913047791
std-time: 2.704199601345913