i:0	66288.34795176669
i:50	49349.83822676522
i:100	48470.71536867104
i:150	47915.47975010919
i:200	47043.22827567567
i:250	46799.50771957311
i:300	46799.50771957311
i:350	46799.50771957311
i:400	46799.50771957311
i:450	46799.50771957311
i:500	46799.50771957311
i:550	46799.50771957311
i:600	46799.50771957311
i:650	46799.50771957311
best: 46799.50771957311
routes: [0, 21, 22, 23, 26, 24, 25, 27, 29, 30, 28, 36, 37, 34, 31, 32, 33, 35, 38, 39, 40, 0, 3, 1, 2, 5, 8, 10, 6, 4, 7, 9, 12, 13, 14, 19, 20, 15, 16, 17, 18, 11, 50, 49, 48, 47, 46, 45, 44, 43, 41, 42, 0]
Elapsed time: 79.79645657539368

i:0	60097.55429440727
i:50	50063.37628812981
i:100	49021.24117064261
i:150	48502.47486859365
i:200	48281.066076800926
i:250	48281.066076800926
i:300	48281.066076800926
i:350	48281.066076800926
i:400	48281.066076800926
i:450	48281.066076800926
i:500	48281.066076800926
i:550	48281.066076800926
i:600	48281.066076800926
i:650	48281.066076800926
best: 48281.066076800926
routes: [0, 39, 40, 37, 38, 35, 33, 32, 31, 34, 36, 28, 30, 29, 27, 25, 26, 21, 23, 22, 24, 0, 46, 44, 42, 41, 43, 45, 47, 48, 49, 50, 11, 19, 20, 15, 16, 17, 18, 14, 13, 12, 6, 3, 5, 8, 10, 9, 7, 4, 1, 2, 0]
Elapsed time: 77.8243567943573

i:0	67390.7978265664
i:50	48765.395859816956
i:100	47392.66378834365
i:150	47113.733388892506
i:200	47113.733388892506
i:250	47113.733388892506
i:300	47113.733388892506
i:350	47113.733388892506
i:400	47113.733388892506
i:450	47113.733388892506
i:500	47113.733388892506
i:550	47113.733388892506
i:600	47113.733388892506
i:650	47113.733388892506
best: 47113.733388892506
routes: [0, 3, 1, 2, 4, 5, 7, 9, 10, 8, 6, 13, 14, 12, 17, 16, 15, 20, 19, 18, 11, 50, 49, 48, 47, 46, 45, 44, 43, 41, 42, 0, 40, 38, 35, 33, 32, 31, 34, 37, 36, 39, 28, 30, 29, 27, 26, 23, 21, 22, 25, 24, 0]
Elapsed time: 73.77840614318848

i:0	60067.441084279315
i:50	48243.35235725931
i:100	47507.17221378372
i:150	45943.15754715405
i:200	45943.15754715405
i:250	45943.15754715405
i:300	45943.15754715405
i:350	45943.15754715405
i:400	45943.15754715405
i:450	45943.15754715405
i:500	45943.15754715405
i:550	45943.15754715405
i:600	45943.15754715405
i:650	45943.15754715405
best: 45943.15754715405
routes: [0, 3, 1, 2, 4, 5, 7, 9, 10, 8, 6, 15, 16, 17, 20, 19, 18, 12, 13, 14, 11, 50, 49, 48, 47, 46, 45, 44, 43, 41, 42, 0, 21, 22, 23, 26, 24, 25, 27, 29, 30, 28, 39, 40, 37, 38, 35, 33, 32, 31, 34, 36, 0]
Elapsed time: 74.06928849220276

i:0	67826.09643963305
i:50	49913.04980851374
i:100	49032.40921703077
i:150	47524.47685295222
i:200	46595.97690016746
i:250	46585.2955600288
i:300	46585.2955600288
i:350	46585.2955600288
i:400	46585.2955600288
i:450	46585.2955600288
i:500	46585.2955600288
i:550	46585.2955600288
i:600	46585.2955600288
i:650	46585.2955600288
best: 46585.2955600288
routes: [0, 21, 22, 23, 26, 25, 24, 27, 29, 30, 28, 36, 34, 31, 32, 33, 35, 38, 37, 39, 40, 0, 3, 1, 2, 5, 6, 10, 8, 4, 7, 9, 13, 12, 17, 16, 15, 20, 19, 18, 14, 11, 50, 49, 48, 47, 46, 45, 44, 43, 41, 42, 0]
Elapsed time: 78.48589062690735

i:0	67256.80144642161
i:50	48954.50185070969
i:100	47939.25358271874
i:150	47122.60533734503
i:200	46669.84349926052
i:250	46669.84349926052
i:300	46669.84349926052
i:350	46669.84349926052
i:400	46669.84349926052
i:450	46669.84349926052
i:500	46669.84349926052
i:550	46669.84349926052
i:600	46669.84349926052
i:650	46669.84349926052
best: 46669.84349926052
routes: [0, 21, 22, 23, 26, 25, 24, 27, 29, 30, 28, 36, 31, 32, 33, 35, 38, 34, 37, 39, 40, 0, 1, 2, 4, 3, 6, 10, 8, 5, 7, 9, 15, 16, 17, 20, 19, 18, 12, 13, 14, 11, 50, 49, 48, 47, 46, 45, 44, 43, 41, 42, 0]
Elapsed time: 80.18198084831238

i:0	68009.867087067
i:50	50388.7702876839
i:100	48346.35944793244
i:150	46169.18398899454
i:200	46148.3621156899
i:250	46070.737537039066
i:300	46070.737537039066
i:350	46070.737537039066
i:400	46070.737537039066
i:450	46070.737537039066
i:500	46070.737537039066
i:550	46070.737537039066
i:600	46070.737537039066
i:650	46070.737537039066
best: 46070.737537039066
routes: [0, 21, 22, 23, 26, 24, 25, 27, 29, 30, 28, 36, 37, 34, 31, 32, 33, 35, 38, 40, 39, 41, 42, 43, 44, 45, 47, 48, 49, 50, 46, 0, 11, 19, 20, 15, 16, 17, 18, 14, 13, 12, 10, 9, 7, 4, 2, 1, 3, 5, 8, 6, 0]
Elapsed time: 77.07649779319763

i:0	63352.061156660784
i:50	49677.99100610797
i:100	49153.47477840015
i:150	48346.65390699688
i:200	47509.00449189334
i:250	47509.00449189334
i:300	47509.00449189334
i:350	47509.00449189334
i:400	47509.00449189334
i:450	47509.00449189334
i:500	47509.00449189334
i:550	47509.00449189334
i:600	47509.00449189334
i:650	47509.00449189334
best: 47509.00449189334
routes: [0, 3, 1, 2, 4, 5, 7, 9, 10, 8, 6, 13, 14, 12, 17, 16, 15, 20, 19, 18, 11, 50, 49, 48, 47, 46, 45, 44, 43, 41, 42, 0, 36, 37, 34, 31, 32, 33, 35, 38, 40, 39, 28, 30, 29, 27, 26, 23, 21, 22, 25, 24, 0]
Elapsed time: 74.75262475013733

i:0	59787.31007600823
i:50	48079.646900151856
i:100	47637.33028631163
i:150	47507.54031340595
i:200	46928.038821007714
i:250	46928.038821007714
i:300	46928.038821007714
i:350	46928.038821007714
i:400	46928.038821007714
i:450	46928.038821007714
i:500	46928.038821007714
i:550	46928.038821007714
i:600	46928.038821007714
i:650	46928.038821007714
best: 46928.038821007714
routes: [0, 21, 23, 22, 24, 25, 27, 26, 29, 30, 28, 36, 37, 34, 31, 32, 33, 35, 38, 39, 40, 0, 6, 7, 9, 10, 8, 4, 2, 1, 3, 5, 12, 17, 16, 15, 20, 19, 18, 13, 14, 11, 50, 49, 48, 47, 46, 45, 44, 43, 41, 42, 0]
Elapsed time: 77.47908186912537

i:0	62757.37326698704
i:50	50184.50931776603
i:100	48027.95219120698
i:150	47903.123427153354
i:200	47903.123427153354
i:250	46696.37698626527
i:300	46696.37698626527
i:350	46696.37698626527
i:400	46696.37698626527
i:450	46696.37698626527
i:500	46696.37698626527
i:550	46696.37698626527
i:600	46696.37698626527
i:650	46696.37698626527
best: 46696.37698626527
routes: [0, 41, 42, 43, 44, 45, 48, 47, 49, 50, 46, 40, 39, 37, 36, 34, 31, 32, 33, 35, 38, 28, 30, 29, 27, 25, 26, 23, 21, 22, 24, 0, 11, 14, 13, 18, 19, 20, 16, 15, 17, 12, 10, 9, 7, 4, 5, 8, 6, 3, 1, 2, 0]
Elapsed time: 70.36054491996765

i:0	68365.07641821385
i:50	47076.354515420826
i:100	46293.92514557825
i:150	45950.498370658475
i:200	45950.498370658475
i:250	45940.3567504407
i:300	45940.3567504407
i:350	45940.3567504407
i:400	45940.3567504407
i:450	45940.3567504407
i:500	45940.3567504407
i:550	45940.3567504407
i:600	45940.3567504407
i:650	45940.3567504407
best: 45940.3567504407
routes: [0, 43, 44, 45, 47, 48, 49, 50, 46, 41, 42, 39, 37, 36, 34, 31, 32, 33, 35, 38, 40, 28, 30, 29, 27, 26, 23, 21, 22, 25, 24, 0, 11, 14, 13, 18, 19, 20, 16, 15, 17, 12, 10, 9, 7, 8, 5, 4, 2, 1, 3, 6, 0]
Elapsed time: 71.72003078460693

i:0	63300.24452485801
i:50	49512.59133822506
i:100	48143.40433789705
i:150	48125.07082691566
i:200	47885.70767768365
i:250	47793.55940096638
i:300	47793.55940096638
i:350	47793.55940096638
i:400	47793.55940096638
i:450	47793.55940096638
i:500	47793.55940096638
i:550	47793.55940096638
i:600	47793.55940096638
i:650	47793.55940096638
best: 47793.55940096638
routes: [0, 39, 37, 36, 34, 31, 32, 33, 35, 38, 40, 28, 30, 29, 27, 26, 25, 24, 23, 21, 22, 0, 6, 3, 1, 2, 4, 5, 7, 9, 8, 10, 12, 17, 16, 15, 20, 19, 18, 13, 14, 11, 50, 49, 48, 47, 46, 45, 44, 43, 41, 42, 0]
Elapsed time: 76.80723667144775

i:0	62231.93463412313
i:50	49292.267441066855
i:100	47554.627975274976
i:150	47143.168848169225
i:200	47143.168848169225
i:250	47143.168848169225
i:300	47143.168848169225
i:350	47143.168848169225
i:400	47143.168848169225
i:450	47143.168848169225
i:500	47143.168848169225
i:550	47143.168848169225
i:600	47143.168848169225
i:650	47143.168848169225
best: 47143.168848169225
routes: [0, 21, 22, 23, 26, 24, 25, 27, 29, 30, 28, 36, 31, 32, 33, 35, 38, 34, 37, 39, 40, 0, 6, 3, 1, 2, 4, 5, 8, 10, 7, 9, 12, 13, 14, 17, 16, 15, 20, 19, 18, 11, 50, 49, 48, 47, 46, 45, 44, 43, 41, 42, 0]
Elapsed time: 75.94796109199524

i:0	69347.40000518553
i:50	48454.52626164077
i:100	47006.4550851525
i:150	46557.00250154386
i:200	45362.76691367629
i:250	45362.76691367629
i:300	45362.76691367629
i:350	45362.76691367629
i:400	45362.76691367629
i:450	45362.76691367629
i:500	45362.76691367629
i:550	45362.76691367629
i:600	45362.76691367629
i:650	45362.76691367629
best: 45362.76691367629
routes: [0, 41, 42, 43, 44, 45, 46, 47, 48, 49, 50, 11, 13, 14, 18, 19, 20, 15, 16, 17, 12, 10, 9, 7, 8, 5, 4, 2, 1, 3, 6, 0, 21, 22, 23, 26, 24, 25, 27, 29, 30, 28, 36, 34, 31, 32, 33, 35, 38, 37, 39, 40, 0]
Elapsed time: 79.09101915359497

i:0	63399.78490084795
i:50	48919.936601496185
i:100	47256.322389155386
i:150	46564.38531340454
i:200	46551.40908109939
i:250	46551.40908109939
i:300	46551.40908109939
i:350	46551.40908109939
i:400	46551.40908109939
i:450	46551.40908109939
i:500	46551.40908109939
i:550	46551.40908109939
i:600	46551.40908109939
i:650	46551.40908109939
best: 46551.40908109939
routes: [0, 24, 22, 21, 23, 26, 25, 27, 29, 30, 28, 39, 40, 38, 35, 33, 32, 31, 34, 37, 36, 0, 6, 3, 1, 2, 4, 5, 8, 10, 7, 9, 15, 16, 17, 20, 19, 18, 12, 13, 14, 11, 50, 49, 48, 47, 46, 45, 44, 43, 41, 42, 0]
Elapsed time: 77.69667840003967

i:0	67419.33981796431
i:50	48978.513482081544
i:100	48360.48178784593
i:150	47177.77342082154
i:200	46651.31114547051
i:250	46651.31114547051
i:300	46651.31114547051
i:350	46651.31114547051
i:400	46651.31114547051
i:450	46651.31114547051
i:500	46651.31114547051
i:550	46651.31114547051
i:600	46651.31114547051
i:650	46630.45207795831
best: 46630.45207795831
routes: [0, 42, 41, 43, 44, 45, 48, 47, 46, 49, 50, 11, 19, 20, 15, 16, 17, 18, 14, 13, 12, 6, 5, 4, 7, 9, 10, 8, 3, 1, 2, 0, 39, 40, 38, 35, 33, 32, 31, 34, 37, 36, 28, 30, 29, 27, 26, 23, 21, 22, 25, 24, 0]
Elapsed time: 75.79194140434265

i:0	71177.17678539999
i:50	49882.86648896019
i:100	48553.22997332983
i:150	48151.23964902472
i:200	48026.41088497109
i:250	48026.41088497109
i:300	48026.41088497109
i:350	48026.41088497109
i:400	48026.41088497109
i:450	48026.41088497109
i:500	48026.41088497109
i:550	48026.41088497109
i:600	48026.41088497109
i:650	48026.41088497109
best: 48026.41088497109
routes: [0, 21, 23, 22, 24, 25, 27, 26, 29, 30, 28, 31, 32, 33, 35, 38, 37, 34, 36, 39, 40, 41, 42, 43, 44, 45, 47, 48, 49, 50, 46, 0, 3, 1, 2, 4, 5, 7, 9, 10, 8, 6, 15, 16, 17, 20, 19, 18, 11, 14, 13, 12, 0]
Elapsed time: 75.65970230102539

i:0	60980.259940590026
i:50	48768.34084287673
i:100	48548.60863681554
i:150	47190.83212919687
i:200	46986.988900563585
i:250	46986.988900563585
i:300	46986.988900563585
i:350	46986.988900563585
i:400	46986.988900563585
i:450	46986.988900563585
i:500	46986.988900563585
i:550	46986.988900563585
i:600	46986.988900563585
i:650	46986.988900563585
best: 46986.988900563585
routes: [0, 41, 42, 43, 44, 45, 46, 47, 48, 49, 50, 11, 13, 14, 18, 19, 20, 15, 16, 17, 12, 10, 9, 7, 8, 5, 4, 2, 1, 3, 6, 0, 39, 37, 36, 34, 31, 32, 33, 35, 38, 40, 28, 30, 29, 27, 26, 23, 21, 22, 25, 24, 0]
Elapsed time: 72.99091410636902

i:0	70518.01460766488
i:50	48189.0060982663
i:100	47805.08040111829
i:150	46590.365160113884
i:200	45562.92361217692
i:250	45562.92361217692
i:300	45562.92361217692
i:350	45562.92361217692
i:400	45562.92361217692
i:450	45562.92361217692
i:500	45562.92361217692
i:550	45562.92361217692
i:600	45562.92361217692
i:650	45562.92361217692
best: 45562.92361217692
routes: [0, 41, 42, 43, 44, 45, 46, 49, 47, 48, 50, 11, 19, 20, 15, 16, 17, 18, 14, 13, 12, 10, 9, 7, 8, 5, 4, 2, 1, 3, 6, 0, 21, 22, 23, 26, 24, 25, 27, 29, 30, 28, 39, 40, 37, 36, 34, 31, 32, 33, 35, 38, 0]
Elapsed time: 73.69270133972168

i:0	66127.4221507326
i:50	48122.14830504172
i:100	47285.828281470196
i:150	46871.169405950415
i:200	46589.770726370385
i:250	46589.770726370385
i:300	46589.770726370385
i:350	46589.770726370385
i:400	46589.770726370385
i:450	46589.770726370385
i:500	46589.770726370385
i:550	46589.770726370385
i:600	46589.770726370385
i:650	46589.770726370385
best: 46589.770726370385
routes: [0, 21, 22, 23, 26, 24, 25, 27, 29, 30, 28, 36, 37, 34, 31, 32, 33, 35, 38, 39, 40, 0, 3, 1, 2, 4, 7, 10, 6, 5, 8, 9, 12, 17, 16, 15, 20, 19, 18, 13, 14, 11, 50, 49, 48, 47, 46, 45, 44, 43, 41, 42, 0]
Elapsed time: 75.60094666481018

mean: 46759.22844121537
std: 749.3763097922023
mean-time: 75.94021303653717
std-time: 2.5769137955452246