i:0	120547.04302261987
i:50	84707.21704291187
i:100	75961.16452088574
i:150	74988.72516953827
i:200	74400.31691593167
i:250	74400.31691593167
i:300	74400.31691593167
i:350	74400.31691593167
i:400	74400.31691593167
i:450	74400.31691593167
i:500	74400.31691593167
i:550	74400.31691593167
i:600	74400.31691593167
i:650	74400.31691593167
best: 74400.31691593167
routes: [0, 21, 24, 23, 25, 27, 29, 30, 28, 26, 22, 16, 13, 17, 19, 20, 18, 15, 14, 12, 11, 43, 42, 41, 44, 45, 47, 46, 49, 50, 48, 0, 33, 32, 37, 36, 35, 40, 39, 38, 34, 31, 69, 70, 66, 67, 68, 65, 64, 63, 61, 62, 0, 54, 55, 57, 59, 60, 56, 52, 51, 53, 58, 79, 77, 76, 74, 71, 72, 73, 75, 78, 80, 1, 2, 8, 7, 9, 10, 5, 6, 3, 4, 0]
Elapsed time: 108.43753480911255

i:0	109069.75620086485
i:50	85781.11161102238
i:100	78979.72042032826
i:150	77157.24164398678
i:200	74805.7228730556
i:250	74787.87210091656
i:300	74787.87210091656
i:350	74787.87210091656
i:400	74787.87210091656
i:450	74787.87210091656
i:500	74787.87210091656
i:550	74787.87210091656
i:600	74787.87210091656
i:650	74787.87210091656
best: 74787.87210091656
routes: [0, 4, 5, 10, 7, 9, 8, 6, 3, 1, 2, 76, 77, 74, 71, 72, 73, 75, 78, 80, 79, 58, 60, 59, 57, 56, 53, 51, 52, 55, 54, 0, 41, 44, 46, 49, 50, 48, 47, 45, 42, 43, 11, 13, 12, 14, 15, 17, 19, 20, 18, 16, 22, 21, 23, 25, 27, 29, 30, 28, 26, 24, 0, 33, 34, 32, 37, 36, 35, 40, 39, 38, 31, 69, 70, 66, 67, 68, 65, 64, 63, 61, 62, 0]
Elapsed time: 106.40115451812744

i:0	120301.94280936215
i:50	90881.43498617949
i:100	81543.6796452804
i:150	79196.31845827191
i:200	74293.34891990642
i:250	74236.3400750072
i:300	74236.3400750072
i:350	74236.3400750072
i:400	74236.3400750072
i:450	74236.3400750072
i:500	74236.3400750072
i:550	74236.3400750072
i:600	74236.3400750072
i:650	74236.3400750072
best: 74236.3400750072
routes: [0, 79, 80, 77, 78, 75, 73, 72, 71, 74, 76, 58, 60, 59, 57, 56, 53, 51, 52, 55, 54, 8, 7, 9, 10, 5, 6, 2, 1, 3, 4, 0, 43, 42, 41, 44, 45, 47, 46, 49, 50, 48, 14, 12, 11, 13, 15, 18, 17, 19, 20, 16, 25, 27, 29, 30, 28, 26, 24, 21, 23, 22, 0, 33, 34, 32, 37, 36, 35, 40, 39, 38, 31, 69, 70, 66, 67, 68, 65, 64, 63, 61, 62, 0]
Elapsed time: 114.39988994598389

i:0	112370.07058068003
i:50	83565.0461712254
i:100	80256.99978355505
i:150	77383.81610048407
i:200	76157.91089256834
i:250	75906.00034530053
i:300	75906.00034530053
i:350	75906.00034530053
i:400	75906.00034530053
i:450	75906.00034530053
i:500	75906.00034530053
i:550	75906.00034530053
i:600	75906.00034530053
i:650	75906.00034530053
best: 75906.00034530053
routes: [0, 33, 32, 37, 36, 35, 40, 39, 38, 34, 31, 69, 70, 64, 62, 61, 63, 65, 68, 67, 66, 0, 43, 42, 41, 44, 45, 47, 46, 49, 50, 48, 17, 19, 14, 12, 11, 13, 15, 18, 20, 16, 22, 23, 25, 27, 29, 30, 28, 26, 24, 21, 0, 51, 53, 52, 54, 55, 57, 56, 59, 60, 58, 79, 77, 76, 74, 71, 72, 73, 75, 78, 80, 1, 2, 8, 7, 9, 10, 5, 6, 3, 4, 0]
Elapsed time: 110.40965390205383

i:0	120350.07217814634
i:50	84931.79172760648
i:100	79817.17669810206
i:150	76512.02164832031
i:200	73341.34019363082
i:250	71962.04210512042
i:300	71962.04210512042
i:350	71962.04210512042
i:400	71962.04210512042
i:450	71962.04210512042
i:500	71962.04210512042
i:550	71962.04210512042
i:600	71962.04210512042
i:650	71962.04210512042
best: 71962.04210512042
routes: [0, 4, 5, 6, 10, 9, 7, 8, 2, 1, 3, 43, 48, 47, 45, 42, 41, 44, 46, 49, 50, 14, 12, 11, 13, 15, 17, 19, 20, 18, 16, 0, 54, 55, 57, 56, 52, 51, 53, 59, 60, 58, 76, 71, 72, 73, 75, 78, 74, 77, 79, 80, 61, 62, 63, 64, 65, 68, 67, 66, 69, 70, 0, 31, 39, 40, 35, 36, 37, 38, 34, 33, 32, 24, 21, 23, 25, 27, 29, 30, 28, 26, 22, 0]
Elapsed time: 114.56048274040222

i:0	108653.61645687083
i:50	85752.55170920125
i:100	83582.06691583205
i:150	79081.72057373343
i:200	76282.63155395226
i:250	76268.19390861093
i:300	76268.19390861093
i:350	76268.19390861093
i:400	76268.19390861093
i:450	76268.19390861093
i:500	76268.19390861093
i:550	76268.19390861093
i:600	76268.19390861093
i:650	76268.19390861093
best: 76268.19390861093
routes: [0, 43, 42, 41, 44, 45, 47, 46, 49, 50, 48, 17, 19, 20, 18, 15, 14, 12, 11, 13, 16, 0, 69, 70, 66, 67, 68, 65, 64, 63, 61, 62, 31, 34, 33, 32, 39, 38, 37, 40, 35, 36, 30, 28, 27, 29, 25, 26, 24, 21, 23, 22, 0, 54, 55, 57, 56, 52, 51, 53, 59, 60, 58, 76, 74, 71, 72, 73, 75, 78, 77, 79, 80, 2, 1, 3, 4, 5, 10, 9, 7, 8, 6, 0]
Elapsed time: 110.30508303642273

i:0	115468.30505946322
i:50	87046.56252981568
i:100	78567.43568727735
i:150	76385.96030585424
i:200	74844.36628454654
i:250	74682.15305568562
i:300	74682.15305568562
i:350	74682.15305568562
i:400	74682.15305568562
i:450	74682.15305568562
i:500	74682.15305568562
i:550	74682.15305568562
i:600	74682.15305568562
i:650	74682.15305568562
best: 74682.15305568562
routes: [0, 33, 32, 37, 36, 35, 40, 39, 38, 34, 31, 69, 70, 66, 67, 68, 65, 64, 63, 61, 62, 0, 74, 71, 72, 73, 75, 78, 77, 76, 79, 80, 58, 60, 59, 57, 56, 53, 51, 52, 55, 54, 8, 2, 1, 3, 6, 7, 9, 10, 5, 4, 0, 43, 42, 41, 44, 45, 47, 46, 49, 50, 48, 17, 19, 20, 18, 15, 14, 12, 11, 13, 16, 22, 21, 23, 25, 27, 29, 30, 28, 26, 24, 0]
Elapsed time: 108.55039477348328

i:0	125865.08307359774
i:50	80183.58233955283
i:100	78215.7635863263
i:150	74029.16756202023
i:200	73325.54446406782
i:250	73221.48466833086
i:300	73221.48466833086
i:350	73221.48466833086
i:400	73221.48466833086
i:450	73221.48466833086
i:500	73221.48466833086
i:550	73221.48466833086
i:600	73221.48466833086
i:650	73221.48466833086
best: 73221.48466833086
routes: [0, 21, 24, 23, 22, 25, 27, 29, 30, 28, 26, 16, 15, 18, 20, 19, 17, 14, 12, 13, 11, 43, 41, 44, 46, 49, 50, 48, 47, 45, 42, 0, 1, 3, 2, 8, 7, 9, 10, 5, 6, 4, 33, 34, 31, 39, 40, 35, 36, 37, 38, 32, 0, 51, 52, 53, 56, 54, 55, 57, 59, 60, 58, 76, 77, 74, 71, 72, 73, 75, 78, 79, 80, 61, 62, 63, 64, 65, 68, 67, 66, 69, 70, 0]
Elapsed time: 105.92027139663696

i:0	112411.17771618017
i:50	76560.67764560986
i:100	74483.24076668058
i:150	72624.3789398034
i:200	71904.00402520492
i:250	71904.00402520492
i:300	71904.00402520492
i:350	71904.00402520492
i:400	71904.00402520492
i:450	71904.00402520492
i:500	71904.00402520492
i:550	71904.00402520492
i:600	71904.00402520492
i:650	71904.00402520492
best: 71904.00402520492
routes: [0, 51, 52, 53, 56, 54, 55, 57, 59, 60, 58, 79, 80, 78, 75, 73, 72, 71, 74, 77, 76, 61, 62, 63, 64, 65, 68, 67, 66, 69, 70, 0, 31, 39, 38, 37, 40, 35, 36, 34, 33, 32, 24, 21, 25, 27, 29, 30, 28, 26, 23, 22, 20, 19, 17, 18, 15, 14, 12, 11, 13, 16, 0, 43, 44, 46, 49, 50, 48, 47, 45, 42, 41, 9, 8, 7, 10, 5, 6, 2, 1, 3, 4, 0]
Elapsed time: 105.56220865249634

i:0	118743.36457439723
i:50	82577.2240873446
i:100	78378.52886377438
i:150	76475.44624985754
i:200	75638.2113615622
i:250	75638.2113615622
i:300	75638.2113615622
i:350	75638.2113615622
i:400	75638.2113615622
i:450	75638.2113615622
i:500	75638.2113615622
i:550	75638.2113615622
i:600	75638.2113615622
i:650	75638.2113615622
best: 75638.2113615622
routes: [0, 21, 24, 23, 25, 27, 29, 30, 28, 26, 22, 16, 20, 19, 17, 18, 15, 14, 12, 13, 11, 43, 45, 47, 49, 50, 48, 46, 44, 41, 42, 0, 1, 3, 4, 5, 6, 10, 7, 9, 8, 2, 61, 62, 63, 64, 65, 68, 67, 66, 69, 70, 31, 39, 38, 37, 40, 35, 36, 32, 33, 34, 0, 80, 78, 75, 73, 72, 71, 74, 77, 76, 79, 58, 60, 59, 57, 56, 53, 51, 52, 55, 54, 0]
Elapsed time: 108.30160760879517

i:0	122014.78753047592
i:50	86459.19994953886
i:100	81200.05843467824
i:150	76106.10912006038
i:200	75128.098527285
i:250	75128.098527285
i:300	75128.098527285
i:350	75128.098527285
i:400	75128.098527285
i:450	75128.098527285
i:500	75128.098527285
i:550	75128.098527285
i:600	75128.098527285
i:650	75128.098527285
best: 75128.098527285
routes: [0, 51, 52, 53, 56, 57, 55, 54, 59, 60, 58, 79, 77, 71, 72, 73, 75, 78, 74, 76, 80, 0, 4, 1, 5, 7, 10, 6, 3, 2, 8, 9, 43, 42, 41, 44, 45, 47, 46, 49, 50, 48, 14, 12, 11, 13, 15, 17, 19, 20, 18, 16, 0, 21, 23, 22, 25, 27, 29, 30, 28, 26, 24, 33, 32, 37, 36, 35, 40, 39, 38, 34, 31, 69, 70, 66, 67, 68, 65, 64, 63, 61, 62, 0]
Elapsed time: 107.15211772918701

i:0	120840.0796964585
i:50	84339.09880815042
i:100	82317.57238493944
i:150	78885.94895133098
i:200	71663.98927952784
i:250	71663.98927952784
i:300	71663.98927952784
i:350	71663.98927952784
i:400	71663.98927952784
i:450	71663.98927952784
i:500	71663.98927952784
i:550	71663.98927952784
i:600	71663.98927952784
i:650	71663.98927952784
best: 71663.98927952784
routes: [0, 51, 52, 53, 56, 54, 55, 57, 59, 60, 58, 74, 71, 72, 73, 75, 78, 77, 76, 79, 80, 61, 62, 63, 64, 65, 68, 67, 66, 69, 70, 0, 16, 20, 19, 17, 18, 15, 14, 12, 13, 11, 48, 46, 49, 50, 47, 45, 44, 41, 42, 43, 9, 10, 5, 6, 7, 8, 2, 1, 3, 4, 0, 31, 39, 40, 35, 36, 37, 38, 34, 33, 32, 21, 22, 25, 27, 29, 30, 28, 26, 23, 24, 0]
Elapsed time: 109.88892674446106

i:0	130949.36450836032
i:50	88362.25751931201
i:100	78835.45470326912
i:150	75459.23329344524
i:200	74252.11209471634
i:250	74241.97047449855
i:300	74241.97047449855
i:350	74241.97047449855
i:400	74241.97047449855
i:450	74241.97047449855
i:500	74241.97047449855
i:550	74241.97047449855
i:600	74241.97047449855
i:650	74241.97047449855
best: 74241.97047449855
routes: [0, 33, 32, 37, 36, 35, 40, 39, 38, 34, 31, 69, 70, 66, 67, 68, 65, 64, 63, 61, 62, 0, 43, 42, 41, 44, 45, 47, 46, 49, 50, 48, 14, 12, 11, 13, 15, 18, 17, 19, 20, 16, 22, 21, 23, 25, 27, 29, 30, 28, 26, 24, 0, 4, 5, 10, 9, 7, 8, 6, 3, 1, 2, 74, 71, 72, 73, 75, 78, 77, 76, 79, 80, 58, 60, 59, 57, 56, 53, 51, 52, 55, 54, 0]
Elapsed time: 111.41327428817749

i:0	124102.5196869973
i:50	79607.93540707728
i:100	78056.30603596909
i:150	76099.63607934868
i:200	75526.45596407086
i:250	75521.28690836033
i:300	75521.28690836033
i:350	75521.28690836033
i:400	75521.28690836033
i:450	75521.28690836033
i:500	75521.28690836033
i:550	75521.28690836033
i:600	75521.28690836033
i:650	75521.28690836033
best: 75521.28690836033
routes: [0, 51, 52, 53, 56, 57, 54, 55, 59, 60, 58, 76, 74, 77, 79, 78, 75, 73, 72, 71, 80, 0, 4, 1, 2, 6, 3, 5, 10, 7, 8, 9, 43, 48, 47, 45, 42, 41, 44, 46, 49, 50, 14, 12, 11, 13, 15, 17, 19, 20, 18, 16, 0, 21, 22, 23, 24, 26, 25, 27, 29, 30, 28, 32, 37, 36, 35, 40, 39, 38, 33, 34, 31, 69, 70, 66, 67, 68, 65, 64, 63, 61, 62, 0]
Elapsed time: 106.6809663772583

i:0	111506.12295736393
i:50	81236.9780195218
i:100	80238.18514396893
i:150	78389.59279693669
i:200	77291.58094650113
i:250	77291.58094650113
i:300	77291.58094650113
i:350	77291.58094650113
i:400	77291.58094650113
i:450	77291.58094650113
i:500	77291.58094650113
i:550	77291.58094650113
i:600	77291.58094650113
i:650	77291.58094650113
best: 77291.58094650113
routes: [0, 51, 52, 53, 56, 54, 55, 57, 59, 60, 58, 79, 80, 78, 75, 73, 72, 71, 74, 77, 76, 0, 33, 32, 37, 35, 36, 40, 39, 38, 34, 31, 69, 70, 67, 68, 66, 65, 63, 64, 61, 62, 0, 21, 24, 23, 28, 30, 29, 27, 25, 26, 22, 16, 13, 11, 12, 14, 15, 18, 20, 19, 17, 48, 47, 49, 50, 46, 44, 41, 43, 45, 42, 0, 3, 6, 5, 10, 9, 7, 8, 2, 1, 4, 0]
Elapsed time: 109.27708864212036

i:0	129342.67136082883
i:50	85659.43896711465
i:100	77834.61871220058
i:150	76478.2426828961
i:200	75613.41914616495
i:250	75607.18414196644
i:300	75607.18414196644
i:350	75607.18414196644
i:400	75607.18414196644
i:450	75607.18414196644
i:500	75607.18414196644
i:550	75607.18414196644
i:600	75607.18414196644
i:650	75607.18414196644
best: 75607.18414196644
routes: [0, 76, 74, 71, 72, 73, 75, 78, 77, 79, 80, 58, 60, 59, 57, 56, 53, 51, 52, 55, 54, 0, 61, 62, 63, 64, 65, 68, 67, 66, 69, 70, 31, 39, 40, 35, 36, 37, 38, 34, 33, 32, 24, 21, 23, 22, 25, 27, 29, 30, 28, 26, 0, 13, 15, 18, 16, 20, 19, 17, 14, 12, 11, 43, 42, 41, 45, 44, 46, 49, 50, 47, 48, 10, 9, 7, 8, 2, 1, 3, 6, 5, 4, 0]
Elapsed time: 110.99413704872131

i:0	114571.76237401032
i:50	89920.8920923071
i:100	86083.20432730706
i:150	79921.54116344826
i:200	78046.26874267806
i:250	77815.51873027155
i:300	77815.51873027155
i:350	77815.51873027155
i:400	77815.51873027155
i:450	77815.51873027155
i:500	77815.51873027155
i:550	77815.51873027155
i:600	77815.51873027155
i:650	77815.51873027155
best: 77815.51873027155
routes: [0, 4, 5, 6, 3, 1, 2, 8, 7, 9, 10, 43, 45, 42, 41, 44, 46, 49, 50, 47, 48, 17, 19, 20, 18, 15, 14, 12, 11, 13, 16, 0, 79, 77, 76, 74, 71, 72, 73, 75, 78, 80, 58, 60, 59, 57, 56, 55, 54, 53, 51, 52, 0, 61, 68, 67, 69, 70, 66, 65, 62, 63, 64, 31, 39, 40, 35, 36, 37, 38, 34, 33, 32, 21, 23, 25, 27, 29, 30, 28, 26, 24, 22, 0]
Elapsed time: 109.80111384391785

i:0	118225.96614784175
i:50	87270.55534239612
i:100	80837.7458851586
i:150	77909.59341623978
i:200	76310.72196173214
i:250	76310.72196173214
i:300	76310.72196173214
i:350	76310.72196173214
i:400	76310.72196173214
i:450	76310.72196173214
i:500	76310.72196173214
i:550	76310.72196173214
i:600	76310.72196173214
i:650	76310.72196173214
best: 76310.72196173214
routes: [0, 51, 52, 53, 56, 54, 55, 57, 59, 60, 58, 76, 71, 72, 73, 75, 78, 74, 77, 79, 80, 0, 67, 68, 64, 62, 61, 63, 65, 66, 69, 70, 31, 39, 40, 35, 36, 37, 38, 34, 33, 32, 26, 25, 27, 29, 30, 28, 24, 21, 23, 22, 0, 4, 5, 10, 6, 3, 1, 2, 8, 7, 9, 43, 42, 41, 44, 45, 47, 46, 49, 50, 48, 17, 19, 20, 18, 16, 15, 14, 13, 11, 12, 0]
Elapsed time: 110.89463424682617

i:0	121271.51991915672
i:50	82996.48126040457
i:100	79087.8250915438
i:150	77546.9408925333
i:200	75463.98536956172
i:250	75410.57715911082
i:300	75410.57715911082
i:350	75410.57715911082
i:400	75410.57715911082
i:450	75410.57715911082
i:500	75410.57715911082
i:550	75410.57715911082
i:600	75410.57715911082
i:650	75410.57715911082
best: 75410.57715911082
routes: [0, 21, 24, 23, 25, 27, 29, 30, 28, 26, 22, 16, 20, 19, 17, 18, 15, 14, 12, 13, 11, 48, 47, 49, 50, 46, 44, 41, 43, 45, 42, 0, 33, 34, 32, 37, 36, 35, 40, 39, 38, 31, 69, 70, 66, 67, 68, 65, 64, 63, 61, 62, 0, 79, 80, 78, 75, 73, 72, 71, 74, 77, 76, 58, 52, 51, 53, 56, 59, 60, 57, 55, 54, 9, 10, 5, 6, 7, 8, 2, 1, 3, 4, 0]
Elapsed time: 109.93090867996216

i:0	129001.06124374215
i:50	82201.77125696975
i:100	79647.2855765148
i:150	76570.65959787183
i:200	74921.08866867027
i:250	74921.08866867027
i:300	74921.08866867027
i:350	74921.08866867027
i:400	74921.08866867027
i:450	74921.08866867027
i:500	74921.08866867027
i:550	74921.08866867027
i:600	74921.08866867027
i:650	74921.08866867027
best: 74921.08866867027
routes: [0, 51, 53, 52, 54, 55, 57, 56, 59, 60, 58, 79, 78, 75, 73, 72, 71, 74, 76, 77, 80, 0, 43, 45, 42, 41, 44, 46, 49, 50, 47, 48, 14, 12, 11, 13, 15, 18, 17, 19, 20, 16, 22, 23, 25, 27, 29, 30, 28, 26, 24, 21, 0, 33, 32, 37, 36, 35, 40, 39, 38, 34, 31, 69, 70, 66, 67, 68, 65, 64, 63, 61, 62, 1, 3, 2, 8, 7, 9, 10, 5, 6, 4, 0]
Elapsed time: 107.98238849639893

mean: 74845.93176797977
std: 1625.7263416266185
mean-time: 109.34319187402726
std-time: 2.4090403505139735