i:0	113344.85978942341
i:50	87368.19487606481
i:100	84274.27232818704
i:150	82335.28522298843
i:200	81536.03643453952
i:250	81536.03643453952
i:300	81536.03643453952
i:350	81536.03643453952
i:400	81536.03643453952
i:450	81536.03643453952
i:500	81536.03643453952
i:550	81536.03643453952
i:600	81536.03643453952
i:650	81536.03643453952
best: 81536.03643453952
routes: [0, 43, 45, 42, 41, 44, 46, 49, 50, 47, 48, 17, 19, 20, 18, 15, 14, 12, 11, 13, 16, 0, 76, 77, 74, 71, 72, 73, 75, 78, 80, 79, 58, 60, 59, 57, 54, 55, 56, 53, 51, 52, 0, 31, 39, 38, 37, 40, 35, 36, 34, 33, 32, 24, 21, 23, 22, 25, 27, 29, 30, 28, 26, 0, 4, 1, 2, 8, 7, 9, 10, 5, 6, 3, 61, 62, 63, 64, 65, 68, 66, 67, 69, 70, 0]
Elapsed time: 95.30364775657654

i:0	125704.17917529939
i:50	86184.0434944368
i:100	83521.87330034515
i:150	80554.69007624999
i:200	80118.39420886917
i:250	80112.15920467065
i:300	80112.15920467065
i:350	80112.15920467065
i:400	80112.15920467065
i:450	80112.15920467065
i:500	80112.15920467065
i:550	80112.15920467065
i:600	80112.15920467065
i:650	80112.15920467065
best: 80112.15920467065
routes: [0, 31, 34, 33, 38, 39, 40, 36, 35, 37, 32, 28, 30, 29, 27, 25, 26, 24, 21, 23, 22, 0, 13, 15, 18, 16, 20, 19, 17, 14, 12, 11, 43, 42, 41, 45, 44, 46, 49, 50, 47, 48, 0, 51, 52, 53, 56, 54, 55, 57, 59, 60, 58, 76, 74, 71, 72, 73, 75, 78, 77, 79, 80, 0, 4, 5, 6, 10, 9, 7, 8, 2, 3, 1, 69, 70, 66, 67, 68, 65, 64, 63, 61, 62, 0]
Elapsed time: 94.66646218299866

i:0	122046.95270964967
i:50	87573.3723046332
i:100	83024.11661178729
i:150	79162.03303709987
i:200	79066.6151473884
i:250	79066.6151473884
i:300	79066.6151473884
i:350	79066.6151473884
i:400	79066.6151473884
i:450	79066.6151473884
i:500	79066.6151473884
i:550	79066.6151473884
i:600	79066.6151473884
i:650	79066.6151473884
best: 79066.6151473884
routes: [0, 51, 52, 53, 56, 54, 55, 57, 59, 60, 58, 79, 77, 74, 76, 71, 72, 73, 75, 78, 80, 0, 4, 1, 2, 3, 6, 5, 10, 7, 8, 9, 41, 44, 46, 49, 50, 47, 45, 42, 43, 48, 0, 21, 24, 23, 25, 27, 29, 30, 28, 26, 22, 16, 20, 19, 17, 18, 15, 14, 13, 11, 12, 0, 33, 34, 32, 37, 35, 36, 40, 39, 38, 31, 69, 70, 66, 67, 68, 65, 64, 63, 61, 62, 0]
Elapsed time: 89.3308641910553

i:0	121197.47117193833
i:50	89503.15501493376
i:100	85567.22236340065
i:150	82624.79609859826
i:200	81294.90405487482
i:250	81294.90405487482
i:300	81294.90405487482
i:350	81294.90405487482
i:400	81294.90405487482
i:450	81294.90405487482
i:500	81294.90405487482
i:550	81294.90405487482
i:600	81294.90405487482
i:650	81294.90405487482
best: 81294.90405487482
routes: [0, 4, 5, 10, 7, 9, 8, 2, 6, 3, 1, 61, 62, 63, 64, 65, 68, 66, 67, 69, 70, 0, 43, 45, 42, 41, 44, 46, 49, 50, 47, 48, 14, 15, 17, 19, 20, 18, 16, 13, 11, 12, 0, 51, 52, 53, 56, 54, 55, 57, 59, 60, 58, 76, 77, 74, 71, 72, 73, 75, 78, 79, 80, 0, 21, 25, 27, 29, 30, 28, 26, 22, 23, 24, 33, 32, 37, 35, 36, 40, 39, 38, 34, 31, 0]
Elapsed time: 100.77243995666504

i:0	119123.43818974953
i:50	84444.03957590314
i:100	81750.309902782
i:150	80668.51227936972
i:200	79851.35320744076
i:250	79851.35320744076
i:300	79851.35320744076
i:350	79851.35320744076
i:400	79851.35320744076
i:450	79851.35320744076
i:500	79851.35320744076
i:550	79851.35320744076
i:600	79851.35320744076
i:650	79851.35320744076
best: 79851.35320744076
routes: [0, 11, 12, 13, 15, 14, 17, 19, 20, 18, 16, 25, 27, 29, 30, 28, 26, 24, 21, 23, 22, 0, 4, 1, 2, 3, 6, 5, 10, 7, 8, 9, 43, 42, 41, 44, 46, 49, 50, 47, 45, 48, 0, 51, 52, 53, 56, 54, 55, 57, 59, 60, 58, 79, 80, 77, 75, 78, 73, 72, 71, 74, 76, 0, 33, 32, 37, 35, 36, 40, 39, 38, 34, 31, 69, 70, 66, 67, 68, 65, 64, 63, 61, 62, 0]
Elapsed time: 94.6636917591095

i:0	114256.72713645469
i:50	87280.09498838379
i:100	82820.081855931
i:150	81325.07230508703
i:200	79919.58751980419
i:250	79919.58751980419
i:300	79919.58751980419
i:350	79919.58751980419
i:400	79919.58751980419
i:450	79919.58751980419
i:500	79919.58751980419
i:550	79919.58751980419
i:600	79919.58751980419
i:650	79919.58751980419
best: 79919.58751980419
routes: [0, 51, 52, 53, 56, 54, 55, 57, 59, 60, 58, 76, 77, 74, 71, 72, 73, 75, 78, 79, 80, 0, 21, 22, 23, 24, 26, 25, 29, 27, 28, 30, 35, 36, 37, 40, 39, 38, 31, 34, 33, 32, 0, 4, 3, 6, 5, 10, 9, 7, 8, 2, 1, 61, 62, 63, 64, 65, 68, 66, 67, 69, 70, 0, 43, 48, 47, 45, 42, 41, 44, 46, 49, 50, 17, 19, 20, 18, 15, 14, 12, 11, 13, 16, 0]
Elapsed time: 94.02400231361389

i:0	118187.58211340377
i:50	90536.81881006334
i:100	85998.6643355121
i:150	84086.42413272795
i:200	84080.02910836478
i:250	83996.35602025875
i:300	83996.35602025875
i:350	83996.35602025875
i:400	83996.35602025875
i:450	83996.35602025875
i:500	83996.35602025875
i:550	83996.35602025875
i:600	83996.35602025875
i:650	83996.35602025875
best: 83996.35602025875
routes: [0, 11, 12, 13, 15, 18, 16, 20, 19, 17, 14, 48, 43, 45, 47, 49, 50, 46, 44, 41, 42, 0, 76, 77, 74, 71, 72, 73, 75, 78, 79, 80, 65, 68, 67, 69, 70, 66, 64, 63, 61, 62, 0, 31, 33, 34, 39, 38, 37, 40, 35, 36, 32, 21, 23, 25, 27, 29, 30, 28, 26, 24, 22, 0, 4, 3, 6, 5, 10, 9, 7, 8, 2, 1, 54, 55, 57, 59, 60, 58, 56, 53, 51, 52, 0]
Elapsed time: 93.55019164085388

i:0	129450.91719410324
i:50	88568.57564177309
i:100	84573.3380706814
i:150	82553.50562937153
i:200	81431.1823421401
i:250	81203.29875702843
i:300	81203.29875702843
i:350	81203.29875702843
i:400	81203.29875702843
i:450	81203.29875702843
i:500	81203.29875702843
i:550	81203.29875702843
i:600	81203.29875702843
i:650	81203.29875702843
best: 81203.29875702843
routes: [0, 13, 11, 12, 15, 17, 19, 20, 18, 16, 14, 48, 46, 49, 50, 47, 45, 44, 41, 43, 42, 0, 4, 3, 6, 5, 10, 9, 7, 8, 2, 1, 61, 62, 63, 64, 65, 68, 66, 67, 69, 70, 0, 51, 52, 53, 56, 54, 55, 57, 59, 60, 58, 79, 80, 76, 77, 74, 71, 72, 73, 75, 78, 0, 21, 22, 23, 24, 26, 25, 29, 27, 28, 30, 35, 36, 37, 40, 39, 38, 31, 34, 33, 32, 0]
Elapsed time: 98.2451765537262

i:0	125837.1273749632
i:50	86252.67600719909
i:100	81951.71392340677
i:150	80701.32379767124
i:200	80398.14489805371
i:250	80398.14489805371
i:300	80398.14489805371
i:350	80398.14489805371
i:400	80398.14489805371
i:450	80398.14489805371
i:500	80398.14489805371
i:550	80398.14489805371
i:600	80398.14489805371
i:650	80398.14489805371
best: 80398.14489805371
routes: [0, 4, 1, 2, 3, 6, 5, 10, 7, 8, 9, 43, 47, 49, 50, 46, 44, 41, 42, 45, 48, 0, 21, 23, 25, 27, 29, 30, 28, 26, 24, 22, 16, 13, 11, 12, 15, 14, 17, 19, 20, 18, 0, 51, 52, 53, 56, 54, 55, 57, 59, 60, 58, 79, 80, 76, 77, 74, 71, 72, 73, 75, 78, 0, 61, 62, 63, 64, 65, 68, 66, 67, 69, 70, 31, 33, 32, 37, 35, 36, 40, 39, 38, 34, 0]
Elapsed time: 92.22072410583496

i:0	118506.731454577
i:50	90572.39498607587
i:100	84209.20138643906
i:150	82439.2945181365
i:200	82036.84246578137
i:250	82036.84246578137
i:300	82036.84246578137
i:350	82036.84246578137
i:400	82036.84246578137
i:450	82036.84246578137
i:500	82036.84246578137
i:550	82036.84246578137
i:600	82036.84246578137
i:650	82036.84246578137
best: 82036.84246578137
routes: [0, 31, 34, 33, 32, 38, 39, 40, 37, 35, 36, 30, 28, 27, 29, 25, 26, 24, 21, 23, 22, 0, 76, 77, 74, 71, 72, 73, 75, 78, 80, 79, 58, 60, 59, 57, 54, 55, 56, 53, 51, 52, 0, 13, 15, 17, 19, 20, 18, 16, 14, 12, 11, 43, 41, 44, 46, 49, 50, 48, 47, 45, 42, 0, 4, 6, 5, 10, 9, 7, 8, 3, 2, 1, 61, 62, 63, 64, 65, 68, 66, 67, 69, 70, 0]
Elapsed time: 93.13507175445557

i:0	124724.63234795869
i:50	85850.35078712885
i:100	83414.88934873094
i:150	82072.20666889522
i:200	80808.01183012636
i:250	80808.01183012636
i:300	80808.01183012636
i:350	80808.01183012636
i:400	80808.01183012636
i:450	80808.01183012636
i:500	80808.01183012636
i:550	80808.01183012636
i:600	80808.01183012636
i:650	80808.01183012636
best: 80808.01183012636
routes: [0, 31, 39, 40, 35, 36, 37, 38, 34, 33, 32, 24, 21, 23, 22, 25, 27, 29, 30, 28, 26, 0, 51, 52, 53, 56, 54, 55, 57, 59, 60, 58, 76, 74, 71, 72, 73, 75, 78, 77, 79, 80, 0, 4, 5, 6, 7, 10, 9, 8, 2, 3, 1, 61, 62, 63, 64, 65, 68, 66, 67, 69, 70, 0, 13, 15, 17, 19, 20, 18, 16, 14, 12, 11, 43, 48, 46, 49, 50, 47, 45, 44, 41, 42, 0]
Elapsed time: 95.88932347297668

i:0	119936.80247930283
i:50	87716.04341669533
i:100	85010.66578351994
i:150	82834.58292552584
i:200	82668.31744298736
i:250	82668.31744298736
i:300	82668.31744298736
i:350	82668.31744298736
i:400	82668.31744298736
i:450	82668.31744298736
i:500	82668.31744298736
i:550	82668.31744298736
i:600	82668.31744298736
i:650	82668.31744298736
best: 82668.31744298736
routes: [0, 31, 33, 34, 39, 40, 36, 35, 37, 38, 32, 28, 30, 29, 27, 25, 26, 24, 21, 23, 22, 0, 13, 16, 20, 19, 17, 18, 15, 14, 12, 11, 43, 41, 44, 46, 49, 50, 48, 47, 45, 42, 0, 4, 3, 6, 5, 10, 9, 7, 8, 2, 1, 69, 70, 66, 67, 68, 65, 64, 63, 61, 62, 0, 79, 80, 76, 77, 74, 71, 72, 73, 75, 78, 58, 60, 59, 57, 54, 55, 56, 53, 51, 52, 0]
Elapsed time: 93.12399625778198

i:0	122537.87832374153
i:50	86196.0434958405
i:100	83578.32912642435
i:150	82388.92253922526
i:200	81825.8756487339
i:250	81825.8756487339
i:300	81825.8756487339
i:350	81825.8756487339
i:400	81825.8756487339
i:450	81825.8756487339
i:500	81825.8756487339
i:550	81825.8756487339
i:600	81825.8756487339
i:650	81825.8756487339
best: 81825.8756487339
routes: [0, 51, 52, 53, 56, 54, 55, 57, 59, 60, 58, 79, 77, 74, 76, 71, 72, 73, 75, 78, 80, 0, 31, 33, 34, 39, 40, 36, 35, 37, 38, 32, 24, 21, 23, 22, 25, 27, 29, 30, 28, 26, 0, 4, 3, 6, 5, 10, 9, 7, 8, 2, 1, 69, 70, 66, 67, 68, 65, 64, 63, 61, 62, 0, 11, 12, 13, 15, 16, 20, 18, 19, 17, 14, 48, 47, 45, 42, 43, 41, 44, 46, 49, 50, 0]
Elapsed time: 90.75949549674988

i:0	126304.68736330958
i:50	89807.33895627013
i:100	86274.75363952183
i:150	83017.1094571396
i:200	81834.62871599759
i:250	81834.62871599759
i:300	81834.62871599759
i:350	81834.62871599759
i:400	81834.62871599759
i:450	81834.62871599759
i:500	81834.62871599759
i:550	81834.62871599759
i:600	81834.62871599759
i:650	81834.62871599759
best: 81834.62871599759
routes: [0, 4, 5, 10, 9, 7, 8, 6, 3, 2, 1, 69, 70, 66, 67, 68, 65, 64, 63, 61, 62, 0, 76, 77, 74, 71, 72, 73, 75, 78, 80, 79, 58, 60, 59, 57, 52, 51, 53, 56, 55, 54, 0, 43, 45, 42, 41, 44, 46, 49, 50, 47, 48, 14, 12, 11, 13, 15, 18, 17, 19, 20, 16, 0, 21, 22, 23, 24, 26, 25, 29, 27, 28, 30, 35, 36, 37, 40, 39, 38, 31, 34, 33, 32, 0]
Elapsed time: 97.21222639083862

i:0	128678.78330286579
i:50	89115.40684508502
i:100	85063.78144562084
i:150	82363.73394117522
i:200	81919.17705880618
i:250	81919.17705880618
i:300	81919.17705880618
i:350	81919.17705880618
i:400	81919.17705880618
i:450	81919.17705880618
i:500	81919.17705880618
i:550	81919.17705880618
i:600	81919.17705880618
i:650	81919.17705880618
best: 81919.17705880618
routes: [0, 51, 52, 53, 56, 54, 55, 57, 59, 60, 58, 76, 71, 72, 73, 75, 78, 74, 77, 79, 80, 0, 21, 22, 23, 24, 26, 25, 29, 27, 28, 30, 35, 36, 37, 40, 39, 38, 31, 34, 33, 32, 0, 13, 15, 18, 16, 20, 19, 17, 14, 12, 11, 43, 42, 41, 45, 44, 46, 49, 50, 47, 48, 0, 4, 1, 3, 6, 5, 10, 9, 7, 8, 2, 61, 65, 68, 67, 69, 70, 66, 64, 63, 62, 0]
Elapsed time: 98.85763812065125

i:0	126892.82080812933
i:50	85888.53878900944
i:100	83231.84436987664
i:150	81755.3318914324
i:200	80061.89716778375
i:250	80061.89716778375
i:300	80061.89716778375
i:350	80061.89716778375
i:400	80061.89716778375
i:450	80061.89716778375
i:500	80061.89716778375
i:550	80061.89716778375
i:600	80061.89716778375
i:650	80061.89716778375
best: 80061.89716778375
routes: [0, 43, 42, 41, 45, 44, 46, 49, 50, 47, 48, 11, 13, 15, 18, 16, 20, 19, 17, 14, 12, 0, 51, 52, 53, 56, 54, 55, 57, 59, 60, 58, 76, 74, 71, 72, 73, 75, 78, 77, 79, 80, 0, 21, 22, 23, 24, 26, 25, 29, 27, 28, 30, 35, 36, 37, 40, 39, 38, 31, 34, 33, 32, 0, 4, 3, 6, 5, 10, 9, 7, 8, 2, 1, 69, 70, 67, 68, 66, 65, 64, 63, 61, 62, 0]
Elapsed time: 98.2931067943573

i:0	135573.12793768087
i:50	88681.8304284189
i:100	86960.94580423692
i:150	84074.85699985347
i:200	83643.96140514607
i:250	83592.74223085237
i:300	83592.74223085237
i:350	83592.74223085237
i:400	83592.74223085237
i:450	83592.74223085237
i:500	83592.74223085237
i:550	83592.74223085237
i:600	83592.74223085237
i:650	83592.74223085237
best: 83592.74223085237
routes: [0, 43, 45, 42, 41, 44, 46, 49, 50, 47, 48, 14, 15, 17, 19, 20, 18, 16, 13, 11, 12, 0, 79, 77, 74, 76, 71, 72, 73, 75, 78, 80, 61, 63, 66, 69, 70, 67, 68, 65, 64, 62, 0, 4, 3, 6, 5, 10, 9, 7, 8, 2, 1, 51, 53, 58, 60, 59, 57, 54, 55, 56, 52, 0, 31, 34, 33, 32, 38, 39, 40, 37, 35, 36, 30, 28, 27, 29, 25, 26, 24, 21, 23, 22, 0]
Elapsed time: 96.17727732658386

i:0	122665.05657671481
i:50	86786.01197916408
i:100	84699.0535410534
i:150	83146.72223595089
i:200	82173.92805820626
i:250	82150.72227696016
i:300	82150.72227696016
i:350	82150.72227696016
i:400	82150.72227696016
i:450	82150.72227696016
i:500	82150.72227696016
i:550	82150.72227696016
i:600	82150.72227696016
i:650	82150.72227696016
best: 82150.72227696016
routes: [0, 51, 52, 53, 56, 54, 55, 57, 59, 60, 58, 79, 80, 77, 75, 78, 73, 72, 71, 74, 76, 0, 13, 14, 17, 19, 20, 18, 16, 15, 12, 11, 48, 45, 47, 49, 50, 46, 44, 41, 43, 42, 0, 1, 3, 4, 6, 5, 10, 9, 7, 8, 2, 61, 62, 63, 64, 65, 68, 66, 67, 69, 70, 0, 31, 39, 38, 37, 40, 35, 36, 34, 33, 32, 21, 23, 22, 25, 27, 29, 30, 28, 26, 24, 0]
Elapsed time: 96.87866997718811

i:0	135990.57484665635
i:50	90667.48376761352
i:100	87035.13124752924
i:150	82237.18906033467
i:200	80793.38224437142
i:250	80793.38224437142
i:300	80793.38224437142
i:350	80793.38224437142
i:400	80793.38224437142
i:450	80793.38224437142
i:500	80793.38224437142
i:550	80793.38224437142
i:600	80793.38224437142
i:650	80793.38224437142
best: 80793.38224437142
routes: [0, 51, 52, 53, 56, 54, 55, 57, 59, 60, 58, 76, 74, 71, 72, 73, 75, 78, 77, 79, 80, 0, 43, 45, 42, 41, 44, 46, 49, 50, 47, 48, 17, 19, 20, 18, 15, 14, 12, 11, 13, 16, 0, 21, 22, 23, 24, 26, 25, 29, 27, 28, 30, 35, 36, 37, 40, 39, 38, 31, 34, 33, 32, 0, 4, 1, 3, 6, 5, 10, 9, 7, 8, 2, 61, 63, 66, 69, 70, 67, 68, 65, 64, 62, 0]
Elapsed time: 96.81608057022095

i:0	132038.4138836824
i:50	88423.36128510517
i:100	82997.73915692576
i:150	80693.48868583472
i:200	80553.30983731379
i:250	80553.30983731379
i:300	80553.30983731379
i:350	80553.30983731379
i:400	80553.30983731379
i:450	80553.30983731379
i:500	80553.30983731379
i:550	80553.30983731379
i:600	80553.30983731379
i:650	80553.30983731379
best: 80553.30983731379
routes: [0, 51, 52, 53, 58, 56, 54, 55, 57, 59, 60, 76, 79, 77, 74, 71, 72, 73, 75, 78, 80, 0, 4, 3, 6, 5, 10, 9, 7, 8, 2, 1, 61, 62, 63, 64, 65, 68, 66, 67, 69, 70, 0, 31, 34, 33, 38, 39, 40, 36, 35, 37, 32, 28, 30, 29, 27, 25, 26, 24, 21, 23, 22, 0, 43, 45, 42, 41, 44, 46, 49, 50, 47, 48, 12, 11, 13, 15, 14, 17, 19, 20, 18, 16, 0]
Elapsed time: 95.08559203147888

mean: 81281.16810818868
std: 1234.4088160949027
mean-time: 95.25028393268585
std-time: 2.7426701046840507