i:0	123283.89816190867
i:50	90932.03301899208
i:100	79823.79289208111
i:150	77080.20733822156
i:200	76925.3816186054
i:250	76925.3816186054
i:300	76925.3816186054
i:350	76925.3816186054
i:400	76925.3816186054
i:450	76925.3816186054
i:500	76925.3816186054
i:550	76925.3816186054
i:600	76925.3816186054
i:650	76925.3816186054
best: 76925.3816186054
routes: [0, 35, 40, 39, 38, 36, 37, 34, 33, 72, 71, 65, 66, 69, 67, 70, 68, 63, 64, 61, 59, 58, 57, 62, 60, 0, 73, 74, 75, 76, 77, 79, 78, 80, 54, 55, 56, 53, 52, 51, 49, 50, 41, 42, 43, 48, 46, 47, 45, 44, 0, 25, 28, 27, 32, 30, 29, 31, 26, 24, 23, 21, 22, 20, 17, 19, 18, 14, 16, 13, 15, 12, 11, 9, 10, 5, 6, 7, 8, 2, 1, 3, 4, 0]
Elapsed time: 91.99556350708008

i:0	114181.5005193488
i:50	90120.34285806166
i:100	82510.46046544999
i:150	82268.88070592536
i:200	82268.88070592536
i:250	82268.88070592536
i:300	82268.88070592536
i:350	82268.88070592536
i:400	82268.88070592536
i:450	82268.88070592536
i:500	82268.88070592536
i:550	82268.88070592536
i:600	82268.88070592536
i:650	82268.88070592536
best: 82268.88070592536
routes: [0, 74, 75, 73, 77, 76, 79, 78, 80, 49, 51, 54, 55, 56, 53, 52, 50, 2, 1, 3, 6, 7, 8, 5, 4, 0, 63, 60, 57, 59, 58, 61, 64, 62, 48, 42, 41, 43, 46, 47, 45, 44, 68, 67, 66, 69, 65, 71, 72, 70, 0, 35, 34, 33, 36, 38, 39, 37, 40, 12, 10, 9, 11, 13, 15, 16, 14, 18, 21, 23, 24, 22, 20, 19, 17, 26, 30, 29, 31, 32, 25, 27, 28, 0]
Elapsed time: 87.45630049705505

i:0	128670.95399408299
i:50	87175.31644239392
i:100	86001.62096518098
i:150	83627.66738741967
i:200	82798.8750564047
i:250	81655.54863711119
i:300	80938.38765357775
i:350	80938.38765357775
i:400	80938.38765357775
i:450	80938.38765357775
i:500	80938.38765357775
i:550	80938.38765357775
i:600	80938.38765357775
i:650	80938.38765357775
best: 80938.38765357775
routes: [0, 41, 42, 43, 46, 44, 45, 47, 48, 64, 61, 59, 58, 57, 63, 60, 62, 2, 1, 3, 6, 7, 8, 5, 4, 0, 70, 68, 67, 69, 72, 71, 65, 66, 33, 34, 35, 39, 38, 36, 37, 40, 12, 10, 9, 11, 13, 15, 16, 14, 0, 73, 74, 75, 76, 80, 79, 78, 77, 53, 55, 56, 54, 52, 51, 49, 50, 25, 28, 27, 26, 32, 31, 30, 29, 24, 23, 21, 22, 18, 17, 19, 20, 0]
Elapsed time: 110.9317774772644

i:0	116318.82427876792
i:50	83997.78270033278
i:100	80042.40039039287
i:150	80042.40039039287
i:200	80042.40039039287
i:250	80042.40039039287
i:300	80042.40039039287
i:350	80042.40039039287
i:400	80042.40039039287
i:450	80042.40039039287
i:500	80042.40039039287
i:550	80042.40039039287
i:600	80042.40039039287
i:650	80042.40039039287
best: 80042.40039039287
routes: [0, 63, 60, 57, 59, 58, 61, 64, 62, 48, 46, 47, 45, 44, 43, 41, 42, 0, 14, 16, 13, 12, 10, 9, 11, 15, 40, 39, 38, 36, 37, 35, 34, 33, 72, 71, 65, 66, 69, 67, 70, 68, 8, 7, 5, 6, 2, 1, 3, 4, 0, 78, 80, 79, 77, 74, 73, 75, 76, 49, 51, 50, 54, 55, 56, 53, 52, 25, 28, 27, 32, 30, 29, 31, 26, 24, 23, 21, 22, 20, 17, 19, 18, 0]
Elapsed time: 80.90722513198853

i:0	115357.32486485658
i:50	90742.24601773769
i:100	88279.97160719435
i:150	78946.87894509711
i:200	78946.87894509711
i:250	78946.87894509711
i:300	78946.87894509711
i:350	78946.87894509711
i:400	78946.87894509711
i:450	78946.87894509711
i:500	78946.87894509711
i:550	78946.87894509711
i:600	78946.87894509711
i:650	78946.87894509711
best: 78946.87894509711
routes: [0, 76, 77, 75, 74, 73, 79, 78, 80, 49, 50, 53, 51, 52, 55, 56, 54, 25, 28, 27, 32, 30, 29, 31, 26, 17, 19, 18, 21, 23, 24, 22, 20, 0, 11, 14, 16, 13, 15, 12, 10, 9, 35, 34, 37, 40, 39, 38, 36, 33, 72, 71, 65, 66, 69, 67, 70, 68, 8, 7, 5, 6, 2, 1, 3, 4, 0, 41, 42, 43, 46, 44, 45, 47, 48, 63, 62, 60, 58, 57, 59, 61, 64, 0]
Elapsed time: 92.4969892501831

i:0	115938.04752703948
i:50	92548.43062835193
i:100	87973.56243884294
i:150	87857.54821809972
i:200	81157.67088653162
i:250	81157.67088653162
i:300	81157.67088653162
i:350	81157.67088653162
i:400	81157.67088653162
i:450	81157.67088653162
i:500	81157.67088653162
i:550	81157.67088653162
i:600	81157.67088653162
i:650	81157.67088653162
best: 81157.67088653162
routes: [0, 73, 74, 75, 79, 77, 78, 80, 76, 49, 51, 52, 55, 54, 56, 53, 50, 64, 61, 59, 58, 57, 63, 60, 62, 0, 41, 42, 43, 48, 46, 47, 45, 44, 68, 70, 66, 69, 67, 65, 71, 72, 8, 7, 5, 6, 2, 1, 3, 4, 0, 25, 28, 27, 26, 31, 30, 29, 32, 24, 20, 17, 19, 21, 23, 22, 18, 14, 16, 10, 9, 11, 13, 12, 15, 40, 39, 38, 36, 33, 35, 37, 34, 0]
Elapsed time: 111.49733018875122

i:0	119026.05609702271
i:50	82147.8103388207
i:100	80793.74820444896
i:150	80552.25426105739
i:200	79866.03259466507
i:250	79866.03259466507
i:300	79866.03259466507
i:350	79866.03259466507
i:400	79866.03259466507
i:450	79866.03259466507
i:500	79866.03259466507
i:550	79866.03259466507
i:600	79866.03259466507
i:650	79866.03259466507
best: 79866.03259466507
routes: [0, 44, 47, 45, 46, 42, 41, 43, 48, 63, 60, 62, 58, 57, 59, 61, 64, 0, 14, 16, 11, 12, 13, 15, 10, 9, 35, 40, 39, 37, 38, 36, 34, 33, 72, 71, 65, 66, 69, 67, 68, 70, 7, 8, 2, 1, 3, 6, 5, 4, 0, 73, 74, 75, 76, 77, 80, 79, 78, 50, 49, 51, 52, 53, 55, 56, 54, 25, 28, 27, 32, 30, 29, 31, 26, 17, 19, 18, 21, 23, 24, 22, 20, 0]
Elapsed time: 81.25110745429993

i:0	113577.96506403736
i:50	89533.18948599431
i:100	78284.2473787403
i:150	76286.71959386907
i:200	76286.71959386907
i:250	76286.71959386907
i:300	76286.71959386907
i:350	76286.71959386907
i:400	76286.71959386907
i:450	76286.71959386907
i:500	76286.71959386907
i:550	76286.71959386907
i:600	76286.71959386907
i:650	76286.71959386907
best: 76286.71959386907
routes: [0, 73, 74, 75, 76, 77, 79, 78, 80, 25, 31, 30, 29, 32, 27, 28, 26, 24, 23, 21, 22, 20, 17, 19, 18, 0, 49, 51, 52, 54, 55, 56, 53, 50, 64, 61, 59, 58, 57, 63, 60, 62, 48, 46, 47, 45, 44, 43, 41, 42, 0, 11, 14, 16, 13, 15, 12, 10, 9, 35, 34, 37, 40, 39, 38, 36, 33, 72, 71, 65, 66, 69, 67, 68, 70, 7, 8, 2, 1, 3, 6, 5, 4, 0]
Elapsed time: 96.84334397315979

i:0	114819.18103995509
i:50	90110.47985757265
i:100	85323.82825701717
i:150	85014.10943727952
i:200	85014.10943727952
i:250	85014.10943727952
i:300	85014.10943727952
i:350	85014.10943727952
i:400	85014.10943727952
i:450	85014.10943727952
i:500	85014.10943727952
i:550	85014.10943727952
i:600	85014.10943727952
i:650	85014.10943727952
best: 85014.10943727952
routes: [0, 44, 45, 46, 43, 41, 42, 47, 48, 63, 61, 64, 60, 59, 58, 57, 62, 0, 9, 13, 16, 14, 11, 10, 12, 15, 40, 39, 38, 36, 37, 35, 34, 33, 71, 65, 72, 69, 67, 66, 68, 70, 0, 75, 74, 73, 76, 79, 77, 78, 80, 55, 54, 56, 50, 49, 51, 53, 52, 25, 28, 27, 32, 30, 29, 31, 26, 17, 19, 21, 23, 24, 22, 20, 18, 0, 3, 5, 6, 7, 8, 2, 1, 4, 0]
Elapsed time: 87.14010620117188

i:0	117065.75668052949
i:50	89570.50136556802
i:100	79020.616995698
i:150	75404.97787817259
i:200	75404.97787817259
i:250	75404.97787817259
i:300	75404.97787817259
i:350	75404.97787817259
i:400	75404.97787817259
i:450	75404.97787817259
i:500	75404.97787817259
i:550	75404.97787817259
i:600	75404.97787817259
i:650	75404.97787817259
best: 75404.97787817259
routes: [0, 35, 40, 39, 38, 36, 37, 34, 33, 72, 71, 65, 66, 69, 67, 68, 70, 7, 8, 2, 1, 3, 6, 5, 4, 0, 41, 42, 43, 46, 44, 45, 47, 48, 62, 60, 61, 59, 58, 57, 63, 64, 50, 49, 51, 54, 55, 56, 53, 52, 0, 73, 74, 75, 76, 77, 80, 79, 78, 25, 30, 29, 31, 32, 28, 27, 26, 24, 23, 21, 22, 20, 17, 19, 18, 14, 16, 13, 15, 12, 11, 9, 10, 0]
Elapsed time: 94.16514205932617

i:0	116003.63834666798
i:50	93751.7261618876
i:100	81282.70908701801
i:150	75579.6937813192
i:200	75411.51835313282
i:250	75411.51835313282
i:300	75411.51835313282
i:350	75411.51835313282
i:400	75411.51835313282
i:450	75411.51835313282
i:500	75411.51835313282
i:550	75411.51835313282
i:600	75411.51835313282
i:650	75411.51835313282
best: 75411.51835313282
routes: [0, 4, 5, 6, 3, 1, 2, 8, 7, 70, 68, 67, 66, 69, 65, 71, 72, 33, 35, 40, 39, 38, 36, 37, 34, 0, 41, 42, 43, 46, 44, 45, 47, 48, 63, 62, 60, 58, 57, 59, 61, 64, 50, 49, 51, 52, 53, 56, 54, 55, 74, 73, 75, 76, 77, 80, 79, 78, 0, 25, 28, 27, 32, 30, 29, 31, 26, 20, 17, 21, 23, 24, 22, 19, 18, 14, 11, 9, 10, 12, 13, 15, 16, 0]
Elapsed time: 95.77124238014221

i:0	121603.93721673114
i:50	89278.0041144962
i:100	88420.65989952828
i:150	81062.4593333635
i:200	80874.84290597614
i:250	80874.84290597614
i:300	80874.84290597614
i:350	80874.84290597614
i:400	80874.84290597614
i:450	80874.84290597614
i:500	80874.84290597614
i:550	80874.84290597614
i:600	80874.84290597614
i:650	80874.84290597614
best: 80874.84290597614
routes: [0, 73, 74, 78, 76, 77, 79, 75, 80, 55, 56, 54, 52, 53, 49, 51, 50, 25, 28, 27, 32, 30, 29, 31, 26, 0, 17, 23, 24, 22, 20, 19, 21, 18, 14, 16, 13, 15, 12, 11, 10, 9, 35, 34, 37, 40, 39, 38, 36, 33, 71, 65, 67, 66, 69, 72, 70, 68, 0, 4, 1, 2, 3, 5, 6, 7, 8, 60, 63, 64, 61, 59, 58, 57, 62, 48, 46, 47, 45, 44, 43, 41, 42, 0]
Elapsed time: 98.89198875427246

i:0	118280.37180304274
i:50	92955.94292333987
i:100	90697.65442101672
i:150	80613.71950039608
i:200	80347.93616465968
i:250	80347.93616465968
i:300	80347.93616465968
i:350	80347.93616465968
i:400	80347.93616465968
i:450	80347.93616465968
i:500	80347.93616465968
i:550	80347.93616465968
i:600	80347.93616465968
i:650	80347.93616465968
best: 80347.93616465968
routes: [0, 9, 11, 14, 16, 13, 15, 12, 10, 40, 39, 38, 36, 37, 35, 34, 33, 72, 71, 65, 66, 69, 67, 70, 68, 0, 63, 64, 61, 59, 58, 60, 57, 62, 48, 42, 41, 43, 46, 47, 45, 44, 7, 8, 2, 1, 3, 6, 5, 4, 0, 76, 77, 80, 79, 78, 75, 73, 74, 55, 56, 53, 50, 49, 51, 52, 54, 25, 28, 27, 32, 30, 29, 31, 26, 17, 19, 21, 23, 24, 22, 20, 18, 0]
Elapsed time: 99.38329744338989

i:0	117256.39321471167
i:50	92759.73328217023
i:100	80619.28165152324
i:150	78876.5007594887
i:200	78876.5007594887
i:250	78876.5007594887
i:300	78876.5007594887
i:350	78876.5007594887
i:400	78876.5007594887
i:450	78876.5007594887
i:500	78876.5007594887
i:550	78876.5007594887
i:600	78876.5007594887
i:650	78876.5007594887
best: 78876.5007594887
routes: [0, 4, 5, 6, 3, 1, 2, 8, 7, 35, 39, 38, 36, 33, 34, 37, 40, 12, 10, 9, 11, 13, 15, 16, 14, 21, 23, 24, 22, 20, 17, 19, 18, 0, 70, 68, 67, 69, 71, 72, 65, 66, 60, 63, 64, 61, 59, 58, 57, 62, 48, 46, 47, 45, 44, 43, 41, 42, 0, 75, 76, 77, 80, 79, 78, 73, 74, 49, 50, 52, 51, 53, 55, 56, 54, 25, 32, 30, 29, 31, 28, 27, 26, 0]
Elapsed time: 92.16130924224854

i:0	117562.00892466948
i:50	88058.08245476923
i:100	81653.23920132128
i:150	80582.75399420058
i:200	80582.75399420058
i:250	80582.75399420058
i:300	80582.75399420058
i:350	80582.75399420058
i:400	80582.75399420058
i:450	80582.75399420058
i:500	80582.75399420058
i:550	80582.75399420058
i:600	80582.75399420058
i:650	80582.75399420058
best: 80582.75399420058
routes: [0, 73, 75, 78, 77, 76, 80, 79, 74, 52, 54, 55, 56, 53, 51, 49, 50, 25, 27, 30, 29, 31, 32, 26, 28, 0, 17, 22, 21, 23, 24, 20, 19, 18, 14, 16, 13, 15, 12, 11, 10, 9, 40, 39, 38, 36, 37, 35, 34, 33, 72, 71, 65, 66, 69, 67, 70, 68, 0, 4, 1, 2, 3, 5, 6, 7, 8, 60, 57, 59, 58, 61, 64, 63, 62, 48, 42, 41, 43, 46, 47, 45, 44, 0]
Elapsed time: 88.11999440193176

i:0	114225.83115986832
i:50	92512.25789530647
i:100	77981.03395509337
i:150	77663.19083801543
i:200	77663.19083801543
i:250	77663.19083801543
i:300	77663.19083801543
i:350	77663.19083801543
i:400	77663.19083801543
i:450	77663.19083801543
i:500	77663.19083801543
i:550	77663.19083801543
i:600	77663.19083801543
i:650	77663.19083801543
best: 77663.19083801543
routes: [0, 35, 40, 39, 38, 37, 36, 34, 33, 72, 71, 65, 66, 69, 67, 70, 68, 42, 41, 43, 48, 46, 47, 45, 44, 0, 73, 74, 75, 77, 76, 79, 78, 80, 54, 55, 56, 53, 52, 51, 50, 49, 64, 61, 59, 58, 57, 63, 60, 62, 0, 25, 28, 27, 32, 30, 29, 31, 26, 24, 23, 21, 22, 20, 17, 19, 18, 14, 16, 13, 15, 12, 11, 9, 10, 5, 6, 7, 8, 2, 1, 3, 4, 0]
Elapsed time: 85.53037452697754

i:0	124014.95988770502
i:50	87996.12779714049
i:100	80892.04273871175
i:150	75244.70344696907
i:200	74840.72347292495
i:250	74840.72347292495
i:300	74840.72347292495
i:350	74840.72347292495
i:400	74840.72347292495
i:450	74840.72347292495
i:500	74840.72347292495
i:550	74840.72347292495
i:600	74840.72347292495
i:650	74840.72347292495
best: 74840.72347292495
routes: [0, 41, 42, 43, 46, 44, 45, 47, 48, 63, 62, 60, 58, 57, 59, 61, 64, 50, 49, 51, 52, 53, 55, 56, 54, 0, 11, 14, 16, 13, 15, 12, 10, 9, 35, 40, 39, 38, 36, 37, 34, 33, 72, 71, 65, 66, 69, 67, 68, 70, 7, 8, 2, 1, 3, 6, 5, 4, 0, 74, 73, 75, 76, 77, 80, 79, 78, 25, 31, 30, 29, 32, 27, 28, 26, 17, 19, 18, 21, 23, 24, 22, 20, 0]
Elapsed time: 92.62810015678406

i:0	117380.18054239798
i:50	92134.29289392912
i:100	89162.07292270947
i:150	81681.47964175064
i:200	81495.7667892216
i:250	81495.7667892216
i:300	81495.7667892216
i:350	81495.7667892216
i:400	81495.7667892216
i:450	81495.7667892216
i:500	81495.7667892216
i:550	81495.7667892216
i:600	81495.7667892216
i:650	81495.7667892216
best: 81495.7667892216
routes: [0, 4, 1, 2, 3, 6, 5, 7, 8, 68, 67, 66, 69, 65, 71, 72, 70, 44, 45, 47, 48, 46, 43, 42, 41, 73, 74, 75, 76, 77, 80, 79, 78, 0, 62, 60, 58, 57, 59, 61, 63, 64, 50, 49, 51, 54, 55, 56, 53, 52, 0, 35, 34, 33, 36, 38, 39, 37, 40, 15, 12, 10, 9, 11, 13, 16, 14, 18, 17, 19, 21, 23, 24, 22, 20, 27, 28, 26, 30, 29, 31, 32, 25, 0]
Elapsed time: 93.75803089141846

i:0	123066.87719160877
i:50	90355.36727879611
i:100	86747.02980483756
i:150	78037.42459888382
i:200	77988.60051531573
i:250	77988.60051531573
i:300	77988.60051531573
i:350	77988.60051531573
i:400	77988.60051531573
i:450	77988.60051531573
i:500	77988.60051531573
i:550	77988.60051531573
i:600	77988.60051531573
i:650	77988.60051531573
best: 77988.60051531573
routes: [0, 73, 74, 75, 76, 77, 79, 78, 80, 54, 55, 56, 53, 52, 51, 50, 49, 64, 61, 59, 58, 57, 63, 60, 62, 0, 41, 42, 43, 48, 46, 47, 45, 44, 68, 70, 67, 66, 69, 65, 71, 72, 7, 8, 2, 1, 3, 6, 5, 4, 0, 35, 34, 33, 36, 38, 39, 37, 40, 15, 12, 10, 9, 11, 13, 16, 14, 18, 17, 19, 20, 22, 21, 23, 24, 26, 30, 29, 31, 32, 25, 27, 28, 0]
Elapsed time: 96.4635660648346

i:0	118948.29145955943
i:50	88392.76845970112
i:100	77044.8490985978
i:150	74196.16942199273
i:200	74035.4670160332
i:250	74035.4670160332
i:300	74035.4670160332
i:350	74035.4670160332
i:400	74035.4670160332
i:450	74035.4670160332
i:500	74035.4670160332
i:550	74035.4670160332
i:600	74035.4670160332
i:650	74035.4670160332
best: 74035.4670160332
routes: [0, 35, 40, 39, 38, 36, 37, 34, 33, 72, 71, 65, 66, 69, 67, 68, 70, 7, 8, 2, 1, 3, 6, 5, 4, 0, 41, 42, 43, 46, 44, 45, 47, 48, 63, 62, 60, 58, 57, 59, 61, 64, 54, 55, 56, 53, 52, 51, 50, 49, 73, 74, 75, 76, 77, 80, 79, 78, 0, 25, 28, 27, 26, 32, 31, 30, 29, 24, 23, 21, 22, 20, 17, 19, 18, 14, 11, 9, 10, 12, 13, 15, 16, 0]
Elapsed time: 92.07862114906311

mean: 78948.43702565426
std: 2769.1054239666446
mean-time: 93.47357053756714
std-time: 7.75551739177898