i:0	120342.61352134954
i:50	92936.32993818611
i:100	88914.3079614319
i:150	87586.1036978988
i:200	87586.1036978988
i:250	87586.1036978988
i:300	87586.1036978988
i:350	87586.1036978988
i:400	87586.1036978988
i:450	87586.1036978988
i:500	87586.1036978988
i:550	87586.1036978988
i:600	87586.1036978988
i:650	87586.1036978988
best: 87586.1036978988
routes: [0, 60, 58, 57, 59, 61, 64, 63, 62, 48, 43, 41, 42, 46, 47, 45, 44, 0, 25, 28, 27, 26, 32, 31, 30, 29, 24, 23, 21, 22, 20, 17, 19, 18, 0, 4, 3, 1, 2, 7, 8, 6, 5, 9, 11, 14, 13, 15, 16, 12, 10, 0, 73, 74, 75, 76, 77, 80, 79, 78, 54, 55, 56, 53, 50, 49, 51, 52, 0, 35, 40, 39, 38, 36, 37, 34, 33, 71, 72, 69, 67, 65, 66, 70, 68, 0]
Elapsed time: 71.37007522583008

i:0	126368.15193444498
i:50	95061.61688152494
i:100	90676.89683060952
i:150	89642.1489706569
i:200	89642.1489706569
i:250	89642.1489706569
i:300	89642.1489706569
i:350	89642.1489706569
i:400	89642.1489706569
i:450	89642.1489706569
i:500	89642.1489706569
i:550	89642.1489706569
i:600	89642.1489706569
i:650	89642.1489706569
best: 89642.1489706569
routes: [0, 73, 74, 75, 80, 79, 78, 77, 76, 49, 51, 52, 54, 55, 56, 53, 50, 0, 4, 3, 1, 2, 7, 8, 6, 5, 9, 11, 14, 13, 15, 16, 12, 10, 0, 68, 70, 67, 69, 72, 71, 65, 66, 33, 35, 40, 39, 38, 36, 37, 34, 0, 41, 42, 43, 46, 44, 45, 47, 48, 64, 61, 59, 58, 57, 63, 60, 62, 0, 25, 27, 28, 30, 29, 31, 32, 26, 24, 23, 21, 22, 20, 17, 19, 18, 0]
Elapsed time: 70.56287693977356

i:0	118035.32200517599
i:50	98062.9779938573
i:100	92256.97135365912
i:150	90198.33826273665
i:200	90184.44124923705
i:250	90184.44124923705
i:300	90184.44124923705
i:350	90184.44124923705
i:400	90184.44124923705
i:450	90184.44124923705
i:500	90184.44124923705
i:550	90184.44124923705
i:600	90184.44124923705
i:650	90184.44124923705
best: 90184.44124923705
routes: [0, 41, 42, 43, 46, 44, 45, 47, 48, 64, 61, 59, 58, 57, 63, 60, 62, 0, 35, 40, 39, 38, 36, 37, 34, 33, 71, 72, 69, 67, 65, 66, 70, 68, 0, 9, 11, 14, 13, 15, 16, 12, 10, 7, 8, 6, 2, 1, 3, 5, 4, 0, 54, 55, 56, 53, 52, 51, 50, 49, 77, 76, 80, 79, 78, 75, 73, 74, 0, 17, 19, 18, 21, 24, 23, 22, 20, 26, 31, 30, 29, 32, 25, 27, 28, 0]
Elapsed time: 74.83468389511108

i:0	132854.29775967373
i:50	90754.27603877473
i:100	87934.5615251096
i:150	87761.12504594185
i:200	87761.12504594185
i:250	87761.12504594185
i:300	87761.12504594185
i:350	87761.12504594185
i:400	87761.12504594185
i:450	87761.12504594185
i:500	87761.12504594185
i:550	87761.12504594185
i:600	87761.12504594185
i:650	87761.12504594185
best: 87761.12504594185
routes: [0, 35, 34, 37, 40, 39, 38, 36, 33, 72, 71, 65, 66, 70, 69, 67, 68, 0, 73, 74, 75, 77, 80, 79, 78, 76, 54, 55, 56, 53, 50, 49, 51, 52, 0, 17, 19, 18, 21, 24, 23, 22, 20, 26, 30, 29, 31, 32, 27, 28, 25, 0, 4, 3, 1, 2, 7, 8, 6, 5, 9, 11, 10, 12, 13, 15, 16, 14, 0, 41, 42, 43, 46, 44, 45, 47, 48, 64, 61, 59, 58, 57, 63, 60, 62, 0]
Elapsed time: 63.452160358428955

i:0	123591.80444488599
i:50	94979.95461768215
i:100	89584.26521609533
i:150	89269.07268467042
i:200	88835.41946781943
i:250	88835.41946781943
i:300	88835.41946781943
i:350	88835.41946781943
i:400	88835.41946781943
i:450	88835.41946781943
i:500	88835.41946781943
i:550	88835.41946781943
i:600	88835.41946781943
i:650	88835.41946781943
best: 88835.41946781943
routes: [0, 70, 68, 67, 69, 65, 66, 71, 72, 33, 35, 40, 39, 38, 36, 37, 34, 0, 73, 74, 75, 76, 77, 80, 79, 78, 50, 49, 51, 52, 53, 55, 56, 54, 0, 25, 28, 27, 32, 31, 30, 29, 26, 24, 23, 21, 22, 20, 17, 19, 18, 0, 9, 11, 14, 13, 15, 16, 12, 10, 5, 7, 8, 6, 2, 1, 3, 4, 0, 41, 42, 43, 46, 44, 45, 47, 48, 64, 61, 59, 58, 57, 63, 60, 62, 0]
Elapsed time: 67.25989007949829

i:0	116326.5594859521
i:50	93764.67818190253
i:100	89330.68666236583
i:150	88873.20134033191
i:200	88708.53532849897
i:250	88708.53532849897
i:300	88708.53532849897
i:350	88708.53532849897
i:400	88708.53532849897
i:450	88708.53532849897
i:500	88708.53532849897
i:550	88708.53532849897
i:600	88708.53532849897
i:650	88708.53532849897
best: 88708.53532849897
routes: [0, 73, 74, 75, 76, 77, 80, 79, 78, 54, 55, 56, 53, 50, 49, 51, 52, 0, 4, 5, 6, 3, 1, 2, 8, 7, 9, 11, 10, 12, 13, 15, 16, 14, 0, 41, 42, 43, 46, 44, 45, 47, 48, 64, 61, 59, 58, 57, 63, 60, 62, 0, 70, 68, 67, 69, 65, 66, 71, 72, 33, 35, 40, 39, 38, 36, 37, 34, 0, 17, 19, 18, 21, 22, 20, 23, 24, 31, 30, 29, 32, 25, 28, 27, 26, 0]
Elapsed time: 68.37753939628601

i:0	126215.2596978305
i:50	94384.8348178193
i:100	88729.89700424644
i:150	88565.23099241348
i:200	88565.23099241348
i:250	88565.23099241348
i:300	88565.23099241348
i:350	88565.23099241348
i:400	88565.23099241348
i:450	88565.23099241348
i:500	88565.23099241348
i:550	88565.23099241348
i:600	88565.23099241348
i:650	88565.23099241348
best: 88565.23099241348
routes: [0, 4, 3, 1, 2, 7, 8, 6, 5, 9, 11, 10, 12, 13, 15, 16, 14, 0, 70, 68, 67, 69, 65, 66, 71, 72, 33, 35, 40, 39, 38, 36, 37, 34, 0, 73, 74, 75, 76, 77, 80, 79, 78, 49, 51, 52, 54, 55, 56, 53, 50, 0, 25, 28, 27, 32, 31, 30, 29, 26, 24, 23, 21, 22, 20, 17, 19, 18, 0, 41, 42, 43, 46, 44, 45, 47, 48, 63, 62, 60, 58, 57, 59, 61, 64, 0]
Elapsed time: 68.39701771736145

i:0	128323.55934981898
i:50	93241.33835815213
i:100	91041.37751234489
i:150	89772.79741458647
i:200	89625.91756221832
i:250	89625.91756221832
i:300	89625.91756221832
i:350	89625.91756221832
i:400	89625.91756221832
i:450	89625.91756221832
i:500	89625.91756221832
i:550	89625.91756221832
i:600	89625.91756221832
i:650	89625.91756221832
best: 89625.91756221832
routes: [0, 25, 28, 27, 30, 29, 31, 32, 26, 17, 19, 18, 21, 24, 23, 22, 20, 0, 62, 60, 63, 64, 61, 59, 58, 57, 48, 46, 47, 45, 44, 43, 41, 42, 0, 73, 74, 75, 76, 77, 80, 79, 78, 54, 55, 56, 53, 50, 49, 51, 52, 0, 9, 11, 14, 13, 15, 16, 12, 10, 5, 7, 8, 6, 2, 1, 3, 4, 0, 35, 34, 37, 40, 39, 38, 36, 33, 71, 65, 69, 67, 66, 72, 70, 68, 0]
Elapsed time: 65.05649781227112

i:0	119881.32366625319
i:50	96392.71830898912
i:100	91211.88163032015
i:150	88962.39157006006
i:200	88962.39157006006
i:250	88962.39157006006
i:300	88962.39157006006
i:350	88962.39157006006
i:400	88962.39157006006
i:450	88962.39157006006
i:500	88962.39157006006
i:550	88962.39157006006
i:600	88962.39157006006
i:650	88962.39157006006
best: 88962.39157006006
routes: [0, 73, 74, 75, 77, 80, 79, 78, 76, 54, 55, 56, 53, 50, 49, 51, 52, 0, 70, 68, 67, 69, 65, 66, 71, 72, 33, 36, 38, 39, 37, 34, 35, 40, 0, 4, 3, 1, 2, 7, 8, 6, 5, 9, 11, 10, 12, 13, 15, 16, 14, 0, 64, 61, 59, 58, 57, 63, 60, 62, 48, 46, 47, 45, 44, 43, 41, 42, 0, 27, 28, 25, 32, 31, 30, 29, 26, 24, 23, 21, 22, 20, 19, 17, 18, 0]
Elapsed time: 74.39828705787659

i:0	129881.2386052405
i:50	92810.69035020006
i:100	90437.76187995507
i:150	90295.1125534193
i:200	89553.01068391532
i:250	89553.01068391532
i:300	89553.01068391532
i:350	89553.01068391532
i:400	89553.01068391532
i:450	89553.01068391532
i:500	89553.01068391532
i:550	89553.01068391532
i:600	89553.01068391532
i:650	89553.01068391532
best: 89553.01068391532
routes: [0, 11, 14, 13, 15, 16, 12, 10, 9, 35, 34, 33, 36, 38, 39, 37, 40, 0, 73, 74, 75, 77, 80, 79, 78, 76, 54, 55, 56, 53, 50, 49, 51, 52, 0, 41, 42, 46, 47, 45, 44, 43, 48, 63, 64, 61, 59, 58, 57, 62, 60, 0, 4, 5, 6, 3, 1, 2, 8, 7, 70, 68, 67, 69, 72, 71, 65, 66, 0, 25, 28, 27, 32, 31, 30, 29, 26, 24, 23, 22, 21, 20, 17, 19, 18, 0]
Elapsed time: 63.11061191558838

i:0	124567.01103695875
i:50	95197.97917634828
i:100	89961.98623321694
i:150	88120.95266166881
i:200	88120.95266166881
i:250	88120.95266166881
i:300	88120.95266166881
i:350	88120.95266166881
i:400	88120.95266166881
i:450	88120.95266166881
i:500	88120.95266166881
i:550	88120.95266166881
i:600	88120.95266166881
i:650	88120.95266166881
best: 88120.95266166881
routes: [0, 73, 74, 75, 77, 80, 79, 78, 76, 50, 49, 51, 52, 53, 55, 56, 54, 0, 25, 32, 30, 29, 31, 28, 27, 26, 24, 23, 21, 22, 20, 17, 19, 18, 0, 41, 42, 43, 46, 44, 45, 47, 48, 60, 57, 59, 58, 61, 64, 63, 62, 0, 4, 1, 2, 3, 6, 7, 8, 5, 9, 11, 14, 13, 15, 16, 12, 10, 0, 35, 40, 39, 38, 36, 37, 34, 33, 71, 72, 69, 67, 65, 66, 70, 68, 0]
Elapsed time: 74.83052921295166

i:0	125267.31846930485
i:50	89670.63419090914
i:100	88558.26864011139
i:150	87496.21460225341
i:200	87496.21460225341
i:250	87496.21460225341
i:300	87496.21460225341
i:350	87496.21460225341
i:400	87496.21460225341
i:450	87496.21460225341
i:500	87496.21460225341
i:550	87496.21460225341
i:600	87496.21460225341
i:650	87496.21460225341
best: 87496.21460225341
routes: [0, 4, 3, 1, 2, 7, 8, 6, 5, 9, 11, 10, 12, 13, 15, 16, 14, 0, 73, 74, 75, 77, 80, 79, 78, 76, 54, 55, 56, 53, 50, 49, 51, 52, 0, 35, 40, 39, 38, 36, 37, 34, 33, 71, 72, 69, 67, 65, 66, 70, 68, 0, 41, 42, 43, 46, 44, 45, 47, 48, 63, 62, 60, 58, 57, 59, 61, 64, 0, 25, 28, 27, 32, 31, 30, 29, 26, 24, 23, 22, 21, 20, 17, 19, 18, 0]
Elapsed time: 64.68224167823792

i:0	136015.76221748433
i:50	89653.80116440477
i:100	88659.21922378859
i:150	88294.97959787384
i:200	88294.97959787384
i:250	88294.97959787384
i:300	88294.97959787384
i:350	88294.97959787384
i:400	88294.97959787384
i:450	88294.97959787384
i:500	88294.97959787384
i:550	88294.97959787384
i:600	88294.97959787384
i:650	88294.97959787384
best: 88294.97959787384
routes: [0, 4, 5, 6, 3, 1, 2, 8, 7, 9, 11, 10, 12, 13, 15, 16, 14, 0, 41, 42, 43, 46, 44, 45, 47, 48, 63, 64, 61, 59, 58, 57, 62, 60, 0, 35, 40, 39, 38, 36, 37, 34, 33, 71, 72, 69, 67, 65, 66, 70, 68, 0, 80, 79, 78, 76, 77, 75, 73, 74, 49, 51, 50, 52, 53, 55, 56, 54, 0, 25, 28, 27, 32, 31, 30, 29, 26, 24, 23, 22, 21, 20, 17, 19, 18, 0]
Elapsed time: 64.67473125457764

i:0	126639.53381138906
i:50	91820.31341909833
i:100	89407.81804916915
i:150	89407.81804916915
i:200	89407.81804916915
i:250	89407.81804916915
i:300	89407.81804916915
i:350	89407.81804916915
i:400	89407.81804916915
i:450	89407.81804916915
i:500	89407.81804916915
i:550	89407.81804916915
i:600	89407.81804916915
i:650	89407.81804916915
best: 89407.81804916915
routes: [0, 41, 42, 43, 46, 44, 45, 47, 48, 64, 61, 59, 58, 57, 63, 60, 62, 0, 73, 74, 75, 77, 80, 79, 78, 76, 49, 51, 52, 54, 55, 56, 53, 50, 0, 4, 3, 1, 2, 7, 8, 6, 5, 9, 11, 14, 13, 15, 16, 12, 10, 0, 70, 68, 67, 69, 65, 66, 71, 72, 33, 35, 40, 39, 38, 36, 37, 34, 0, 17, 19, 18, 21, 24, 23, 22, 20, 30, 29, 31, 32, 25, 28, 27, 26, 0]
Elapsed time: 64.09159517288208

i:0	130940.4403125977
i:50	92946.25083454253
i:100	89260.27250844316
i:150	89260.27250844316
i:200	89260.27250844316
i:250	89260.27250844316
i:300	89260.27250844316
i:350	89260.27250844316
i:400	89260.27250844316
i:450	89260.27250844316
i:500	89260.27250844316
i:550	89260.27250844316
i:600	89260.27250844316
i:650	89260.27250844316
best: 89260.27250844316
routes: [0, 4, 7, 8, 6, 2, 1, 3, 5, 9, 11, 10, 12, 13, 15, 16, 14, 0, 41, 42, 43, 46, 44, 45, 47, 48, 60, 57, 59, 58, 61, 64, 63, 62, 0, 70, 68, 67, 69, 65, 66, 71, 72, 33, 36, 38, 39, 37, 34, 35, 40, 0, 73, 74, 75, 77, 80, 79, 78, 76, 54, 55, 56, 53, 50, 49, 51, 52, 0, 17, 19, 18, 21, 24, 23, 22, 20, 30, 29, 31, 32, 25, 28, 27, 26, 0]
Elapsed time: 66.48230814933777

i:0	124597.37204248484
i:50	90665.7313145859
i:100	88474.82964374055
i:150	88345.01883060363
i:200	88345.01883060363
i:250	88345.01883060363
i:300	88345.01883060363
i:350	88345.01883060363
i:400	88345.01883060363
i:450	88345.01883060363
i:500	88345.01883060363
i:550	88345.01883060363
i:600	88345.01883060363
i:650	88345.01883060363
best: 88345.01883060363
routes: [0, 73, 74, 75, 76, 77, 80, 79, 78, 54, 55, 56, 53, 50, 49, 51, 52, 0, 35, 34, 37, 40, 39, 38, 36, 33, 71, 72, 69, 67, 65, 66, 70, 68, 0, 4, 3, 1, 2, 7, 8, 6, 5, 9, 11, 10, 12, 13, 15, 16, 14, 0, 62, 60, 63, 64, 61, 59, 58, 57, 48, 46, 47, 45, 44, 43, 41, 42, 0, 25, 27, 28, 32, 31, 30, 29, 26, 24, 23, 21, 22, 18, 17, 19, 20, 0]
Elapsed time: 63.621989727020264

i:0	129593.00134511774
i:50	97022.79901361979
i:100	88177.910455773
i:150	86836.56994873981
i:200	86836.56994873981
i:250	86836.56994873981
i:300	86836.56994873981
i:350	86836.56994873981
i:400	86836.56994873981
i:450	86836.56994873981
i:500	86836.56994873981
i:550	86836.56994873981
i:600	86836.56994873981
i:650	86836.56994873981
best: 86836.56994873981
routes: [0, 35, 34, 37, 40, 39, 38, 36, 33, 71, 72, 69, 67, 65, 66, 70, 68, 0, 25, 28, 27, 32, 31, 30, 29, 26, 24, 23, 21, 22, 20, 17, 19, 18, 0, 4, 3, 1, 2, 7, 8, 6, 5, 9, 11, 10, 12, 13, 15, 16, 14, 0, 73, 74, 75, 76, 77, 80, 79, 78, 54, 55, 56, 53, 50, 49, 51, 52, 0, 41, 42, 43, 46, 44, 45, 47, 48, 63, 64, 61, 59, 58, 57, 62, 60, 0]
Elapsed time: 69.73211717605591

i:0	124938.17334027853
i:50	94025.74222043804
i:100	87998.69575462416
i:150	87544.78352725762
i:200	87544.78352725762
i:250	87544.78352725762
i:300	87544.78352725762
i:350	87544.78352725762
i:400	87544.78352725762
i:450	87544.78352725762
i:500	87544.78352725762
i:550	87544.78352725762
i:600	87544.78352725762
i:650	87544.78352725762
best: 87544.78352725762
routes: [0, 73, 74, 75, 77, 80, 79, 78, 76, 50, 49, 51, 52, 53, 55, 56, 54, 0, 25, 28, 27, 26, 32, 31, 30, 29, 24, 23, 21, 22, 20, 17, 19, 18, 0, 60, 58, 57, 59, 61, 64, 63, 62, 48, 46, 47, 45, 44, 43, 41, 42, 0, 4, 3, 1, 2, 7, 8, 6, 5, 9, 11, 10, 12, 13, 15, 16, 14, 0, 35, 40, 39, 38, 36, 37, 34, 33, 71, 72, 69, 67, 65, 66, 70, 68, 0]
Elapsed time: 70.06020450592041

i:0	127223.80698053831
i:50	95017.78250131698
i:100	90276.57363796803
i:150	90276.57363796803
i:200	90100.07496623581
i:250	90100.07496623581
i:300	90100.07496623581
i:350	90100.07496623581
i:400	90100.07496623581
i:450	90100.07496623581
i:500	90100.07496623581
i:550	90100.07496623581
i:600	90100.07496623581
i:650	90100.07496623581
best: 90100.07496623581
routes: [0, 4, 3, 1, 2, 7, 8, 6, 5, 9, 11, 10, 12, 13, 15, 16, 14, 0, 17, 19, 18, 21, 24, 23, 22, 20, 26, 31, 30, 29, 32, 27, 28, 25, 0, 68, 70, 67, 69, 72, 71, 65, 66, 33, 35, 40, 39, 38, 36, 37, 34, 0, 75, 77, 80, 79, 78, 76, 73, 74, 49, 51, 52, 54, 55, 56, 53, 50, 0, 60, 58, 57, 59, 61, 64, 63, 62, 48, 46, 47, 45, 44, 43, 41, 42, 0]
Elapsed time: 66.7168436050415

i:0	130714.66509528377
i:50	94093.38479165183
i:100	87898.64723023589
i:150	86933.107335946
i:200	86933.107335946
i:250	86933.107335946
i:300	86933.107335946
i:350	86933.107335946
i:400	86933.107335946
i:450	86933.107335946
i:500	86933.107335946
i:550	86933.107335946
i:600	86933.107335946
i:650	86933.107335946
best: 86933.107335946
routes: [0, 73, 74, 75, 76, 77, 80, 79, 78, 54, 55, 56, 53, 50, 49, 51, 52, 0, 4, 5, 6, 3, 1, 2, 8, 7, 9, 11, 10, 12, 13, 15, 16, 14, 0, 35, 40, 39, 38, 36, 37, 34, 33, 71, 72, 69, 67, 65, 66, 70, 68, 0, 25, 28, 27, 32, 31, 30, 29, 26, 24, 23, 21, 22, 20, 17, 19, 18, 0, 41, 42, 43, 46, 44, 45, 47, 48, 63, 64, 61, 59, 58, 57, 62, 60, 0]
Elapsed time: 69.07878088951111

mean: 88588.20582984257
std: 985.7041386396083
mean-time: 68.03954908847808
std-time: 3.70923520201705