-g=1e-05, -a=7, -f=80, -s=30
i:0	64675.24427251765
i:50	52263.86739243695
i:100	50807.67298155074
i:150	49865.982841069475
i:200	49690.66416813669
i:250	49690.66416813669
i:300	49690.66416813669
i:350	49690.66416813669
i:400	49690.66416813669
i:450	49690.66416813669
best: 49690.66416813669
routes: [0, 39, 40, 37, 38, 36, 35, 34, 33, 31, 32, 11, 13, 12, 15, 19, 20, 18, 17, 16, 14, 0, 4, 1, 2, 3, 6, 5, 10, 7, 8, 9, 50, 44, 46, 49, 45, 43, 42, 41, 47, 48, 21, 24, 26, 29, 30, 28, 27, 25, 23, 22, 0]
Elapsed time: 305.6076693534851

i:0	66231.64594518991
i:50	51129.37057060533
i:100	48982.04618611312
i:150	48195.043601328405
i:200	48177.82345998271
i:250	48177.82345998271
i:300	48177.82345998271
i:350	48177.82345998271
i:400	48177.82345998271
i:450	48177.82345998271
best: 48177.82345998271
routes: [0, 4, 1, 2, 3, 6, 5, 10, 7, 8, 9, 50, 44, 46, 49, 45, 43, 42, 41, 47, 48, 21, 22, 23, 25, 24, 26, 29, 30, 27, 28, 0, 31, 32, 33, 34, 35, 38, 37, 36, 39, 40, 11, 13, 12, 15, 17, 19, 20, 18, 16, 14, 0]
Elapsed time: 295.11508321762085

i:0	64018.115828712886
i:50	49721.97737052404
i:100	48589.799156117704
i:150	48008.094363607874
i:200	47254.63081847888
i:250	47254.63081847888
i:300	47254.63081847888
i:350	47254.63081847888
i:400	47254.63081847888
i:450	47254.63081847888
best: 47254.63081847888
routes: [0, 4, 5, 6, 10, 7, 9, 8, 3, 2, 1, 31, 32, 33, 34, 35, 38, 37, 36, 39, 40, 0, 50, 44, 46, 49, 45, 43, 42, 41, 47, 48, 21, 22, 23, 25, 24, 26, 29, 30, 27, 28, 15, 17, 19, 20, 18, 16, 14, 11, 13, 12, 0]
Elapsed time: 325.71130108833313

i:0	65422.88807542067
i:50	51699.59320053921
i:100	50933.23522249237
i:150	49101.88917357926
i:200	49101.88917357926
i:250	48879.732052886844
i:300	48879.732052886844
i:350	48879.732052886844
i:400	48879.732052886844
i:450	48879.732052886844
best: 48879.732052886844
routes: [0, 4, 1, 2, 3, 6, 5, 10, 7, 8, 9, 50, 44, 43, 42, 41, 47, 45, 46, 49, 48, 21, 22, 23, 25, 24, 26, 29, 30, 27, 28, 0, 31, 32, 33, 34, 35, 38, 37, 36, 39, 40, 11, 13, 12, 15, 17, 19, 20, 18, 16, 14, 0]
Elapsed time: 299.1310498714447

i:0	62058.83099524853
i:50	51744.853083354305
i:100	51173.45917189741
i:150	50711.73717726792
i:200	50356.48740447698
i:250	50059.694244888786
i:300	50059.694244888786
i:350	50059.694244888786
i:400	50059.694244888786
i:450	50059.694244888786
best: 50059.694244888786
routes: [0, 4, 1, 2, 3, 6, 5, 10, 7, 8, 9, 50, 44, 46, 49, 45, 43, 42, 41, 47, 48, 21, 22, 23, 25, 24, 26, 29, 30, 27, 28, 0, 31, 33, 35, 38, 39, 40, 36, 37, 34, 32, 11, 15, 17, 19, 20, 18, 16, 14, 13, 12, 0]
Elapsed time: 293.8244800567627

i:0	62476.86039999619
i:50	48728.421415596255
i:100	46704.15045533037
i:150	46142.928799307905
i:200	46097.248833648424
i:250	46097.248833648424
i:300	46097.248833648424
i:350	46097.248833648424
i:400	46097.248833648424
i:450	46097.248833648424
best: 46097.248833648424
routes: [0, 23, 24, 26, 29, 30, 28, 27, 25, 22, 21, 48, 47, 41, 42, 43, 45, 46, 49, 50, 44, 9, 10, 7, 8, 2, 1, 3, 6, 5, 4, 0, 11, 13, 12, 15, 17, 19, 20, 18, 16, 14, 39, 40, 36, 37, 38, 35, 34, 33, 31, 32, 0]
Elapsed time: 290.71356415748596

i:0	60435.06936021881
i:50	50369.49267251862
i:100	50079.801918575686
i:150	49692.30924146171
i:200	49337.059468670785
i:250	49244.75081648715
i:300	49244.75081648715
i:350	49244.75081648715
i:400	49244.75081648715
i:450	49244.75081648715
best: 49244.75081648715
routes: [0, 13, 16, 17, 15, 19, 20, 18, 14, 12, 11, 31, 32, 33, 35, 38, 37, 39, 40, 36, 34, 0, 4, 5, 10, 3, 6, 1, 2, 8, 7, 9, 50, 44, 46, 49, 45, 43, 42, 41, 47, 48, 21, 22, 23, 25, 24, 26, 29, 30, 27, 28, 0]
Elapsed time: 316.9053590297699

i:0	67767.51043777117
i:50	50467.390190628044
i:100	48623.74703110088
i:150	47790.91586654982
i:200	47435.66609375888
i:250	47418.445952413174
i:300	47418.445952413174
i:350	47418.445952413174
i:400	47418.445952413174
i:450	47418.445952413174
best: 47418.445952413174
routes: [0, 4, 1, 2, 3, 6, 5, 10, 7, 8, 9, 50, 44, 46, 49, 45, 43, 42, 41, 47, 48, 21, 25, 24, 26, 29, 30, 27, 28, 23, 22, 0, 11, 12, 13, 15, 17, 19, 20, 18, 16, 14, 31, 32, 33, 34, 35, 38, 37, 36, 39, 40, 0]
Elapsed time: 301.0805103778839

i:0	65882.42393727544
i:50	49108.88644920646
i:100	48663.07062550227
i:150	47199.27073471717
i:200	46902.47757512897
i:250	46902.47757512897
i:300	46902.47757512897
i:350	46902.47757512897
i:400	46902.47757512897
i:450	46902.47757512897
best: 46902.47757512897
routes: [0, 4, 5, 10, 6, 3, 1, 2, 8, 7, 9, 50, 44, 46, 49, 45, 43, 42, 41, 47, 48, 21, 22, 23, 25, 24, 26, 29, 30, 27, 28, 0, 12, 13, 15, 17, 19, 20, 18, 16, 14, 11, 31, 32, 33, 34, 35, 38, 37, 36, 39, 40, 0]
Elapsed time: 290.40802454948425

i:0	69232.02886659512
i:50	48694.604167870755
i:100	47792.896914935525
i:150	47179.30944498372
i:200	47168.524200196116
i:250	47168.524200196116
i:300	47168.524200196116
i:350	47168.524200196116
i:400	47168.524200196116
i:450	47168.524200196116
best: 47168.524200196116
routes: [0, 11, 12, 13, 15, 17, 19, 20, 18, 16, 14, 31, 32, 33, 34, 35, 38, 37, 36, 39, 40, 0, 23, 22, 25, 27, 29, 30, 28, 26, 24, 21, 46, 44, 43, 42, 41, 47, 48, 45, 49, 50, 8, 7, 9, 10, 5, 6, 2, 1, 3, 4, 0]
Elapsed time: 308.207772731781

i:0	66625.16503921612
i:50	52360.608967382235
i:100	51246.99916587561
i:150	50060.323302203644
i:200	50060.323302203644
i:250	50060.323302203644
i:300	50060.323302203644
i:350	50060.323302203644
i:400	50060.323302203644
i:450	50060.323302203644
best: 50060.323302203644
routes: [0, 31, 32, 33, 34, 35, 38, 37, 36, 39, 40, 1, 3, 2, 8, 7, 9, 10, 5, 6, 4, 0, 23, 24, 26, 29, 30, 28, 27, 25, 22, 21, 48, 47, 41, 42, 43, 45, 46, 49, 50, 44, 11, 13, 12, 15, 17, 19, 20, 18, 16, 14, 0]
Elapsed time: 300.8125627040863

