-g=1e-05, -a=7, -f=80, -s=30
i:0	124969.64337317357
i:50	79310.28521761902
i:100	76199.7545748253
i:150	75023.80467671325
i:200	75004.86613814274
i:250	75004.86613814274
i:300	75004.86613814274
i:350	75004.86613814274
i:400	75004.86613814274
i:450	75004.86613814274
best: 75004.86613814274
routes: [0, 21, 23, 22, 25, 27, 29, 30, 28, 26, 24, 33, 32, 37, 36, 35, 40, 39, 38, 34, 31, 69, 70, 66, 67, 68, 65, 64, 63, 61, 62, 0, 4, 10, 9, 7, 8, 2, 1, 3, 6, 5, 11, 12, 13, 15, 18, 16, 20, 19, 17, 14, 48, 43, 45, 47, 49, 50, 46, 44, 41, 42, 0, 51, 52, 53, 56, 54, 55, 57, 59, 60, 58, 76, 74, 71, 72, 73, 75, 78, 77, 79, 80, 0]
Elapsed time: 458.5410096645355

i:0	118460.72998345133
i:50	80342.2183070647
i:100	79146.20491544409
i:150	77139.17249293158
i:200	77058.31356416509
i:250	77058.31356416509
i:300	77058.31356416509
i:350	77058.31356416509
i:400	77058.31356416509
i:450	77058.31356416509
