-g=0.9, -a=1, -f=100, -s=1
-a=7, -g=0.00035996251566661246, -f=35, -s=30
i:0	172309.9372098642
i:50	161340.24203123467
i:100	150907.57186944076
i:150	129499.97874287856
i:200	110026.35066199646
i:250	108025.51636841251
i:300	108025.51636841251
i:350	108025.51636841251
i:400	108025.51636841251
i:450	108025.51636841251
best: 108025.51636841251
routes: [0, 43, 47, 49, 50, 46, 44, 41, 42, 45, 48, 0, 91, 92, 93, 94, 95, 96, 97, 98, 99, 100, 31, 32, 37, 36, 35, 40, 39, 38, 33, 34, 0, 51, 52, 53, 56, 54, 55, 57, 59, 60, 58, 76, 77, 79, 80, 78, 75, 73, 72, 71, 74, 0, 90, 86, 89, 88, 87, 81, 82, 85, 83, 84, 0, 1, 2, 3, 5, 6, 7, 8, 9, 10, 4, 0, 61, 62, 63, 65, 69, 70, 66, 67, 68, 64, 0, 21, 22, 25, 27, 29, 30, 28, 26, 23, 24, 0, 13, 11, 12, 14, 15, 18, 17, 19, 20, 16, 0]
Elapsed time: 62.96733641624451

-a=9, -g=0.0007337596848432416, -f=25, -s=103
i:0	175123.62240473824
i:50	159383.3907797769
i:100	159353.8981984683
i:150	158903.6157627358
i:200	158903.6157627358
i:250	140858.33667763227
i:300	136576.52397100916
i:350	135817.36688343273
i:400	134669.7685931206
i:450	127057.31985100066
best: 126711.72391894038
routes: [0, 55, 54, 57, 59, 60, 58, 56, 53, 52, 51, 92, 91, 93, 94, 97, 98, 96, 95, 99, 100, 0, 13, 18, 17, 19, 20, 16, 14, 15, 12, 11, 0, 43, 44, 46, 41, 42, 45, 47, 49, 50, 48, 0, 68, 67, 69, 70, 66, 65, 64, 61, 63, 62, 0, 31, 38, 37, 36, 35, 40, 39, 32, 33, 34, 0, 21, 24, 26, 23, 22, 29, 27, 25, 30, 28, 0, 86, 89, 87, 88, 85, 82, 81, 83, 90, 84, 0, 1, 2, 8, 9, 7, 6, 10, 5, 3, 4, 0, 76, 71, 72, 73, 74, 79, 77, 75, 78, 80, 0]
Elapsed time: 61.37320327758789

-a=5, -g=0.0005419540515066018, -f=41, -s=127
i:0	171194.09225381067
i:50	157692.63110175505
i:100	157692.63110175505
i:150	153208.03624302242
i:200	153208.03624302242
i:250	153208.03624302242
i:300	152666.6625839216
i:350	129522.83948531438
i:400	118814.41474099258
i:450	116212.46238559928
best: 113556.003144778
routes: [0, 21, 22, 29, 30, 28, 26, 27, 25, 23, 24, 0, 90, 84, 81, 87, 88, 86, 89, 85, 83, 82, 0, 4, 5, 6, 2, 8, 7, 9, 10, 3, 1, 0, 95, 98, 97, 99, 100, 96, 94, 93, 91, 92, 0, 43, 42, 41, 44, 47, 48, 45, 46, 49, 50, 0, 13, 17, 18, 20, 16, 11, 12, 15, 14, 19, 35, 36, 40, 37, 38, 39, 31, 33, 34, 32, 0, 69, 70, 67, 68, 66, 63, 62, 61, 65, 64, 0, 51, 52, 53, 56, 54, 55, 57, 59, 60, 58, 79, 77, 76, 74, 71, 72, 73, 75, 78, 80, 0]
Elapsed time: 162.5466752052307

-a=9, -g=0.0005611679807723334, -f=24, -s=61
i:0	182806.7731339403
i:50	159779.87202737323
i:100	143765.61367555652
i:150	135492.3567440686
i:200	125606.71217771692
i:250	121432.10803009085
i:300	117097.73786670972
i:350	110963.73035253356
i:400	107021.55207411134
i:450	105753.04761570043
best: 104897.32433059363
routes: [0, 61, 62, 63, 64, 65, 68, 67, 66, 69, 70, 0, 43, 41, 44, 46, 49, 50, 48, 47, 45, 42, 0, 91, 92, 93, 94, 95, 96, 97, 98, 99, 100, 31, 39, 38, 40, 35, 36, 37, 32, 33, 34, 0, 11, 12, 14, 17, 19, 20, 18, 15, 13, 16, 0, 88, 87, 81, 82, 85, 83, 84, 86, 89, 90, 0, 21, 23, 22, 25, 27, 29, 30, 28, 26, 24, 0, 51, 53, 52, 54, 55, 57, 56, 59, 60, 58, 79, 80, 77, 76, 74, 71, 72, 73, 75, 78, 0, 4, 3, 6, 5, 10, 9, 7, 8, 2, 1, 0]
Elapsed time: 46.8056321144104

-a=7, -g=0.00022589959605786076, -f=65, -s=90
i:0	163601.0501138357
i:50	125589.69369847127
i:100	114460.34065109957
i:150	113338.32914733322
i:200	112467.11687065905
i:250	109776.51088857747
i:300	109776.51088857747
i:350	108460.59075357346
i:400	106651.2681743643
i:450	106118.3148334329
best: 104553.04268085612
routes: [0, 61, 62, 63, 64, 65, 68, 66, 67, 69, 70, 0, 13, 11, 12, 14, 15, 17, 19, 20, 18, 16, 0, 90, 86, 84, 89, 85, 83, 82, 81, 87, 88, 0, 21, 23, 22, 25, 26, 27, 29, 30, 28, 24, 0, 43, 42, 41, 45, 44, 46, 49, 50, 47, 48, 0, 91, 92, 93, 94, 95, 96, 97, 98, 99, 100, 31, 34, 33, 32, 37, 36, 35, 40, 39, 38, 0, 51, 52, 53, 56, 54, 55, 57, 59, 60, 58, 76, 77, 79, 80, 78, 75, 73, 72, 71, 74, 0, 1, 2, 8, 7, 9, 10, 5, 6, 3, 4, 0]
Elapsed time: 356.37455224990845

-a=9, -g=4.032434042897174e-05, -f=40, -s=88
i:0	168269.37082853547
i:50	123235.11654343139
i:100	118407.61547048076
i:150	117395.65713584752
i:200	117350.96111108875
i:250	116381.27604312738
i:300	114534.37196611584
i:350	113171.58701434296
i:400	108641.72740780245
i:450	106877.5012539468
best: 106595.9067616843
routes: [0, 51, 52, 53, 56, 54, 55, 57, 59, 60, 58, 77, 76, 74, 71, 72, 73, 75, 78, 79, 80, 0, 91, 92, 93, 94, 95, 97, 98, 99, 100, 96, 0, 43, 42, 41, 44, 45, 47, 46, 49, 50, 48, 0, 90, 86, 83, 85, 82, 81, 87, 88, 89, 84, 0, 21, 23, 25, 27, 29, 30, 28, 26, 24, 22, 0, 1, 3, 6, 2, 8, 7, 9, 10, 5, 4, 0, 69, 70, 66, 67, 68, 65, 64, 63, 61, 62, 0, 11, 12, 13, 15, 18, 20, 19, 17, 14, 16, 35, 36, 37, 40, 39, 38, 34, 31, 33, 32, 0]
Elapsed time: 130.90567660331726

-a=3, -g=0.00023982046831100534, -f=47, -s=44
i:0	171348.66819623805
i:50	113208.29790572841
i:100	111309.10412665617
i:150	107878.18697878548
i:200	107681.68125514011
i:250	107239.61761914908
i:300	107239.61761914908
i:350	107239.61761914908
i:400	107239.61761914908
i:450	107239.61761914908
best: 107239.61761914908
routes: [0, 1, 3, 2, 8, 7, 9, 10, 5, 6, 4, 0, 84, 86, 85, 83, 82, 81, 87, 88, 89, 90, 0, 61, 62, 63, 64, 65, 68, 67, 66, 69, 70, 0, 51, 52, 53, 56, 54, 55, 57, 59, 60, 58, 76, 77, 79, 80, 78, 75, 73, 72, 71, 74, 0, 13, 11, 12, 14, 15, 17, 19, 20, 18, 16, 35, 36, 37, 40, 39, 38, 31, 34, 33, 32, 0, 21, 22, 23, 24, 26, 25, 27, 29, 30, 28, 0, 43, 47, 49, 50, 46, 44, 41, 42, 45, 48, 0, 91, 92, 93, 94, 95, 97, 98, 99, 100, 96, 0]
Elapsed time: 88.60919833183289

-a=5, -g=5.8240072637923255e-05, -f=27, -s=103
i:0	155124.6806029089
i:50	125222.32818078666
i:100	121671.60351516584
i:150	119290.6238487251
i:200	115602.13816578024
i:250	114089.77273645079
i:300	113470.2314814611
i:350	112341.60231551647
i:400	111473.9886031465
i:450	109891.33524054912
best: 108313.30008612678
routes: [0, 88, 85, 86, 84, 83, 82, 81, 87, 89, 90, 0, 21, 23, 22, 25, 29, 30, 28, 27, 26, 24, 0, 1, 2, 8, 7, 9, 10, 5, 6, 3, 4, 0, 13, 11, 12, 14, 18, 15, 17, 19, 20, 16, 0, 43, 45, 42, 41, 44, 46, 49, 50, 47, 48, 0, 69, 70, 66, 67, 68, 65, 64, 63, 61, 62, 0, 33, 32, 37, 36, 35, 40, 38, 39, 34, 31, 100, 99, 97, 98, 96, 94, 95, 93, 91, 92, 0, 76, 71, 72, 73, 75, 78, 74, 77, 79, 80, 58, 56, 52, 51, 53, 60, 59, 57, 55, 54, 0]
Elapsed time: 52.7906219959259

-a=1, -g=0.000548831156160369, -f=71, -s=73
i:0	163419.6339757167
i:50	157981.38610704226
i:100	157534.6617637932
i:150	110706.7348097913
i:200	110705.29169952175
i:250	110705.29169952175
i:300	110705.29169952175
i:350	110705.29169952175
i:400	110705.29169952175
i:450	110705.29169952175
best: 110705.29169952175
routes: [0, 13, 15, 18, 16, 11, 12, 14, 17, 19, 20, 0, 43, 42, 41, 44, 45, 47, 48, 46, 49, 50, 0, 86, 84, 83, 82, 81, 87, 88, 85, 89, 90, 0, 1, 3, 2, 8, 7, 9, 10, 5, 6, 4, 0, 61, 62, 63, 65, 66, 69, 70, 67, 68, 64, 0, 51, 53, 52, 54, 55, 57, 56, 59, 60, 58, 76, 77, 75, 73, 72, 71, 74, 78, 79, 80, 0, 93, 94, 95, 97, 99, 100, 98, 96, 91, 92, 31, 34, 33, 37, 36, 35, 40, 39, 38, 32, 0, 21, 25, 27, 29, 30, 28, 26, 24, 23, 22, 0]
Elapsed time: 179.95600056648254

-a=2, -g=0.0008672178869372658, -f=76, -s=126
i:0	164898.1567718039
i:50	150447.95124477273
i:100	150447.95124477273
i:150	150447.95124477273
i:200	150447.95124477273
i:250	150447.95124477273
i:300	150447.95124477273
i:350	150447.95124477273
i:400	150447.95124477273
i:450	150447.95124477273
best: 150447.95124477273
routes: [0, 18, 16, 11, 14, 19, 20, 15, 17, 13, 12, 0, 86, 83, 88, 81, 87, 85, 82, 89, 90, 84, 0, 4, 1, 5, 3, 6, 7, 10, 8, 2, 9, 0, 50, 41, 45, 49, 48, 43, 47, 44, 42, 46, 0, 39, 33, 38, 36, 35, 37, 32, 40, 31, 34, 98, 95, 99, 100, 97, 92, 96, 91, 94, 93, 0, 80, 74, 76, 71, 73, 72, 75, 78, 77, 79, 59, 57, 55, 56, 53, 58, 51, 54, 60, 52, 0, 27, 29, 30, 26, 22, 21, 25, 23, 28, 24, 0, 63, 61, 68, 69, 67, 66, 70, 64, 65, 62, 0]
Elapsed time: 613.5639970302582

-a=7, -g=0.0008384508738390919, -f=57, -s=55
i:0	363127.63021793484
i:50	155276.6136846016
i:100	155276.6136846016
i:150	155276.6136846016
i:200	152926.99716085632
i:250	152926.99716085632
i:300	152926.99716085632
i:350	152926.99716085632
i:400	152926.99716085632
i:450	152926.99716085632
best: 152926.99716085632
routes: [0, 79, 80, 77, 76, 71, 73, 72, 75, 74, 78, 53, 58, 51, 52, 59, 55, 56, 57, 60, 54, 0, 21, 28, 25, 24, 27, 26, 30, 22, 23, 29, 0, 16, 12, 15, 20, 17, 19, 14, 18, 11, 13, 0, 90, 85, 87, 88, 89, 83, 84, 86, 81, 82, 0, 49, 50, 47, 48, 41, 42, 46, 43, 45, 44, 0, 70, 64, 68, 63, 61, 62, 65, 69, 67, 66, 0, 91, 95, 94, 92, 97, 100, 99, 93, 98, 96, 0, 5, 6, 9, 10, 7, 2, 1, 3, 4, 8, 0, 31, 33, 34, 36, 37, 40, 39, 38, 32, 35, 0]
Elapsed time: 358.4676628112793

-a=3, -g=0.0009752322846358655, -f=57, -s=143
i:0	174007.03935493837
i:50	159490.01989739022
i:100	159490.01989739022
i:150	158789.23564700273
i:200	158789.23564700273
i:250	157506.43868473457
i:300	157506.43868473457
i:350	153819.07058170935
i:400	153819.07058170935
i:450	153819.07058170935
best: 153210.0699879604
routes: [0, 21, 24, 26, 23, 28, 25, 29, 30, 22, 27, 0, 51, 52, 53, 56, 54, 55, 57, 60, 58, 59, 72, 78, 80, 79, 74, 73, 71, 75, 77, 76, 0, 50, 47, 45, 49, 41, 48, 44, 42, 43, 46, 0, 100, 98, 99, 94, 92, 96, 93, 97, 91, 95, 0, 69, 70, 68, 64, 65, 67, 63, 62, 66, 61, 0, 90, 88, 81, 84, 89, 85, 82, 83, 87, 86, 0, 2, 1, 8, 5, 6, 9, 7, 10, 3, 4, 0, 12, 17, 18, 13, 15, 14, 16, 19, 20, 11, 38, 36, 34, 31, 32, 35, 37, 39, 40, 33, 0]
Elapsed time: 342.6118133068085

-a=2, -g=0.0007023427694549143, -f=64, -s=102
i:0	170656.47076243628
i:50	156020.434717802
i:100	153343.55026416577
i:150	104724.09186147775
i:200	104246.00853873711
i:250	104246.00853873711
i:300	104246.00853873711
i:350	104246.00853873711
i:400	104246.00853873711
i:450	104246.00853873711
best: 104246.00853873711
routes: [0, 21, 23, 22, 25, 26, 27, 29, 30, 28, 24, 0, 51, 52, 53, 56, 54, 55, 57, 59, 60, 58, 79, 80, 78, 75, 73, 72, 71, 74, 77, 76, 0, 69, 70, 66, 67, 68, 65, 64, 63, 61, 62, 0, 43, 42, 41, 44, 46, 49, 50, 47, 45, 48, 0, 91, 92, 93, 94, 95, 96, 97, 98, 99, 100, 31, 33, 34, 38, 39, 40, 35, 36, 37, 32, 0, 13, 11, 12, 14, 15, 17, 19, 20, 18, 16, 0, 89, 90, 84, 83, 82, 81, 87, 88, 85, 86, 0, 4, 1, 3, 6, 5, 10, 9, 7, 8, 2, 0]
Elapsed time: 196.92718958854675

-a=9, -g=5.6786094186512235e-05, -f=70, -s=117
i:0	159201.65543469414
i:50	122793.07791303477
i:100	115721.23234043713
i:150	111712.17412579447
i:200	111188.91947460582
i:250	111188.91947460582
i:300	110837.09647127535
i:350	110599.39174139278
i:400	109773.37250929276
i:450	109168.36519902358
best: 107614.6347494856
routes: [0, 43, 45, 46, 49, 50, 47, 48, 44, 41, 42, 0, 1, 2, 8, 9, 7, 10, 3, 6, 5, 4, 0, 51, 52, 53, 56, 55, 54, 57, 59, 60, 58, 77, 78, 75, 73, 72, 71, 74, 76, 79, 80, 0, 61, 62, 63, 64, 65, 68, 66, 67, 69, 70, 0, 90, 86, 85, 89, 88, 87, 81, 82, 83, 84, 0, 15, 18, 20, 19, 17, 14, 12, 11, 13, 16, 0, 21, 23, 24, 26, 25, 27, 29, 30, 28, 22, 0, 34, 33, 32, 37, 36, 35, 40, 39, 38, 31, 100, 99, 98, 97, 96, 94, 95, 93, 91, 92, 0]
Elapsed time: 441.98900079727173

-a=5, -g=8.861175199103931e-05, -f=20, -s=49
i:0	164479.59607286364
i:50	119533.91886871704
i:100	113963.86362367781
i:150	111953.60186567306
i:200	109037.83752248774
i:250	107654.35640355953
i:300	106447.06227890949
i:350	104916.23604693235
i:400	104772.03419548288
i:450	104772.03419548288
best: 104772.03419548288
routes: [0, 43, 48, 46, 49, 50, 47, 45, 44, 41, 42, 0, 13, 11, 12, 14, 15, 17, 19, 20, 18, 16, 0, 61, 62, 63, 64, 65, 68, 67, 66, 69, 70, 0, 84, 86, 85, 83, 82, 81, 87, 88, 89, 90, 0, 91, 92, 93, 94, 95, 96, 97, 98, 99, 100, 31, 33, 34, 38, 39, 40, 35, 36, 37, 32, 0, 21, 23, 22, 25, 27, 29, 30, 28, 26, 24, 0, 3, 6, 5, 10, 9, 7, 8, 2, 1, 4, 0, 54, 52, 51, 53, 56, 55, 57, 59, 60, 58, 79, 77, 76, 74, 71, 72, 73, 75, 78, 80, 0]
Elapsed time: 22.836862802505493

-a=4, -g=0.0007842977951009235, -f=50, -s=79
i:0	167599.25503769208
i:50	158681.66227671475
i:100	157654.57287658233
i:150	150878.0662104478
i:200	148104.80047958033
i:250	148104.80047958033
i:300	148104.80047958033
i:350	148104.80047958033
i:400	148104.80047958033
i:450	148104.80047958033
best: 148104.80047958033
routes: [0, 86, 89, 90, 84, 81, 87, 82, 88, 85, 83, 0, 94, 98, 99, 97, 96, 100, 92, 91, 95, 93, 0, 70, 67, 66, 64, 65, 69, 68, 63, 61, 62, 0, 1, 2, 5, 6, 9, 8, 7, 10, 4, 3, 0, 50, 49, 48, 47, 45, 43, 46, 42, 44, 41, 0, 80, 78, 72, 73, 76, 74, 71, 75, 79, 77, 58, 55, 59, 60, 54, 57, 52, 51, 53, 56, 0, 18, 19, 12, 14, 15, 17, 13, 11, 20, 16, 38, 34, 31, 39, 32, 36, 35, 37, 40, 33, 0, 25, 29, 30, 23, 26, 21, 22, 28, 27, 24, 0]
Elapsed time: 263.59848642349243

-a=9, -g=0.0005561769807907775, -f=38, -s=76
i:0	171029.05727955236
i:50	155697.15519360546
i:100	155697.15519360546
i:150	155697.15519360546
i:200	155697.15519360546
i:250	155697.15519360546
i:300	155697.15519360546
i:350	155697.15519360546
i:400	154195.5996818847
i:450	122034.58806460335
best: 111029.55252467701
routes: [0, 11, 12, 17, 19, 20, 18, 15, 14, 13, 16, 0, 3, 5, 6, 10, 9, 7, 8, 2, 1, 4, 0, 97, 99, 100, 98, 95, 94, 92, 91, 93, 96, 31, 33, 39, 38, 37, 40, 35, 36, 32, 34, 0, 51, 52, 53, 56, 54, 55, 57, 59, 60, 58, 76, 77, 74, 71, 72, 73, 75, 78, 79, 80, 0, 61, 63, 62, 65, 69, 70, 66, 67, 68, 64, 0, 21, 25, 27, 29, 30, 28, 24, 26, 23, 22, 0, 90, 86, 89, 88, 87, 81, 82, 85, 83, 84, 0, 43, 42, 41, 44, 46, 49, 50, 47, 45, 48, 0]
Elapsed time: 155.215815782547

-a=5, -g=2.0561486420895037e-05, -f=45, -s=16
i:0	164307.11380614014
i:50	117541.86670552162
i:100	110875.30350157189
i:150	110380.52585671474
i:200	110380.52585671474
i:250	110380.52585671474
i:300	110380.52585671474
i:350	110380.52585671474
i:400	110380.52585671474
i:450	110380.52585671474
best: 110380.52585671474
routes: [0, 13, 18, 17, 19, 20, 16, 15, 14, 12, 11, 31, 39, 38, 40, 36, 35, 37, 32, 33, 34, 0, 84, 83, 85, 82, 81, 87, 88, 86, 89, 90, 0, 80, 78, 75, 73, 72, 71, 74, 77, 76, 79, 58, 60, 59, 57, 56, 53, 51, 52, 55, 54, 0, 21, 23, 25, 27, 29, 30, 28, 26, 24, 22, 0, 93, 94, 95, 97, 98, 99, 100, 96, 91, 92, 0, 1, 2, 8, 7, 9, 10, 5, 6, 3, 4, 0, 43, 45, 47, 49, 50, 48, 46, 44, 41, 42, 0, 61, 62, 63, 64, 65, 68, 67, 66, 69, 70, 0]
Elapsed time: 51.947120904922485

-a=3, -g=0.0006342085820175453, -f=32, -s=110
i:0	175662.85437920757
i:50	131226.72470606462
i:100	114155.76601917761
i:150	109246.04605737577
i:200	107590.71948419364
i:250	106928.14143280925
i:300	106513.79921515292
i:350	106017.25052853604
i:400	105263.62664142376
i:450	104786.83100011734
best: 104724.65313876649
routes: [0, 43, 45, 47, 49, 50, 48, 46, 44, 41, 42, 0, 4, 3, 6, 5, 10, 9, 7, 8, 2, 1, 0, 69, 70, 66, 67, 68, 65, 64, 63, 61, 62, 0, 86, 84, 83, 82, 81, 87, 88, 85, 89, 90, 0, 51, 53, 52, 54, 55, 57, 56, 59, 60, 58, 79, 80, 77, 76, 74, 71, 72, 73, 75, 78, 0, 21, 23, 22, 25, 26, 27, 29, 30, 28, 24, 0, 91, 92, 93, 94, 95, 96, 97, 98, 99, 100, 31, 39, 38, 37, 40, 35, 36, 32, 33, 34, 0, 13, 11, 12, 14, 15, 17, 19, 20, 18, 16, 0]
Elapsed time: 65.23913073539734

-a=6, -g=0.00018024364621229856, -f=38, -s=90
i:0	172464.46315263424
i:50	125555.65529475508
i:100	118468.84842337552
i:150	115804.42207215304
i:200	114569.12399580856
i:250	114486.27866097263
i:300	113928.68524310656
i:350	113133.61546221052
i:400	112105.96559140604
i:450	110853.82745113813
best: 109408.81788442258
routes: [0, 69, 70, 66, 62, 61, 63, 64, 65, 67, 68, 0, 84, 83, 85, 82, 81, 87, 88, 86, 89, 90, 0, 43, 42, 41, 45, 46, 49, 50, 48, 47, 44, 0, 91, 92, 93, 94, 95, 96, 97, 98, 99, 100, 31, 39, 38, 40, 35, 36, 37, 32, 33, 34, 0, 21, 24, 23, 22, 25, 26, 27, 29, 30, 28, 0, 13, 11, 12, 14, 15, 18, 17, 19, 20, 16, 0, 1, 3, 6, 2, 8, 7, 9, 10, 5, 4, 0, 76, 77, 74, 71, 72, 73, 75, 78, 80, 79, 58, 60, 59, 57, 56, 53, 51, 52, 55, 54, 0]
Elapsed time: 112.4437358379364

-a=3, -g=0.0009654846347027131, -f=72, -s=95
i:0	174296.6184464631
i:50	161486.34554503686
i:100	161486.34554503686
i:150	154194.89599383582
i:200	139299.082867481
