11100.277697329104
10315.958668089726
10315.958668089726
10304.354597576885
9349.585601366529
8723.80909641691
8001.313205980639
7931.675087165473
7931.675087165473
7931.675087165473
Elapsed Time: 416.1749393939972
best: 7931.675087165473

11014.730388030035
10078.251345905435
10078.251345905435
10078.251345905435
9408.162131756693
9273.176617931336
8244.511147661691
8223.75373953737
8223.75373953737
8223.75373953737
Elapsed Time: 442.3408923149109
best: 8223.75373953737

11078.63057190877
10482.032488007888
10382.200634129995
9755.03765106344
9532.252580370994
8987.671769619805
8316.299661285791
8208.458107594732
8208.458107594732
8208.458107594732
Elapsed Time: 420.001585483551
best: 8208.458107594732

10978.897439350796
10391.238307702843
10391.238307702843
10229.485747606543
9154.142715062539
9068.71564036428
8474.654206204652
8424.023406107057
8424.023406107057
8424.023406107057
Elapsed Time: 423.35125946998596
best: 8424.023406107057

10734.753998047512
10580.43639553588
10316.290960600361
10121.439343422644
9599.805703046059
9064.972282448762
7857.5996191474605
7813.152066120149
7813.152066120149
7813.152066120149
Elapsed Time: 421.8966221809387
best: 7813.152066120149

10774.493046460026
10670.796786444089
10376.031835617408
10050.001201026109
9582.802758554235
8953.120688670158
7777.023874194068
7758.665007719126
7758.665007719126
7758.665007719126
Elapsed Time: 423.2619819641113
best: 7758.665007719126

10853.298585987934
10293.667586681411
10293.667586681411
10155.910639496538
9631.382350036714
8873.64367448647
8097.157112470912
8066.646967041384
8066.646967041384
8066.646967041384
Elapsed Time: 423.2442719936371
best: 8066.646967041384

10933.392915092836
10566.560055696287
10542.180645584267
9562.887850558305
9562.887850558305
8994.158158805722
8694.032351400421
8451.966221432802
8451.966221432802
8451.966221432802
Elapsed Time: 424.30837202072144
best: 8451.966221432802

10978.86787156598
10174.598326875286
10174.598326875286
10174.598326875286
9951.326740218468
9415.475316509368
7994.697050190998
7992.814601176915
7992.814601176915
7992.814601176915
Elapsed Time: 413.5240571498871
best: 7992.814601176915

11224.407759233753
10592.527884497136
10458.881498875891
10194.122218549208
9384.112124937623
8896.56717069569
8193.604685178414
8187.109489562568
8187.109489562568
8187.109489562568
Elapsed Time: 410.04474544525146
best: 8187.109489562568

11201.20985632305
10654.218601805034
10230.50197230894
10146.223710441163
9625.75380042147
9085.723779880158
8081.598243922323
8023.080582542796
8023.080582542796
8023.080582542796
Elapsed Time: 408.67400455474854
best: 8023.080582542796

11040.974592126197
10452.892758170645
10306.151200947012
10279.958694394034
9187.479272382698
8771.914793321082
8437.153027806655
8255.059598008538
8255.059598008538
8255.059598008538
Elapsed Time: 410.22582054138184
best: 8255.059598008538

10903.791598567612
10528.437035100531
10523.90576702037
10148.403719242231
9465.609027061126
9290.984275199022
8115.644530925956
7934.427750831117
7934.427750831117
7934.427750831117
Elapsed Time: 413.8093981742859
best: 7934.427750831117

11191.430130868017
10493.943988297971
10443.270732203777
10036.047287631409
9601.676784297615
8676.140212114173
8212.882404099602
8152.722273717385
8152.722273717385
8152.722273717385
Elapsed Time: 406.9168803691864
best: 8152.722273717385

10978.309705865528
10496.95176435688
10415.759553973148
9978.34567182801
9829.351984957324
8728.565652515039
8329.682743108948
8329.682743108948
8329.682743108948
8329.682743108948
Elapsed Time: 404.55243039131165
best: 8329.682743108948

11052.423699482577
10398.211216698746
10286.383893405944
9822.188225054288
9574.693827676387
9122.927964863367
8014.068188541793
7949.7760367357805
7949.7760367357805
7949.7760367357805
Elapsed Time: 404.44230604171753
best: 7949.7760367357805

10841.324230246835
10557.976503185191
10534.528889471405
10110.933421215868
9282.871036876215
8623.779153257688
7986.298653387812
7892.179858140521
7892.179858140521
7892.179858140521
Elapsed Time: 407.64796805381775
best: 7892.179858140521

11059.540253978037
10454.248640392212
10454.248640392212
9900.75191679671
9900.75191679671
9190.800617748828
8287.16492574454
8067.331618640637
8067.331618640637
8067.331618640637
Elapsed Time: 409.72136330604553
best: 8067.331618640637

11154.889737563894
10385.411093690656
10385.411093690656
10018.390091525733
9673.189754894633
8887.793957089629
8077.618087384675
8077.618087384675
8077.618087384675
8077.618087384675
Elapsed Time: 411.0418643951416
best: 8077.618087384675

11272.139662992813
10279.214164222907
10279.214164222907
10046.118391833055
9144.650482101664
8433.820898448193
8010.953508586031
8009.763038824347
8009.763038824347
8009.763038824347
Elapsed Time: 412.0048770904541
best: 8009.763038824347

11091.953019958914
10455.973378658795
10309.748960527151
9734.209218884916
9503.309244983317
8820.219722699587
8221.587571305563
8206.64052769616
8206.64052769616
8206.64052769616
Elapsed Time: 397.6615471839905
best: 8206.64052769616

11092.105513859671
10524.085602615734
10406.82237772022
10146.59861735785
9518.719845917778
9100.528312336934
8380.688419155493
8233.878467586816
8233.878467586816
8233.878467586816
Elapsed Time: 411.3793306350708
best: 8233.878467586816

10918.490121004721
10277.828765296746
10277.828765296746
10243.491571447685
9267.138749531392
9224.189267981641
8645.346840286264
8598.444771931776
8598.444771931776
8598.444771931776
Elapsed Time: 402.2402329444885
best: 8598.444771931776

10748.699383210678
10531.22794317941
10171.420803733228
9850.473385158586
9678.942051887427
8989.377969330253
7764.46613609427
7712.125061228919
7712.125061228919
7712.125061228919
Elapsed Time: 407.74284982681274
best: 7712.125061228919

10920.861574724771
10626.990577091703
10343.042960731222
10277.224627429341
9859.581943507792
8507.981689063576
8328.667831873914
7819.004242636511
7819.004242636511
7819.004242636511
Elapsed Time: 409.09201431274414
best: 7819.004242636511

11017.57542055167
10593.025541942457
10472.084814813252
10106.968132018215
9564.120995040346
8513.449061185558
8124.8372460294495
8018.331169525998
8018.331169525998
8018.331169525998
Elapsed Time: 402.41807317733765
best: 8018.331169525998

11133.543332170806
10490.079391865216
10432.958994861005
10243.126331992125
9484.683373513812
9197.128575391253
8493.91921404907
8417.849238392719
8417.849238392719
8417.849238392719
Elapsed Time: 415.45159435272217
best: 8417.849238392719

11134.576346456317
10594.44242623449
10405.348071104867
10182.473964211873
9829.976246405535
9280.435373865883
8551.318430894278
8067.217501018202
8067.217501018202
8067.217501018202
Elapsed Time: 412.5490574836731
best: 8067.217501018202

11124.903684676132
10431.504748544954
10356.51534033357
10304.379566517877
9642.553648069912
8825.853008287795
7987.184660023186
7986.389250182856
7986.389250182856
7986.389250182856
Elapsed Time: 405.5087742805481
best: 7986.389250182856

11070.386281007159
10362.32287930013
10184.315024782216
10184.315024782216
9678.809765085942
8845.145015896558
8137.282843003388
8078.027996814466
8078.027996814466
8078.027996814466
Elapsed Time: 408.37769651412964
best: 8078.027996814466

11147.655949056472
10604.979722415268
10297.257749345572
9900.509337124617
9259.385932566245
8654.523493290453
8161.810260687651
7837.262798214712
7837.262798214712
7837.262798214712
Elapsed Time: 404.6144323348999
best: 7837.262798214712

11080.413941416895
10189.56339936896
10189.56339936896
10110.221986678942
9848.565668853533
8938.81897470363
8076.316433984286
8040.120212871364
8040.120212871364
8040.120212871364
Elapsed Time: 412.11393427848816
best: 8040.120212871364

11161.820880042285
10476.180439898337
10090.163355979954
9859.123391834251
9653.96726447825
8900.55104288586
8146.458800645745
8121.057593537024
8121.057593537024
8121.057593537024
Elapsed Time: 403.5203652381897
best: 8121.057593537024

10865.042868211773
10482.67085666997
10247.426219586527
10025.97233821485
9858.977637033133
9250.69140054426
8085.2143303007015
8085.2143303007015
8085.2143303007015
8085.2143303007015
Elapsed Time: 400.3685827255249
best: 8085.2143303007015

11114.670367306882
10595.734800055061
10496.957875806283
9914.565830369804
9489.755108891117
8842.572066848868
7964.070464421089
7964.070464421089
7964.070464421089
7964.070464421089
Elapsed Time: 393.7283356189728
best: 7964.070464421089

10785.827733073222
10559.986465775022
10332.788753478942
10126.9233420239
9773.150170384775
9347.68476070146
7965.2331026001675
7627.223787865475
7627.223787865475
7627.223787865475
Elapsed Time: 404.9415466785431
best: 7627.223787865475

10941.250027364114
10578.345323898311
10370.422569315848
9998.013257769362
9280.914660166989
8700.448132591304
8389.431025046413
8334.284096978743
8334.284096978743
8334.284096978743
Elapsed Time: 397.9716238975525
best: 8334.284096978743

11012.998855235357
10452.637433597189
10385.025535549936
9807.278655038222
9419.810201702847
8702.322944656975
8165.4436162915845
7769.305859418303
7769.305859418303
7769.305859418303
Elapsed Time: 397.3203430175781
best: 7769.305859418303

11128.245286204636
10507.295644651402
10294.654803041461
9974.603641986487
9733.204394942833
9027.88550073992
8036.423450283202
8036.423450283202
8036.423450283202
8036.423450283202
Elapsed Time: 398.928836107254
best: 8036.423450283202

11092.420930889735
10583.666075503872
10428.231215154967
10150.427452727494
9708.957517351733
8744.382610794893
8057.199855059907
7864.083792137466
7864.083792137466
7864.083792137466
Elapsed Time: 400.7230579853058
best: 7864.083792137466

11117.85261119832
10368.135976720869
10368.135976720869
10004.029119919003
9395.230002772705
9142.295121286656
8268.852407986178
8268.852407986178
8268.852407986178
8268.852407986178
Elapsed Time: 397.9341518878937
best: 8268.852407986178

11243.614676188008
10518.245101340526
10417.135076007313
10134.698041889325
9496.60552622053
8880.986597180798
8084.170823165509
8079.351086538629
8079.351086538629
8079.351086538629
Elapsed Time: 396.2159466743469
best: 8079.351086538629

11018.112683237683
10490.386244281666
10059.837963296006
10059.837963296006
9628.43200999464
9004.254388611085
8235.450600742523
8030.217004465799
8030.217004465799
8030.217004465799
Elapsed Time: 403.81419467926025
best: 8030.217004465799

11091.893581026716
10485.470139172656
10293.079613976493
10154.370784541512
9773.942467698573
9399.63063662253
8533.149542484545
8488.241076029122
8488.241076029122
8488.241076029122
Elapsed Time: 400.87522196769714
best: 8488.241076029122

11211.321654164045
10450.256905587956
10450.256905587956
10096.740199559845
9582.784516870535
8941.820066913795
8210.848499543896
7848.817148400613
7848.817148400613
7848.817148400613
Elapsed Time: 404.47099328041077
best: 7848.817148400613

11037.827107340505
10494.232960360736
10267.072271605386
9988.559174410113
9409.301265502794
8838.795201989324
8252.923686162729
8228.136106307596
8228.136106307596
8228.136106307596
Elapsed Time: 394.5707755088806
best: 8228.136106307596

10955.334399102136
10350.014327472854
10223.29982689734
10223.29982689734
9529.00700050692
8892.706968403381
8188.324574478833
8071.8458234167965
8071.8458234167965
8071.8458234167965
Elapsed Time: 401.75147771835327
best: 8071.8458234167965

10894.6700317519
10520.69530771009
10371.970739534092
10213.565882861803
9567.36279408751
8993.516292724154
8541.660098099397
8319.351874777785
8319.351874777785
8319.351874777785
Elapsed Time: 401.44238471984863
best: 8319.351874777785

10783.723468362363
10524.696285645921
10365.846794263403
10011.659356578924
9733.797192668913
8705.296967162201
7868.030570215257
7868.030570215257
7868.030570215257
7868.030570215257
Elapsed Time: 395.2177782058716
best: 7868.030570215257

11067.236309721047
10640.568873593804
10426.754877812613
10070.277492796378
9733.50818824458
8884.193698905174
8108.817445003235
8108.817445003235
8108.817445003235
8108.817445003235
Elapsed Time: 394.50124740600586
best: 8108.817445003235

10818.316792026757
10603.714102624801
10458.64989145771
10283.945675462148
9820.01210242922
8949.376797918598
8378.844859788553
8258.064695130703
8258.064695130703
8258.064695130703
Elapsed Time: 402.3793888092041
best: 8258.064695130703

11032.687881472986
10573.297745503949
9937.939451559707
9937.939451559707
9718.774317127789
9325.38355551978
8591.69909873051
8582.67630127152
8582.67630127152
8582.67630127152
Elapsed Time: 400.94945311546326
best: 8582.67630127152

10973.10233330953
10493.561667148233
10444.859103005427
10135.766713630575
9753.428247286522
9013.262040500902
8268.257566270466
8168.329744348838
8168.329744348838
8168.329744348838
Elapsed Time: 400.4799315929413
best: 8168.329744348838

11281.425184665204
10456.398296357485
10304.463649151612
10100.922643007392
9675.862819025317
8970.13998454468
8184.325328203476
8184.325328203476
8184.325328203476
8184.325328203476
Elapsed Time: 399.8277518749237
best: 8184.325328203476

10933.93646656537
10421.433383563768
10365.519099302928
10074.813172222852
9651.236745397176
9187.610420338715
8454.366054028114
8222.216922739171
8222.216922739171
8222.216922739171
Elapsed Time: 400.28164887428284
best: 8222.216922739171

11192.361759593789
10130.038174120675
10130.038174120675
10109.080976183719
9365.800992371906
9242.623112974923
8036.057956951794
7901.7983193474365
7901.7983193474365
7901.7983193474365
Elapsed Time: 401.32184982299805
best: 7901.7983193474365

10723.994903009856
10572.394808682031
10351.86931101933
10224.730185256603
9484.143026496553
8738.879666859106
7998.581092653007
7951.3795149475
7951.3795149475
7951.3795149475
Elapsed Time: 393.5401690006256
best: 7951.3795149475

10980.76027785709
10592.587388990327
10375.601575356603
10019.146477890088
9716.948488414684
9089.997959501086
8120.941789526902
8088.139604650055
8088.139604650055
8088.139604650055
Elapsed Time: 403.4534616470337
best: 8088.139604650055

11104.750549729737
10578.351277910167
10337.290353216438
9785.600441889013
9428.012445097387
9233.74306109333
8428.60402333307
8424.807994494
8424.807994494
8424.807994494
Elapsed Time: 396.7587203979492
best: 8424.807994494

11062.418959960258
10475.131648635166
10234.69641105928
10219.909911352324
9714.055060789146
9051.3344396497
7988.38926688554
7933.2097409292855
7933.2097409292855
7933.2097409292855
Elapsed Time: 399.74402713775635
best: 7933.2097409292855

10856.769049195873
10613.929207897034
10579.58281564706
10245.985838376408
9762.985361253093
9267.65824304508
8456.217374652744
8408.607299675085
8408.607299675085
8408.607299675085
Elapsed Time: 401.8933107852936
best: 8408.607299675085

11227.458279194365
10345.74108656599
10251.075294180207
9968.864716158636
9247.340443825795
9227.026598497825
8297.958628560249
7900.2723534828365
7900.2723534828365
7900.2723534828365
Elapsed Time: 398.4071135520935
best: 7900.2723534828365

11016.574758749259
10444.349716096893
10247.33567495476
9829.144569963451
9386.652741005575
9201.255929559891
8319.199112125436
8123.9418505741905
8123.9418505741905
8123.9418505741905
Elapsed Time: 395.1044774055481
best: 8123.9418505741905

11031.09834234411
10566.462510920515
10267.29218773577
9980.034925661403
9807.887885979326
9186.618474661402
8188.256958365545
8079.586142747079
8079.586142747079
8079.586142747079
Elapsed Time: 401.48289132118225
best: 8079.586142747079

11170.992808388415
10346.978035472699
10294.496955411603
10079.809673434587
9520.246346971555
9070.725944228918
8688.688439844194
8292.583348079455
8292.583348079455
8292.583348079455
Elapsed Time: 401.1934452056885
best: 8292.583348079455

11155.081566337036
10425.219959946351
10048.423019445892
10048.423019445892
9827.280348792838
8777.291936527603
8185.967235799808
8184.191431014789
8184.191431014789
8184.191431014789
Elapsed Time: 401.4298577308655
best: 8184.191431014789

10784.14860692578
10386.261993708691
10308.586579982819
10084.022308324817
9879.429793813986
9166.933712206148
8096.651482323283
7960.097069137131
7960.097069137131
7960.097069137131
Elapsed Time: 403.28205275535583
best: 7960.097069137131

10633.328003600376
10316.429390093672
10316.429390093672
10247.744530749449
9582.37758290447
8792.599825220994
7946.100218028843
7946.100218028843
7946.100218028843
7946.100218028843
Elapsed Time: 400.3492765426636
best: 7946.100218028843

11066.048040498441
10521.763245233135
10269.48149069019
9995.253249703772
9554.527674272167
9125.304823456056
8367.577648121027
8173.130262549681
8173.130262549681
8173.130262549681
Elapsed Time: 401.4999351501465
best: 8173.130262549681

11062.448366204411
10343.432041225811
10299.314996265
10169.053971131902
9757.555027653638
9072.894481929554
8221.383625390527
8221.383625390527
8221.383625390527
8221.383625390527
Elapsed Time: 396.88667702674866
best: 8221.383625390527

11180.967242070401
10449.754270735668
10357.38780040103
10168.943607224952
9957.73574854656
8558.31559229863
8097.815617744675
7980.2435043326
7980.2435043326
7980.2435043326
Elapsed Time: 401.3207902908325
best: 7980.2435043326

11188.153742728757
10449.769545489547
10301.875668304117
10105.8855460573
9517.584619028756
9107.989605093666
8394.015694872836
8378.91830814138
8378.91830814138
8378.91830814138
Elapsed Time: 401.56599473953247
best: 8378.91830814138

11033.80389846426
10487.989143830513
10367.591199001408
9865.180665290047
9265.309121213817
8763.72024518629
8139.783002807535
8139.783002807535
8139.783002807535
8139.783002807535
Elapsed Time: 398.9498522281647
best: 8139.783002807535

11196.52411374765
10483.339514507381
10381.879029875894
10198.109946900522
9732.422954660433
9233.881720569865
8618.333795723962
8471.377906531867
8471.377906531867
8471.377906531867
Elapsed Time: 403.9182040691376
best: 8471.377906531867

11137.543999523758
10357.28752541769
9691.068636801212
9691.068636801212
9549.20256556266
9342.67369711856
8416.213789850024
8416.213789850024
8416.213789850024
8416.213789850024
Elapsed Time: 395.6607127189636
best: 8416.213789850024

11157.778304355406
10448.106197312864
10332.273851595746
10234.007379651313
9276.995670065753
8946.336937578524
8118.279927320332
7968.131192813326
7968.131192813326
7968.131192813326
Elapsed Time: 396.0244982242584
best: 7968.131192813326

11010.946424325555
10564.14961820168
10447.735491481435
9879.527296886432
9453.222640008831
9252.752232650388
8489.422558994662
8475.7286886653
8475.7286886653
8475.7286886653
Elapsed Time: 395.2891731262207
best: 8475.7286886653

11147.614969357632
10416.607651992243
10375.428912215342
10066.934434220584
9468.380283542572
8595.806389537789
8098.42104244324
8069.702731506411
8069.702731506411
8069.702731506411
Elapsed Time: 396.0064399242401
best: 8069.702731506411

10862.851772754751
10190.280138430968
10190.280138430968
10105.755076811834
9816.741881871489
9070.676655674812
8158.985308924895
8080.533701273327
8080.533701273327
8080.533701273327
Elapsed Time: 393.99270582199097
best: 8080.533701273327

11115.145904936162
10299.410741846877
10299.410741846877
10196.312379451376
9558.160429879641
8920.851049319266
7992.239133414973
7991.936537880707
7991.936537880707
7991.936537880707
Elapsed Time: 394.1551012992859
best: 7991.936537880707

11161.672831984437
10539.92204379045
10357.863233191205
10107.73180894639
9619.792676047538
8896.105007526425
7944.186420616815
7887.027635045757
7887.027635045757
7887.027635045757
Elapsed Time: 395.75784254074097
best: 7887.027635045757

11002.261772537664
10328.351209108061
10328.351209108061
10237.630508949333
9380.77542410082
8931.035856138436
7842.017200193368
7842.017200193368
7842.017200193368
7842.017200193368
Elapsed Time: 390.8256390094757
best: 7842.017200193368

10971.146167848614
10569.17700744412
10503.355480257505
10108.045538711423
9722.271103393932
9239.400074303498
8588.143201424338
8014.734605869076
8014.734605869076
8014.734605869076
Elapsed Time: 396.58337473869324
best: 8014.734605869076

11010.207908892404
10441.23751932452
10441.23751932452
10003.126480471583
9424.531015804208
8940.183724438759
8727.744688379553
8727.744688379553
8727.744688379553
8727.744688379553
Elapsed Time: 393.4877436161041
best: 8727.744688379553

10953.618611267588
10338.234899938394
10121.214557176518
10005.408724002325
9566.743168875284
8959.371531213921
8147.87792710047
7962.546018970681
7962.546018970681
7962.546018970681
Elapsed Time: 393.94836044311523
best: 7962.546018970681

10778.052805179941
10484.548467937842
10373.12986804762
10064.845696793247
9520.603433771688
9024.30176092588
8366.139840851958
8344.31718028149
8344.31718028149
8344.31718028149
Elapsed Time: 396.4011330604553
best: 8344.31718028149

11060.912059920138
10633.684898222642
10424.033934830124
10019.434023582322
9694.947493270716
9230.463182955746
8065.3359650876455
7943.21960704421
7943.21960704421
7943.21960704421
Elapsed Time: 397.5923202037811
best: 7943.21960704421

10996.24524284927
10462.308056159536
10408.205800522264
10180.171759803052
9551.968960124697
8808.655032415369
8104.471094869389
8104.471094869389
8104.471094869389
8104.471094869389
Elapsed Time: 396.35310792922974
best: 8104.471094869389

11188.358583498168
10438.549086181289
10438.549086181289
10195.458510088327
9196.663274940385
9055.225163650375
8583.608467629336
8558.284552614028
8558.284552614028
8558.284552614028
Elapsed Time: 394.94559025764465
best: 8558.284552614028

11030.443403317315
10437.160938788105
10343.330596346343
10343.330596346343
9948.711448236249
8843.277644922484
8333.508273553432
8333.508273553432
8333.508273553432
8333.508273553432
Elapsed Time: 399.60058307647705
best: 8333.508273553432

10915.979617525867
10328.920422933532
10173.20931874839
10173.20931874839
9302.947940561124
8823.153620638654
8095.516028226944
7899.421963545138
7899.421963545138
7899.421963545138
Elapsed Time: 401.1911127567291
best: 7899.421963545138

10993.814549378698
10352.462723598874
10352.462723598874
9897.1910213265
9857.254555653213
8941.092342715709
8199.90477926167
8197.678283441115
8197.678283441115
8197.678283441115
Elapsed Time: 402.2083270549774
best: 8197.678283441115

11228.650256120207
10461.24208600795
10442.41946669822
9872.115810337367
9872.115810337367
8789.006448388325
8184.6778194216
7980.431323143135
7980.431323143135
7980.431323143135
Elapsed Time: 400.9995205402374
best: 7980.431323143135

10935.877576018414
10430.624052627369
10333.659568862982
10047.3686516285
9898.47158080394
9000.283110050548
8222.055974141838
8222.055974141838
8222.055974141838
8222.055974141838
Elapsed Time: 400.9795973300934
best: 8222.055974141838

10849.93057653938
10496.47587680178
10457.756695506314
10284.186945622156
9702.028846214413
8846.290429077952
8149.6376023411185
8149.417526122909
8149.417526122909
8149.417526122909
Elapsed Time: 400.5827419757843
best: 8149.417526122909

10764.427694855442
10300.69182208355
10300.69182208355
9934.188904813847
9773.05502794429
9053.667498520088
8411.358928533391
8174.297991832551
8174.297991832551
8174.297991832551
Elapsed Time: 403.1308710575104
best: 8174.297991832551

10877.46986352205
10544.33019782611
10392.490576256216
10107.546058427533
9757.946956226668
9142.405371366769
8104.460156345712
8103.854120489162
8103.854120489162
8103.854120489162
Elapsed Time: 400.34587931632996
best: 8103.854120489162

11128.430476681206
10567.99583772642
10206.032907123092
9871.917307144593
9388.950288516666
8674.545043510261
8111.46621355845
8062.0645479930345
8062.0645479930345
8062.0645479930345
Elapsed Time: 394.645268201828
best: 8062.0645479930345

10650.261822086688
10277.93225525389
10277.93225525389
10204.698984848863
9236.26614707424
8948.996696412218
8016.206220703873
7894.771098742873
7894.771098742873
7894.771098742873
Elapsed Time: 399.79837584495544
best: 7894.771098742873

11163.595617537323
10456.293768159336
10287.116562578867
9816.879765163761
9580.575204840703
9150.185043890431
8702.657471596993
8460.434904394539
8460.434904394539
8460.434904394539
Elapsed Time: 394.7843174934387
best: 8460.434904394539

best_mean: 8117.1823115878715

Elapsed Time: 378.140456199646
Elapsed Time: 363.0394515991211
Elapsed Time: 365.72323274612427
Elapsed Time: 354.7912120819092
Elapsed Time: 366.07864809036255
Elapsed Time: 352.25637435913086
Elapsed Time: 360.8691771030426
Elapsed Time: 359.3422861099243
Elapsed Time: 365.3449628353119
Elapsed Time: 480.17861580848694
