10792.62582682496
10605.740104862161
10408.70706430798
10085.235713667984
9741.16351720357
9310.421396986878
8594.072643656997
8522.263644736122
8522.263644736122
8522.263644736122
best: 8522.263644736122

10934.050638578105
10517.311459597651
10472.148348091909
9813.960424856285
9395.595068884084
8945.957011333447
8350.701262598312
8200.293475840454
8200.293475840454
8200.293475840454
best: 8200.293475840454

10777.900724191184
10512.243839914556
9977.49221411018
9974.029610302914
9814.849745908485
8876.979270947142
8350.082964109955
7924.817915639201
7924.817915639201
7924.817915639201
best: 7924.817915639201

11044.347300095767
10581.449324285353
10527.98055567409
10022.61520100676
9614.380785506171
9307.993238055606
8564.950120811372
8555.895652990002
8555.895652990002
8555.895652990002
best: 8555.895652990002

10735.241599356628
10314.799733891
10314.799733891
9205.917456202686
9205.917456202686
8924.601818081048
8617.706620083052
8557.218551874666
8557.218551874666
8557.218551874666
best: 8557.218551874666

11049.221490429718
10587.163505753324
10151.415313813539
10093.984469850075
9386.423668157378
8964.351212275322
7958.519170365741
7950.179271286615
7950.179271286615
7950.179271286615
best: 7950.179271286615

11157.691642553562
10500.734253244895
10353.554726390637
10353.554726390637
9516.147903633308
8910.04234480486
8169.641755626449
8116.417975708511
8116.417975708511
8116.417975708511
best: 8116.417975708511

10826.216561720998
10487.719106959406
10309.716015044432
9988.758600589146
9597.066321389753
9349.33880109834
8533.146008214984
8425.0341401993
8425.0341401993
8425.0341401993
best: 8425.0341401993

11011.307539094587
10433.73944954299
10433.73944954299
10010.400467947224
9686.500048174052
8834.374101359163
7851.619773970212
7767.828735635291
7767.828735635291
7767.828735635291
best: 7767.828735635291

10823.413721658859
10432.954532384068
10141.446554419634
9902.023185536606
9593.682513313133
8724.247017212067
8511.68970061274
8444.899970844996
8444.899970844996
8444.899970844996
best: 8444.899970844996

mean_best: 8246.484933475516

