i:0	156808.67889390985
i:50	114051.62213153286
i:100	110327.09093983965
i:150	109527.32586895334
i:200	109015.27531137534
i:250	108962.46530516258
i:300	108218.63897065031
i:350	107826.09781105544
i:400	107656.0187894335
i:450	107083.30653915205
i:500	106909.74091753838
i:550	106909.74091753838
i:600	106909.74091753838
i:650	106796.13696501678
best: 106796.13696501678
routes: [0, 91, 92, 93, 94, 96, 95, 98, 97, 99, 100, 31, 39, 40, 35, 36, 37, 38, 34, 33, 32, 0, 11, 13, 16, 20, 19, 17, 18, 15, 14, 12, 0, 43, 46, 49, 50, 48, 47, 45, 44, 41, 42, 0, 90, 89, 88, 87, 81, 82, 83, 85, 86, 84, 0, 69, 70, 67, 68, 66, 65, 64, 63, 61, 62, 0, 54, 55, 52, 51, 53, 56, 57, 59, 60, 58, 79, 77, 78, 75, 73, 72, 71, 74, 76, 80, 0, 21, 23, 22, 25, 29, 27, 30, 28, 26, 24, 0, 1, 2, 8, 7, 9, 10, 3, 6, 5, 4, 0]
Elapsed time: 337.2906816005707

i:0	150545.6377618061
i:50	115141.46044021449
i:100	110767.02892951427
i:150	108041.96643619802
i:200	107043.1265357762
i:250	106617.1144665345
i:300	106173.69017146132
i:350	105651.37123772425
i:400	105651.37123772425
i:450	105651.37123772423
i:500	105651.37123772423
i:550	105512.55623783603
i:600	105398.95228531444
i:650	105398.95228531443
best: 105398.95228531443
routes: [0, 11, 12, 14, 17, 19, 20, 18, 15, 13, 16, 0, 6, 5, 10, 9, 7, 8, 2, 1, 3, 4, 0, 21, 23, 22, 25, 26, 27, 29, 30, 28, 24, 0, 43, 45, 47, 49, 50, 48, 46, 44, 41, 42, 0, 84, 83, 82, 81, 87, 88, 89, 85, 86, 90, 0, 69, 70, 66, 67, 68, 65, 64, 63, 61, 62, 0, 91, 92, 93, 94, 95, 96, 97, 98, 99, 100, 31, 39, 40, 35, 36, 37, 38, 34, 33, 32, 0, 51, 52, 53, 56, 55, 54, 57, 59, 60, 58, 79, 80, 77, 74, 71, 72, 73, 75, 78, 76, 0]
Elapsed time: 341.32991909980774

i:0	148997.691458509
i:50	116135.72431987956
i:100	114170.9935594246
i:150	108987.84387522216
i:200	108987.84387522214
i:250	107726.80962946157
i:300	107017.21161350117
i:350	107017.21161350117
i:400	106935.29067541598
i:450	106894.7897252274
i:500	106592.53638757922
i:550	106474.79157020534
i:600	106474.79157020533
i:650	106264.5439566061
best: 106264.5439566061
routes: [0, 51, 52, 53, 56, 55, 54, 57, 59, 60, 58, 74, 71, 72, 73, 75, 78, 77, 76, 79, 80, 0, 91, 93, 92, 94, 95, 96, 97, 98, 99, 100, 31, 33, 32, 37, 36, 35, 40, 39, 38, 34, 0, 21, 23, 24, 28, 30, 29, 27, 25, 26, 22, 0, 11, 12, 14, 17, 19, 20, 18, 15, 13, 16, 0, 61, 62, 63, 64, 65, 67, 68, 66, 69, 70, 0, 90, 86, 89, 88, 87, 81, 82, 85, 83, 84, 0, 43, 42, 41, 44, 46, 45, 47, 49, 50, 48, 0, 1, 2, 8, 9, 7, 10, 6, 5, 3, 4, 0]
Elapsed time: 324.1680006980896

i:0	149210.52431492752
i:50	119359.30453106025
i:100	115977.12266565631
i:150	115035.38559114824
i:200	110891.33865035161
i:250	109118.5728815557
i:300	107604.83667340972
i:350	107565.86584221334
i:400	107143.30044744874
i:450	107143.11810923551
i:500	106691.85002859322
i:550	106380.86222948683
i:600	106380.86222948683
i:650	106302.19888553732
best: 106113.21959363062
routes: [0, 91, 92, 93, 94, 95, 97, 99, 98, 96, 100, 31, 34, 33, 38, 39, 40, 35, 36, 37, 32, 0, 69, 70, 67, 68, 66, 65, 64, 63, 61, 62, 0, 21, 23, 26, 25, 27, 29, 30, 28, 24, 22, 0, 43, 42, 41, 44, 46, 49, 50, 47, 45, 48, 0, 13, 11, 12, 14, 15, 18, 17, 19, 20, 16, 0, 1, 2, 3, 5, 10, 7, 9, 8, 6, 4, 0, 89, 88, 87, 81, 82, 83, 85, 86, 90, 84, 0, 51, 53, 52, 54, 55, 57, 56, 59, 60, 58, 79, 80, 77, 76, 74, 71, 72, 73, 75, 78, 0]
Elapsed time: 327.7863812446594

i:0	153201.25581508578
i:50	114575.16238054018
i:100	112864.0400795276
i:150	112150.00335614715
i:200	111728.3796963719
i:250	111677.95090220172
i:300	111042.455287001
i:350	108671.33810063869
i:400	108469.51432974666
i:450	108166.19425663567
i:500	108007.18808608511
i:550	108007.1880860851
i:600	107845.20080917413
i:650	107258.50646953873
best: 107081.03971295485
routes: [0, 92, 91, 93, 95, 94, 96, 97, 98, 99, 100, 31, 39, 40, 35, 36, 37, 38, 34, 33, 32, 0, 43, 42, 41, 44, 45, 47, 46, 49, 50, 48, 0, 1, 3, 2, 8, 7, 9, 10, 5, 6, 4, 0, 61, 62, 64, 63, 65, 68, 67, 66, 69, 70, 0, 76, 71, 72, 73, 75, 78, 80, 79, 77, 74, 58, 60, 59, 57, 56, 53, 51, 52, 55, 54, 0, 11, 15, 17, 19, 20, 18, 16, 13, 14, 12, 0, 89, 88, 87, 81, 82, 83, 85, 86, 90, 84, 0, 21, 23, 22, 25, 29, 27, 30, 28, 26, 24, 0]
Elapsed time: 326.6786894798279

i:0	142363.96665112366
i:50	115071.37463931853
i:100	113244.87108690318
i:150	111037.31640948802
i:200	107880.49397811828
i:250	107208.62089310269
i:300	106381.50116551103
i:350	106333.73451186909
i:400	106194.48858305512
i:450	105919.0355690964
i:500	105919.0355690964
i:550	105756.41892112728
i:600	105756.41892112726
i:650	105756.41892112726
best: 105756.41892112726
routes: [0, 90, 86, 89, 85, 83, 84, 82, 81, 87, 88, 0, 43, 42, 41, 44, 45, 47, 46, 49, 50, 48, 0, 21, 24, 27, 29, 30, 28, 26, 25, 23, 22, 0, 51, 52, 53, 56, 54, 55, 57, 59, 60, 58, 79, 80, 78, 77, 74, 71, 72, 73, 75, 76, 0, 69, 70, 66, 67, 68, 65, 64, 63, 61, 62, 0, 91, 92, 93, 94, 95, 96, 99, 97, 98, 100, 31, 39, 38, 37, 40, 35, 36, 32, 33, 34, 0, 4, 3, 6, 5, 10, 9, 7, 8, 2, 1, 0, 13, 11, 12, 14, 15, 18, 17, 19, 20, 16, 0]
Elapsed time: 323.14046812057495

i:0	148449.67862062374
i:50	115547.7679601612
i:100	113142.67207951771
i:150	112854.71837606518
i:200	112783.34818493281
i:250	112201.80421032532
i:300	111503.2903087209
i:350	111100.39571367002
i:400	110057.93308454042
i:450	109032.48771363498
i:500	108773.37938975725
i:550	108306.32645753969
i:600	108039.74514821633
i:650	107306.34433708685
best: 107241.73024943653
routes: [0, 11, 12, 14, 13, 15, 18, 17, 19, 20, 16, 0, 61, 62, 63, 64, 65, 68, 67, 66, 69, 70, 0, 92, 91, 93, 95, 94, 96, 97, 98, 99, 100, 31, 39, 40, 35, 36, 37, 38, 34, 33, 32, 0, 4, 3, 6, 5, 10, 9, 7, 8, 2, 1, 0, 43, 41, 44, 46, 49, 47, 50, 48, 45, 42, 0, 21, 25, 27, 29, 30, 28, 26, 24, 23, 22, 0, 84, 86, 85, 83, 82, 81, 87, 88, 89, 90, 0, 80, 79, 77, 76, 74, 71, 72, 73, 75, 78, 58, 60, 59, 57, 56, 53, 52, 51, 55, 54, 0]
Elapsed time: 327.96911001205444

i:0	145945.44390914854
i:50	117290.92365125626
i:100	114253.12784392052
i:150	111842.80574628213
i:200	111842.80574628212
i:250	111022.58746633618
i:300	110631.98781180555
i:350	110620.48956939977
i:400	109965.62804004319
i:450	109860.14054407671
i:500	109814.23296586302
i:550	109736.50578628453
i:600	109293.13313085881
i:650	108637.73054733097
best: 107397.41888945558
routes: [0, 89, 90, 86, 84, 85, 83, 82, 81, 87, 88, 0, 43, 48, 46, 44, 41, 42, 45, 47, 49, 50, 0, 21, 23, 25, 27, 29, 30, 28, 26, 24, 22, 0, 80, 78, 75, 73, 72, 71, 74, 77, 76, 79, 58, 60, 59, 57, 56, 55, 54, 53, 51, 52, 0, 91, 92, 93, 95, 94, 96, 97, 98, 99, 100, 31, 33, 34, 38, 39, 40, 35, 36, 37, 32, 0, 4, 3, 1, 2, 8, 7, 9, 10, 5, 6, 0, 61, 62, 64, 63, 65, 68, 67, 66, 69, 70, 0, 13, 11, 12, 14, 15, 18, 17, 19, 20, 16, 0]
Elapsed time: 324.1400806903839

i:0	157434.7211032979
i:50	118037.5558895283
i:100	114898.7503764447
i:150	114291.92241127264
i:200	113667.32440828471
i:250	112753.82368487438
i:300	112493.45810307527
i:350	112419.9566900865
i:400	112396.33811523387
i:450	111856.69153092703
i:500	111591.72878814375
i:550	111591.72878814375
i:600	111027.39598600051
i:650	110945.3372917761
best: 110945.3372917761
routes: [0, 91, 92, 93, 94, 95, 97, 98, 99, 100, 96, 31, 34, 33, 32, 39, 40, 35, 36, 37, 38, 0, 90, 84, 89, 85, 88, 87, 81, 82, 83, 86, 0, 13, 11, 12, 14, 17, 19, 20, 18, 15, 16, 0, 61, 63, 65, 68, 67, 66, 69, 70, 64, 62, 0, 43, 44, 41, 42, 45, 47, 48, 46, 49, 50, 0, 21, 23, 22, 25, 26, 27, 29, 30, 28, 24, 0, 80, 78, 75, 73, 72, 71, 74, 77, 76, 79, 58, 56, 52, 51, 53, 60, 59, 57, 55, 54, 0, 1, 3, 2, 8, 7, 9, 10, 5, 6, 4, 0]
Elapsed time: 322.3857443332672

i:0	156600.44195220486
i:50	116701.54688205596
i:100	115827.89794815719
i:150	114227.2290389553
i:200	111880.88940615987
i:250	110877.51686767912
i:300	109573.72589815417
i:350	109158.23416668503
i:400	108800.87642383993
i:450	108800.87642383993
i:500	108789.37818143416
i:550	108720.68018286859
i:600	108712.74540308115
i:650	108476.82665239897
best: 108476.82665239897
routes: [0, 13, 11, 12, 14, 15, 17, 19, 20, 18, 16, 35, 36, 37, 40, 39, 38, 31, 34, 33, 32, 0, 43, 45, 47, 49, 50, 48, 46, 44, 41, 42, 0, 79, 74, 71, 72, 73, 75, 78, 80, 77, 76, 59, 60, 58, 52, 51, 53, 56, 57, 55, 54, 0, 4, 3, 6, 5, 10, 9, 7, 8, 2, 1, 0, 61, 62, 63, 64, 65, 68, 67, 66, 69, 70, 0, 90, 86, 89, 88, 87, 81, 82, 85, 83, 84, 0, 21, 23, 22, 25, 27, 29, 28, 30, 26, 24, 0, 91, 92, 93, 94, 95, 98, 97, 99, 100, 96, 0]
Elapsed time: 322.1736309528351

mean: 107147.16245177171
std: 1524.1968724417804
mean-time: 327.7062706232071
std-time: 6.193527878167145