i:0	150512.85233339452
i:50	108556.39466677723
i:100	103235.78454668791
i:150	100719.10228435323
i:200	99970.34233224529
i:250	99070.53559750927
i:300	98678.32297705639
i:350	98678.32297705639
i:400	98048.77038647656
i:450	97896.53032085797
i:500	97896.53032085797
i:550	97762.31667872662
i:600	97484.55306067815
i:650	97484.55306067815
best: 96820.18092742389
routes: [0, 38, 40, 35, 36, 37, 39, 31, 34, 33, 32, 24, 21, 23, 22, 27, 29, 30, 28, 25, 26, 16, 20, 19, 18, 15, 17, 14, 13, 11, 12, 0, 54, 55, 57, 59, 60, 58, 56, 53, 51, 52, 79, 77, 74, 71, 72, 73, 75, 80, 78, 76, 0, 96, 94, 92, 91, 93, 95, 97, 99, 100, 98, 69, 70, 64, 62, 61, 63, 65, 67, 68, 66, 0, 43, 48, 46, 49, 50, 47, 45, 44, 42, 41, 87, 81, 82, 85, 88, 86, 84, 83, 89, 90, 8, 7, 9, 10, 6, 2, 1, 3, 5, 4, 0]
Elapsed time: 379.63656878471375

i:0	146588.17372042785
i:50	104211.94064106833
i:100	100785.63823553931
i:150	99326.0205773982
i:200	97560.39047604016
i:250	97160.62690852438
i:300	94150.34433807681
i:350	94150.34433807681
i:400	94150.34433807681
i:450	94150.34433807681
i:500	94150.34433807681
i:550	94150.34433807681
i:600	94150.34433807681
i:650	93185.61019454425
best: 93185.61019454425
routes: [0, 61, 64, 63, 62, 65, 66, 67, 68, 70, 69, 31, 39, 38, 34, 32, 33, 37, 40, 35, 36, 30, 29, 27, 28, 25, 26, 24, 23, 21, 22, 0, 100, 99, 97, 98, 96, 95, 94, 93, 91, 92, 80, 76, 77, 74, 72, 71, 73, 75, 78, 79, 59, 60, 58, 56, 57, 55, 54, 53, 51, 52, 0, 17, 19, 20, 18, 15, 16, 13, 11, 12, 14, 43, 45, 44, 46, 49, 50, 48, 47, 42, 41, 87, 88, 86, 89, 84, 83, 81, 82, 85, 90, 8, 9, 7, 10, 6, 3, 5, 2, 1, 4, 0]
Elapsed time: 382.82370162010193

i:0	153000.07077636872
i:50	106078.7469642818
i:100	103079.44768123068
i:150	100190.5326794353
i:200	97357.69473027915
i:250	96689.36696709949
i:300	94208.43257981435
i:350	94208.43257981435
i:400	94208.43257981435
i:450	93108.52542569581
i:500	90583.60768354186
i:550	87982.37797153156
i:600	87483.79325374454
i:650	86276.68373166809
best: 85265.44442216535
routes: [0, 54, 55, 56, 52, 51, 53, 57, 59, 60, 58, 79, 77, 74, 76, 71, 72, 73, 75, 78, 80, 61, 62, 63, 64, 65, 68, 66, 67, 69, 70, 0, 43, 45, 42, 47, 46, 49, 50, 48, 44, 41, 88, 87, 81, 82, 83, 85, 86, 84, 89, 90, 8, 9, 7, 2, 1, 3, 6, 10, 5, 4, 0, 91, 92, 93, 94, 95, 96, 100, 99, 97, 98, 31, 39, 40, 35, 36, 37, 38, 32, 33, 34, 27, 29, 30, 28, 25, 26, 24, 21, 23, 22, 15, 13, 11, 12, 14, 17, 19, 20, 18, 16, 0]
Elapsed time: 381.5195517539978

i:0	137212.83544418053
i:50	103664.6042087962
i:100	100486.11790834855
i:150	99381.79125561306
i:200	98885.74689801889
i:250	98885.74689801889
i:300	98885.74689801889
i:350	98885.74689801889
i:400	98885.74689801889
i:450	98885.74689801889
i:500	98885.74689801889
i:550	98718.6350905283
i:600	98718.6350905283
i:650	98718.6350905283
best: 98718.6350905283
routes: [0, 96, 95, 94, 92, 91, 93, 98, 97, 99, 100, 69, 70, 67, 68, 66, 62, 61, 63, 65, 64, 31, 34, 38, 37, 35, 36, 40, 39, 33, 32, 0, 79, 77, 80, 73, 74, 71, 72, 75, 78, 76, 58, 59, 60, 56, 53, 51, 52, 55, 57, 54, 0, 13, 14, 12, 11, 15, 17, 20, 19, 18, 16, 43, 42, 47, 49, 50, 48, 45, 46, 44, 41, 89, 88, 87, 81, 83, 82, 85, 90, 86, 84, 9, 7, 10, 6, 1, 2, 3, 8, 5, 4, 0, 23, 22, 28, 30, 29, 27, 25, 26, 24, 21, 0]
Elapsed time: 383.33828711509705

i:0	148963.26860791256
i:50	103585.79500282547
i:100	101431.28775371911
i:150	100984.3936758376
i:200	100984.3936758376
i:250	100306.82963083025
i:300	100306.82963083025
i:350	100306.82963083025
i:400	100306.82963083025
i:450	100298.37268007315
i:500	100298.37268007315
i:550	100298.37268007315
i:600	100298.37268007315
i:650	99290.119328612
best: 99290.119328612
routes: [0, 4, 1, 5, 10, 8, 6, 3, 2, 7, 9, 89, 88, 87, 85, 82, 81, 83, 90, 84, 86, 41, 43, 42, 45, 47, 44, 46, 49, 50, 48, 19, 20, 18, 17, 14, 15, 16, 13, 11, 12, 0, 80, 78, 75, 72, 73, 71, 74, 76, 77, 79, 58, 53, 51, 52, 55, 57, 59, 60, 56, 54, 0, 91, 93, 94, 98, 99, 100, 96, 95, 97, 92, 63, 62, 61, 69, 70, 67, 68, 66, 65, 64, 0, 31, 38, 37, 40, 36, 35, 39, 34, 32, 33, 24, 21, 22, 23, 25, 28, 29, 27, 30, 26, 0]
Elapsed time: 390.23952889442444

i:0	143504.0774895738
i:50	108200.19794214745
i:100	106487.10772099342
i:150	98793.38502852798
i:200	97988.16011966672
i:250	97988.16011966672
i:300	97988.16011966672
i:350	97988.16011966672
i:400	97988.16011966672
i:450	96660.88345712028
i:500	96151.04222888112
i:550	96151.04222888112
i:600	96151.04222888112
i:650	96151.04222888112
best: 96151.04222888112
routes: [0, 54, 52, 51, 53, 55, 57, 59, 60, 58, 56, 90, 86, 84, 83, 82, 81, 87, 88, 85, 89, 41, 42, 44, 45, 46, 49, 50, 43, 47, 48, 0, 4, 1, 3, 5, 8, 9, 7, 10, 2, 6, 76, 77, 74, 71, 72, 73, 75, 78, 79, 80, 61, 62, 63, 64, 65, 68, 66, 67, 69, 70, 0, 99, 100, 92, 91, 95, 94, 93, 96, 97, 98, 31, 39, 40, 35, 36, 37, 38, 33, 34, 32, 24, 25, 29, 27, 28, 30, 26, 21, 23, 22, 17, 11, 12, 18, 19, 13, 15, 20, 14, 16, 0]
Elapsed time: 392.5860960483551

i:0	150444.30158041717
i:50	107303.5961523449
i:100	104123.99736257191
i:150	103473.85786168197
i:200	103364.55498960396
i:250	100858.09435578113
i:300	100026.50073115985
i:350	100026.50073115985
i:400	99739.57723519468
i:450	99739.57723519468
i:500	98147.26752628156
i:550	97984.20679085434
i:600	96710.01288928054
i:650	95927.95808125599
best: 95927.95808125599
routes: [0, 32, 33, 34, 31, 39, 38, 37, 40, 35, 36, 26, 25, 23, 27, 29, 30, 24, 21, 28, 22, 15, 12, 11, 13, 14, 17, 18, 19, 20, 16, 0, 92, 91, 93, 94, 95, 98, 96, 97, 99, 100, 69, 70, 67, 68, 66, 63, 65, 64, 61, 62, 77, 78, 73, 75, 72, 71, 74, 76, 79, 80, 0, 43, 44, 46, 47, 48, 50, 49, 45, 42, 41, 90, 86, 85, 89, 88, 87, 81, 82, 83, 84, 56, 54, 55, 57, 59, 60, 58, 53, 51, 52, 0, 9, 7, 8, 2, 3, 6, 5, 10, 1, 4, 0]
Elapsed time: 382.61015605926514

i:0	151543.41974542104
i:50	102464.55891594589
i:100	101583.58043813745
i:150	100967.47457499806
i:200	99130.63875129644
i:250	99078.63664120698
i:300	96790.04296373483
i:350	96569.74058621055
i:400	96529.05850519011
i:450	96277.10512858702
i:500	96229.12106821348
i:550	96229.12106821348
i:600	96229.12106821348
i:650	95459.58020492044
best: 95459.58020492044
routes: [0, 54, 57, 55, 52, 51, 53, 56, 59, 60, 58, 76, 77, 74, 72, 71, 73, 75, 78, 79, 80, 0, 21, 23, 24, 22, 25, 26, 27, 29, 30, 28, 16, 13, 15, 14, 12, 11, 18, 20, 19, 17, 48, 47, 49, 50, 46, 44, 45, 43, 42, 41, 88, 82, 83, 81, 87, 89, 90, 84, 85, 86, 0, 94, 91, 92, 97, 99, 100, 98, 95, 96, 93, 67, 68, 66, 64, 62, 61, 63, 65, 69, 70, 31, 39, 38, 37, 36, 35, 40, 32, 33, 34, 0, 3, 5, 6, 10, 9, 7, 8, 2, 1, 4, 0]
Elapsed time: 389.21098589897156

i:0	148584.64560857136
i:50	107134.49651880561
i:100	102206.97582124932
i:150	100417.65905033065
i:200	99204.42325224432
i:250	97776.03862497275
i:300	96163.13866861907
i:350	95181.96527910205
i:400	95181.96527910205
i:450	94071.59490614856
i:500	93509.7712757132
i:550	93105.87445297463
i:600	91559.94770307044
i:650	91256.94730827902
best: 91256.94730827902
routes: [0, 76, 71, 72, 73, 75, 78, 80, 79, 77, 74, 58, 59, 60, 56, 57, 55, 54, 53, 51, 52, 0, 96, 99, 100, 95, 94, 92, 91, 93, 97, 98, 69, 70, 67, 68, 66, 65, 64, 63, 61, 62, 0, 43, 42, 45, 48, 47, 49, 50, 46, 44, 41, 87, 81, 82, 83, 85, 88, 89, 90, 86, 84, 8, 7, 9, 10, 5, 6, 2, 1, 3, 4, 0, 31, 39, 38, 37, 40, 35, 36, 34, 33, 32, 26, 25, 27, 29, 30, 28, 24, 21, 23, 22, 17, 19, 20, 18, 15, 14, 12, 11, 13, 16, 0]
Elapsed time: 367.9048717021942

i:0	146381.08360421043
i:50	106160.82508545616
i:100	101485.47085033484
i:150	100377.41255449638
i:200	99138.91182190375
i:250	98518.30234178338
i:300	98484.24968864034
i:350	98484.24968864034
i:400	98484.24968864034
i:450	93191.16825769955
i:500	91566.2351554419
i:550	91279.08852229542
i:600	91243.26473956543
i:650	91243.26473956543
best: 91125.74182487442
routes: [0, 52, 51, 53, 56, 54, 55, 57, 59, 60, 58, 79, 80, 76, 77, 74, 71, 72, 73, 75, 78, 2, 5, 6, 1, 4, 9, 7, 8, 10, 3, 0, 92, 91, 94, 93, 95, 98, 96, 99, 97, 100, 69, 70, 66, 67, 68, 65, 64, 63, 61, 62, 31, 33, 34, 38, 39, 37, 36, 35, 40, 32, 0, 24, 21, 23, 22, 25, 27, 29, 30, 28, 26, 20, 16, 13, 15, 17, 19, 18, 11, 14, 12, 43, 45, 46, 49, 50, 48, 47, 44, 42, 41, 81, 82, 83, 85, 87, 88, 86, 84, 89, 90, 0]
Elapsed time: 378.90614676475525

mean: 94320.12596114847
std: 4004.9377425169127
mean-time: 382.8775894641876
std-time: 6.641949602963406