i:0	144308.3995602882
i:50	107697.76572467852
i:100	105264.10492262145
i:150	102530.98213818436
i:200	100979.2515583898
i:250	99502.92437985312
i:300	99502.92437985312
i:350	97763.89524346194
i:400	94090.16198632136
i:450	93769.24023833552
i:500	92373.7910192392
i:550	90438.10909832273
i:600	88724.03911440501
i:650	88279.68574724578
best: 88279.68574724578
routes: [0, 91, 92, 93, 95, 97, 99, 100, 98, 96, 94, 69, 70, 66, 67, 68, 65, 62, 61, 63, 64, 31, 33, 34, 38, 39, 40, 35, 36, 37, 32, 0, 51, 52, 53, 56, 54, 55, 57, 59, 60, 58, 79, 74, 71, 72, 73, 75, 78, 77, 80, 76, 84, 86, 89, 88, 87, 81, 82, 83, 85, 90, 0, 43, 42, 41, 44, 45, 47, 46, 49, 50, 48, 14, 12, 11, 13, 15, 17, 19, 18, 20, 16, 22, 21, 23, 25, 29, 30, 27, 28, 26, 24, 0, 1, 3, 2, 8, 9, 10, 7, 6, 5, 4, 0]
Elapsed time: 375.84690523147583

i:0	160120.03212505134
i:50	106527.16776955107
i:100	102267.87425919838
i:150	101478.06868742219
i:200	99844.10080210736
i:250	97935.09320046072
i:300	95386.07809592289
i:350	93174.3269463074
i:400	90056.9307474858
i:450	87617.98837070748
i:500	86580.52356284419
i:550	86458.42493754321
i:600	86276.04687621616
i:650	85792.3746367305
best: 85023.92579321424
routes: [0, 51, 52, 53, 56, 54, 55, 57, 59, 60, 58, 79, 77, 74, 76, 71, 72, 73, 75, 78, 80, 61, 62, 63, 64, 65, 68, 67, 69, 70, 66, 0, 91, 92, 93, 95, 94, 96, 97, 98, 99, 100, 31, 34, 33, 38, 39, 40, 35, 36, 37, 32, 28, 30, 29, 27, 25, 26, 23, 22, 21, 24, 0, 11, 13, 16, 15, 17, 19, 20, 18, 14, 12, 43, 45, 46, 49, 50, 48, 47, 44, 42, 41, 88, 87, 81, 82, 83, 85, 89, 90, 86, 84, 0, 1, 3, 5, 10, 9, 7, 8, 2, 6, 4, 0]
Elapsed time: 359.5381073951721

i:0	149635.83087785152
i:50	101788.91914418734
i:100	98358.7340179255
i:150	98358.7340179255
i:200	97728.3049401939
i:250	97728.3049401939
i:300	97282.30697182195
i:350	97282.30697182195
i:400	97282.30697182195
i:450	97282.30697182195
i:500	97282.30697182195
i:550	97282.30697182195
i:600	97198.66433013362
i:650	96383.68845638538
best: 96383.68845638538
routes: [0, 31, 39, 38, 37, 40, 35, 36, 32, 33, 34, 28, 30, 25, 26, 29, 27, 23, 21, 24, 22, 19, 17, 20, 15, 13, 14, 12, 11, 18, 16, 0, 51, 52, 53, 56, 59, 60, 58, 55, 57, 54, 86, 85, 84, 83, 82, 81, 87, 88, 89, 90, 43, 48, 47, 45, 42, 41, 44, 46, 49, 50, 0, 92, 91, 94, 93, 96, 97, 95, 98, 99, 100, 69, 70, 66, 67, 68, 65, 64, 61, 63, 62, 79, 74, 71, 72, 73, 75, 77, 78, 76, 80, 0, 3, 6, 5, 9, 7, 10, 2, 8, 1, 4, 0]
Elapsed time: 389.5046646595001

i:0	144443.678142451
i:50	107438.37015662187
i:100	103828.2262965956
i:150	101897.913782692
i:200	101133.9680111107
i:250	101087.01379676591
i:300	101087.01379676591
i:350	101087.01379676591
i:400	101087.01379676591
i:450	100266.32062719567
i:500	100115.13942671123
i:550	100115.13942671123
i:600	100115.13942671123
i:650	100115.13942671123
best: 99865.2289814246
routes: [0, 90, 86, 84, 83, 88, 85, 82, 81, 87, 89, 41, 43, 48, 46, 44, 42, 45, 47, 49, 50, 15, 17, 16, 19, 20, 18, 14, 11, 13, 12, 0, 92, 91, 93, 94, 96, 100, 97, 99, 95, 98, 79, 77, 80, 78, 75, 76, 71, 72, 73, 74, 60, 59, 58, 56, 57, 55, 54, 51, 53, 52, 0, 21, 22, 23, 28, 30, 29, 27, 24, 25, 26, 32, 34, 33, 39, 38, 37, 35, 36, 40, 31, 69, 70, 67, 68, 66, 65, 64, 61, 63, 62, 0, 1, 3, 9, 8, 5, 10, 2, 7, 6, 4, 0]
Elapsed time: 388.37767362594604

i:0	144986.21117070955
i:50	106817.24615561236
i:100	100997.99998931904
i:150	100553.8291911741
i:200	98207.97066269159
i:250	96648.65319967839
i:300	96208.67871369107
i:350	95619.08279711462
i:400	94037.86593556918
i:450	93603.17492186907
i:500	92836.12619134766
i:550	92296.71896166576
i:600	91884.03514478129
i:650	91713.19825704748
best: 91713.19825704748
routes: [0, 11, 13, 15, 18, 16, 20, 19, 17, 14, 12, 21, 22, 23, 24, 26, 25, 27, 29, 30, 28, 32, 37, 36, 35, 40, 39, 38, 33, 34, 31, 0, 2, 1, 3, 5, 6, 7, 8, 9, 10, 4, 90, 86, 89, 84, 82, 83, 81, 85, 88, 87, 41, 42, 43, 47, 45, 44, 46, 49, 50, 48, 0, 51, 52, 53, 56, 54, 55, 57, 59, 60, 58, 76, 74, 71, 72, 73, 75, 78, 77, 79, 80, 61, 62, 63, 65, 66, 69, 70, 67, 68, 64, 0, 93, 91, 92, 95, 98, 97, 99, 100, 96, 94, 0]
Elapsed time: 353.05498576164246

i:0	160380.45929889975
i:50	108011.18100289095
i:100	102196.49505236458
i:150	101004.93630456815
i:200	99992.97738966823
i:250	97943.0275863021
i:300	97706.00200439735
i:350	97326.86662554122
i:400	96266.41197168546
i:450	96266.41197168545
i:500	96254.1250882592
i:550	96254.1250882592
i:600	95940.8105352831
i:650	95821.42775228663
best: 95821.42775228663
routes: [0, 76, 71, 72, 73, 75, 78, 74, 77, 80, 79, 58, 60, 59, 57, 54, 55, 56, 51, 53, 52, 0, 31, 34, 37, 35, 36, 40, 39, 38, 33, 32, 27, 28, 30, 29, 25, 26, 24, 21, 23, 22, 18, 17, 19, 20, 16, 13, 11, 15, 14, 12, 0, 43, 47, 48, 49, 50, 46, 44, 45, 42, 41, 86, 83, 82, 81, 87, 88, 85, 89, 90, 84, 8, 7, 9, 10, 6, 5, 3, 1, 2, 4, 0, 96, 97, 99, 100, 98, 95, 94, 93, 91, 92, 61, 63, 69, 70, 66, 67, 68, 65, 64, 62, 0]
Elapsed time: 376.21158957481384

i:0	152963.57033642457
i:50	106111.51105919082
i:100	105150.15252843329
i:150	104111.96958350751
i:200	103909.5523073629
i:250	102775.37604194577
i:300	100181.63346881753
i:350	99845.97987575583
i:400	99728.61958915266
i:450	98469.87632693863
i:500	97933.40515961329
i:550	96505.99411946358
i:600	96505.99411946358
i:650	96018.86331264328
best: 95733.62980283554
routes: [0, 96, 99, 100, 97, 98, 95, 94, 91, 93, 92, 61, 63, 66, 67, 69, 70, 68, 65, 64, 62, 0, 76, 77, 74, 71, 72, 73, 75, 78, 79, 80, 58, 60, 59, 57, 55, 52, 51, 53, 56, 54, 0, 31, 39, 40, 35, 36, 37, 38, 34, 33, 32, 28, 27, 29, 30, 25, 26, 23, 24, 21, 22, 16, 13, 18, 20, 19, 17, 15, 14, 11, 12, 0, 43, 48, 47, 46, 49, 50, 45, 44, 42, 41, 87, 88, 89, 90, 84, 81, 82, 83, 85, 86, 8, 2, 1, 7, 9, 10, 3, 6, 5, 4, 0]
Elapsed time: 379.90050530433655

i:0	151991.92622604177
i:50	102164.8461126915
i:100	100633.45082575477
i:150	100633.45082575477
i:200	100633.45082575477
i:250	100633.45082575477
i:300	100633.45082575477
i:350	100633.45082575477
i:400	100633.45082575477
i:450	100633.45082575477
i:500	100633.45082575477
i:550	100633.45082575477
i:600	100633.45082575477
i:650	100633.45082575477
best: 100633.45082575477
routes: [0, 4, 3, 7, 9, 10, 8, 5, 6, 1, 2, 54, 56, 57, 55, 52, 51, 53, 58, 59, 60, 79, 77, 74, 71, 73, 72, 75, 80, 78, 76, 0, 91, 92, 93, 97, 99, 100, 94, 95, 98, 96, 64, 63, 61, 62, 65, 66, 69, 70, 67, 68, 0, 90, 83, 84, 82, 81, 85, 86, 89, 87, 88, 41, 44, 46, 49, 50, 48, 47, 45, 42, 43, 11, 12, 14, 17, 19, 20, 13, 18, 15, 16, 0, 21, 24, 23, 22, 27, 25, 28, 26, 29, 30, 31, 39, 38, 37, 36, 35, 40, 32, 33, 34, 0]
Elapsed time: 381.0620331764221

i:0	133972.8492514496
i:50	104913.23876434889
i:100	104913.23876434889
i:150	104913.23876434889
i:200	104913.23876434889
i:250	104606.49675643757
i:300	101957.69853858004
i:350	100519.96079891267
i:400	100519.96079891267
i:450	99228.39029602852
i:500	99228.39029602852
i:550	98674.89154357575
i:600	98300.48699778486
i:650	98300.48699778486
best: 98300.48699778486
routes: [0, 51, 52, 53, 58, 60, 56, 59, 57, 55, 54, 84, 83, 88, 87, 81, 82, 85, 86, 89, 90, 0, 76, 74, 71, 72, 73, 75, 79, 77, 78, 80, 61, 64, 63, 62, 65, 67, 69, 70, 68, 66, 0, 3, 4, 1, 2, 8, 6, 5, 10, 9, 7, 43, 42, 41, 44, 46, 45, 47, 49, 50, 48, 13, 16, 20, 19, 17, 18, 15, 14, 11, 12, 0, 91, 92, 93, 95, 94, 98, 97, 99, 100, 96, 31, 39, 38, 40, 36, 35, 37, 34, 33, 32, 28, 30, 27, 29, 25, 23, 21, 24, 26, 22, 0]
Elapsed time: 385.4647808074951

i:0	144519.14032341365
i:50	105405.29292841256
i:100	102930.13533079118
i:150	101096.24018088376
i:200	100327.52389678049
i:250	99139.67361827116
i:300	98305.69901038424
i:350	96925.06436707257
i:400	96249.6799922772
i:450	95177.52546235158
i:500	94230.34410533032
i:550	93707.84890153234
i:600	93623.80593067901
i:650	93532.37509312265
best: 93353.0101712692
routes: [0, 92, 91, 93, 94, 95, 96, 97, 99, 100, 98, 69, 70, 67, 68, 66, 61, 63, 62, 65, 64, 0, 55, 54, 52, 51, 53, 56, 57, 58, 60, 59, 76, 74, 71, 72, 73, 75, 78, 77, 79, 80, 0, 4, 1, 3, 2, 5, 10, 7, 8, 6, 9, 43, 45, 44, 46, 49, 50, 48, 47, 42, 41, 88, 87, 81, 82, 85, 89, 90, 86, 83, 84, 0, 31, 34, 33, 32, 39, 38, 37, 40, 35, 36, 30, 29, 27, 25, 28, 26, 24, 21, 23, 22, 16, 20, 19, 17, 18, 15, 14, 13, 11, 12, 0]
Elapsed time: 356.99274706840515

mean: 94510.77327852484
std: 4745.881153516596
mean-time: 374.59539926052094
std-time: 12.669196484063548