i:0	87135.04668342741
i:50	59894.71800695857
i:100	59154.12378428714
i:150	59013.34389489461
i:200	59013.34389489461
i:250	59013.34389489461
i:300	59013.34389489461
i:350	59013.34389489461
i:400	58528.924641529404
i:450	58528.924641529404
i:500	58528.924641529404
i:550	58528.924641529404
i:600	58528.924641529404
i:650	58528.924641529404
best: 58528.924641529404
routes: [0, 26, 28, 27, 29, 30, 39, 36, 38, 37, 40, 33, 34, 35, 32, 31, 50, 49, 48, 47, 46, 0, 16, 20, 17, 19, 18, 11, 14, 13, 15, 12, 8, 7, 9, 10, 6, 23, 25, 22, 24, 21, 41, 42, 45, 43, 44, 5, 3, 2, 1, 4, 0]
Elapsed time: 95.65857195854187

i:0	85727.08580451702
i:50	60413.37184092571
i:100	60262.32226278691
i:150	60044.83555820903
i:200	59988.54094864694
i:250	59980.846356896334
i:300	59980.846356896334
i:350	59980.846356896334
i:400	59980.846356896334
i:450	59980.846356896334
i:500	59980.846356896334
i:550	59980.846356896334
i:600	59980.846356896334
i:650	59980.846356896334
best: 59980.846356896334
routes: [0, 27, 26, 28, 30, 29, 39, 36, 38, 37, 40, 31, 32, 34, 33, 35, 50, 49, 47, 46, 48, 0, 4, 5, 3, 1, 2, 44, 43, 45, 41, 42, 21, 24, 25, 23, 22, 6, 8, 7, 9, 10, 12, 11, 14, 13, 15, 20, 18, 17, 19, 16, 0]
Elapsed time: 60.484339475631714

i:0	80774.91131468059
i:50	58629.86881001717
i:100	58173.611438460764
i:150	58173.611438460764
i:200	58173.611438460764
i:250	58173.611438460764
i:300	58173.611438460764
i:350	58173.611438460764
i:400	58173.611438460764
i:450	58173.611438460764
i:500	58173.611438460764
i:550	58173.611438460764
i:600	58173.611438460764
i:650	58173.611438460764
best: 58173.611438460764
routes: [0, 49, 50, 48, 47, 46, 33, 34, 35, 32, 31, 40, 38, 37, 39, 36, 29, 30, 28, 27, 26, 0, 16, 20, 17, 19, 18, 11, 14, 13, 15, 12, 8, 7, 9, 10, 6, 23, 25, 22, 24, 21, 41, 42, 45, 43, 44, 5, 3, 2, 1, 4, 0]
Elapsed time: 63.09233331680298

i:0	78519.82028185477
i:50	59394.74651491259
i:100	59225.41045854277
i:150	58526.012186143154
i:200	58526.012186143154
i:250	58526.012186143154
i:300	58526.012186143154
i:350	58526.012186143154
i:400	58526.012186143154
i:450	58526.012186143154
i:500	58526.012186143154
i:550	58526.012186143154
i:600	58526.012186143154
i:650	58526.012186143154
best: 58526.012186143154
routes: [0, 49, 50, 48, 47, 46, 33, 34, 35, 32, 31, 40, 38, 37, 39, 36, 29, 30, 28, 27, 26, 0, 16, 20, 17, 19, 18, 11, 14, 13, 15, 12, 8, 7, 9, 10, 6, 23, 22, 24, 25, 21, 41, 42, 45, 43, 44, 5, 3, 2, 1, 4, 0]
Elapsed time: 76.9996087551117

i:0	83552.98356136214
i:50	58557.905210641366
i:100	58528.924641529404
i:150	58528.924641529404
i:200	58528.924641529404
i:250	58528.924641529404
i:300	58528.924641529404
i:350	58528.924641529404
i:400	58528.924641529404
i:450	58528.924641529404
i:500	58528.924641529404
i:550	58528.924641529404
i:600	58528.924641529404
i:650	58528.924641529404
best: 58528.924641529404
routes: [0, 26, 28, 27, 29, 30, 39, 36, 38, 37, 40, 33, 34, 35, 32, 31, 50, 49, 48, 47, 46, 0, 16, 20, 17, 19, 18, 11, 14, 13, 15, 12, 8, 7, 9, 10, 6, 23, 25, 22, 24, 21, 41, 42, 45, 43, 44, 5, 3, 2, 1, 4, 0]
Elapsed time: 59.68838357925415

i:0	86985.57194304411
i:50	59333.803079107514
i:100	58859.57263885694
i:150	58528.924641529404
i:200	58528.924641529404
i:250	58528.924641529404
i:300	58528.924641529404
i:350	58528.924641529404
i:400	58528.924641529404
i:450	58528.924641529404
i:500	58528.924641529404
i:550	58528.924641529404
i:600	58528.924641529404
i:650	58528.924641529404
best: 58528.924641529404
routes: [0, 26, 28, 27, 29, 30, 39, 36, 38, 37, 40, 33, 34, 35, 32, 31, 50, 49, 48, 47, 46, 0, 16, 20, 17, 19, 18, 11, 14, 13, 15, 12, 8, 7, 9, 10, 6, 23, 25, 22, 24, 21, 41, 42, 45, 43, 44, 5, 3, 2, 1, 4, 0]
Elapsed time: 70.19972467422485

i:0	84128.84802483389
i:50	61492.74582529949
i:100	60339.52560661227
i:150	58845.886010483344
i:200	58845.886010483344
i:250	58538.82532614593
i:300	58538.82532614593
i:350	58538.82532614593
i:400	58538.82532614593
i:450	58538.82532614593
i:500	58538.82532614593
i:550	58526.012186143154
i:600	58526.012186143154
i:650	58526.012186143154
best: 58526.012186143154
routes: [0, 49, 50, 48, 47, 46, 33, 34, 35, 32, 31, 40, 38, 37, 39, 36, 29, 30, 28, 27, 26, 0, 16, 20, 17, 19, 18, 11, 14, 13, 15, 12, 8, 7, 9, 10, 6, 23, 22, 24, 25, 21, 41, 42, 45, 43, 44, 5, 3, 2, 1, 4, 0]
Elapsed time: 83.84478044509888

i:0	76823.19465376469
i:50	61076.669219768984
i:100	59111.23290492381
i:150	58881.325389211794
i:200	58881.325389211794
i:250	58881.325389211794
i:300	58881.325389211794
i:350	58881.325389211794
i:400	58881.325389211794
i:450	58881.325389211794
i:500	58881.325389211794
i:550	58881.325389211794
i:600	58881.325389211794
i:650	58881.325389211794
best: 58881.325389211794
routes: [0, 26, 28, 27, 29, 30, 39, 36, 38, 37, 40, 33, 34, 35, 32, 31, 50, 49, 48, 47, 46, 0, 16, 20, 17, 19, 18, 11, 14, 13, 15, 12, 8, 7, 9, 10, 6, 23, 22, 24, 25, 21, 41, 42, 45, 43, 44, 5, 3, 2, 1, 4, 0]
Elapsed time: 76.9882333278656

i:0	82432.42671630332
i:50	63880.98034699491
i:100	63613.52986353525
i:150	63613.52986353525
i:200	63613.52986353525
i:250	63613.52986353525
i:300	63613.52986353525
i:350	63613.52986353525
i:400	63613.52986353525
i:450	63613.52986353525
i:500	63613.52986353525
i:550	63613.52986353525
i:600	63613.52986353525
i:650	63268.44176062066
best: 63268.44176062066
routes: [0, 26, 28, 27, 30, 29, 39, 36, 38, 37, 40, 33, 34, 35, 32, 31, 50, 49, 48, 47, 46, 0, 16, 20, 19, 18, 17, 14, 13, 15, 12, 11, 9, 10, 8, 7, 6, 23, 24, 25, 22, 21, 44, 43, 45, 41, 42, 0, 4, 5, 3, 2, 1, 0]
Elapsed time: 111.46328639984131

i:0	88461.78488806641
i:50	59901.482960597816
i:100	58340.92747087711
i:150	58186.42457846354
i:200	58186.42457846354
i:250	58186.42457846354
i:300	58186.42457846354
i:350	58186.42457846354
i:400	58186.42457846354
i:450	58186.42457846354
i:500	58186.42457846354
i:550	58186.42457846354
i:600	58186.42457846354
i:650	58186.42457846354
best: 58186.42457846354
routes: [0, 49, 50, 48, 47, 46, 33, 34, 35, 32, 31, 40, 38, 37, 39, 36, 29, 30, 28, 27, 26, 0, 16, 18, 17, 19, 20, 15, 13, 14, 11, 12, 8, 7, 9, 10, 6, 23, 25, 22, 24, 21, 41, 42, 45, 43, 44, 5, 3, 2, 1, 4, 0]
Elapsed time: 78.78438425064087

mean: 59112.94478205276
std: 1467.2443886953122
mean-time: 77.72036461830139
std-time: 15.468782734954372