i:0	84536.65184593239
i:50	66800.53038194515
i:100	66703.9172817322
i:150	65807.61082683099
i:200	65807.61082683099
i:250	65807.61082683099
i:300	65807.61082683099
i:350	65807.61082683099
i:400	65807.61082683099
i:450	65807.61082683099
i:500	65807.61082683099
i:550	65807.61082683099
i:600	65807.61082683099
i:650	65807.61082683099
best: 65807.61082683099
routes: [0, 8, 7, 9, 10, 6, 24, 25, 23, 22, 21, 41, 42, 45, 43, 44, 5, 3, 1, 2, 4, 0, 26, 28, 27, 29, 30, 39, 36, 38, 37, 40, 33, 34, 31, 32, 35, 50, 49, 48, 47, 46, 0, 14, 13, 12, 15, 11, 18, 17, 20, 19, 16, 0]
Elapsed time: 49.49350929260254

i:0	291774.2090815782
i:50	66745.36430990537
i:100	66745.36430990537
i:150	65965.90960110065
i:200	65965.90960110065
i:250	65965.90960110065
i:300	65965.90960110065
i:350	65965.90960110065
i:400	65965.90960110065
i:450	65965.90960110065
i:500	65965.90960110065
i:550	65965.90960110065
i:600	65965.90960110065
i:650	65965.90960110065
best: 65965.90960110065
routes: [0, 26, 28, 27, 29, 30, 39, 36, 38, 37, 40, 31, 32, 34, 35, 33, 50, 49, 48, 47, 46, 0, 8, 7, 9, 10, 6, 25, 23, 22, 24, 21, 45, 43, 41, 42, 44, 3, 1, 2, 4, 5, 0, 12, 15, 13, 14, 11, 18, 17, 20, 19, 16, 0]
Elapsed time: 44.272533655166626

i:0	84763.02045465118
i:50	66714.37805271678
i:100	66095.78215996479
i:150	66095.78215996479
i:200	66095.78215996479
i:250	66095.78215996479
i:300	66095.78215996479
i:350	66095.78215996479
i:400	66095.78215996479
i:450	66095.78215996479
i:500	66095.78215996479
i:550	66095.78215996479
i:600	66095.78215996479
i:650	66095.78215996479
best: 66095.78215996479
routes: [0, 26, 28, 27, 29, 30, 39, 36, 38, 37, 40, 33, 34, 31, 32, 35, 50, 49, 48, 47, 46, 0, 4, 5, 3, 1, 2, 44, 43, 45, 41, 42, 24, 21, 22, 25, 23, 6, 8, 7, 9, 10, 0, 16, 20, 19, 18, 17, 14, 15, 13, 12, 11, 0]
Elapsed time: 46.589741945266724

i:0	288690.0099750769
i:50	66639.11780478431
i:100	66548.69415123123
i:150	66548.69415123123
i:200	66548.69415123123
i:250	66548.69415123123
i:300	66548.69415123123
i:350	66548.69415123123
i:400	66548.69415123123
i:450	66548.69415123123
i:500	66548.69415123123
i:550	66548.69415123123
i:600	66548.69415123123
i:650	66548.69415123123
best: 66548.69415123123
routes: [0, 49, 50, 48, 47, 46, 34, 35, 33, 32, 31, 40, 38, 37, 39, 36, 28, 27, 29, 30, 26, 0, 8, 7, 9, 10, 6, 23, 24, 21, 22, 25, 45, 43, 41, 42, 44, 3, 1, 2, 4, 5, 0, 13, 14, 11, 12, 15, 20, 18, 17, 19, 16, 0]
Elapsed time: 42.432825565338135

i:0	89448.46193828156
i:50	66189.32268826432
i:100	66189.32268826432
i:150	64977.67907763319
i:200	64977.67907763319
i:250	64413.00413140733
i:300	64413.00413140733
i:350	64413.00413140733
i:400	64413.00413140733
i:450	64413.00413140733
i:500	64413.00413140733
i:550	64413.00413140733
i:600	64413.00413140733
i:650	64413.00413140733
best: 64413.00413140733
routes: [0, 26, 28, 27, 29, 30, 39, 36, 38, 37, 40, 31, 32, 34, 35, 33, 50, 49, 48, 47, 46, 0, 8, 7, 9, 10, 6, 24, 25, 23, 22, 21, 45, 43, 41, 42, 44, 1, 2, 5, 3, 4, 0, 11, 12, 15, 13, 14, 20, 18, 17, 19, 16, 0]
Elapsed time: 42.506120920181274

i:0	504128.61098094744
i:50	64615.11806168458
i:100	64615.11806168458
i:150	64615.11806168458
i:200	64615.11806168458
i:250	64615.11806168458
i:300	64615.11806168458
i:350	64615.11806168458
i:400	64615.11806168458
i:450	64615.11806168458
i:500	64615.11806168458
i:550	64615.11806168458
i:600	64615.11806168458
i:650	64615.11806168458
best: 64615.11806168458
routes: [0, 49, 50, 48, 47, 46, 34, 35, 33, 32, 31, 40, 38, 37, 39, 36, 29, 30, 28, 27, 26, 0, 4, 5, 3, 1, 2, 44, 43, 45, 41, 42, 24, 21, 22, 25, 23, 6, 8, 7, 9, 10, 0, 12, 15, 13, 14, 11, 18, 17, 20, 19, 16, 0]
Elapsed time: 42.887914180755615

i:0	308909.88013594336
i:50	67253.21869510849
i:100	65641.72698895104
i:150	65641.72698895104
i:200	65641.72698895104
i:250	65641.72698895104
i:300	65641.72698895104
i:350	65641.72698895104
i:400	65641.72698895104
i:450	65641.72698895104
i:500	65641.72698895104
i:550	65641.72698895104
i:600	65641.72698895104
i:650	65641.72698895104
best: 65641.72698895104
routes: [0, 26, 28, 27, 29, 30, 39, 36, 38, 37, 40, 33, 31, 32, 34, 35, 50, 49, 48, 47, 46, 0, 4, 5, 3, 1, 2, 44, 43, 42, 45, 41, 21, 22, 24, 25, 23, 6, 8, 7, 9, 10, 0, 14, 13, 12, 15, 11, 18, 17, 20, 19, 16, 0]
Elapsed time: 44.8465142250061

i:0	83198.93685076492
i:50	66015.55641226152
i:100	65842.51175760294
i:150	65358.279836915724
i:200	65358.279836915724
i:250	65358.279836915724
i:300	65358.279836915724
i:350	65358.279836915724
i:400	65358.279836915724
i:450	65358.279836915724
i:500	65309.00560011517
i:550	65309.00560011517
i:600	65309.00560011517
i:650	65309.00560011517
best: 65309.00560011517
routes: [0, 8, 7, 9, 10, 6, 23, 24, 21, 22, 25, 41, 42, 45, 43, 44, 5, 3, 1, 2, 4, 0, 49, 50, 48, 47, 46, 34, 35, 33, 32, 31, 40, 38, 37, 39, 36, 29, 30, 28, 27, 26, 0, 14, 13, 12, 15, 11, 18, 17, 20, 19, 16, 0]
Elapsed time: 44.74035167694092

i:0	85835.82701215512
i:50	67426.98213854355
i:100	66310.08995958455
i:150	66310.08995958455
i:200	66310.08995958455
i:250	66310.08995958455
i:300	66310.08995958455
i:350	66310.08995958455
i:400	66310.08995958455
i:450	66310.08995958455
i:500	66310.08995958455
i:550	66310.08995958455
i:600	66310.08995958455
i:650	66310.08995958455
best: 66310.08995958455
routes: [0, 4, 5, 3, 1, 2, 44, 43, 42, 45, 41, 24, 25, 23, 21, 22, 9, 10, 8, 7, 6, 0, 49, 50, 48, 47, 46, 34, 35, 33, 32, 31, 40, 38, 37, 39, 36, 28, 27, 29, 30, 26, 0, 14, 13, 12, 15, 11, 18, 17, 20, 19, 16, 0]
Elapsed time: 46.685725688934326

i:0	88160.89623731174
i:50	65719.18615859831
i:100	65689.5488239194
i:150	65059.386244919064
i:200	65059.386244919064
i:250	65059.386244919064
i:300	65059.386244919064
i:350	65059.386244919064
i:400	65059.386244919064
i:450	64861.551428449355
i:500	64861.551428449355
i:550	64861.551428449355
i:600	64861.551428449355
i:650	64861.551428449355
best: 64861.551428449355
routes: [0, 26, 28, 27, 29, 30, 39, 36, 38, 37, 40, 32, 34, 35, 33, 31, 50, 49, 48, 47, 46, 0, 8, 7, 9, 10, 6, 25, 23, 22, 24, 21, 45, 43, 41, 42, 44, 5, 3, 1, 2, 4, 0, 13, 14, 11, 12, 15, 20, 18, 17, 19, 16, 0]
Elapsed time: 37.57321524620056

mean: 65556.84929093196
std: 694.1971872428812
mean-time: 44.20284523963928
std-time: 3.03733530156681