i:0	67644.37613423532
i:50	51549.2656351223
i:100	51032.17999387691
i:150	50639.06630569224
i:200	50377.266198042
i:250	50129.94202269003
i:300	50129.94202269003
i:350	50129.94202269003
i:400	50129.94202269003
i:450	50129.94202269003
i:500	50129.94202269003
i:550	50129.94202269003
i:600	50129.94202269003
i:650	50129.94202269003
best: 50129.94202269003
routes: [0, 23, 22, 25, 27, 29, 30, 28, 26, 24, 21, 47, 48, 45, 42, 41, 43, 44, 46, 49, 50, 0, 4, 5, 10, 9, 7, 8, 6, 3, 1, 2, 31, 32, 33, 34, 35, 36, 37, 38, 39, 40, 0, 11, 13, 12, 15, 16, 17, 19, 20, 18, 14, 0]
Elapsed time: 154.77513766288757

i:0	66412.41669840472
i:50	51769.1660820568
i:100	51008.244312139184
i:150	50124.42661985638
i:200	49991.42992737658
i:250	49772.663504895405
i:300	49707.12499739545
i:350	49707.12499739545
i:400	49707.12499739545
i:450	49707.12499739545
i:500	49707.12499739545
i:550	49707.12499739545
i:600	49707.12499739545
i:650	49707.12499739545
best: 49707.12499739545
routes: [0, 23, 24, 26, 29, 30, 28, 27, 25, 22, 21, 48, 47, 41, 42, 43, 45, 46, 49, 50, 44, 0, 4, 3, 6, 5, 10, 7, 9, 8, 2, 1, 31, 32, 33, 34, 35, 37, 38, 36, 39, 40, 0, 11, 13, 12, 15, 16, 17, 19, 20, 18, 14, 0]
Elapsed time: 160.73840022087097

i:0	65241.94495634331
i:50	52491.77313442536
i:100	51091.13221671713
i:150	49784.323855117036
i:200	49784.323855117036
i:250	49784.323855117036
i:300	49784.323855117036
i:350	49701.46794688676
i:400	49450.80044771518
i:450	49450.80044771518
i:500	49450.80044771518
i:550	49450.80044771518
i:600	49450.80044771518
i:650	49450.80044771518
best: 49450.80044771518
routes: [0, 4, 3, 6, 5, 10, 7, 9, 8, 2, 1, 31, 32, 33, 34, 35, 37, 38, 36, 39, 40, 0, 23, 22, 25, 27, 29, 30, 28, 26, 24, 21, 48, 47, 41, 42, 43, 45, 46, 49, 50, 44, 0, 11, 13, 12, 15, 17, 19, 20, 18, 16, 14, 0]
Elapsed time: 160.21955013275146

i:0	64196.851104555135
i:50	52341.47603848407
i:100	51372.59834642627
i:150	51372.59834642627
i:200	51372.59834642627
i:250	51372.59834642627
i:300	51372.59834642627
i:350	51372.59834642627
i:400	51372.59834642627
i:450	51372.59834642627
i:500	51372.59834642627
i:550	50701.97718714056
i:600	50701.97718714056
i:650	50196.432246125354
best: 49830.67666104832
routes: [0, 4, 5, 6, 10, 7, 9, 8, 2, 3, 1, 31, 32, 33, 34, 35, 36, 37, 38, 39, 40, 0, 23, 24, 26, 29, 30, 28, 27, 25, 22, 21, 48, 47, 41, 42, 43, 45, 46, 49, 50, 44, 0, 11, 13, 12, 15, 17, 19, 20, 18, 16, 14, 0]
Elapsed time: 151.48747372627258

i:0	67146.27618223315
i:50	54016.217095773856
i:100	52406.19916537733
i:150	51826.3114393648
i:200	51614.74976595075
i:250	51134.092733447425
i:300	50835.751832701106
i:350	50171.8764045156
i:400	50171.8764045156
i:450	50171.8764045156
i:500	50171.8764045156
i:550	50171.8764045156
i:600	50171.8764045156
i:650	50171.8764045156
best: 50171.8764045156
routes: [0, 50, 46, 49, 44, 43, 45, 42, 41, 47, 48, 21, 25, 24, 26, 29, 30, 27, 28, 23, 22, 0, 4, 3, 6, 5, 10, 9, 7, 8, 2, 1, 31, 32, 33, 34, 35, 38, 36, 37, 39, 40, 0, 11, 13, 12, 15, 17, 19, 20, 18, 16, 14, 0]
Elapsed time: 172.98710203170776

i:0	65476.6534411553
i:50	52410.78934827074
i:100	52045.51685507559
i:150	50813.911774934044
i:200	50173.13467344928
i:250	49514.4403754101
i:300	49514.4403754101
i:350	49514.4403754101
i:400	49514.4403754101
i:450	49514.4403754101
i:500	49514.4403754101
i:550	49514.4403754101
i:600	49514.4403754101
i:650	49310.203317421234
best: 49310.203317421234
routes: [0, 12, 13, 15, 17, 19, 20, 18, 16, 14, 11, 39, 40, 36, 37, 38, 35, 34, 33, 31, 32, 0, 23, 22, 25, 27, 29, 30, 28, 26, 24, 21, 47, 48, 45, 42, 41, 43, 44, 46, 49, 50, 0, 1, 2, 8, 7, 9, 10, 5, 6, 3, 4, 0]
Elapsed time: 154.5770275592804

i:0	68842.71712540303
i:50	52814.221790015785
i:100	50834.8755067554
i:150	50733.879649921626
i:200	50619.572366954075
i:250	50619.572366954075
i:300	50619.572366954075
i:350	49736.805750743486
i:400	49691.125785084005
i:450	49691.125785084005
i:500	49691.125785084005
i:550	49691.125785084005
i:600	49691.125785084005
i:650	49691.125785084005
best: 49691.125785084005
routes: [0, 4, 3, 6, 5, 10, 9, 7, 8, 2, 1, 31, 32, 33, 34, 35, 38, 36, 37, 39, 40, 0, 23, 24, 26, 29, 30, 28, 27, 25, 22, 21, 48, 47, 41, 42, 43, 45, 46, 49, 50, 44, 0, 11, 15, 17, 19, 20, 18, 16, 14, 13, 12, 0]
Elapsed time: 155.59196305274963

i:0	67312.48343959832
i:50	52879.36251570648
i:100	52199.36285236858
i:150	51739.710740695584
i:200	51477.21336298837
i:250	51043.27340414736
i:300	50876.16134521053
i:350	50799.641590814674
i:400	50577.48447012226
i:450	50577.48447012226
i:500	50574.62652105068
i:550	50247.97874299958
i:600	50247.97874299958
i:650	50247.97874299958
best: 50247.97874299958
routes: [0, 4, 6, 5, 10, 9, 7, 8, 3, 2, 1, 31, 32, 33, 34, 35, 38, 36, 37, 39, 40, 0, 50, 46, 49, 44, 43, 45, 42, 41, 47, 48, 21, 22, 23, 27, 25, 24, 26, 29, 30, 28, 0, 11, 13, 12, 15, 17, 19, 20, 18, 16, 14, 0]
Elapsed time: 182.15650415420532

i:0	69439.8821638184
i:50	51850.32859498048
i:100	50715.532337388715
i:150	50633.54470020836
i:200	50442.6630207446
i:250	50442.6630207446
i:300	50121.83583126991
i:350	49852.030912541784
i:400	49805.416734882994
i:450	49805.416734882994
i:500	49805.416734882994
i:550	49805.416734882994
i:600	49805.416734882994
i:650	49805.416734882994
best: 49805.416734882994
routes: [0, 4, 1, 3, 5, 6, 10, 7, 9, 8, 2, 31, 32, 33, 34, 35, 38, 36, 37, 39, 40, 0, 23, 24, 26, 29, 30, 28, 27, 25, 22, 21, 48, 47, 41, 42, 43, 45, 46, 49, 50, 44, 0, 11, 13, 15, 17, 19, 20, 18, 16, 14, 12, 0]
Elapsed time: 169.25637531280518

i:0	68571.22889933434
i:50	51434.25655659258
i:100	50468.539243305866
i:150	50131.98651843997
i:200	50101.81178721271
i:250	50101.81178721271
i:300	50101.81178721271
i:350	50101.81178721271
i:400	50101.81178721271
i:450	50101.81178721271
i:500	50101.81178721271
i:550	49927.36658067834
i:600	49927.36658067834
i:650	49700.033355844316
best: 49700.033355844316
routes: [0, 50, 46, 49, 44, 43, 45, 42, 41, 47, 48, 21, 22, 23, 25, 24, 26, 29, 30, 27, 28, 0, 11, 13, 12, 15, 17, 19, 20, 18, 16, 14, 39, 40, 36, 37, 38, 35, 34, 33, 31, 32, 0, 4, 3, 6, 5, 10, 9, 7, 8, 2, 1, 0]
Elapsed time: 160.89653825759888

mean: 49804.51784695967
std: 289.9860083171741
mean-time: 162.26860721111296
std-time: 9.185799477910416