i:0	68822.87440252285
i:50	49722.69716364873
i:100	47770.47091534646
i:150	47097.0624695229
i:200	46630.269126577405
i:250	46558.16009803737
i:300	46558.16009803737
i:350	46558.16009803737
i:400	46558.16009803737
i:450	46558.16009803737
i:500	46558.16009803737
i:550	46558.16009803737
i:600	46558.16009803737
i:650	46558.16009803737
best: 46558.16009803737
routes: [0, 4, 3, 1, 2, 8, 6, 5, 10, 7, 9, 50, 44, 46, 49, 45, 43, 42, 41, 47, 48, 21, 22, 23, 25, 27, 24, 26, 29, 30, 28, 0, 11, 13, 12, 16, 15, 17, 19, 20, 18, 14, 39, 40, 36, 37, 38, 35, 34, 33, 31, 32, 0]
Elapsed time: 154.26158833503723

i:0	66420.04307335881
i:50	48963.86993755233
i:100	47882.21191642419
i:150	47759.40162120412
i:200	47732.20068361575
i:250	47607.84148351908
i:300	47429.00995558736
i:350	47429.00995558736
i:400	47429.00995558736
i:450	47429.00995558736
i:500	47019.938918406726
i:550	47019.938918406726
i:600	47019.938918406726
i:650	47019.938918406726
best: 47019.938918406726
routes: [0, 12, 13, 15, 17, 19, 20, 18, 16, 14, 11, 31, 32, 33, 34, 35, 38, 37, 36, 39, 40, 0, 23, 22, 25, 27, 29, 30, 28, 26, 24, 21, 48, 47, 41, 42, 45, 43, 44, 46, 49, 50, 9, 10, 5, 6, 7, 8, 2, 1, 3, 4, 0]
Elapsed time: 185.61421394348145

i:0	63248.25537093722
i:50	49909.78544083546
i:100	49547.78547433473
i:150	49305.879887271265
i:200	48889.52128077998
i:250	48889.52128077998
i:300	48583.782963880745
i:350	48583.782963880745
i:400	48406.94034637716
i:450	48203.94326023699
i:500	48197.78265818111
i:550	48197.78265818111
i:600	48197.78265818111
i:650	47817.3795608666
best: 47292.79981015714
routes: [0, 23, 22, 25, 27, 29, 30, 28, 26, 24, 21, 47, 41, 42, 43, 45, 48, 46, 49, 50, 44, 8, 2, 1, 3, 6, 7, 9, 10, 5, 4, 0, 12, 13, 15, 17, 19, 20, 18, 16, 14, 11, 31, 32, 33, 34, 35, 38, 37, 36, 39, 40, 0]
Elapsed time: 201.43897604942322

i:0	64212.01559134415
i:50	49913.75737914386
i:100	49040.47986755123
i:150	48961.76038417396
i:200	48706.6477956984
i:250	48621.40628936667
i:300	48618.204834658725
i:350	48437.000832989346
i:400	48437.000832989346
i:450	48100.8507762062
i:500	48007.99276051407
i:550	47103.00991249009
i:600	47103.00991249009
i:650	47103.00991249009
best: 47103.00991249009
routes: [0, 12, 13, 15, 17, 19, 20, 18, 16, 14, 11, 31, 32, 33, 34, 35, 38, 37, 36, 39, 40, 0, 23, 25, 27, 29, 30, 28, 26, 24, 22, 21, 48, 47, 41, 42, 45, 43, 44, 46, 49, 50, 8, 7, 9, 10, 5, 6, 2, 1, 3, 4, 0]
Elapsed time: 198.4193296432495

i:0	69860.1239579792
i:50	50162.69537296791
i:100	48664.22769476715
i:150	48188.56830450738
i:200	48188.56830450738
i:250	47642.102061615034
i:300	47593.60288322439
i:350	47184.531846043756
i:400	46937.87473637967
i:450	46937.87473637967
i:500	46895.46969250374
i:550	46895.46969250374
i:600	46849.78972684426
i:650	46849.78972684426
best: 46849.78972684426
routes: [0, 23, 22, 25, 27, 29, 30, 28, 26, 24, 21, 48, 47, 41, 42, 43, 45, 46, 49, 50, 44, 8, 7, 9, 10, 5, 6, 2, 1, 3, 4, 0, 12, 13, 15, 17, 19, 20, 18, 16, 14, 11, 31, 32, 33, 34, 35, 38, 37, 36, 39, 40, 0]
Elapsed time: 200.56755423545837

i:0	64154.15482524152
i:50	49383.30451604714
i:100	48409.97715432894
i:150	47949.68802063112
i:200	47910.045033673276
i:250	47820.682696801814
i:300	47820.682696801814
i:350	47578.71110045178
i:400	47578.71110045178
i:450	47578.71110045178
i:500	47578.71110045178
i:550	47578.71110045178
i:600	47578.71110045178
i:650	47578.71110045178
best: 47578.71110045178
routes: [0, 23, 25, 24, 26, 29, 30, 27, 28, 22, 21, 49, 44, 43, 45, 42, 41, 47, 48, 46, 50, 8, 7, 9, 10, 5, 6, 2, 1, 3, 4, 0, 11, 12, 13, 15, 17, 19, 20, 18, 16, 14, 31, 32, 33, 34, 35, 38, 37, 36, 39, 40, 0]
Elapsed time: 180.08703589439392

i:0	61696.83601710868
i:50	50565.848324334205
i:100	50236.22479158795
i:150	49968.694785275235
i:200	49386.53440509044
i:250	49090.59434926257
i:300	48465.686816488174
i:350	48053.469830373375
i:400	48009.14274116157
i:450	47922.418739482855
i:500	47895.15067069662
i:550	47424.69429490637
i:600	47424.69429490637
i:650	47424.69429490637
best: 47424.69429490637
routes: [0, 4, 1, 2, 3, 6, 5, 10, 7, 8, 9, 50, 44, 46, 49, 45, 43, 42, 41, 47, 48, 21, 24, 26, 29, 30, 27, 25, 22, 23, 28, 0, 11, 13, 12, 15, 16, 17, 19, 20, 18, 14, 31, 32, 33, 34, 35, 38, 37, 36, 39, 40, 0]
Elapsed time: 198.44197750091553

i:0	65356.95766121961
i:50	50316.3861092372
i:100	49824.44800757449
i:150	49002.19122821211
i:200	48708.54623426034
i:250	48295.341869423646
i:300	48295.341869423646
i:350	48284.55662463604
i:400	48284.55662463604
i:450	48284.55662463604
i:500	48284.55662463604
i:550	48284.55662463604
i:600	48180.84953723357
i:650	47800.446439919055
best: 47800.446439919055
routes: [0, 4, 5, 10, 6, 3, 1, 2, 8, 7, 9, 49, 50, 44, 46, 45, 43, 42, 41, 47, 48, 21, 22, 23, 25, 24, 26, 29, 30, 27, 28, 0, 11, 12, 13, 15, 17, 19, 20, 18, 16, 14, 31, 32, 33, 34, 35, 38, 37, 39, 40, 36, 0]
Elapsed time: 193.32652235031128

i:0	65788.74058088684
i:50	50997.305149562206
i:100	49507.191841039035
i:150	49371.85642609435
i:200	49242.97387849362
i:250	47675.27555315544
i:300	47350.23389898885
i:350	46590.02936031959
i:400	46542.20383470696
i:450	46305.65639910211
i:500	46305.65639910211
i:550	46305.65639910211
i:600	46305.65639910211
i:650	46305.65639910211
best: 46305.65639910211
routes: [0, 23, 22, 25, 27, 29, 30, 28, 26, 24, 21, 48, 47, 41, 42, 43, 45, 46, 49, 50, 44, 9, 10, 5, 6, 7, 8, 2, 1, 3, 4, 0, 12, 13, 15, 17, 19, 20, 18, 16, 14, 11, 39, 40, 36, 37, 38, 35, 34, 33, 31, 32, 0]
Elapsed time: 184.85129022598267

i:0	64220.338532728616
i:50	50902.91757223781
i:100	49497.71163770641
i:150	48937.4047466519
i:200	48468.15231103068
i:250	47880.5483034827
i:300	47778.606262272835
i:350	47410.09192769245
i:400	47353.42095575255
i:450	47274.44533196356
i:500	47274.44533196356
i:550	47274.44533196356
i:600	47274.44533196356
i:650	47274.44533196356
best: 47274.44533196356
routes: [0, 4, 3, 1, 2, 8, 6, 5, 10, 7, 9, 50, 44, 46, 49, 45, 43, 42, 41, 47, 48, 21, 22, 23, 25, 27, 24, 26, 29, 30, 28, 0, 12, 13, 15, 17, 19, 20, 18, 16, 14, 11, 31, 32, 33, 34, 35, 38, 37, 36, 39, 40, 0]
Elapsed time: 184.26045846939087

mean: 47120.76520322784
std: 433.8321305324669
mean-time: 188.1268946647644
std-time: 13.47161304621729