i:0	278666.5953841077
i:50	67160.5475199711
i:100	66243.51140877398
i:150	65878.40551490783
i:200	65878.40551490783
i:250	65878.40551490783
i:300	65878.40551490783
i:350	65878.40551490783
i:400	65878.40551490783
i:450	65878.40551490783
i:500	65878.40551490783
i:550	65878.40551490783
i:600	65878.40551490783
i:650	65878.40551490783
best: 65878.40551490783
routes: [0, 19, 18, 17, 20, 16, 15, 13, 12, 14, 11, 23, 24, 21, 22, 25, 7, 9, 8, 10, 6, 0, 1, 2, 5, 3, 4, 43, 42, 44, 45, 41, 27, 29, 30, 26, 28, 39, 40, 38, 37, 36, 0, 33, 31, 32, 34, 35, 47, 49, 48, 50, 46, 0]
Elapsed time: 49.91718077659607

i:0	90653.85365451139
i:50	64262.809930657124
i:100	63070.03684620319
i:150	63070.03684620319
i:200	63070.03684620319
i:250	63070.03684620319
i:300	63070.03684620319
i:350	63070.03684620319
i:400	63070.03684620319
i:450	63070.03684620319
i:500	63070.03684620319
i:550	63070.03684620319
i:600	63070.03684620319
i:650	63070.03684620319
best: 63070.03684620319
routes: [0, 5, 1, 2, 4, 3, 45, 43, 44, 41, 42, 23, 24, 21, 22, 25, 7, 9, 8, 10, 6, 0, 46, 48, 47, 49, 50, 34, 35, 33, 32, 31, 40, 38, 37, 39, 36, 29, 30, 28, 27, 26, 0, 19, 18, 17, 20, 16, 15, 13, 14, 11, 12, 0]
Elapsed time: 52.35760259628296

i:0	90637.76459737962
i:50	67443.3331115182
i:100	67226.16959254567
i:150	66888.031755056
i:200	66888.031755056
i:250	66888.031755056
i:300	66888.031755056
i:350	66888.031755056
i:400	66888.031755056
i:450	66888.031755056
i:500	66888.031755056
i:550	66888.031755056
i:600	66888.031755056
i:650	66888.031755056
best: 66888.031755056
routes: [0, 1, 2, 4, 3, 5, 21, 22, 24, 25, 23, 7, 9, 8, 10, 6, 14, 15, 13, 11, 12, 0, 19, 18, 17, 16, 20, 33, 31, 32, 34, 35, 50, 49, 48, 47, 46, 0, 45, 43, 42, 44, 41, 39, 40, 38, 37, 36, 29, 30, 28, 27, 26, 0]
Elapsed time: 58.58761167526245

i:0	83221.79425695859
i:50	65187.240850987546
i:100	63829.63600465049
i:150	63510.86268869104
i:200	63251.20699872441
i:250	63251.20699872441
i:300	63251.20699872441
i:350	63251.20699872441
i:400	63251.20699872441
i:450	63251.20699872441
i:500	63251.20699872441
i:550	63251.20699872441
i:600	63251.20699872441
i:650	63251.20699872441
best: 63251.20699872441
routes: [0, 46, 48, 47, 49, 50, 34, 35, 33, 32, 31, 40, 38, 37, 39, 36, 28, 27, 29, 30, 26, 0, 3, 4, 5, 1, 2, 45, 41, 42, 44, 43, 21, 22, 24, 25, 23, 7, 9, 8, 10, 6, 0, 11, 12, 14, 13, 15, 16, 20, 17, 19, 18, 0]
Elapsed time: 69.43691730499268

i:0	297690.3174644367
i:50	66197.42639695437
i:100	66162.61808149875
i:150	66162.61808149875
i:200	66162.61808149875
i:250	65776.74682607209
i:300	65776.74682607209
i:350	65721.67078223014
i:400	65721.67078223014
i:450	65721.67078223014
i:500	65721.67078223014
i:550	65721.67078223014
i:600	65721.67078223014
i:650	65721.67078223014
best: 65721.67078223014
routes: [0, 19, 20, 18, 17, 16, 11, 12, 15, 13, 14, 6, 10, 8, 7, 9, 25, 23, 24, 21, 22, 0, 1, 2, 5, 3, 4, 43, 45, 41, 42, 44, 27, 26, 30, 29, 28, 39, 40, 38, 37, 36, 0, 34, 33, 31, 32, 35, 50, 48, 47, 49, 46, 0]
Elapsed time: 48.923075914382935

i:0	90255.91453668292
i:50	66553.35609892667
i:100	64776.289993369646
i:150	64742.12220060063
i:200	64742.12220060063
i:250	64742.12220060063
i:300	64742.12220060063
i:350	64742.12220060063
i:400	64742.12220060063
i:450	64742.12220060063
i:500	64742.12220060063
i:550	64742.12220060063
i:600	64742.12220060063
i:650	64742.12220060063
best: 64742.12220060063
routes: [0, 6, 10, 8, 7, 9, 24, 25, 23, 22, 21, 43, 44, 45, 41, 42, 4, 3, 5, 1, 2, 0, 27, 26, 28, 30, 29, 36, 38, 37, 39, 40, 33, 31, 32, 34, 35, 50, 49, 48, 47, 46, 0, 19, 18, 17, 20, 16, 15, 13, 12, 14, 11, 0]
Elapsed time: 60.42023062705994

i:0	75891.13655213406
i:50	63632.62176821689
i:100	63632.62176821689
i:150	63372.96607825025
i:200	63372.96607825025
i:250	63372.96607825025
i:300	63372.96607825025
i:350	63372.96607825025
i:400	63372.96607825025
i:450	63372.96607825025
i:500	63372.96607825025
i:550	63372.96607825025
i:600	63372.96607825025
i:650	63372.96607825025
best: 63372.96607825025
routes: [0, 6, 10, 8, 7, 9, 24, 25, 23, 22, 21, 43, 42, 44, 45, 41, 4, 3, 2, 5, 1, 0, 46, 48, 47, 49, 50, 34, 35, 33, 32, 31, 40, 38, 37, 39, 36, 28, 27, 29, 30, 26, 0, 19, 18, 17, 20, 16, 15, 13, 14, 11, 12, 0]
Elapsed time: 53.18349480628967

i:0	97456.72994505435
i:50	67410.46641919111
i:100	65608.59700934308
i:150	64478.18763235843
i:200	64478.18763235843
i:250	64478.18763235843
i:300	64478.18763235843
i:350	64478.18763235843
i:400	64478.18763235843
i:450	64478.18763235843
i:500	64478.18763235843
i:550	64478.18763235843
i:600	64478.18763235843
i:650	64478.18763235843
best: 64478.18763235843
routes: [0, 6, 10, 8, 7, 9, 24, 25, 23, 22, 21, 43, 42, 44, 45, 41, 3, 4, 5, 1, 2, 0, 27, 29, 30, 26, 28, 39, 40, 38, 37, 36, 33, 31, 32, 34, 35, 48, 47, 49, 50, 46, 0, 11, 12, 14, 13, 15, 16, 20, 17, 19, 18, 0]
Elapsed time: 66.34664106369019

i:0	297667.480358442
i:50	66859.37436242284
i:100	65749.09427760952
i:150	65047.59794682035
i:200	64783.17562202786
i:250	64783.17562202786
i:300	64783.17562202786
i:350	64783.17562202786
i:400	64783.17562202786
i:450	64783.17562202786
i:500	64783.17562202786
i:550	64783.17562202786
i:600	64783.17562202786
i:650	64783.17562202786
best: 64783.17562202786
routes: [0, 46, 48, 47, 49, 50, 34, 31, 32, 35, 33, 40, 38, 37, 39, 36, 28, 27, 29, 30, 26, 0, 6, 10, 8, 7, 9, 24, 25, 23, 22, 21, 43, 42, 44, 45, 41, 3, 4, 5, 1, 2, 0, 19, 18, 17, 20, 16, 15, 13, 14, 11, 12, 0]
Elapsed time: 56.455780029296875

i:0	294720.16608731775
i:50	66521.31450825647
i:100	64956.40241973249
i:150	64956.40241973249
i:200	64956.40241973249
i:250	64956.40241973249
i:300	64956.40241973249
i:350	64956.40241973249
i:400	64956.40241973249
i:450	64956.40241973249
i:500	64956.40241973249
i:550	64956.40241973249
i:600	64956.40241973249
i:650	64956.40241973249
best: 64956.40241973249
routes: [0, 3, 4, 5, 1, 2, 45, 41, 42, 44, 43, 21, 22, 24, 25, 23, 7, 9, 8, 10, 6, 0, 27, 29, 30, 26, 28, 39, 40, 38, 37, 36, 33, 31, 32, 34, 35, 48, 47, 49, 50, 46, 0, 19, 18, 17, 20, 16, 15, 13, 14, 11, 12, 0]
Elapsed time: 59.56687617301941

mean: 64714.22058500913
std: 1177.2148028080032
mean-time: 57.51954109668732
std-time: 6.418422665538228