i:0	81651.99266159252
i:50	56348.28972605015
i:100	54876.6139351632
i:150	54765.546386148155
i:200	54765.546386148155
i:250	54765.546386148155
i:300	54765.546386148155
i:350	54765.546386148155
i:400	54765.546386148155
i:450	54765.546386148155
i:500	54765.546386148155
i:550	54765.546386148155
i:600	54765.546386148155
i:650	54765.546386148155
best: 54765.546386148155
routes: [0, 46, 48, 47, 49, 50, 34, 35, 33, 32, 31, 40, 38, 37, 39, 36, 28, 30, 29, 27, 26, 0, 19, 18, 17, 20, 16, 15, 13, 11, 12, 14, 6, 8, 10, 9, 7, 23, 25, 22, 24, 21, 43, 42, 45, 41, 44, 4, 3, 2, 5, 1, 0]
Elapsed time: 69.72316646575928

i:0	83872.64025300369
i:50	55412.24586419566
i:100	55287.93761315878
i:150	54726.20129474638
i:200	54678.73610806599
i:250	54678.73610806599
i:300	54678.73610806599
i:350	54678.73610806599
i:400	54678.73610806599
i:450	54678.73610806599
i:500	54678.73610806599
i:550	54678.73610806599
i:600	54678.73610806599
i:650	54678.73610806599
best: 54678.73610806599
routes: [0, 45, 41, 44, 43, 42, 27, 26, 30, 29, 28, 39, 40, 38, 37, 36, 33, 32, 31, 34, 35, 48, 47, 49, 50, 46, 0, 1, 2, 4, 3, 5, 23, 25, 22, 21, 24, 7, 9, 8, 10, 6, 11, 12, 14, 13, 15, 17, 16, 20, 19, 18, 0]
Elapsed time: 60.002055644989014

i:0	79184.51830983289
i:50	54678.73610806599
i:100	54678.73610806599
i:150	54678.73610806599
i:200	54678.73610806599
i:250	54678.73610806599
i:300	54678.73610806599
i:350	54678.73610806599
i:400	54678.73610806599
i:450	54678.73610806599
i:500	54678.73610806599
i:550	54678.73610806599
i:600	54678.73610806599
i:650	54678.73610806599
best: 54678.73610806599
routes: [0, 1, 2, 4, 3, 5, 23, 25, 22, 21, 24, 7, 9, 8, 10, 6, 11, 12, 14, 13, 15, 17, 16, 20, 19, 18, 0, 45, 41, 44, 43, 42, 27, 26, 30, 29, 28, 39, 40, 38, 37, 36, 33, 32, 31, 34, 35, 48, 47, 49, 50, 46, 0]
Elapsed time: 50.85386848449707

i:0	79678.90767976652
i:50	54708.43299896906
i:100	54665.63604429443
i:150	54665.63604429443
i:200	54665.63604429443
i:250	54665.63604429443
i:300	54665.63604429443
i:350	54665.63604429443
i:400	54665.63604429443
i:450	54665.63604429443
i:500	54665.63604429443
i:550	54665.63604429443
i:600	54665.63604429443
i:650	54665.63604429443
best: 54665.63604429443
routes: [0, 3, 4, 5, 1, 2, 45, 41, 44, 43, 42, 21, 24, 25, 23, 22, 7, 9, 8, 10, 6, 11, 12, 14, 13, 15, 17, 16, 20, 19, 18, 0, 46, 48, 47, 49, 50, 34, 35, 33, 32, 31, 40, 38, 37, 39, 36, 28, 30, 29, 27, 26, 0]
Elapsed time: 129.4212532043457

i:0	80939.06706803659
i:50	54713.270155830556
i:100	54713.270155830556
i:150	54678.73610806599
i:200	54678.73610806599
i:250	54678.73610806599
i:300	54678.73610806599
i:350	54678.73610806599
i:400	54678.73610806599
i:450	54678.73610806599
i:500	54678.73610806599
i:550	54678.73610806599
i:600	54678.73610806599
i:650	54678.73610806599
best: 54678.73610806599
routes: [0, 45, 41, 44, 43, 42, 27, 26, 30, 29, 28, 39, 40, 38, 37, 36, 33, 32, 31, 34, 35, 48, 47, 49, 50, 46, 0, 1, 2, 4, 3, 5, 23, 25, 22, 21, 24, 7, 9, 8, 10, 6, 11, 12, 14, 13, 15, 17, 16, 20, 19, 18, 0]
Elapsed time: 48.3565788269043

i:0	74129.94211599279
i:50	57756.23467270189
i:100	55614.28257600225
i:150	54678.73610806599
i:200	54678.73610806599
i:250	54678.73610806599
i:300	54678.73610806599
i:350	54678.73610806599
i:400	54678.73610806599
i:450	54678.73610806599
i:500	54678.73610806599
i:550	54678.73610806599
i:600	54678.73610806599
i:650	54678.73610806599
best: 54678.73610806599
routes: [0, 1, 2, 4, 3, 5, 23, 25, 22, 21, 24, 7, 9, 8, 10, 6, 11, 12, 14, 13, 15, 17, 16, 20, 19, 18, 0, 45, 41, 44, 43, 42, 27, 26, 30, 29, 28, 39, 40, 38, 37, 36, 33, 32, 31, 34, 35, 48, 47, 49, 50, 46, 0]
Elapsed time: 69.62778782844543

i:0	84514.50437558108
i:50	56120.38517955072
i:100	54713.270155830556
i:150	54713.270155830556
i:200	54678.73610806599
i:250	54678.73610806599
i:300	54678.73610806599
i:350	54678.73610806599
i:400	54678.73610806599
i:450	54678.73610806599
i:500	54678.73610806599
i:550	54678.73610806599
i:600	54678.73610806599
i:650	54678.73610806599
best: 54678.73610806599
routes: [0, 1, 2, 4, 3, 5, 23, 25, 22, 21, 24, 7, 9, 8, 10, 6, 11, 12, 14, 13, 15, 17, 16, 20, 19, 18, 0, 45, 41, 44, 43, 42, 27, 26, 30, 29, 28, 39, 40, 38, 37, 36, 33, 32, 31, 34, 35, 48, 47, 49, 50, 46, 0]
Elapsed time: 53.46880745887756

i:0	78574.83002118563
i:50	57846.326169812644
i:100	54967.955918041866
i:150	54765.546386148155
i:200	54765.546386148155
i:250	54765.546386148155
i:300	54765.546386148155
i:350	54765.546386148155
i:400	54765.546386148155
i:450	54765.546386148155
i:500	54765.546386148155
i:550	54765.546386148155
i:600	54765.546386148155
i:650	54765.546386148155
best: 54765.546386148155
routes: [0, 46, 48, 47, 49, 50, 34, 35, 33, 32, 31, 40, 38, 37, 39, 36, 28, 30, 29, 27, 26, 0, 19, 18, 17, 20, 16, 15, 13, 11, 12, 14, 6, 8, 10, 9, 7, 23, 25, 22, 24, 21, 43, 42, 45, 41, 44, 4, 3, 2, 5, 1, 0]
Elapsed time: 68.28886461257935

i:0	82543.3277501029
i:50	55892.80281211963
i:100	55438.155434546934
i:150	55438.155434546934
i:200	55438.155434546934
i:250	55438.155434546934
i:300	55438.155434546934
i:350	55438.155434546934
i:400	55438.155434546934
i:450	55438.155434546934
i:500	55438.155434546934
i:550	55438.155434546934
i:600	55438.155434546934
i:650	55438.155434546934
best: 55438.155434546934
routes: [0, 1, 2, 4, 3, 5, 45, 41, 44, 43, 42, 23, 25, 22, 21, 24, 7, 9, 8, 10, 6, 11, 12, 14, 13, 15, 16, 20, 17, 19, 18, 0, 46, 48, 47, 49, 50, 34, 35, 33, 32, 31, 40, 38, 37, 39, 36, 28, 30, 29, 27, 26, 0]
Elapsed time: 104.96641302108765

i:0	84999.20352275344
i:50	55326.68951964001
i:100	54598.24551608575
i:150	54481.181572381785
i:200	54481.181572381785
i:250	54481.181572381785
i:300	54481.181572381785
i:350	54481.181572381785
i:400	54481.181572381785
i:450	54481.181572381785
i:500	54481.181572381785
i:550	54481.181572381785
i:600	54481.181572381785
i:650	54481.181572381785
best: 54481.181572381785
routes: [0, 45, 41, 44, 43, 42, 27, 26, 30, 29, 28, 39, 40, 38, 37, 36, 33, 32, 31, 34, 35, 48, 47, 49, 50, 46, 0, 19, 18, 17, 20, 16, 15, 13, 11, 12, 14, 6, 8, 10, 9, 7, 23, 25, 22, 21, 24, 5, 1, 4, 3, 2, 0]
Elapsed time: 73.12921118736267

mean: 54750.97463638494
std: 240.58368994957206
mean-time: 72.7838006734848
std-time: 24.284205331773446