i:0	68013.87585454283
i:50	50604.299863755994
i:100	50594.52936912555
i:150	50552.62709574069
i:200	50505.637737752804
i:250	50407.23920983787
i:300	50233.587396400595
i:350	50094.89974230475
i:400	50094.89974230475
i:450	50094.89974230475
i:500	50094.89974230475
i:550	50094.89974230475
i:600	50094.89974230475
i:650	50094.89974230475
best: 49925.395033151966
routes: [0, 13, 12, 17, 15, 16, 20, 19, 18, 14, 11, 50, 49, 47, 48, 46, 45, 44, 43, 41, 42, 0, 36, 37, 34, 31, 32, 33, 35, 38, 40, 39, 28, 30, 29, 27, 25, 24, 26, 23, 21, 22, 0, 1, 2, 3, 5, 4, 7, 9, 10, 8, 6, 0]
Elapsed time: 162.30370092391968

i:0	69640.79517994975
i:50	50631.59750170028
i:100	50281.77513393746
i:150	50281.77513393746
i:200	50170.31265504372
i:250	50001.93523366157
i:300	50001.93523366157
i:350	50001.93523366157
i:400	50001.93523366157
i:450	50001.93523366157
i:500	49967.741130644696
i:550	49676.37365197112
i:600	49478.18665161597
i:650	49279.56862728828
best: 49279.56862728828
routes: [0, 36, 34, 31, 32, 33, 35, 38, 37, 39, 40, 28, 30, 29, 27, 24, 25, 26, 23, 21, 22, 0, 41, 42, 43, 44, 45, 47, 48, 46, 49, 50, 11, 13, 14, 18, 19, 20, 15, 16, 17, 12, 0, 1, 2, 3, 5, 4, 7, 9, 10, 8, 6, 0]
Elapsed time: 160.24272966384888

i:0	75609.32398510503
i:50	50556.89191636564
i:100	48239.5820400818
i:150	48142.778010489434
i:200	48142.778010489434
i:250	47678.21273394891
i:300	47678.21273394891
i:350	47678.21273394891
i:400	47678.21273394891
i:450	47678.21273394891
i:500	47678.21273394891
i:550	47678.21273394891
i:600	47678.21273394891
i:650	47678.21273394891
best: 47678.21273394891
routes: [0, 21, 22, 23, 26, 25, 24, 27, 29, 30, 28, 36, 39, 37, 34, 31, 32, 33, 35, 38, 40, 0, 41, 42, 43, 44, 45, 46, 47, 48, 49, 50, 11, 19, 20, 15, 16, 17, 18, 14, 13, 12, 0, 1, 2, 3, 5, 4, 7, 9, 10, 8, 6, 0]
Elapsed time: 141.69291162490845

i:0	75909.02895408752
i:50	49347.189391188076
i:100	48400.74786190624
i:150	48342.5098694059
i:200	48342.5098694059
i:250	48342.5098694059
i:300	47874.51737041521
i:350	47874.51737041521
i:400	47874.51737041521
i:450	47874.51737041521
i:500	47874.51737041521
i:550	47874.51737041521
i:600	47874.51737041521
i:650	47874.51737041521
best: 47874.51737041521
routes: [0, 21, 22, 23, 26, 24, 25, 27, 29, 30, 28, 39, 40, 36, 37, 34, 31, 32, 33, 35, 38, 0, 41, 42, 43, 44, 45, 46, 47, 48, 49, 50, 11, 19, 18, 20, 15, 16, 17, 12, 13, 14, 0, 1, 2, 3, 5, 4, 7, 9, 10, 8, 6, 0]
Elapsed time: 139.0502495765686

i:0	68443.23416402703
i:50	50308.711060307076
i:100	49721.77933747903
i:150	49511.969144517294
i:200	49511.969144517294
i:250	49511.969144517294
i:300	49511.969144517294
i:350	49435.59091707621
i:400	49435.59091707621
i:450	49435.59091707621
i:500	49417.74014493716
i:550	49325.68868081574
i:600	48958.41533602654
i:650	48958.41533602654
best: 48958.41533602654
routes: [0, 41, 42, 43, 44, 45, 46, 47, 48, 49, 50, 11, 19, 20, 15, 16, 17, 18, 14, 13, 12, 0, 36, 34, 31, 32, 33, 35, 38, 37, 39, 40, 28, 30, 29, 27, 24, 25, 26, 23, 21, 22, 0, 1, 2, 3, 5, 4, 7, 9, 10, 8, 6, 0]
Elapsed time: 168.58830618858337

i:0	68420.8841270158
i:50	52204.43704570176
i:100	50246.21484283247
i:150	49545.767987161555
i:200	48941.36436880484
i:250	48539.472392760865
i:300	47964.59159367663
i:350	47964.59159367663
i:400	47870.3625940965
i:450	47778.31112997508
i:500	47778.31112997508
i:550	47778.31112997508
i:600	47778.31112997508
i:650	47778.31112997508
best: 47778.31112997508
routes: [0, 21, 22, 23, 26, 24, 25, 27, 29, 30, 28, 39, 40, 36, 37, 34, 31, 32, 33, 35, 38, 0, 41, 42, 43, 44, 45, 46, 47, 48, 49, 50, 11, 19, 20, 15, 16, 17, 18, 14, 13, 12, 0, 1, 2, 3, 5, 4, 7, 9, 10, 8, 6, 0]
Elapsed time: 167.43889021873474

i:0	68088.2200027872
i:50	49929.27279705927
i:100	49418.43774975359
i:150	48811.57883325026
i:200	48811.57883325026
i:250	48811.57883325026
i:300	48811.57883325026
i:350	48811.57883325026
i:400	48811.57883325026
i:450	48811.57883325026
i:500	48811.57883325026
i:550	48811.57883325026
i:600	48811.57883325026
i:650	48811.57883325026
best: 48811.57883325026
routes: [0, 24, 25, 27, 29, 30, 26, 22, 21, 23, 28, 36, 34, 31, 32, 33, 35, 38, 37, 39, 40, 0, 41, 42, 43, 44, 45, 46, 47, 48, 49, 50, 11, 13, 14, 18, 19, 20, 15, 16, 17, 12, 0, 1, 2, 3, 5, 4, 7, 9, 10, 8, 6, 0]
Elapsed time: 142.30590415000916

i:0	73399.11388181844
i:50	51696.35284504626
i:100	49426.62785061709
i:150	49087.685519007806
i:200	49087.685519007806
i:250	49087.685519007806
i:300	49087.685519007806
i:350	49087.685519007806
i:400	49087.685519007806
i:450	49087.685519007806
i:500	49087.685519007806
i:550	49069.83474686876
i:600	48977.78328274734
i:650	48977.78328274734
best: 48977.78328274734
routes: [0, 24, 25, 27, 29, 30, 26, 22, 21, 23, 28, 36, 37, 34, 31, 32, 33, 35, 38, 39, 40, 0, 41, 42, 43, 44, 45, 47, 48, 46, 49, 50, 11, 13, 14, 18, 19, 20, 15, 16, 17, 12, 0, 1, 2, 3, 5, 4, 7, 9, 10, 8, 6, 0]
Elapsed time: 136.4622402191162

i:0	71596.73782323112
i:50	51404.348346206025
i:100	50381.00996040226
i:150	50022.3842450146
i:200	49943.0668708806
i:250	49663.2269706047
i:300	49650.95464021438
i:350	49384.29868428337
i:400	49384.29868428337
i:450	49384.29868428337
i:500	49384.29868428337
i:550	49384.29868428337
i:600	49384.29868428337
i:650	49384.29868428337
best: 49384.29868428337
routes: [0, 41, 42, 43, 44, 45, 47, 48, 46, 49, 50, 11, 13, 14, 18, 19, 20, 15, 16, 17, 12, 0, 36, 37, 34, 31, 32, 33, 35, 38, 40, 39, 28, 30, 29, 27, 24, 25, 26, 23, 21, 22, 0, 1, 2, 3, 5, 4, 7, 9, 10, 8, 6, 0]
Elapsed time: 169.38140606880188

i:0	69356.80140246794
i:50	50470.78357537577
i:100	49246.871353898234
i:150	48450.64920962156
i:200	48233.10620363646
i:250	47646.14283657158
i:300	47646.14283657158
i:350	47646.14283657158
i:400	47646.14283657158
i:450	47646.14283657158
i:500	47646.14283657158
i:550	47646.14283657158
i:600	47646.14283657158
i:650	47646.14283657158
best: 47646.14283657158
routes: [0, 21, 22, 23, 26, 24, 25, 27, 29, 30, 28, 36, 37, 34, 31, 32, 33, 35, 38, 39, 40, 0, 41, 42, 43, 44, 45, 46, 47, 48, 49, 50, 11, 19, 18, 20, 15, 16, 17, 12, 13, 14, 0, 1, 2, 3, 5, 4, 7, 9, 10, 8, 6, 0]
Elapsed time: 154.9806866645813

mean: 48631.42238676585
std: 781.0708378180589
mean-time: 154.24470252990722
std-time: 12.480306622975492