i:0	62688.52359525854
i:50	46880.62149416559
i:100	46740.59108204841
i:150	46538.268914824715
i:200	46538.268914824715
i:250	46525.26655883819
i:300	46515.74345307604
i:350	46224.07857707543
i:400	46218.35498073205
i:450	46178.827647928396
i:500	46096.768953703984
i:550	46096.768953703984
i:600	45983.601410010306
i:650	45760.51016400376
best: 45760.51016400376
routes: [0, 43, 45, 47, 48, 49, 50, 46, 44, 41, 42, 39, 40, 38, 35, 33, 32, 31, 34, 37, 36, 28, 30, 29, 27, 26, 25, 24, 23, 21, 22, 0, 11, 19, 18, 17, 20, 15, 16, 14, 13, 12, 3, 1, 2, 4, 5, 7, 9, 10, 8, 6, 0]
Elapsed time: 219.7417335510254

i:0	66847.13750274829
i:50	50954.96814074878
i:100	50097.189851843716
i:150	49488.09252198931
i:200	49356.97966835605
i:250	49057.92048829908
i:300	49057.92048829908
i:350	48944.31653577748
i:400	48867.93830833639
i:450	48867.93830833639
i:500	48867.93830833639
i:550	48867.93830833639
i:600	48867.93830833639
i:650	48867.93830833639
best: 48867.93830833639
routes: [0, 21, 23, 22, 24, 25, 27, 26, 30, 29, 28, 31, 32, 33, 35, 38, 40, 39, 37, 36, 34, 0, 46, 45, 42, 41, 43, 44, 47, 48, 49, 50, 11, 19, 20, 15, 16, 17, 18, 14, 13, 12, 3, 1, 2, 4, 5, 8, 7, 9, 10, 6, 0]
Elapsed time: 182.85843563079834

i:0	69794.82309475448
i:50	46777.00698228228
i:100	46156.842007550265
i:150	46136.45655014111
i:200	46136.45655014111
i:250	46091.83103247141
i:300	46084.2166367318
i:350	45935.80769561289
i:400	45935.80769561289
i:450	45935.80769561289
i:500	45935.80769561289
i:550	45844.06104526154
i:600	45844.06104526154
i:650	45844.06104526154
best: 45844.06104526154
routes: [0, 46, 49, 50, 47, 48, 45, 44, 43, 41, 42, 40, 38, 35, 33, 32, 31, 34, 36, 37, 39, 28, 30, 29, 27, 26, 23, 21, 22, 25, 24, 0, 11, 19, 20, 15, 16, 17, 18, 14, 13, 12, 6, 3, 5, 7, 9, 10, 8, 4, 1, 2, 0]
Elapsed time: 189.05039358139038

i:0	73325.03048672085
i:50	48764.24440430138
i:100	47383.452340601376
i:150	46936.58373999312
i:200	46786.23745080434
i:250	46657.741845193086
i:300	46452.501371325605
i:350	46452.501371325605
i:400	46452.501371325605
i:450	46446.14884159234
i:500	46434.650599186556
i:550	46434.650599186556
i:600	46434.650599186556
i:650	46434.650599186556
best: 46434.650599186556
routes: [0, 41, 42, 43, 44, 45, 47, 48, 49, 50, 46, 39, 40, 38, 35, 33, 32, 31, 34, 37, 36, 28, 30, 29, 27, 26, 25, 24, 23, 21, 22, 0, 3, 1, 2, 4, 5, 7, 9, 10, 8, 6, 15, 16, 17, 20, 19, 18, 11, 14, 13, 12, 0]
Elapsed time: 165.96537280082703

i:0	68104.79682420296
i:50	46500.140456164125
i:100	46234.07395259476
i:150	46055.606462051175
i:200	45795.54840967058
i:250	45795.54840967058
i:300	45795.54840967058
i:350	45750.000524263334
i:400	45750.000524263334
i:450	45728.92883990856
i:500	45728.92883990856
i:550	45728.92883990856
i:600	45728.92883990856
i:650	45728.92883990856
best: 45651.30426125773
routes: [0, 46, 49, 50, 47, 48, 45, 44, 43, 41, 42, 36, 34, 31, 32, 33, 35, 38, 37, 39, 40, 28, 30, 29, 27, 26, 25, 24, 23, 21, 22, 0, 11, 19, 20, 15, 16, 17, 18, 14, 13, 12, 3, 1, 2, 4, 5, 7, 9, 10, 8, 6, 0]
Elapsed time: 178.1280972957611

i:0	61959.07386604641
i:50	50456.13654843164
i:100	47967.50425397975
i:150	47676.57484765525
i:200	47386.36338457097
i:250	46988.966621859174
i:300	46786.37042971798
i:350	46786.37042971798
i:400	46704.31173549358
i:450	46704.31173549358
i:500	46704.31173549358
i:550	46704.31173549358
i:600	46605.33865128552
i:650	46605.33865128552
best: 46588.11596046851
routes: [0, 46, 47, 48, 49, 50, 45, 44, 43, 41, 42, 39, 37, 36, 34, 31, 32, 33, 35, 38, 40, 28, 30, 29, 27, 26, 23, 21, 22, 25, 24, 0, 1, 2, 5, 8, 7, 9, 10, 4, 3, 6, 12, 17, 16, 15, 20, 19, 18, 11, 13, 14, 0]
Elapsed time: 201.49322962760925

i:0	59701.147114162646
i:50	48731.58001635482
i:100	47001.12958063944
i:150	46533.42978314053
i:200	46355.03274636251
i:250	46188.556702352296
i:300	46188.556702352296
i:350	46167.79314099835
i:400	46138.639690234566
i:450	46103.018017911854
i:500	46103.018017911854
i:550	46090.20778830753
i:600	46090.20778830753
i:650	45801.09040947624
best: 45801.09040947624
routes: [0, 46, 47, 48, 49, 50, 45, 44, 43, 41, 42, 39, 37, 36, 34, 31, 32, 33, 35, 38, 40, 28, 30, 29, 27, 26, 23, 21, 22, 25, 24, 0, 11, 19, 18, 17, 20, 15, 16, 13, 14, 12, 3, 1, 2, 4, 5, 7, 9, 10, 8, 6, 0]
Elapsed time: 209.90592312812805

i:0	68405.4601794068
i:50	46763.39392932074
i:100	46252.2215127033
i:150	46059.232987372234
i:200	45974.81777050617
i:250	45970.48137253641
i:300	45892.85679388557
i:350	45879.854437899034
i:400	45879.854437899034
i:450	45879.854437899034
i:500	45879.854437899034
i:550	45879.854437899034
i:600	45879.854437899034
i:650	45879.854437899034
best: 45879.854437899034
routes: [0, 46, 49, 50, 47, 48, 45, 44, 43, 41, 42, 36, 37, 34, 31, 32, 33, 35, 38, 40, 39, 28, 30, 29, 27, 26, 25, 24, 23, 21, 22, 0, 11, 19, 20, 15, 16, 17, 18, 14, 13, 12, 3, 1, 2, 4, 5, 7, 9, 10, 8, 6, 0]
Elapsed time: 182.33388233184814

i:0	72129.58349580255
i:50	50177.31840066296
i:100	47581.92102291697
i:150	47044.62239910634
i:200	46805.77454768618
i:250	46708.16087549585
i:300	46231.053501270915
i:350	45970.99544889032
i:400	45970.99544889032
i:450	45949.923764535546
i:500	45949.923764535546
i:550	45949.923764535546
i:600	45932.072992396505
i:650	45932.072992396505
best: 45737.439096398135
routes: [0, 46, 49, 50, 47, 48, 45, 44, 43, 41, 42, 40, 39, 37, 36, 34, 31, 32, 33, 35, 38, 28, 30, 29, 27, 26, 22, 21, 23, 25, 24, 0, 11, 19, 20, 15, 16, 17, 18, 14, 13, 12, 3, 1, 2, 4, 5, 7, 9, 10, 8, 6, 0]
Elapsed time: 199.10601568222046

i:0	68069.55723784612
i:50	49839.37997676102
i:100	49072.379457329545
i:150	48964.763759657726
i:200	48654.34529548936
i:250	47581.37829941409
i:300	47103.7769494846
i:350	46881.79514588551
i:400	46170.08442315665
i:450	45948.1657091924
i:500	45827.15593812469
i:550	45791.08114624511
i:600	45714.70291880402
i:650	45714.70291880402
best: 45714.70291880402
routes: [0, 46, 49, 50, 47, 48, 45, 44, 43, 41, 42, 38, 35, 33, 32, 31, 34, 36, 37, 39, 40, 28, 30, 29, 27, 26, 25, 24, 23, 21, 22, 0, 11, 19, 20, 15, 16, 17, 18, 14, 13, 12, 3, 1, 2, 4, 5, 8, 7, 9, 10, 6, 0]
Elapsed time: 207.37942695617676

mean: 46227.96672010919
std: 929.9342505404613
mean-time: 193.5962510585785
std-time: 15.804502637402267