i:0	116540.71656252882
i:50	87657.5220244408
i:100	85942.70936542141
i:150	83989.04329222081
i:200	83986.7942912408
i:250	83444.69623571141
i:300	81852.88750992098
i:350	79659.04799235554
i:400	79273.87138902696
i:450	78531.10168565845
i:500	77280.03652946686
i:550	76897.47456884143
i:600	76336.16710470601
i:650	76320.60405071676
best: 76004.35357629132
routes: [0, 43, 42, 41, 44, 45, 47, 48, 46, 49, 50, 17, 19, 20, 18, 15, 14, 12, 11, 13, 16, 25, 27, 29, 30, 28, 26, 24, 21, 23, 22, 0, 79, 80, 78, 75, 73, 72, 71, 74, 77, 76, 58, 60, 59, 57, 56, 51, 53, 52, 55, 54, 2, 1, 3, 6, 7, 8, 9, 10, 5, 4, 0, 61, 62, 63, 64, 65, 68, 67, 66, 69, 70, 31, 34, 39, 40, 35, 36, 37, 38, 33, 32, 0]
Elapsed time: 314.9102921485901

i:0	122829.39301694813
i:50	88737.36566451182
i:100	84475.5145968324
i:150	79486.63034473671
i:200	75338.00866282584
i:250	74174.09439859408
i:300	74174.09439859408
i:350	73582.89549697432
i:400	73165.96117170513
i:450	72847.15534970074
i:500	72759.79424406262
i:550	72538.90652434963
i:600	72225.34815823034
i:650	71989.63136416364
best: 71989.63136416364
routes: [0, 31, 39, 40, 35, 36, 37, 38, 34, 33, 32, 26, 25, 27, 29, 30, 28, 21, 24, 23, 22, 0, 51, 52, 53, 54, 55, 57, 56, 59, 60, 58, 76, 74, 71, 72, 73, 75, 78, 77, 79, 80, 61, 62, 63, 64, 65, 68, 67, 66, 69, 70, 0, 13, 17, 19, 20, 16, 15, 18, 14, 12, 11, 48, 50, 49, 47, 45, 46, 44, 41, 42, 43, 9, 10, 7, 8, 2, 1, 3, 6, 5, 4, 0]
Elapsed time: 317.4469139575958

i:0	121697.94098602324
i:50	83929.10082025922
i:100	80313.18215546444
i:150	78794.3690934082
i:200	77853.70169956404
i:250	77613.93356216217
i:300	75737.75383872933
i:350	73512.72708645432
i:400	72094.76387115329
i:450	71726.44296530096
i:500	70614.48932807731
i:550	70278.23816083804
i:600	70238.91384346108
i:650	70197.74315623226
best: 70140.8305253117
routes: [0, 51, 52, 53, 56, 54, 55, 57, 59, 60, 58, 79, 80, 77, 76, 74, 71, 72, 73, 75, 78, 61, 62, 63, 64, 65, 68, 67, 66, 69, 70, 0, 4, 5, 6, 3, 1, 2, 8, 7, 9, 10, 43, 42, 41, 44, 46, 49, 50, 47, 45, 48, 14, 15, 17, 19, 20, 18, 16, 13, 11, 12, 0, 31, 39, 40, 35, 36, 37, 38, 34, 33, 32, 28, 30, 29, 27, 25, 26, 24, 21, 23, 22, 0]
Elapsed time: 306.1546506881714

i:0	109009.32065147393
i:50	84659.01034897006
i:100	80578.94125344788
i:150	76451.55323423467
i:200	75446.6260034492
i:250	74009.1690689562
i:300	72979.307156839
i:350	72640.03849751152
i:400	72367.77662932208
i:450	72188.90733335531
i:500	71792.35890193001
i:550	71792.35890193001
i:600	71772.38973043679
i:650	71595.62484178113
best: 71345.91695940206
routes: [0, 51, 52, 53, 56, 54, 55, 57, 59, 60, 58, 79, 77, 76, 74, 71, 72, 73, 75, 78, 80, 61, 62, 63, 64, 65, 68, 67, 66, 69, 70, 0, 31, 34, 33, 38, 39, 40, 36, 35, 37, 32, 21, 23, 25, 27, 29, 30, 28, 26, 24, 22, 20, 19, 17, 18, 15, 14, 12, 11, 13, 16, 0, 43, 42, 41, 44, 45, 47, 46, 49, 50, 48, 9, 8, 7, 10, 5, 6, 2, 1, 3, 4, 0]
Elapsed time: 302.8564422130585

i:0	125953.68703904876
i:50	85692.83555644623
i:100	82785.0203310058
i:150	81635.27898994491
i:200	81126.38465108685
i:250	80842.43453950375
i:300	79772.84217437176
i:350	78330.57454305535
i:400	78078.99913022388
i:450	77833.32329218864
i:500	77599.46198542899
i:550	77163.60900036871
i:600	76988.77208192437
i:650	76865.54942935734
best: 76865.54942935734
routes: [0, 76, 77, 80, 78, 75, 73, 72, 71, 74, 79, 58, 56, 60, 59, 57, 55, 54, 53, 51, 52, 0, 4, 1, 2, 3, 6, 5, 10, 7, 8, 9, 43, 42, 41, 44, 45, 47, 48, 46, 49, 50, 17, 19, 20, 14, 12, 11, 13, 15, 18, 16, 0, 21, 23, 22, 25, 28, 27, 29, 30, 26, 24, 33, 32, 37, 36, 35, 40, 39, 38, 34, 31, 69, 70, 67, 68, 66, 65, 64, 63, 61, 62, 0]
Elapsed time: 312.3311128616333

i:0	123358.00882341096
i:50	88428.81978323944
i:100	85949.50476744823
i:150	84499.0166269596
i:200	84499.0166269596
i:250	84499.0166269596
i:300	84499.0166269596
i:350	84392.0505086876
i:400	83897.27941381985
i:450	83897.27941381985
i:500	83453.93547136031
i:550	83083.29522000375
i:600	83083.29522000375
i:650	83083.29522000375
best: 83055.98556095807
routes: [0, 4, 1, 3, 5, 6, 2, 8, 7, 10, 9, 43, 42, 41, 45, 44, 46, 49, 50, 47, 48, 17, 19, 20, 18, 12, 11, 13, 14, 15, 16, 0, 76, 79, 77, 74, 71, 72, 73, 78, 75, 80, 61, 69, 70, 66, 67, 68, 65, 64, 63, 62, 0, 21, 24, 28, 30, 27, 29, 25, 26, 22, 23, 32, 33, 39, 40, 35, 36, 37, 38, 34, 31, 51, 52, 53, 56, 60, 58, 59, 57, 55, 54, 0]
Elapsed time: 337.12618613243103

i:0	113066.67118370833
i:50	87203.4467069082
i:100	84340.9409727283
i:150	79671.85644856302
i:200	78436.69126678488
i:250	77254.4137316446
i:300	77238.60045574693
i:350	77072.13392301709
i:400	72246.60874690849
i:450	71439.91648698367
i:500	70816.30122557144
i:550	70511.38049387066
i:600	70484.11242508442
i:650	70403.58512186795
best: 70253.95712224887
routes: [0, 51, 52, 53, 56, 54, 55, 57, 59, 60, 58, 76, 74, 71, 72, 73, 75, 78, 77, 79, 80, 61, 62, 63, 64, 65, 68, 67, 66, 69, 70, 0, 4, 1, 2, 3, 6, 5, 10, 7, 8, 9, 43, 42, 41, 44, 45, 47, 46, 49, 50, 48, 11, 13, 12, 14, 15, 18, 17, 19, 20, 16, 0, 31, 39, 38, 37, 36, 35, 40, 34, 33, 32, 21, 23, 22, 25, 26, 27, 29, 30, 28, 24, 0]
Elapsed time: 308.551589012146

i:0	126222.2446424899
i:50	86077.788344946
i:100	84267.5562523774
i:150	82031.1367848872
i:200	79340.48452276588
i:250	78864.66158441246
i:300	78291.76987675697
i:350	78060.70107675248
i:400	77254.78550240268
i:450	77053.7959983088
i:500	76647.71547325693
i:550	76494.55546357148
i:600	76178.06070186128
i:650	76178.06070186128
best: 76178.06070186128
routes: [0, 33, 32, 37, 36, 35, 40, 39, 38, 34, 31, 69, 70, 62, 61, 63, 64, 65, 68, 67, 66, 0, 21, 24, 23, 22, 25, 27, 29, 30, 28, 26, 16, 13, 15, 18, 20, 19, 17, 14, 12, 11, 43, 45, 47, 49, 50, 48, 46, 44, 41, 42, 0, 51, 52, 53, 56, 54, 55, 57, 59, 60, 58, 79, 78, 75, 73, 72, 71, 74, 76, 77, 80, 2, 1, 3, 8, 7, 9, 10, 5, 6, 4, 0]
Elapsed time: 293.7500123977661

i:0	126969.693018326
i:50	82066.1378070141
i:100	80523.54949276545
i:150	79228.80826083865
i:200	78271.00296200972
i:250	78271.00296200972
i:300	77664.85235295458
i:350	77664.85235295458
i:400	77578.29611013
i:450	77225.38259170945
i:500	77215.23374958333
i:550	76975.98265113591
i:600	76955.00315036326
i:650	76955.00315036326
best: 76942.00079437673
routes: [0, 43, 45, 42, 41, 44, 46, 49, 50, 47, 48, 11, 13, 12, 14, 15, 17, 19, 20, 18, 16, 22, 25, 27, 29, 30, 28, 26, 23, 21, 24, 0, 61, 62, 63, 65, 64, 68, 67, 66, 69, 70, 31, 39, 40, 36, 35, 37, 38, 32, 33, 34, 0, 4, 3, 6, 1, 5, 10, 7, 9, 8, 2, 80, 79, 77, 78, 75, 73, 72, 71, 74, 76, 58, 60, 59, 57, 56, 55, 54, 53, 51, 52, 0]
Elapsed time: 312.8015983104706

i:0	121203.69238673314
i:50	89283.00103965448
i:100	84721.14203197854
i:150	83603.42577687453
i:200	83545.4969815668
i:250	83235.37384497664
i:300	82319.3437292882
i:350	81502.91989439388
i:400	80325.42337204749
i:450	80325.42337204749
i:500	79930.65089869857
i:550	79190.03862436354
i:600	79189.22888211817
i:650	77182.89585137789
best: 76995.20999431667
routes: [0, 39, 38, 37, 36, 35, 40, 32, 33, 34, 31, 69, 70, 66, 67, 68, 65, 62, 61, 63, 64, 0, 21, 25, 27, 29, 30, 28, 26, 24, 23, 22, 16, 15, 18, 20, 19, 17, 14, 13, 12, 11, 48, 47, 49, 50, 46, 44, 41, 43, 45, 42, 0, 54, 55, 52, 51, 53, 56, 57, 59, 60, 58, 76, 71, 72, 73, 75, 78, 74, 77, 79, 80, 1, 2, 8, 7, 9, 10, 6, 5, 3, 4, 0]
Elapsed time: 315.745646238327

mean: 74977.14960282877
std: 3835.0206378571042
mean-time: 312.167444396019
std-time: 10.708370231179178