i:0	118531.19888192115
i:50	86438.135207255
i:100	85778.6811055208
i:150	83975.940936114
i:200	83422.39940620287
i:250	82753.47597236893
i:300	82497.84083250599
i:350	82475.47113076992
i:400	82187.10869282433
i:450	81788.32520468812
i:500	81636.69284593876
i:550	81381.38835574132
i:600	81381.38835574132
i:650	81381.38835574132
best: 81381.38835574132
routes: [0, 51, 52, 53, 56, 55, 54, 57, 59, 60, 58, 76, 79, 77, 74, 71, 72, 73, 75, 78, 80, 0, 43, 45, 42, 41, 44, 46, 49, 50, 47, 48, 17, 19, 20, 18, 15, 14, 12, 11, 13, 16, 0, 31, 39, 38, 40, 35, 36, 37, 34, 33, 32, 28, 30, 29, 27, 25, 26, 24, 21, 23, 22, 0, 4, 3, 8, 7, 9, 10, 5, 6, 2, 1, 66, 69, 70, 67, 68, 65, 64, 63, 61, 62, 0]
Elapsed time: 301.3706636428833

i:0	126384.71340864111
i:50	91627.59290878412
i:100	87119.55941977468
i:150	85948.31971790563
i:200	85366.79696652232
i:250	84595.9264702908
i:300	83995.9628257982
i:350	83683.51362992616
i:400	83683.51362992616
i:450	83679.18229266029
i:500	82963.23861972323
i:550	82749.06442569508
i:600	82302.10268075232
i:650	82302.10268075232
best: 82214.50610077861
routes: [0, 31, 39, 38, 33, 34, 32, 37, 40, 35, 36, 30, 28, 27, 29, 25, 26, 24, 21, 23, 22, 0, 4, 5, 10, 9, 7, 8, 6, 3, 2, 1, 61, 65, 66, 69, 70, 67, 68, 64, 63, 62, 0, 51, 52, 53, 56, 54, 55, 57, 59, 60, 58, 76, 74, 71, 72, 73, 75, 78, 77, 79, 80, 0, 13, 15, 17, 19, 18, 20, 16, 14, 12, 11, 43, 41, 44, 46, 49, 50, 48, 47, 45, 42, 0]
Elapsed time: 306.35663175582886

i:0	129054.18572799483
i:50	86706.2102760582
i:100	84975.84112373312
i:150	84962.83876774658
i:200	84040.74854396904
i:250	83524.67000230594
i:300	83524.67000230594
i:350	83524.67000230594
i:400	83511.6676463194
i:450	83170.35822842745
i:500	82922.46242868966
i:550	82912.0779269138
i:600	82912.0779269138
i:650	82805.34055580027
best: 82185.55101576148
routes: [0, 76, 71, 72, 73, 75, 78, 74, 77, 80, 79, 58, 60, 59, 57, 55, 54, 56, 53, 51, 52, 0, 43, 47, 45, 42, 41, 44, 46, 49, 50, 48, 14, 12, 11, 13, 15, 17, 19, 20, 18, 16, 0, 31, 34, 33, 38, 39, 40, 36, 35, 37, 32, 28, 30, 29, 27, 25, 26, 24, 21, 23, 22, 0, 4, 3, 6, 5, 10, 7, 9, 8, 2, 1, 61, 62, 63, 64, 65, 67, 68, 66, 69, 70, 0]
Elapsed time: 308.07395601272583

i:0	119315.59479082805
i:50	86116.7729229485
i:100	83479.6824167447
i:150	82802.15981502124
i:200	82802.15981502124
i:250	82802.15981502124
i:300	82802.15981502124
i:350	82212.73331391031
i:400	82212.73331391031
i:450	81743.66862343896
i:500	81478.14513523896
i:550	81013.81421489257
i:600	80606.78270680593
i:650	80374.16046968542
best: 80230.24364356513
routes: [0, 51, 52, 53, 56, 54, 55, 57, 59, 60, 58, 79, 80, 76, 77, 74, 71, 72, 73, 75, 78, 0, 33, 34, 38, 39, 40, 35, 36, 37, 32, 31, 69, 70, 67, 68, 66, 65, 62, 61, 63, 64, 0, 21, 25, 26, 27, 29, 30, 28, 24, 23, 22, 13, 11, 12, 15, 14, 17, 19, 20, 18, 16, 0, 4, 5, 6, 7, 9, 8, 2, 1, 3, 10, 43, 42, 41, 44, 45, 46, 49, 50, 47, 48, 0]
Elapsed time: 301.28175473213196

i:0	116635.18168650016
i:50	86713.07471566633
i:100	85381.04132621008
i:150	84487.294185292
i:200	83986.86710870621
i:250	83418.84830632703
i:300	83364.09952023506
i:350	83218.68469785593
i:400	83132.34050942799
i:450	83102.41657770082
i:500	81508.15944313025
i:550	81155.1339031021
i:600	81155.1339031021
i:650	81155.1339031021
best: 80958.69148817984
routes: [0, 4, 3, 6, 5, 10, 7, 9, 8, 2, 1, 61, 62, 63, 64, 65, 67, 68, 66, 69, 70, 0, 51, 52, 53, 56, 54, 55, 57, 59, 60, 58, 71, 72, 73, 75, 78, 77, 74, 76, 79, 80, 0, 31, 34, 33, 32, 37, 38, 39, 40, 35, 36, 30, 28, 27, 29, 25, 26, 24, 21, 23, 22, 0, 43, 42, 41, 44, 46, 49, 50, 47, 45, 48, 12, 11, 13, 15, 14, 17, 19, 20, 18, 16, 0]
Elapsed time: 284.89714431762695

i:0	123060.145669115
i:50	88754.17066540563
i:100	87016.28887325953
i:150	84695.05903766493
i:200	84597.82124986844
i:250	83348.85008844364
i:300	82701.6662891666
i:350	82055.85083641016
i:400	81023.09150157837
i:450	80717.31386083114
i:500	80543.70088047007
i:550	80543.70088047007
i:600	80543.70088047007
i:650	80492.48170617639
best: 80492.48170617639
routes: [0, 43, 45, 42, 41, 44, 46, 49, 50, 47, 48, 17, 19, 20, 18, 15, 14, 12, 11, 13, 16, 0, 51, 52, 53, 56, 54, 55, 57, 59, 60, 58, 79, 80, 76, 77, 74, 71, 72, 73, 75, 78, 0, 31, 33, 34, 39, 38, 37, 40, 35, 36, 32, 21, 23, 22, 25, 27, 29, 30, 28, 26, 24, 0, 4, 1, 3, 6, 5, 10, 9, 7, 8, 2, 61, 62, 63, 64, 65, 67, 68, 66, 69, 70, 0]
Elapsed time: 277.3672571182251

i:0	126046.98606332613
i:50	86480.92311084754
i:100	82408.59404862116
i:150	81390.74854778349
i:200	81243.66788701148
i:250	80425.24009816074
i:300	80166.48317791565
i:350	79711.6366251478
i:400	79711.6366251478
i:450	78677.44585015505
i:500	78674.74862024705
i:550	78629.57324795965
i:600	78412.60605628652
i:650	78322.30943666922
best: 78322.30943666922
routes: [0, 4, 1, 2, 3, 6, 5, 10, 7, 8, 9, 43, 45, 42, 41, 44, 46, 49, 50, 47, 48, 0, 21, 23, 25, 27, 29, 30, 28, 26, 24, 22, 13, 11, 12, 15, 14, 17, 19, 20, 18, 16, 0, 33, 32, 37, 35, 36, 40, 39, 38, 34, 31, 69, 70, 67, 68, 66, 65, 64, 63, 61, 62, 0, 51, 52, 53, 56, 54, 55, 57, 59, 60, 58, 76, 74, 71, 72, 73, 75, 78, 77, 79, 80, 0]
Elapsed time: 278.61864161491394

i:0	125382.73186110484
i:50	88920.97254950946
i:100	85473.1097289745
i:150	84900.79472838309
i:200	83671.3752321121
i:250	83122.53193991905
i:300	82806.64696850283
i:350	82616.11231962575
i:400	82420.20043190097
i:450	82394.32688451515
i:500	82387.57010204253
i:550	82130.54372231425
i:600	82130.54372231425
i:650	82130.54372231425
best: 82130.54372231425
routes: [0, 43, 42, 41, 44, 47, 45, 46, 49, 50, 48, 12, 11, 13, 15, 14, 17, 19, 20, 18, 16, 0, 21, 24, 23, 22, 26, 25, 27, 29, 30, 28, 32, 37, 35, 36, 40, 39, 38, 31, 33, 34, 0, 69, 70, 66, 67, 68, 65, 64, 63, 62, 61, 80, 79, 77, 74, 76, 71, 72, 73, 75, 78, 0, 51, 52, 53, 56, 59, 60, 58, 57, 55, 54, 2, 1, 8, 7, 9, 10, 5, 6, 3, 4, 0]
Elapsed time: 257.55209827423096

i:0	123910.41385554239
i:50	88343.34704095568
i:100	87212.32565443078
i:150	86720.45196912075
i:200	86433.60018995238
i:250	85761.31608157592
i:300	85307.53718193783
i:350	84744.49171431945
i:400	83672.39213742562
i:450	82223.82468397549
i:500	81764.30619771732
i:550	81764.30619771732
i:600	81604.85755064772
i:650	81604.85755064772
best: 81597.06570792099
routes: [0, 31, 39, 38, 34, 33, 32, 37, 40, 36, 35, 30, 29, 27, 28, 24, 21, 23, 25, 26, 22, 0, 43, 42, 41, 45, 44, 46, 49, 50, 47, 48, 11, 13, 16, 20, 19, 17, 18, 15, 14, 12, 0, 51, 52, 53, 56, 54, 55, 57, 59, 60, 58, 76, 77, 74, 71, 72, 73, 75, 78, 79, 80, 0, 4, 1, 2, 8, 9, 7, 10, 5, 6, 3, 69, 70, 66, 67, 68, 65, 64, 63, 61, 62, 0]
Elapsed time: 305.38952922821045

i:0	122062.6189995299
i:50	91556.38763302623
i:100	88837.04530429983
i:150	87279.07017510763
i:200	86481.739003544
i:250	85846.20313136508
i:300	85075.01860928407
i:350	84670.11924424207
i:400	84454.54174170589
i:450	83509.44425361893
i:500	83201.3729421671
i:550	83029.75495958897
i:600	83029.75495958897
i:650	82634.51526961508
best: 82388.20112170845
routes: [0, 43, 48, 47, 45, 42, 41, 44, 46, 49, 50, 17, 19, 20, 18, 15, 14, 12, 11, 13, 16, 0, 79, 80, 78, 77, 74, 71, 72, 73, 75, 76, 58, 60, 59, 57, 54, 55, 56, 53, 51, 52, 0, 21, 23, 22, 25, 27, 29, 30, 28, 26, 24, 32, 31, 39, 40, 35, 36, 37, 38, 33, 34, 0, 4, 3, 6, 5, 10, 9, 7, 8, 2, 1, 61, 62, 63, 64, 65, 68, 66, 67, 69, 70, 0]
Elapsed time: 286.8114261627197

mean: 81190.09822988158
std: 1193.6578958204275
mean-time: 290.77191028594973
std-time: 15.683910232702127