i:0	115387.38606059457
i:50	85122.1979959215
i:100	83402.37649302447
i:150	83402.37649302447
i:200	82890.51782771692
i:250	82798.86143658994
i:300	82417.77276957361
i:350	82417.77276957361
i:400	81483.15396616294
i:450	81104.93886439307
i:500	81005.8079592837
i:550	80590.35405078059
i:600	80101.8503117979
i:650	80038.04130402958
best: 79550.35875862982
routes: [0, 80, 77, 79, 78, 75, 76, 73, 74, 49, 50, 54, 55, 56, 53, 51, 52, 25, 32, 30, 29, 31, 28, 27, 26, 0, 4, 3, 5, 6, 7, 8, 1, 2, 60, 63, 64, 61, 59, 58, 57, 62, 48, 47, 44, 45, 46, 43, 41, 42, 0, 17, 19, 22, 21, 23, 24, 20, 18, 14, 16, 12, 10, 9, 11, 13, 15, 40, 39, 38, 36, 37, 35, 34, 33, 72, 71, 65, 66, 69, 67, 70, 68, 0]
Elapsed time: 329.6999361515045

i:0	107052.43012630285
i:50	86493.28232706075
i:100	85348.64259350045
i:150	83657.09469347441
i:200	83376.0020677073
i:250	82385.42974456701
i:300	81196.40532679035
i:350	80476.8808868969
i:400	80431.19440063575
i:450	80019.71854334607
i:500	79991.16228657986
i:550	79991.16228657986
i:600	79926.86028204103
i:650	79857.2040771484
best: 79857.2040771484
routes: [0, 64, 61, 59, 58, 57, 63, 60, 62, 48, 42, 41, 43, 46, 47, 45, 44, 7, 8, 2, 1, 3, 6, 5, 4, 0, 70, 68, 67, 69, 65, 66, 71, 72, 33, 36, 38, 39, 37, 34, 35, 40, 12, 10, 9, 11, 13, 15, 16, 14, 0, 80, 79, 75, 73, 74, 78, 77, 76, 51, 49, 50, 52, 53, 55, 56, 54, 25, 28, 27, 32, 30, 29, 31, 26, 24, 23, 21, 22, 20, 17, 19, 18, 0]
Elapsed time: 277.09482312202454

i:0	120799.35574833529
i:50	86093.26166289882
i:100	86093.26166289882
i:150	85453.89358801054
i:200	82249.12231267095
i:250	80817.81106999048
i:300	79975.32168103712
i:350	78931.6936770089
i:400	78438.61509827033
i:450	78266.2097262058
i:500	78266.2097262058
i:550	78254.31493075969
i:600	78220.12082774281
i:650	78220.12082774281
best: 78220.12082774281
routes: [0, 27, 28, 26, 30, 29, 31, 32, 25, 54, 55, 56, 52, 51, 53, 50, 49, 73, 74, 75, 78, 80, 79, 77, 76, 0, 17, 19, 20, 22, 21, 23, 24, 18, 14, 11, 13, 15, 16, 12, 10, 9, 40, 39, 38, 36, 37, 35, 34, 33, 72, 71, 65, 66, 69, 67, 70, 68, 0, 4, 5, 6, 7, 8, 3, 1, 2, 60, 63, 64, 61, 59, 58, 57, 62, 48, 46, 47, 45, 44, 43, 41, 42, 0]
Elapsed time: 282.0718152523041

i:0	121771.69927986554
i:50	84310.44048334402
i:100	83390.18736600986
i:150	82620.32266229678
i:200	82230.8921549996
i:250	82101.22472524259
i:300	81214.55404549632
i:350	80453.77591432685
i:400	79890.60749108165
i:450	79890.60749108165
i:500	79741.95020303011
i:550	79393.85967077484
i:600	79167.34705614553
i:650	79167.34705614553
best: 79167.34705614553
routes: [0, 4, 1, 2, 3, 5, 6, 7, 8, 60, 63, 64, 61, 59, 58, 57, 62, 48, 46, 47, 45, 44, 43, 41, 42, 0, 75, 76, 73, 74, 80, 79, 78, 77, 54, 55, 56, 53, 50, 49, 51, 52, 25, 28, 27, 32, 30, 29, 31, 26, 17, 19, 18, 21, 23, 24, 22, 20, 0, 11, 14, 16, 13, 15, 12, 10, 9, 35, 40, 39, 38, 36, 37, 34, 33, 72, 71, 65, 66, 69, 67, 70, 68, 0]
Elapsed time: 265.0640797615051

i:0	118959.66580737148
i:50	86436.71772776078
i:100	82614.44649775824
i:150	82533.19092807658
i:200	82186.67434352759
i:250	80255.22906952578
i:300	79791.25906512915
i:350	79785.24136472549
i:400	79544.98845099859
i:450	79544.98845099859
i:500	79544.98845099859
i:550	79544.98845099859
i:600	79544.98845099859
i:650	79544.98845099859
best: 79523.8947027289
routes: [0, 9, 11, 14, 16, 13, 15, 12, 10, 40, 39, 38, 36, 37, 35, 34, 33, 72, 71, 65, 66, 69, 67, 68, 70, 7, 8, 2, 1, 3, 6, 5, 4, 0, 41, 45, 46, 47, 44, 42, 43, 48, 63, 60, 58, 57, 59, 61, 64, 62, 0, 20, 17, 18, 21, 23, 24, 22, 19, 26, 31, 30, 29, 32, 27, 28, 25, 80, 79, 78, 76, 77, 75, 73, 74, 54, 55, 56, 53, 52, 51, 49, 50, 0]
Elapsed time: 253.2315354347229

i:0	114467.5447303658
i:50	88118.85930581536
i:100	83788.97177544104
i:150	81673.42997742468
i:200	81144.96183175338
i:250	80392.83815626886
i:300	79340.31471227459
i:350	79161.13751659516
i:400	77986.54077050419
i:450	77349.78092764819
i:500	77219.74241100436
i:550	76919.06409808327
i:600	76919.06409808327
i:650	76113.22150448762
best: 75627.74397682327
routes: [0, 54, 55, 56, 53, 52, 51, 50, 49, 64, 61, 59, 58, 57, 63, 60, 62, 48, 46, 47, 45, 44, 43, 41, 42, 0, 11, 14, 16, 13, 15, 12, 10, 9, 35, 40, 39, 37, 38, 36, 34, 33, 72, 71, 65, 66, 69, 67, 68, 70, 7, 8, 2, 1, 3, 6, 5, 4, 0, 74, 73, 75, 77, 76, 80, 79, 78, 25, 27, 28, 30, 29, 31, 32, 26, 17, 19, 18, 21, 23, 24, 22, 20, 0]
Elapsed time: 300.9258453845978

i:0	128134.6264334644
i:50	87915.38827217073
i:100	87376.99262295227
i:150	87321.88397053987
i:200	85010.59032186956
i:250	84755.64920891635
i:300	84257.10418570085
i:350	84257.10418570085
i:400	83389.59017095099
i:450	83389.59017095099
i:500	83389.59017095099
i:550	83299.64930006204
i:600	83165.49888670855
i:650	82738.17454619402
best: 81699.21145792407
routes: [0, 41, 42, 43, 48, 46, 47, 45, 44, 68, 70, 67, 69, 65, 66, 71, 72, 35, 40, 39, 37, 38, 36, 33, 34, 7, 8, 6, 5, 2, 1, 3, 4, 0, 60, 63, 62, 57, 58, 61, 59, 64, 49, 51, 54, 55, 56, 53, 52, 50, 74, 73, 75, 80, 79, 78, 77, 76, 0, 25, 28, 27, 32, 30, 29, 31, 26, 24, 23, 21, 22, 20, 19, 17, 18, 14, 16, 10, 9, 11, 13, 15, 12, 0]
Elapsed time: 356.2876889705658

i:0	114596.8668323698
i:50	86060.40726554026
i:100	83165.36128221989
i:150	82354.16568134777
i:200	82354.16568134777
i:250	82354.16568134777
i:300	82354.16568134777
i:350	82011.75085992384
i:400	82011.75085992384
i:450	82011.75085992384
i:500	82011.75085992384
i:550	82011.75085992384
i:600	82011.75085992384
i:650	82011.75085992384
best: 81678.2790312991
routes: [0, 35, 40, 39, 38, 36, 37, 34, 33, 70, 68, 67, 69, 72, 71, 65, 66, 57, 59, 58, 61, 64, 63, 60, 62, 0, 74, 75, 73, 76, 77, 79, 78, 80, 49, 54, 55, 56, 53, 52, 51, 50, 48, 46, 45, 47, 44, 41, 43, 42, 2, 1, 3, 4, 5, 7, 8, 6, 0, 25, 28, 27, 32, 31, 30, 29, 26, 20, 17, 22, 24, 23, 21, 19, 18, 15, 16, 13, 12, 10, 9, 11, 14, 0]
Elapsed time: 337.5586061477661

i:0	119282.89675719808
i:50	90318.89672805005
i:100	86506.59110560086
i:150	85988.41851516794
i:200	83567.03667658876
i:250	83567.03667658876
i:300	82718.09482779907
i:350	78989.16806562486
i:400	77042.89631726293
i:450	76062.52749500827
i:500	74989.86448382767
i:550	74989.86448382767
i:600	74989.86448382767
i:650	74989.86448382767
best: 74989.86448382767
routes: [0, 41, 42, 43, 46, 44, 45, 47, 48, 63, 62, 60, 57, 59, 58, 61, 64, 50, 49, 51, 52, 53, 55, 56, 54, 0, 73, 74, 75, 76, 77, 80, 79, 78, 25, 30, 29, 31, 32, 28, 27, 26, 20, 17, 19, 21, 23, 24, 22, 18, 14, 16, 13, 15, 12, 11, 9, 10, 0, 35, 34, 37, 40, 39, 38, 36, 33, 72, 71, 65, 66, 69, 67, 68, 70, 7, 8, 2, 1, 3, 6, 5, 4, 0]
Elapsed time: 282.9776713848114

i:0	112745.3409826268
i:50	89262.57635740013
i:100	85470.48135456727
i:150	85470.48135456727
i:200	85248.85142387048
i:250	85248.85142387048
i:300	84390.95178263485
i:350	82501.28629410393
i:400	79606.4599966481
i:450	79285.63833650702
i:500	78913.42216382701
i:550	78852.78045854655
i:600	78841.28221614077
i:650	78841.28221614077
best: 78841.28221614077
routes: [0, 75, 76, 73, 74, 77, 80, 79, 78, 49, 51, 52, 55, 54, 56, 53, 50, 64, 61, 59, 58, 57, 63, 60, 62, 0, 41, 42, 43, 48, 46, 47, 45, 44, 68, 70, 67, 66, 69, 65, 71, 72, 33, 35, 40, 39, 38, 36, 37, 34, 7, 8, 2, 1, 3, 6, 5, 4, 0, 11, 9, 10, 12, 13, 15, 16, 14, 18, 17, 19, 21, 23, 24, 22, 20, 26, 30, 29, 31, 32, 25, 27, 28, 0]
Elapsed time: 290.164577960968

mean: 78915.53065884105
std: 2093.1897921618893
mean-time: 297.507657957077
std-time: 31.6861933165422