i:0	117586.08935759656
i:50	92202.04812271509
i:100	91400.49674321398
i:150	91230.66276384272
i:200	91079.67047210032
i:250	90822.79937493232
i:300	90822.79937493232
i:350	90630.27512762614
i:400	89510.68938543691
i:450	89493.65911100844
i:500	89226.51736615978
i:550	89226.51736615978
i:600	89201.55370198378
i:650	89201.55370198378
best: 88897.78893721459
routes: [0, 17, 19, 18, 21, 24, 23, 22, 20, 26, 30, 29, 31, 32, 27, 28, 25, 0, 35, 34, 37, 40, 39, 38, 36, 33, 71, 72, 69, 67, 65, 66, 70, 68, 0, 4, 5, 6, 3, 1, 2, 8, 7, 9, 11, 10, 12, 13, 15, 16, 14, 0, 73, 74, 75, 77, 80, 79, 78, 76, 49, 51, 52, 54, 55, 56, 53, 50, 0, 60, 58, 57, 59, 61, 64, 63, 62, 48, 46, 47, 45, 44, 43, 41, 42, 0]
Elapsed time: 252.28608226776123

i:0	126277.30232020418
i:50	93125.25542191247
i:100	91080.87356478063
i:150	89813.89568297617
i:200	88980.30493747976
i:250	88980.30493747976
i:300	88596.44193304815
i:350	88596.44193304815
i:400	88497.06641956742
i:450	88497.06641956742
i:500	88497.06641956742
i:550	88497.06641956742
i:600	88497.06641956742
i:650	88497.06641956742
best: 88497.06641956742
routes: [0, 17, 19, 18, 21, 24, 23, 22, 20, 26, 30, 29, 31, 32, 27, 28, 25, 0, 73, 74, 75, 76, 77, 80, 79, 78, 54, 55, 56, 53, 50, 49, 51, 52, 0, 41, 42, 43, 46, 44, 45, 47, 48, 63, 64, 61, 59, 58, 57, 62, 60, 0, 4, 3, 1, 2, 7, 8, 6, 5, 9, 11, 10, 12, 13, 15, 16, 14, 0, 70, 68, 67, 69, 71, 72, 65, 66, 33, 35, 40, 39, 38, 36, 37, 34, 0]
Elapsed time: 198.59229564666748

i:0	124143.01962854844
i:50	91045.25744771931
i:100	89224.89842997135
i:150	88176.08902088323
i:200	88057.82260391048
i:250	87625.45868766922
i:300	87625.45868766922
i:350	87531.00910266557
i:400	87531.00910266557
i:450	87531.00910266557
i:500	87531.00910266557
i:550	87531.00910266557
i:600	87531.00910266557
i:650	87531.00910266557
best: 87531.00910266557
routes: [0, 25, 28, 27, 32, 31, 30, 29, 26, 24, 23, 21, 22, 20, 17, 19, 18, 0, 4, 3, 1, 2, 7, 8, 6, 5, 9, 11, 10, 12, 13, 15, 16, 14, 0, 41, 42, 43, 46, 44, 45, 47, 48, 63, 64, 61, 59, 58, 57, 62, 60, 0, 75, 77, 80, 79, 78, 76, 73, 74, 49, 54, 55, 56, 53, 52, 51, 50, 0, 35, 40, 39, 38, 36, 37, 34, 33, 71, 72, 69, 67, 65, 66, 70, 68, 0]
Elapsed time: 190.0861132144928

i:0	126176.04502046239
i:50	90848.10644979798
i:100	89785.99727136204
i:150	89124.24957935003
i:200	88614.45864469727
i:250	88291.18621247428
i:300	87732.58482786201
i:350	87645.36321978082
i:400	87321.58888846208
i:450	87191.77807532516
i:500	87191.77807532516
i:550	87191.77807532516
i:600	87191.77807532516
i:650	87191.77807532516
best: 87191.77807532516
routes: [0, 73, 74, 75, 76, 77, 80, 79, 78, 54, 55, 56, 53, 50, 49, 51, 52, 0, 64, 61, 59, 58, 57, 63, 60, 62, 48, 43, 41, 42, 46, 47, 45, 44, 0, 4, 3, 1, 2, 7, 8, 6, 5, 9, 11, 10, 12, 13, 15, 16, 14, 0, 25, 28, 27, 26, 32, 31, 30, 29, 24, 23, 21, 22, 20, 17, 19, 18, 0, 35, 34, 37, 40, 39, 38, 36, 33, 71, 72, 69, 67, 65, 66, 70, 68, 0]
Elapsed time: 216.20833230018616

i:0	124795.54913644132
i:50	93852.12667669746
i:100	91426.66456686577
i:150	90328.17497181986
i:200	90323.1729787212
i:250	90323.17297872118
i:300	89895.32183843508
i:350	89895.32183843505
i:400	89608.56095928713
i:450	89608.56095928713
i:500	89608.56095928713
i:550	89115.00293044184
i:600	89115.00293044184
i:650	89115.00293044184
best: 89115.00293044184
routes: [0, 11, 14, 13, 15, 16, 12, 10, 9, 40, 39, 37, 38, 36, 33, 35, 34, 0, 73, 74, 75, 76, 77, 80, 79, 78, 54, 55, 56, 53, 50, 49, 51, 52, 0, 25, 28, 27, 26, 32, 31, 30, 29, 24, 23, 21, 22, 20, 17, 19, 18, 0, 4, 1, 2, 3, 5, 6, 7, 8, 68, 67, 69, 72, 71, 65, 66, 70, 0, 63, 64, 61, 59, 58, 60, 57, 62, 48, 43, 41, 42, 46, 47, 45, 44, 0]
Elapsed time: 239.37997031211853

i:0	123766.4915083358
i:50	94083.97111465622
i:100	90293.28906587465
i:150	90120.33138320765
i:200	89730.6013995228
i:250	89628.34454144057
i:300	88935.26478682338
i:350	88935.26478682338
i:400	88935.26478682338
i:450	88921.36777332379
i:500	88921.36777332379
i:550	88921.36777332379
i:600	88921.36777332379
i:650	88921.36777332379
best: 88921.36777332379
routes: [0, 73, 74, 75, 77, 80, 79, 78, 76, 54, 55, 56, 53, 50, 49, 51, 52, 0, 11, 14, 13, 15, 16, 12, 10, 9, 40, 39, 37, 38, 36, 33, 35, 34, 0, 25, 28, 27, 26, 32, 31, 30, 29, 24, 23, 21, 22, 20, 17, 19, 18, 0, 4, 5, 6, 3, 1, 2, 8, 7, 68, 67, 69, 72, 71, 65, 66, 70, 0, 60, 58, 57, 59, 61, 64, 63, 62, 48, 46, 47, 45, 44, 43, 41, 42, 0]
Elapsed time: 210.41967916488647

i:0	127859.59395058868
i:50	93835.32751986505
i:100	91481.47561385299
i:150	90863.77412698098
i:200	90490.40649431602
i:250	89874.61264455892
i:300	89815.95764568698
i:350	89723.76396081324
i:400	89166.89009643362
i:450	89166.89009643362
i:500	89166.89009643362
i:550	89079.6684883524
i:600	89079.6684883524
i:650	88695.26210098407
best: 88664.6388781348
routes: [0, 25, 28, 27, 32, 31, 30, 29, 26, 24, 23, 21, 22, 20, 17, 19, 18, 0, 73, 74, 75, 77, 80, 79, 78, 76, 54, 55, 56, 53, 50, 49, 51, 52, 0, 4, 5, 6, 3, 1, 2, 8, 7, 70, 68, 67, 69, 72, 71, 65, 66, 0, 9, 11, 14, 16, 13, 10, 12, 15, 40, 39, 37, 38, 36, 33, 35, 34, 0, 41, 42, 43, 46, 44, 45, 47, 48, 63, 62, 60, 58, 57, 59, 61, 64, 0]
Elapsed time: 267.4225101470947

i:0	133092.37197854408
i:50	89046.65952482785
i:100	87536.30564674802
i:150	87536.30564674802
i:200	87536.30564674802
i:250	87536.30564674802
i:300	87536.30564674802
i:350	87536.30564674802
i:400	87172.61143654922
i:450	86997.84877275382
i:500	86997.84877275382
i:550	86997.84877275382
i:600	86694.60148044914
i:650	86694.60148044914
best: 86694.60148044914
routes: [0, 4, 5, 6, 3, 1, 2, 8, 7, 9, 11, 10, 12, 13, 15, 16, 14, 0, 35, 40, 39, 38, 36, 37, 34, 33, 71, 72, 69, 67, 65, 66, 70, 68, 0, 25, 28, 27, 26, 32, 31, 30, 29, 24, 23, 21, 22, 20, 17, 19, 18, 0, 73, 74, 75, 76, 77, 80, 79, 78, 54, 55, 56, 53, 50, 49, 51, 52, 0, 41, 42, 43, 46, 44, 45, 47, 48, 64, 61, 59, 58, 57, 63, 60, 62, 0]
Elapsed time: 183.63108682632446

i:0	131247.7511281739
i:50	90384.43996235545
i:100	89500.12772558915
i:150	88765.5175595698
i:200	88236.14225481063
i:250	87691.07186238274
i:300	87678.1233112918
i:350	87678.1233112918
i:400	87582.05398468132
i:450	87278.28921991213
i:500	87278.28921991213
i:550	87278.28921991213
i:600	87190.6360758325
i:650	87190.6360758325
best: 87190.6360758325
routes: [0, 4, 3, 1, 2, 7, 8, 6, 5, 9, 11, 10, 12, 13, 15, 16, 14, 0, 35, 40, 39, 38, 36, 37, 34, 33, 71, 72, 69, 67, 65, 66, 70, 68, 0, 25, 28, 27, 26, 32, 31, 30, 29, 24, 23, 21, 22, 20, 17, 19, 18, 0, 73, 74, 75, 77, 80, 79, 78, 76, 49, 54, 55, 56, 53, 52, 51, 50, 0, 41, 42, 43, 46, 44, 45, 47, 48, 64, 61, 59, 58, 57, 63, 60, 62, 0]
Elapsed time: 227.4325292110443

i:0	112802.35249824317
i:50	92148.65351583698
i:100	89986.08189250271
i:150	89424.3026772535
i:200	88637.80913143873
i:250	88637.80913143873
i:300	88637.80913143873
i:350	88464.37265227098
i:400	88146.29205641925
i:450	88146.29205641925
i:500	88146.29205641925
i:550	88146.29205641925
i:600	88146.29205641925
i:650	88146.29205641925
best: 87822.51772510051
routes: [0, 73, 74, 75, 76, 77, 80, 79, 78, 54, 55, 56, 53, 50, 49, 51, 52, 0, 41, 42, 43, 46, 44, 45, 47, 48, 64, 61, 59, 58, 57, 63, 60, 62, 0, 4, 5, 6, 3, 1, 2, 8, 7, 68, 67, 69, 65, 66, 71, 72, 70, 0, 25, 28, 27, 26, 32, 31, 30, 29, 24, 23, 21, 22, 20, 17, 19, 18, 0, 35, 34, 33, 36, 38, 39, 37, 40, 15, 16, 13, 12, 10, 9, 11, 14, 0]
Elapsed time: 200.1101393699646

mean: 88052.64073980555
std: 826.0202678576412
mean-time: 218.5568738460541
std-time: 26.227617708292687