-g=1e-05, -a=7, -f=80, -s=80
i:0	265083.4761902688
i:50	51710.14592056407
i:100	51710.14592056407
i:150	51415.449173093904
i:200	51400.04259685665
i:250	50888.02677107646
i:300	50863.55867497975
i:350	50863.55867497975
i:400	50456.28246455509
i:450	50456.28246455509
i:500	50367.72397170801
i:550	50367.72397170801
i:600	50367.72397170801
i:650	50367.72397170801
i:700	50367.72397170801
i:750	50367.72397170801
i:800	50367.72397170801
i:850	50367.72397170801
i:900	50367.72397170801
i:950	50367.72397170801
routes: [0, 4, 5, 10, 6, 3, 1, 2, 8, 7, 9, 23, 22, 21, 24, 25, 27, 26, 29, 30, 28, 15, 17, 19, 20, 18, 16, 14, 11, 13, 12, 0, 39, 40, 36, 37, 38, 35, 34, 33, 32, 31, 44, 43, 42, 41, 47, 48, 45, 46, 49, 50, 0]
Elapsed time: 456.3938307762146

