-g=1e-05, -a=7, -f=80 -s=50
i:0	65811.47896693446
i:50	51502.823328964376
i:100	50130.415279540546
i:150	49504.476484082006
i:200	49175.204310702604
i:250	49175.204310702604
i:300	49103.0546179157
i:350	49103.0546179157
i:400	49103.0546179157
i:450	49103.0546179157
i:500	49103.0546179157
i:550	49103.0546179157
i:600	49103.0546179157
i:650	49103.0546179157
i:700	49103.0546179157
i:750	49103.0546179157
routes: [0, 23, 22, 25, 27, 29, 30, 28, 26, 24, 21, 48, 47, 41, 42, 43, 45, 46, 49, 50, 44, 9, 7, 8, 2, 1, 3, 6, 10, 5, 4, 0, 39, 40, 36, 37, 38, 35, 34, 33, 31, 32, 11, 13, 15, 17, 19, 20, 18, 16, 14, 12, 0]
Elapsed time: 332.73549222946167

