-g=1e-05, -a=7, -f=80, -s=80
i:0	262920.0332685453
i:50	49959.88252167865
i:100	49294.60215809964
i:150	47780.24166683532
i:200	47413.81536525405
i:250	47389.46560374823
i:300	47389.46560374823
i:350	47389.46560374823
i:400	47389.46560374823
i:450	47389.46560374823
i:500	47389.46560374823
i:550	47389.46560374823
i:600	47389.46560374823
i:650	47389.46560374823
i:700	47389.46560374823
routes: [0, 11, 14, 13, 15, 17, 19, 20, 18, 16, 12, 23, 24, 26, 29, 30, 28, 27, 25, 22, 21, 48, 47, 41, 42, 43, 45, 46, 49, 50, 44, 0, 4, 5, 6, 10, 7, 9, 8, 3, 2, 1, 31, 32, 33, 34, 35, 38, 37, 36, 39, 40, 0]
Elapsed time: 408.32178354263306

