-g=1e-05, -a=7, -f=80, -s=150
i:0	73073.28481067508
i:50	51225.91633077935
i:100	50187.88081881406
i:150	49712.86330409336
i:200	49120.5514799785
i:250	49120.5514799785
i:300	48947.92625527819
i:350	48862.53387350074
i:400	48862.53387350074
i:450	48862.53387350074
i:500	48790.006977561665
i:550	48702.61028778989
i:600	48702.61028778989
i:650	48702.61028778989
i:700	48702.61028778989
i:750	48420.31328654358
i:800	48420.31328654358
i:850	48420.31328654358
i:900	48420.31328654358
i:950	48420.31328654358
i:1000	48420.31328654358
i:1050	48420.31328654358
i:1100	48420.31328654358
i:1150	48420.31328654358
i:1200	48420.31328654358
routes: [0, 4, 3, 1, 2, 8, 6, 5, 10, 7, 9, 23, 24, 26, 29, 30, 28, 27, 25, 22, 21, 48, 47, 41, 42, 43, 45, 46, 49, 50, 44, 0, 31, 32, 33, 34, 35, 38, 37, 36, 39, 40, 11, 13, 12, 15, 17, 19, 20, 18, 16, 14, 0]
Elapsed time: 733.4188477993011

