-g=1e-05, -a=7, -f=80 -s=20
i:0	71894.95631642143
i:50	51602.188916017774
i:100	48851.915051849326
i:150	48177.93597679692
i:200	48177.93597679692
i:250	48177.93597679692
i:300	48177.93597679692
i:350	48177.93597679692
i:400	48177.93597679692
i:450	48177.93597679692
i:500	48177.93597679692
i:550	48177.93597679692
i:600	48177.93597679692
routes: [0, 23, 24, 26, 29, 30, 28, 27, 25, 22, 21, 48, 47, 41, 42, 45, 43, 44, 46, 49, 50, 8, 7, 9, 10, 5, 6, 2, 1, 3, 4, 0, 31, 32, 33, 34, 35, 38, 37, 36, 39, 40, 11, 13, 12, 15, 17, 19, 20, 18, 16, 14, 0]
Elapsed time: 178.5742998123169

