-g=1e-05, -a=7, -f=80, -s=120
i:0	73999.02025387052
i:50	51896.18541953533
i:100	51171.942909883626
i:150	51057.743853414155
i:200	50928.39950596741
i:250	50850.43301674729
i:300	49037.97579951202
i:350	48992.29583385254
i:400	48904.89914408077
i:450	48904.89914408077
i:500	48904.89914408077
i:550	48904.89914408077
i:600	48904.89914408077
i:650	48904.89914408077
i:700	48644.55079462631
i:750	48644.55079462631
i:800	48644.55079462631
i:850	48644.55079462631
i:900	48644.55079462631
i:950	48644.55079462631
i:1000	48644.55079462631
i:1050	48644.55079462631
i:1100	48644.55079462631
i:1150	48644.55079462631
routes: [0, 4, 5, 6, 3, 1, 2, 8, 7, 9, 10, 23, 25, 24, 26, 29, 30, 28, 27, 22, 21, 48, 47, 41, 42, 43, 45, 46, 49, 50, 44, 0, 31, 32, 33, 34, 35, 38, 37, 36, 39, 40, 11, 13, 12, 15, 17, 19, 20, 18, 16, 14, 0]
Elapsed time: 642.3280138969421

