10	27114.35	0.0014349460601806641
20	25347.0	0.002509152889251709
50	22536.25	0.005452418327331543
100	21154.35	0.0106514573097229
200	19329.65	0.014331841468811035
500	17242.0	0.03495512008666992
1000	15116.65	0.06821211576461791
2000	13752.85	0.1339734673500061
5000	12210.95	0.3303189158439636
10000	11779.5	0.6567652702331543
20000	11440.05	1.455869686603546
50000	10768.9	5.881983947753906
100000	10669.7	9.120559191703796
200000	9984.85	13.918477368354797
500000	9646.65	34.23843504190445
1000000	9373.25	76.95046482086181
2000000	9049.3	131.6159974217415
3000000	9093.0	342.18234635591506
4000000	9005.45	500.3718685150146
5000000	8745.1	615.515498495102
6000000	8971.6	709.353989481926
7000000	8803.6	721.3581487178802
8000000	8911.5	501.57241946458817
9000000	8760.25	569.5261930346489
10000000	8772.3	660.9648488163948
20000000	8608.65	1280.3729027748109
