214.44490256353566 46.67277161864484 9056.6
214.58970544300317 42.94864165021889 9104.4
164.09379711103537 48.984524978424766 8668.4
300.5991114372068 236.76382664940155 9996.4
224.47182426685202 204.86946504567297 9546.6
362.8745285454018 285.12483090207104 10416.8
129.87959537310377 92.32466365632736 9076.8
373.5712850065702 116.09072599861489 9333.4
266.1045819140968 233.43889307822755 9874.0
359.883832366914 266.9154317851064 10170.4
94.04472248982975 30.3906499890938 9224.0
360.2220363209238 61.75215333641796 8931.8
167.61591757662484 141.58574542302807 9372.0
109.50866805235611 89.11198226103014 8922.4
194.74045441561583 11.20290917061429 9138.8
278.1498836819257 44.78635680834681 9047.0
350.4352677934582 234.55905060840186 9990.0
328.5246645896021 236.8445271582663 9737.0
374.29258970067445 21.5237073455053 9018.8
264.09351939320464 77.45189623249104 8903.4
309.3829046755579 55.439019856687885 8961.6
299.65984827146616 91.63802619986463 9216.6
332.5969700490474 90.93417556806979 9050.4
386.84092390501996 321.8592784703776 10692.2
137.22382447686272 16.80293191372344 8936.8
284.1726308406486 112.31376712521079 9085.0
393.60102882520073 176.1937156259842 9510.8
325.1730914492275 261.35420156090265 10182.2
263.6437736648932 253.87458270423386 9992.4
305.16269433307275 284.20416487458255 10267.4
323.3736827474686 42.893733140291644 8892.0
101.60053626234873 88.99210969637508 8954.8
392.1444493238223 171.7007615026929 9715.0
117.43288912755091 112.45452205334912 9277.6
298.4548410797762 257.04404950145675 9637.8
330.3886135707647 206.5797697206317 9817.6
158.8466566728111 146.6131425910133 9239.2
205.55886416336065 160.11043596319394 8896.2
194.41088794625406 102.3237102566227 9154.2
284.24131722197126 271.86437886726554 9933.0
378.2942044855518 108.02812755140754 9659.6
263.98495081018206 148.08089317820503 9620.2
325.0736154321576 138.05788805075233 9545.6
245.75521618316336 141.31421188673653 9538.0
281.7750049607361 74.64217298501967 8821.8
325.94090081851544 257.442177336937 10200.0
230.63713974191919 215.0722844293082 9397.4
386.63206329352573 367.4301007086741 11523.6
166.92093300407285 15.201814920960432 8893.8
218.21567500200274 45.157022346221424 8788.8
224.4757646012296 172.2178745745361 9218.6
363.2323305405866 264.92145150371584 10354.6
125.69098018517785 12.57005022452301 9176.2
151.24447096415238 49.01761710307481 9291.0
271.7706738321506 55.91164432851367 9060.6
295.28704045231245 63.044424298712656 9336.2
48.84034117313922 12.212034445611945 9944.6
366.6650031581749 16.4359039777642 9110.2
326.31314829441607 262.1129394724715 10341.8
350.86493963210586 106.18551753294905 9248.0
