random: -g=1.3742e-05, -a=4, -f=50
i:0	71948.28941146514
i:100	50911.964277243955
i:200	50635.0576060233
i:300	50635.0576060233
i:400	50428.231540837456
i:500	50428.231540837456
i:600	50428.231540837456
i:700	50428.231540837456
i:800	50428.231540837456
i:900	50428.231540837456
i:1000	50428.231540837456
i:1100	50428.231540837456
i:1200	50428.231540837456
i:1300	50342.28664891994
i:1400	50342.28664891994
i:1500	50342.28664891994
i:1600	50342.28664891994
i:1700	50342.28664891994
i:1800	50342.28664891994
i:1900	50342.28664891994
i:2000	50342.28664891994
i:2100	50342.28664891994
i:2200	50342.28664891994
i:2300	50342.28664891994
i:2400	50342.28664891994
i:2500	50342.28664891994
routes: [0, 50, 44, 43, 42, 41, 47, 45, 46, 49, 48, 21, 22, 23, 25, 24, 26, 29, 30, 27, 28, 0, 1, 3, 4, 6, 5, 10, 9, 7, 8, 2, 31, 32, 33, 34, 35, 38, 36, 37, 39, 40, 0, 11, 13, 15, 17, 19, 20, 18, 16, 14, 12, 0]
Elapsed time: 554.3694987297058

