random: -g=1.3742e-05, -a=6, -f=50
i:0	331391.8191067633
i:100	86030.44526275781
i:200	85705.70324290471
i:300	84667.91232119521
i:400	84038.30933300275
i:500	83931.91159595743
i:600	83929.81628979613
i:700	83652.97585319722
i:800	82986.9223229252
i:900	82263.1089271678
i:1000	82263.1089271678
i:1100	82263.1089271678
i:1200	82256.8739229693
i:1300	82256.8739229693
i:1400	82256.8739229693
i:1500	82256.8739229693
i:1600	82256.8739229693
i:1700	82256.8739229693
i:1800	82256.8739229693
i:1900	82256.8739229693
i:2000	82256.8739229693
i:2100	82256.8739229693
i:2200	82256.8739229693
i:2300	82256.8739229693
i:2400	82256.8739229693
i:2500	82256.8739229693
i:2600	82256.8739229693
i:2700	82256.8739229693
i:2800	82256.8739229693
i:2900	82256.8739229693
i:3000	82256.8739229693
i:3100	82256.8739229693
i:3200	82256.8739229693
i:3300	82256.8739229693
i:3400	82256.8739229693
i:3500	82256.8739229693
i:3600	82256.8739229693
i:3700	82256.8739229693
i:3800	82256.8739229693
i:3900	82256.8739229693
i:4000	82256.8739229693
i:4100	82256.8739229693
i:4200	82256.8739229693
i:4300	82256.8739229693
i:4400	82256.8739229693
i:4500	82256.8739229693
routes: [0, 4, 5, 10, 7, 9, 8, 6, 3, 1, 2, 54, 55, 57, 59, 60, 58, 56, 53, 51, 52, 0, 13, 15, 18, 16, 20, 19, 17, 14, 12, 11, 43, 42, 41, 45, 44, 46, 49, 50, 47, 48, 0, 21, 22, 23, 24, 26, 25, 27, 29, 30, 28, 32, 33, 31, 39, 40, 35, 36, 37, 38, 34, 0, 76, 74, 71, 72, 73, 75, 78, 79, 77, 80, 61, 62, 63, 64, 65, 67, 68, 66, 69, 70, 0]
Elapsed time: 1882.0046157836914

