i:0	145542.0973856518
i:50	105616.38364384254
i:100	104915.46649720115
i:150	104692.60398499828
i:200	99108.17226300192
i:250	97153.27640357878
i:300	95277.90752867569
i:350	95148.66273171434
i:400	94558.62068076206
i:450	94325.46933898116
i:500	94040.94176951531
i:550	93852.15638948457
i:600	91643.71424547574
i:650	91643.71424547574
best: 91643.71424547574
routes: [0, 21, 23, 22, 27, 24, 25, 29, 30, 28, 26, 33, 34, 31, 39, 38, 37, 40, 35, 36, 32, 4, 1, 2, 9, 10, 8, 6, 5, 7, 3, 0, 51, 52, 53, 56, 59, 60, 58, 57, 55, 54, 90, 86, 84, 83, 85, 89, 82, 81, 87, 88, 41, 42, 43, 45, 47, 44, 46, 49, 50, 48, 17, 14, 12, 11, 13, 15, 18, 19, 20, 16, 0, 96, 100, 97, 98, 99, 95, 94, 93, 91, 92, 77, 79, 80, 76, 74, 71, 72, 73, 75, 78, 61, 62, 63, 65, 64, 66, 67, 68, 69, 70, 0]
Elapsed time: 357.5116991996765

i:0	148830.93796594237
i:50	113346.54590173367
i:100	110517.10646902681
i:150	99521.8426191737
i:200	96493.20090603978
i:250	95267.61899053876
i:300	95070.59813056921
i:350	94749.6118181247
i:400	94405.32337410927
i:450	94180.63564004992
i:500	93906.24150361273
i:550	93896.71839785056
i:600	93896.71839785056
i:650	93896.71839785056
best: 93849.96101943938
routes: [0, 11, 14, 12, 13, 15, 18, 19, 17, 20, 16, 25, 26, 24, 21, 23, 22, 29, 27, 28, 30, 35, 36, 37, 40, 38, 39, 32, 33, 34, 31, 0, 4, 5, 10, 6, 2, 1, 3, 8, 7, 9, 90, 86, 84, 83, 82, 81, 87, 85, 89, 88, 41, 44, 42, 43, 45, 47, 46, 49, 50, 48, 0, 93, 95, 96, 97, 99, 100, 98, 94, 91, 92, 61, 62, 63, 64, 65, 68, 66, 67, 69, 70, 0, 79, 80, 76, 77, 74, 71, 72, 73, 75, 78, 58, 60, 59, 57, 54, 55, 56, 53, 51, 52, 0]
Elapsed time: 334.4892807006836

i:0	152010.61587630867
i:50	108032.55088615346
i:100	104955.40881690232
i:150	99877.99786932975
i:200	94477.20198865044
i:250	88399.26361225112
i:300	86615.39381664361
i:350	86252.64138548264
i:400	85347.62444081131
i:450	84987.98541354845
i:500	84651.93957024773
i:550	84615.9985759301
i:600	84615.9985759301
i:650	84615.9985759301
best: 84615.9985759301
routes: [0, 95, 94, 92, 91, 93, 96, 99, 98, 97, 100, 69, 70, 66, 67, 68, 65, 64, 63, 61, 62, 80, 79, 77, 74, 71, 72, 73, 75, 78, 76, 0, 51, 52, 53, 59, 60, 58, 56, 57, 55, 54, 84, 83, 82, 81, 87, 88, 85, 86, 89, 90, 41, 42, 43, 45, 47, 44, 46, 49, 50, 48, 0, 31, 34, 33, 38, 39, 40, 35, 36, 37, 32, 28, 30, 29, 27, 25, 26, 24, 21, 23, 22, 16, 15, 14, 17, 19, 20, 18, 13, 11, 12, 10, 5, 6, 7, 9, 8, 2, 1, 3, 4, 0]
Elapsed time: 331.92846965789795

i:0	148629.76721019516
i:50	111535.70016562383
i:100	108101.07094600773
i:150	102645.19837096255
i:200	95822.52243693057
i:250	92654.66409417958
i:300	91752.92598897613
i:350	91579.36182443575
i:400	91399.25358918302
i:450	91341.10525099555
i:500	90958.12132628587
i:550	90908.7528906628
i:600	90876.08335145512
i:650	90866.84285948233
best: 90666.33538320487
routes: [0, 76, 77, 79, 80, 74, 71, 72, 73, 75, 78, 58, 59, 60, 56, 53, 51, 52, 55, 57, 54, 0, 4, 1, 3, 5, 10, 6, 2, 8, 7, 9, 89, 90, 86, 84, 83, 85, 82, 81, 87, 88, 41, 42, 43, 45, 47, 44, 46, 49, 50, 48, 0, 69, 70, 66, 67, 68, 65, 64, 63, 62, 61, 91, 92, 93, 94, 95, 98, 96, 97, 99, 100, 31, 39, 40, 35, 36, 37, 38, 34, 33, 32, 21, 23, 25, 27, 29, 30, 28, 26, 24, 22, 0, 11, 13, 16, 20, 19, 17, 18, 15, 14, 12, 0]
Elapsed time: 340.99152994155884

i:0	157370.1808981141
i:50	108839.77120556415
i:100	103441.00199666878
i:150	103441.00199666878
i:200	103441.00199666878
i:250	103441.00199666878
i:300	103441.00199666878
i:350	103441.00199666878
i:400	103441.00199666878
i:450	103020.33444430924
i:500	97292.40394186348
i:550	95797.40659469075
i:600	94801.68382725467
i:650	92912.0272309703
best: 92911.13653715566
routes: [0, 69, 70, 66, 67, 68, 65, 64, 63, 62, 61, 91, 92, 93, 94, 95, 96, 97, 98, 99, 100, 0, 54, 55, 56, 52, 51, 53, 60, 59, 57, 58, 74, 76, 71, 72, 73, 75, 78, 77, 79, 80, 0, 1, 2, 5, 10, 6, 4, 3, 7, 8, 9, 90, 86, 84, 83, 82, 81, 87, 89, 85, 88, 41, 44, 42, 43, 45, 47, 48, 46, 49, 50, 11, 12, 13, 15, 14, 17, 19, 20, 18, 16, 0, 33, 34, 31, 39, 40, 35, 36, 37, 38, 32, 24, 21, 23, 22, 26, 25, 27, 29, 30, 28, 0]
Elapsed time: 383.0559391975403

i:0	148982.92078747632
i:50	112639.85586619476
i:100	108355.27821508724
i:150	103015.98402641865
i:200	103015.98402641865
i:250	103015.98402641865
i:300	103015.98402641865
i:350	103015.98402641865
i:400	103015.98402641865
i:450	103015.98402641865
i:500	103010.97575376398
i:550	99422.49506498399
i:600	94210.24901755467
i:650	92863.35353500824
best: 91742.60928693027
routes: [0, 91, 92, 93, 95, 94, 96, 99, 100, 97, 98, 61, 62, 63, 66, 69, 70, 67, 68, 65, 64, 31, 33, 34, 39, 40, 36, 35, 37, 38, 32, 0, 79, 80, 76, 77, 74, 71, 72, 73, 75, 78, 58, 60, 59, 57, 54, 55, 56, 53, 51, 52, 0, 21, 24, 28, 30, 27, 29, 25, 26, 23, 22, 16, 20, 19, 17, 18, 15, 13, 11, 12, 14, 43, 42, 45, 46, 49, 50, 48, 47, 44, 41, 87, 81, 82, 83, 85, 88, 89, 84, 86, 90, 0, 4, 10, 7, 9, 8, 2, 1, 3, 5, 6, 0]
Elapsed time: 392.0061745643616

i:0	144990.68450818944
i:50	104675.03309615533
i:100	97782.47526774848
i:150	95833.61565752201
i:200	95402.28538273729
i:250	94466.01568497889
i:300	94449.48867078917
i:350	94183.9222115786
i:400	93334.06223859209
i:450	93071.30913557032
i:500	92947.11977665356
i:550	92562.33650215392
i:600	92551.86441371785
i:650	92365.09008691594
best: 92365.09008691594
routes: [0, 54, 52, 51, 53, 56, 55, 57, 59, 60, 58, 79, 80, 71, 72, 73, 75, 78, 76, 77, 74, 0, 99, 100, 96, 94, 92, 91, 93, 95, 97, 98, 61, 62, 63, 64, 65, 66, 67, 68, 69, 70, 0, 43, 42, 45, 47, 48, 46, 49, 50, 44, 41, 87, 88, 85, 82, 81, 83, 84, 86, 89, 90, 9, 7, 8, 2, 1, 3, 6, 10, 5, 4, 0, 31, 34, 33, 38, 39, 40, 36, 35, 37, 32, 28, 30, 29, 27, 25, 26, 24, 21, 23, 22, 16, 20, 19, 17, 18, 15, 14, 13, 11, 12, 0]
Elapsed time: 336.87238788604736

i:0	147632.48527010833
i:50	112034.68362518927
i:100	97360.86686517064
i:150	94069.31801449087
i:200	92735.60872801629
i:250	92448.50016198203
i:300	91946.08755128406
i:350	91406.35380199028
i:400	90172.30025042675
i:450	89730.1413379267
i:500	89730.1413379267
i:550	89730.1413379267
i:600	89730.1413379267
i:650	89641.89297332757
best: 89641.89297332757
routes: [0, 51, 52, 53, 56, 54, 55, 57, 59, 60, 58, 76, 77, 74, 71, 72, 73, 75, 78, 79, 80, 0, 31, 34, 33, 38, 39, 40, 36, 35, 37, 32, 28, 30, 29, 27, 25, 26, 24, 21, 23, 22, 15, 18, 20, 19, 17, 14, 12, 11, 13, 16, 0, 90, 86, 89, 84, 83, 82, 81, 85, 87, 88, 41, 44, 46, 49, 50, 48, 47, 45, 42, 43, 10, 5, 6, 7, 9, 8, 2, 1, 3, 4, 0, 96, 100, 99, 97, 98, 95, 94, 93, 91, 92, 61, 62, 63, 64, 65, 66, 67, 68, 69, 70, 0]
Elapsed time: 300.41362380981445

i:0	142397.0529105536
i:50	107843.2260082803
i:100	106164.92416459031
i:150	97726.98042949617
i:200	96400.86438354733
i:250	95374.77945673463
i:300	94728.57571811255
i:350	94659.23195356478
i:400	94022.82642394636
i:450	93449.6543508828
i:500	93132.10701614873
i:550	93095.53135139441
i:600	92772.31470475205
i:650	92391.51273087406
best: 92188.51564473391
routes: [0, 77, 75, 78, 73, 72, 71, 74, 76, 79, 80, 58, 56, 55, 57, 59, 60, 54, 51, 53, 52, 0, 92, 91, 93, 95, 94, 97, 100, 96, 99, 98, 69, 70, 66, 67, 68, 63, 65, 64, 61, 62, 0, 43, 42, 45, 47, 49, 50, 48, 46, 44, 41, 87, 81, 82, 83, 85, 88, 84, 86, 89, 90, 8, 7, 9, 10, 5, 6, 2, 1, 3, 4, 0, 31, 39, 38, 37, 40, 35, 36, 34, 33, 32, 28, 30, 29, 27, 25, 26, 24, 21, 23, 22, 13, 11, 12, 14, 15, 17, 19, 20, 18, 16, 0]
Elapsed time: 346.68618083000183

i:0	154558.91763641476
i:50	109400.59355211166
i:100	105803.41242497787
i:150	100841.58451921091
i:200	96329.28083610526
i:250	94160.25519202335
i:300	93556.94918861288
i:350	92797.65567055214
i:400	92519.74480663918
i:450	92221.82835306866
i:500	92220.25071873842
i:550	92220.25071873842
i:600	92029.06789250119
i:650	91935.9822153566
best: 91935.9822153566
routes: [0, 96, 99, 100, 97, 98, 93, 95, 94, 91, 92, 61, 62, 63, 64, 65, 66, 67, 68, 69, 70, 0, 51, 52, 53, 56, 60, 58, 54, 55, 57, 59, 74, 71, 72, 73, 75, 78, 76, 77, 79, 80, 0, 4, 5, 3, 1, 2, 8, 6, 10, 7, 9, 86, 89, 90, 84, 83, 85, 82, 81, 87, 88, 41, 42, 45, 44, 46, 49, 50, 47, 48, 43, 11, 13, 12, 14, 15, 18, 17, 19, 20, 16, 0, 31, 33, 34, 39, 40, 36, 35, 37, 38, 32, 21, 23, 22, 25, 27, 29, 30, 28, 26, 24, 0]
Elapsed time: 322.2620553970337

mean: 91156.12359684701
std: 2436.3943754958077
mean-time: 344.62173411846163
std-time: 25.85384890178544