i:0	164661.05177729303
i:50	120208.13679925041
i:100	116742.0402227474
i:150	115271.56323561691
i:200	114979.29316174824
i:250	113962.57255091656
i:300	113930.6529903576
i:350	113687.10614561567
i:400	113544.80508089175
i:450	111979.91788328669
i:500	110537.12737941176
i:550	110537.12737941176
i:600	109692.26538052535
i:650	109457.10454776694
best: 109457.10454776691
routes: [0, 61, 63, 62, 65, 68, 67, 69, 70, 66, 64, 0, 11, 12, 15, 17, 19, 20, 18, 14, 13, 16, 0, 90, 89, 85, 83, 82, 81, 87, 88, 86, 84, 0, 51, 53, 58, 56, 52, 54, 55, 57, 59, 60, 76, 77, 74, 71, 72, 73, 75, 78, 79, 80, 0, 1, 2, 3, 6, 5, 10, 7, 9, 8, 4, 0, 91, 92, 93, 95, 97, 98, 94, 96, 99, 100, 31, 33, 34, 39, 38, 37, 40, 35, 36, 32, 0, 43, 42, 41, 44, 45, 46, 49, 50, 47, 48, 0, 21, 23, 25, 27, 29, 30, 28, 26, 24, 22, 0]
Elapsed time: 344.04047417640686

i:0	160332.71537837395
i:50	122623.3652527317
i:100	117284.06902726425
i:150	114565.79982289718
i:200	114132.9024500828
i:250	113194.85503337067
i:300	112412.87639889348
i:350	112412.87639889348
i:400	112012.86149328988
i:450	110564.56605100713
i:500	109672.9317316823
i:550	108976.66256202181
i:600	108477.75305067745
i:650	107333.59267365071
best: 106521.57119489685
routes: [0, 51, 52, 53, 56, 54, 55, 57, 59, 60, 58, 79, 80, 78, 75, 73, 72, 71, 74, 77, 76, 0, 43, 41, 44, 42, 45, 47, 46, 49, 50, 48, 0, 61, 62, 64, 63, 65, 68, 67, 66, 69, 70, 0, 11, 13, 12, 14, 15, 17, 19, 20, 18, 16, 0, 4, 5, 6, 10, 7, 9, 8, 2, 3, 1, 0, 90, 86, 89, 85, 88, 87, 81, 82, 83, 84, 0, 21, 25, 27, 29, 30, 28, 26, 22, 23, 24, 0, 33, 34, 32, 37, 36, 35, 40, 39, 38, 31, 100, 99, 97, 98, 95, 94, 93, 91, 92, 96, 0]
Elapsed time: 340.99031043052673

i:0	151004.85586992587
i:50	119008.37084840522
i:100	115824.41340069487
i:150	114784.97124347604
i:200	114532.61712176976
i:250	113466.87681535991
i:300	112977.39087632543
i:350	112585.69241323475
i:400	112545.6315114848
i:450	111607.68133020257
i:500	111474.79965383575
i:550	110953.61279951432
i:600	110665.75841728758
i:650	110665.75841728758
best: 110607.26291645819
routes: [0, 61, 62, 63, 64, 65, 69, 70, 67, 68, 66, 0, 83, 82, 81, 87, 88, 85, 86, 89, 90, 84, 0, 79, 80, 77, 76, 74, 71, 72, 73, 75, 78, 58, 59, 60, 57, 54, 55, 56, 53, 51, 52, 0, 1, 2, 3, 4, 5, 10, 9, 7, 8, 6, 0, 91, 92, 93, 94, 95, 97, 98, 99, 100, 96, 31, 39, 38, 37, 36, 35, 40, 33, 34, 32, 0, 43, 42, 41, 44, 47, 48, 45, 46, 49, 50, 0, 13, 11, 12, 14, 15, 17, 18, 19, 20, 16, 0, 21, 23, 25, 26, 27, 29, 30, 28, 24, 22, 0]
Elapsed time: 345.00840616226196

i:0	155510.09195763388
i:50	117302.95322505983
i:100	116375.35986097043
i:150	115136.06325729554
i:200	114356.79186545059
i:250	113923.14216004705
i:300	113859.61446340088
i:350	113746.01051087928
i:400	113746.01051087928
i:450	113275.72566499113
i:500	113275.72566499113
i:550	112257.94074172611
i:600	112139.5677269492
i:650	110837.15430662519
best: 110018.58565737492
routes: [0, 43, 45, 47, 46, 49, 50, 48, 44, 41, 42, 0, 54, 57, 59, 60, 55, 56, 52, 51, 53, 58, 76, 79, 77, 74, 71, 73, 72, 75, 78, 80, 0, 69, 70, 67, 68, 66, 65, 64, 63, 61, 62, 0, 21, 27, 29, 30, 28, 25, 26, 24, 23, 22, 0, 92, 91, 93, 94, 95, 96, 97, 98, 99, 100, 31, 34, 33, 38, 39, 40, 35, 36, 37, 32, 0, 11, 13, 12, 14, 15, 17, 19, 20, 18, 16, 0, 86, 81, 82, 83, 85, 87, 88, 89, 90, 84, 0, 1, 3, 2, 8, 9, 7, 10, 6, 5, 4, 0]
Elapsed time: 342.41164350509644

i:0	155483.1930269659
i:50	118192.64314164531
i:100	114162.67947109714
i:150	111929.54170053249
i:200	111748.75844283818
i:250	111212.27951805516
i:300	110331.88368154211
i:350	109962.02816027474
i:400	109729.30427275872
i:450	108710.12280390903
i:500	108374.8850069327
i:550	108095.83749004305
i:600	108095.83749004305
i:650	107773.64729140131
best: 107474.06820576133
routes: [0, 90, 86, 89, 85, 83, 84, 82, 81, 87, 88, 0, 6, 5, 10, 7, 9, 8, 2, 1, 3, 4, 0, 43, 45, 47, 49, 50, 48, 46, 44, 41, 42, 0, 51, 53, 52, 54, 55, 56, 57, 59, 60, 58, 79, 77, 74, 71, 72, 73, 75, 78, 80, 76, 0, 11, 13, 15, 18, 16, 20, 19, 17, 14, 12, 0, 61, 62, 64, 63, 65, 68, 67, 66, 69, 70, 0, 21, 25, 29, 30, 28, 27, 26, 24, 23, 22, 0, 33, 34, 32, 37, 36, 35, 40, 38, 39, 31, 100, 99, 97, 98, 96, 95, 94, 93, 91, 92, 0]
Elapsed time: 333.15941429138184

i:0	147621.96253877532
i:50	116616.90802256795
i:100	116140.35453930627
i:150	115867.27993428784
i:200	115098.53981455753
i:250	113508.21524954522
i:300	113356.65781422965
i:350	112590.02107331711
i:400	112384.9601716541
i:450	111919.14303445946
i:500	111907.64479205367
i:550	111907.64479205367
i:600	111372.03804529182
i:650	110867.0869281673
best: 110867.0869281673
routes: [0, 61, 63, 64, 69, 70, 67, 68, 66, 65, 62, 0, 88, 87, 85, 82, 81, 83, 84, 86, 89, 90, 0, 4, 10, 7, 9, 8, 2, 1, 3, 5, 6, 0, 21, 22, 23, 26, 25, 27, 29, 30, 28, 24, 0, 43, 48, 45, 47, 49, 50, 46, 44, 41, 42, 0, 80, 79, 78, 75, 73, 72, 71, 74, 77, 76, 58, 60, 59, 57, 55, 56, 54, 53, 51, 52, 0, 91, 92, 93, 94, 95, 96, 97, 98, 99, 100, 31, 33, 34, 32, 37, 36, 35, 40, 39, 38, 0, 13, 11, 12, 14, 15, 17, 19, 20, 18, 16, 0]
Elapsed time: 345.07754588127136

i:0	157597.45374112282
i:50	118548.89417299091
i:100	115993.54678522564
i:150	115215.70613673932
i:200	113576.3384987977
i:250	113534.38370499684
i:300	113134.1795059171
i:350	113134.1795059171
i:400	113004.3837213467
i:450	113004.3837213467
i:500	112500.24744140045
i:550	112283.77295551357
i:600	112283.77295551357
i:650	112283.77295551357
best: 112283.77295551356
routes: [0, 90, 84, 86, 89, 85, 83, 81, 82, 87, 88, 0, 21, 23, 22, 25, 29, 27, 30, 28, 26, 24, 0, 69, 70, 68, 61, 62, 63, 64, 65, 67, 66, 0, 79, 80, 71, 72, 73, 75, 78, 77, 74, 76, 58, 54, 55, 57, 59, 60, 56, 53, 51, 52, 0, 91, 92, 93, 94, 95, 97, 98, 99, 100, 96, 0, 43, 45, 42, 41, 44, 46, 49, 47, 50, 48, 0, 1, 3, 5, 6, 2, 8, 7, 9, 10, 4, 0, 11, 12, 13, 15, 14, 18, 17, 19, 20, 16, 35, 36, 37, 40, 39, 38, 31, 34, 33, 32, 0]
Elapsed time: 340.7907133102417

i:0	157170.7301822687
i:50	119961.69900841496
i:100	118163.50259057622
i:150	116317.69714485948
i:200	115587.99536878619
i:250	114309.63250379056
i:300	114309.63250379056
i:350	113813.21315675002
i:400	113168.89021664349
i:450	113168.89021664349
i:500	113168.89021664349
i:550	112933.33282413433
i:600	112648.75081308314
i:650	112573.07111453338
best: 112253.90854122487
routes: [0, 69, 70, 63, 62, 61, 64, 65, 68, 67, 66, 0, 4, 1, 3, 5, 6, 10, 7, 9, 8, 2, 0, 21, 23, 22, 25, 27, 29, 30, 28, 26, 24, 0, 90, 88, 87, 81, 82, 83, 85, 86, 89, 84, 0, 51, 52, 53, 55, 54, 57, 56, 59, 60, 58, 77, 76, 71, 72, 73, 75, 78, 74, 79, 80, 0, 33, 38, 39, 40, 35, 36, 37, 32, 34, 31, 100, 96, 97, 99, 98, 94, 95, 93, 91, 92, 0, 41, 44, 46, 49, 50, 47, 48, 45, 42, 43, 0, 13, 11, 12, 15, 18, 14, 17, 19, 20, 16, 0]
Elapsed time: 341.9394953250885

i:0	155908.7650416926
i:50	117452.88691698745
i:100	115849.16070946534
i:150	114027.67291907105
i:200	113493.74229712697
i:250	113001.41909248392
i:300	112987.26343361748
i:350	112987.26343361748
i:400	112926.67196885873
i:450	112475.55231576067
i:500	112217.09058437178
i:550	112062.94600837298
i:600	111719.01740334794
i:650	111719.01740334794
best: 111139.12600007656
routes: [0, 1, 3, 2, 8, 9, 7, 10, 5, 6, 4, 0, 43, 45, 47, 48, 46, 49, 50, 44, 41, 42, 0, 61, 62, 65, 64, 63, 68, 67, 66, 69, 70, 0, 21, 23, 22, 25, 29, 30, 28, 27, 26, 24, 0, 89, 88, 85, 87, 81, 82, 83, 84, 86, 90, 0, 74, 71, 72, 73, 75, 78, 77, 76, 79, 80, 58, 56, 55, 57, 59, 60, 53, 51, 52, 54, 0, 92, 91, 93, 94, 95, 96, 97, 98, 99, 100, 31, 37, 36, 35, 40, 39, 38, 32, 33, 34, 0, 11, 14, 17, 19, 20, 16, 13, 15, 18, 12, 0]
Elapsed time: 342.43127727508545

i:0	156181.31399731978
i:50	118663.95690219915
i:100	116211.39905834393
i:150	114199.04858549041
i:200	113273.44027181155
i:250	112419.34253076327
i:300	112311.73898418748
i:350	112120.68922219111
i:400	111956.64992370886
i:450	111615.39975200775
i:500	110275.9028222728
i:550	107996.91948489555
i:600	107693.68970114792
i:650	107693.68970114792
best: 107494.49411880784
routes: [0, 91, 92, 93, 94, 95, 97, 98, 96, 99, 100, 31, 33, 32, 37, 36, 35, 40, 39, 38, 34, 0, 43, 48, 47, 45, 42, 41, 44, 46, 49, 50, 0, 21, 23, 22, 25, 27, 29, 30, 28, 26, 24, 0, 61, 62, 63, 64, 65, 69, 70, 66, 67, 68, 0, 11, 13, 12, 14, 15, 18, 17, 19, 20, 16, 0, 84, 86, 85, 83, 82, 81, 87, 88, 89, 90, 0, 4, 5, 10, 9, 7, 8, 6, 3, 2, 1, 0, 80, 78, 75, 73, 72, 71, 74, 77, 76, 79, 58, 53, 51, 52, 56, 59, 60, 57, 55, 54, 0]
Elapsed time: 333.6883020401001

mean: 109811.69810660483
std: 1934.213060380238
mean-time: 340.9537582397461
std-time: 4.022690022805565