i:0	146043.9920720916
i:50	101719.25255537481
i:100	99101.05124267197
i:150	97732.39839216543
i:200	96442.55930198333
i:250	96043.83859486008
i:300	95601.17818738171
i:350	93742.62906302704
i:400	91623.81489743064
i:450	90784.94399299296
i:500	90382.77689696517
i:550	90370.14354618854
i:600	90272.60173520507
i:650	90158.66323660398
best: 89930.85396953097
routes: [0, 51, 52, 53, 56, 54, 55, 57, 59, 60, 58, 76, 74, 71, 72, 73, 75, 78, 77, 79, 80, 8, 7, 9, 10, 5, 6, 2, 1, 3, 4, 0, 92, 91, 93, 94, 95, 96, 97, 100, 99, 98, 69, 70, 67, 68, 66, 65, 62, 61, 63, 64, 0, 90, 86, 84, 83, 82, 81, 85, 89, 88, 87, 41, 43, 42, 44, 45, 47, 46, 49, 50, 48, 0, 31, 34, 33, 38, 39, 40, 36, 35, 37, 32, 30, 28, 27, 29, 25, 26, 24, 21, 23, 22, 20, 19, 17, 18, 15, 14, 12, 11, 13, 16, 0]
Elapsed time: 359.9845688343048

i:0	146881.67033491938
i:50	109664.10164915807
i:100	103424.24065144322
i:150	97423.32771103259
i:200	95129.32305633677
i:250	95100.88542954065
i:300	94681.35196754169
i:350	94420.43982401605
i:400	94276.87319312038
i:450	94146.32541121198
i:500	93865.48985331363
i:550	93468.96034469042
i:600	92972.8446747525
i:650	92969.56682454277
best: 92918.8387526522
routes: [0, 54, 52, 51, 53, 55, 56, 57, 60, 59, 58, 79, 80, 77, 74, 72, 71, 73, 75, 78, 76, 0, 93, 92, 91, 95, 94, 96, 99, 97, 100, 98, 69, 70, 67, 68, 66, 65, 64, 63, 61, 62, 0, 43, 45, 47, 49, 50, 48, 46, 44, 42, 41, 89, 85, 88, 87, 81, 82, 83, 84, 86, 90, 9, 8, 7, 10, 5, 6, 1, 2, 3, 4, 0, 11, 12, 14, 17, 19, 20, 18, 15, 13, 16, 22, 23, 21, 24, 26, 25, 27, 29, 30, 28, 32, 33, 34, 37, 36, 35, 40, 39, 38, 31, 0]
Elapsed time: 359.4590220451355

i:0	145632.89181572132
i:50	113222.24027802027
i:100	99641.4969198384
i:150	97039.37366275692
i:200	96458.83174573876
i:250	95206.11699869101
i:300	93442.71482627266
i:350	92723.02329254748
i:400	91955.29184465362
i:450	91853.02542374037
i:500	91383.5386244963
i:550	91068.3570862371
i:600	90175.9404772863
i:650	89718.04809413366
best: 89594.02875425768
routes: [0, 91, 92, 93, 94, 95, 96, 99, 100, 97, 98, 61, 62, 63, 64, 65, 66, 67, 68, 69, 70, 0, 89, 90, 88, 87, 81, 82, 83, 85, 86, 84, 54, 55, 52, 51, 53, 56, 57, 59, 60, 58, 76, 74, 71, 72, 73, 75, 78, 77, 79, 80, 0, 4, 1, 2, 3, 6, 5, 10, 7, 8, 9, 43, 48, 47, 45, 42, 41, 44, 46, 49, 50, 11, 13, 12, 14, 15, 17, 19, 20, 18, 16, 0, 31, 34, 33, 32, 38, 39, 40, 37, 35, 36, 30, 28, 27, 29, 25, 26, 24, 21, 23, 22, 0]
Elapsed time: 362.1551294326782

i:0	140793.63480455504
i:50	109518.13749361961
i:100	100395.17523607338
i:150	97523.4125388768
i:200	96796.3543039321
i:250	96119.54707878726
i:300	95884.08809455836
i:350	95148.9510984417
i:400	95137.21494580271
i:450	94653.10375257499
i:500	94487.74198265553
i:550	94352.76242816275
i:600	94352.76242816275
i:650	94352.76242816275
best: 94200.23374138927
routes: [0, 91, 92, 93, 95, 94, 97, 99, 100, 98, 96, 61, 64, 62, 63, 65, 68, 67, 69, 70, 66, 0, 54, 55, 56, 52, 53, 51, 57, 59, 60, 58, 76, 77, 74, 71, 72, 73, 75, 78, 79, 80, 0, 90, 86, 89, 84, 83, 82, 81, 85, 87, 88, 41, 42, 43, 48, 47, 45, 44, 46, 49, 50, 17, 19, 20, 18, 14, 12, 11, 13, 15, 16, 0, 31, 38, 37, 36, 35, 40, 39, 34, 33, 32, 21, 23, 22, 25, 27, 29, 30, 28, 26, 24, 3, 6, 5, 10, 9, 7, 8, 2, 1, 4, 0]
Elapsed time: 318.09648060798645

i:0	146954.99175448006
i:50	106162.72052626094
i:100	95488.82790652396
i:150	94332.05580242349
i:200	93778.10102037602
i:250	93084.9076412275
i:300	92164.21965438165
i:350	92147.38491961127
i:400	91658.38492992548
i:450	91601.36720279665
i:500	91601.36720279665
i:550	91530.85708716486
i:600	91463.75674666974
i:650	91277.1058431254
best: 91277.1058431254
routes: [0, 91, 92, 93, 94, 95, 96, 99, 100, 97, 98, 61, 62, 63, 64, 65, 66, 67, 68, 69, 70, 0, 76, 77, 74, 71, 72, 73, 75, 78, 80, 79, 58, 60, 59, 57, 54, 55, 56, 53, 51, 52, 0, 31, 34, 33, 39, 40, 36, 35, 37, 38, 32, 24, 28, 30, 29, 27, 25, 26, 21, 23, 22, 20, 19, 17, 18, 15, 14, 12, 11, 13, 16, 0, 43, 44, 46, 49, 50, 48, 47, 45, 42, 41, 88, 87, 81, 82, 83, 85, 89, 90, 86, 84, 8, 2, 1, 3, 7, 9, 10, 5, 6, 4, 0]
Elapsed time: 332.571768283844

i:0	142308.7751758845
i:50	111378.21881384563
i:100	109674.04961109794
i:150	102537.09846873343
i:200	98376.44542369997
i:250	98270.83348761786
i:300	97541.24439437976
i:350	97357.20873984812
i:400	97130.44629488332
i:450	96480.2803775932
i:500	96280.70158550185
i:550	96279.3079563275
i:600	96237.67782819006
i:650	95837.29630951979
best: 95512.45612648004
routes: [0, 76, 71, 72, 73, 75, 78, 74, 77, 79, 80, 58, 60, 59, 57, 54, 55, 56, 53, 51, 52, 0, 64, 65, 66, 69, 70, 67, 68, 63, 62, 61, 95, 97, 99, 100, 98, 96, 94, 93, 91, 92, 0, 11, 20, 18, 15, 12, 14, 13, 16, 17, 19, 22, 23, 21, 24, 26, 25, 29, 27, 28, 30, 35, 36, 37, 40, 39, 38, 31, 34, 33, 32, 0, 4, 1, 2, 3, 6, 5, 10, 7, 8, 9, 89, 90, 86, 84, 83, 85, 82, 81, 87, 88, 41, 42, 43, 45, 44, 46, 49, 50, 47, 48, 0]
Elapsed time: 354.179158449173

i:0	148424.8889757265
i:50	109842.6434299329
i:100	100409.36795198033
i:150	98392.20080445166
i:200	96652.30621596915
i:250	95941.87671949361
i:300	94736.68950689865
i:350	94529.49417140236
i:400	94508.51069793844
i:450	94264.76814326533
i:500	94181.95139143328
i:550	94181.95139143328
i:600	93672.86098414466
i:650	93272.93046423841
best: 93272.93046423841
routes: [0, 76, 77, 74, 71, 72, 73, 75, 78, 80, 79, 58, 60, 59, 55, 56, 53, 51, 52, 57, 54, 0, 93, 94, 95, 97, 99, 100, 98, 96, 91, 92, 62, 61, 63, 64, 65, 68, 66, 67, 69, 70, 0, 43, 42, 45, 48, 47, 49, 50, 46, 44, 41, 89, 84, 83, 82, 81, 87, 88, 85, 86, 90, 9, 10, 7, 8, 2, 1, 3, 6, 5, 4, 0, 13, 11, 12, 14, 15, 17, 19, 20, 18, 16, 29, 30, 28, 27, 26, 25, 22, 23, 21, 24, 33, 32, 37, 36, 35, 40, 39, 38, 31, 34, 0]
Elapsed time: 338.18691873550415

i:0	151766.88830382656
i:50	105033.24375794418
i:100	103626.87790271794
i:150	101582.63668624657
i:200	99285.58451225479
i:250	99285.58451225479
i:300	99285.58451225479
i:350	93268.10133221562
i:400	90989.85642232695
i:450	89371.87871941656
i:500	88642.74668341683
i:550	88562.480784126
i:600	88467.58234908756
i:650	88088.62686749682
best: 87951.09926469006
routes: [0, 51, 52, 53, 56, 54, 55, 57, 59, 60, 58, 76, 74, 71, 72, 73, 75, 78, 77, 79, 80, 2, 1, 3, 8, 9, 7, 10, 6, 5, 4, 0, 96, 99, 100, 97, 98, 95, 94, 93, 91, 92, 61, 62, 63, 64, 65, 68, 67, 69, 70, 66, 31, 39, 38, 37, 40, 35, 36, 32, 33, 34, 0, 90, 89, 85, 86, 84, 83, 82, 81, 87, 88, 41, 44, 46, 49, 50, 47, 45, 42, 43, 48, 11, 13, 12, 14, 15, 17, 19, 20, 18, 16, 0, 21, 25, 29, 30, 28, 27, 26, 24, 23, 22, 0]
Elapsed time: 356.31476378440857

i:0	139070.0058123581
i:50	99319.19699773364
i:100	94920.33859909824
i:150	93241.14948952053
i:200	91451.3656320274
i:250	89593.87324646817
i:300	89003.47854154414
i:350	88947.03912008437
i:400	88703.56121083093
i:450	88527.64562860384
i:500	88446.61475643722
i:550	88433.61240045069
i:600	88403.43766922344
i:650	88403.43766922344
best: 88403.43766922344
routes: [0, 96, 99, 100, 97, 98, 95, 94, 93, 91, 92, 62, 61, 63, 64, 65, 67, 68, 66, 69, 70, 31, 39, 40, 35, 36, 37, 38, 34, 33, 32, 0, 4, 5, 6, 10, 9, 7, 8, 3, 1, 2, 80, 79, 77, 74, 71, 72, 73, 75, 78, 76, 58, 59, 60, 56, 57, 55, 54, 53, 51, 52, 0, 90, 86, 84, 83, 85, 82, 81, 87, 89, 88, 41, 42, 43, 45, 47, 44, 46, 49, 50, 48, 11, 13, 12, 14, 15, 18, 17, 19, 20, 16, 0, 21, 25, 27, 29, 30, 28, 26, 24, 23, 22, 0]
Elapsed time: 311.98677706718445

i:0	140814.4795268463
i:50	105853.78619096942
i:100	105853.78619096942
i:150	105853.78619096942
i:200	105853.78619096942
i:250	105439.64931170855
i:300	105322.95074405003
i:350	102698.23400121092
i:400	102698.23400121092
i:450	97123.57875095536
i:500	96153.81626316995
i:550	95230.97353906682
i:600	95093.74789515499
i:650	94657.55075100966
best: 94290.52885359249
routes: [0, 96, 97, 99, 100, 98, 95, 94, 93, 91, 92, 69, 70, 67, 68, 64, 62, 61, 63, 65, 66, 0, 54, 53, 52, 51, 57, 55, 56, 59, 60, 58, 79, 80, 76, 77, 74, 71, 72, 73, 75, 78, 0, 4, 6, 3, 1, 2, 8, 7, 5, 10, 9, 86, 89, 90, 84, 83, 82, 81, 85, 87, 88, 41, 43, 42, 44, 46, 49, 50, 47, 45, 48, 0, 31, 38, 37, 36, 35, 40, 39, 34, 33, 32, 24, 21, 23, 25, 27, 29, 30, 28, 26, 22, 16, 20, 19, 17, 14, 12, 11, 13, 15, 18, 0]
Elapsed time: 372.36953568458557

mean: 91735.15134391798
std: 2531.9866539252193
mean-time: 346.5304122924805
std-time: 19.184371364657824