i:0	81207.32734014132
i:50	61212.52106978293
i:100	60926.17220840497
i:150	60926.17220840497
i:200	60926.17220840497
i:250	60926.17220840497
i:300	60926.17220840497
i:350	60926.17220840497
i:400	60926.17220840497
i:450	60926.17220840497
i:500	60926.17220840497
i:550	60926.17220840497
i:600	60926.17220840497
i:650	60926.17220840497
best: 60926.17220840497
routes: [0, 11, 14, 13, 15, 12, 20, 18, 17, 19, 16, 49, 50, 48, 47, 46, 31, 32, 35, 33, 34, 0, 6, 10, 8, 7, 9, 23, 25, 22, 24, 21, 41, 42, 45, 43, 44, 39, 40, 38, 37, 36, 29, 30, 28, 27, 26, 0, 4, 5, 3, 1, 2, 0]
Elapsed time: 57.380213499069214

i:0	82478.43045125433
i:50	59930.045945100734
i:100	59541.67599600241
i:150	59541.67599600241
i:200	59541.67599600241
i:250	59541.67599600241
i:300	59541.67599600241
i:350	59541.67599600241
i:400	59541.67599600241
i:450	59541.67599600241
i:500	59541.67599600241
i:550	59541.67599600241
i:600	59541.67599600241
i:650	59541.67599600241
best: 59541.67599600241
routes: [0, 49, 50, 48, 47, 46, 33, 34, 35, 32, 31, 40, 38, 37, 39, 36, 29, 30, 28, 27, 26, 1, 2, 5, 3, 4, 0, 44, 43, 45, 42, 41, 21, 24, 23, 25, 22, 6, 8, 7, 9, 10, 12, 11, 14, 13, 15, 20, 18, 17, 19, 16, 0]
Elapsed time: 55.45867371559143

i:0	81767.42230620075
i:50	60064.58161656337
i:100	59541.67599600241
i:150	59541.67599600241
i:200	59541.67599600241
i:250	59541.67599600241
i:300	59541.67599600241
i:350	59541.67599600241
i:400	59541.67599600241
i:450	59541.67599600241
i:500	59541.67599600241
i:550	59541.67599600241
i:600	59541.67599600241
i:650	59541.67599600241
best: 59541.67599600241
routes: [0, 49, 50, 48, 47, 46, 33, 34, 35, 32, 31, 40, 38, 37, 39, 36, 29, 30, 28, 27, 26, 1, 2, 5, 3, 4, 0, 44, 43, 45, 42, 41, 21, 24, 23, 25, 22, 6, 8, 7, 9, 10, 12, 11, 14, 13, 15, 20, 18, 17, 19, 16, 0]
Elapsed time: 48.07802963256836

i:0	84291.57111426818
i:50	58550.38234547674
i:100	58550.38234547674
i:150	58550.38234547674
i:200	58550.38234547674
i:250	58541.737781532174
i:300	58541.737781532174
i:350	58541.737781532174
i:400	58541.737781532174
i:450	58541.737781532174
i:500	58541.737781532174
i:550	58541.737781532174
i:600	58541.737781532174
i:650	58541.737781532174
best: 58541.737781532174
routes: [0, 26, 28, 27, 29, 30, 39, 36, 38, 37, 40, 33, 34, 35, 32, 31, 50, 49, 48, 47, 46, 0, 16, 18, 17, 19, 20, 15, 13, 14, 11, 12, 8, 7, 9, 10, 6, 23, 25, 22, 24, 21, 41, 42, 45, 43, 44, 5, 3, 2, 1, 4, 0]
Elapsed time: 51.65879678726196

i:0	79080.69104047031
i:50	59167.73178447431
i:100	58537.56920547397
i:150	58537.56920547397
i:200	58537.56920547397
i:250	58537.56920547397
i:300	58528.924641529404
i:350	58528.924641529404
i:400	58528.924641529404
i:450	58528.924641529404
i:500	58528.924641529404
i:550	58528.924641529404
i:600	58528.924641529404
i:650	58528.924641529404
best: 58528.924641529404
routes: [0, 26, 28, 27, 29, 30, 39, 36, 38, 37, 40, 33, 34, 35, 32, 31, 50, 49, 48, 47, 46, 0, 16, 20, 17, 19, 18, 11, 14, 13, 15, 12, 8, 7, 9, 10, 6, 23, 25, 22, 24, 21, 41, 42, 45, 43, 44, 5, 3, 2, 1, 4, 0]
Elapsed time: 49.55316090583801

i:0	83839.4416269001
i:50	61989.016488051064
i:100	61268.25650935236
i:150	61268.25650935236
i:200	61268.25650935236
i:250	61268.25650935236
i:300	60875.690851963256
i:350	59732.77388166923
i:400	59732.77388166923
i:450	59732.77388166923
i:500	59732.77388166923
i:550	59732.77388166923
i:600	59732.77388166923
i:650	59732.77388166923
best: 59732.77388166923
routes: [0, 4, 5, 3, 1, 2, 26, 28, 27, 29, 30, 39, 36, 38, 37, 40, 31, 32, 34, 35, 33, 50, 49, 48, 47, 46, 0, 16, 18, 17, 19, 20, 11, 14, 13, 15, 12, 8, 10, 9, 7, 6, 23, 22, 24, 25, 21, 41, 42, 45, 43, 44, 0]
Elapsed time: 117.59435534477234

i:0	81410.43721920146
i:50	59541.67599600241
i:100	59541.67599600241
i:150	59541.67599600241
i:200	59541.67599600241
i:250	59541.67599600241
i:300	59541.67599600241
i:350	59541.67599600241
i:400	59541.67599600241
i:450	59541.67599600241
i:500	59541.67599600241
i:550	59541.67599600241
i:600	59541.67599600241
i:650	59541.67599600241
best: 59541.67599600241
routes: [0, 49, 50, 48, 47, 46, 33, 34, 35, 32, 31, 40, 38, 37, 39, 36, 29, 30, 28, 27, 26, 1, 2, 5, 3, 4, 0, 44, 43, 45, 42, 41, 21, 24, 23, 25, 22, 6, 8, 7, 9, 10, 12, 11, 14, 13, 15, 20, 18, 17, 19, 16, 0]
Elapsed time: 48.33367919921875

i:0	82890.43256664448
i:50	61127.44619503429
i:100	61127.44619503429
i:150	61127.44619503429
i:200	61127.44619503429
i:250	61127.44619503429
i:300	61127.44619503429
i:350	59074.707723931584
i:400	58528.924641529404
i:450	58528.924641529404
i:500	58528.924641529404
i:550	58528.924641529404
i:600	58528.924641529404
i:650	58528.924641529404
best: 58528.924641529404
routes: [0, 26, 28, 27, 29, 30, 39, 36, 38, 37, 40, 33, 34, 35, 32, 31, 50, 49, 48, 47, 46, 0, 16, 20, 17, 19, 18, 11, 14, 13, 15, 12, 8, 7, 9, 10, 6, 23, 25, 22, 24, 21, 41, 42, 45, 43, 44, 5, 3, 2, 1, 4, 0]
Elapsed time: 84.59549570083618

i:0	80452.64913723213
i:50	62031.87634192981
i:100	62031.87634192981
i:150	61969.213243818944
i:200	61969.213243818944
i:250	61969.213243818944
i:300	61969.213243818944
i:350	61710.78087909678
i:400	61710.78087909678
i:450	61710.78087909678
i:500	61710.78087909678
i:550	61710.78087909678
i:600	61710.78087909678
i:650	61710.78087909678
best: 61710.78087909678
routes: [0, 29, 30, 27, 26, 28, 39, 36, 38, 37, 40, 32, 31, 34, 35, 33, 50, 49, 48, 47, 46, 0, 11, 14, 13, 15, 12, 8, 7, 9, 10, 6, 23, 25, 22, 24, 21, 41, 42, 45, 43, 44, 5, 3, 2, 1, 4, 0, 18, 17, 20, 19, 16, 0]
Elapsed time: 46.57714891433716

i:0	83395.55527926233
i:50	58173.611438460764
i:100	58173.611438460764
i:150	58173.611438460764
i:200	58173.611438460764
i:250	58173.611438460764
i:300	58173.611438460764
i:350	58173.611438460764
i:400	58173.611438460764
i:450	58173.611438460764
i:500	58173.611438460764
i:550	58173.611438460764
i:600	58173.611438460764
i:650	58173.611438460764
best: 58173.611438460764
routes: [0, 49, 50, 48, 47, 46, 33, 34, 35, 32, 31, 40, 38, 37, 39, 36, 29, 30, 28, 27, 26, 0, 16, 20, 17, 19, 18, 11, 14, 13, 15, 12, 8, 7, 9, 10, 6, 23, 25, 22, 24, 21, 41, 42, 45, 43, 44, 5, 3, 2, 1, 4, 0]
Elapsed time: 53.03902506828308

mean: 59476.795346023006
std: 1074.200951816887
mean-time: 61.22685787677765
std-time: 21.494324691451922