i:0	67302.4679542855
i:50	50450.01119919814
i:100	49612.87683952709
i:150	49546.51431905185
i:200	49271.54005186957
i:250	48163.02413408244
i:300	46900.263011208306
i:350	46603.46985162011
i:400	46603.46985162011
i:450	46603.46985162011
i:500	46603.46985162011
i:550	46603.46985162011
i:600	46603.46985162011
i:650	46603.46985162011
best: 46603.46985162011
routes: [0, 4, 3, 1, 2, 8, 6, 5, 10, 7, 9, 49, 50, 44, 46, 45, 43, 42, 41, 47, 48, 21, 22, 23, 25, 24, 26, 29, 30, 27, 28, 0, 11, 13, 12, 16, 15, 17, 19, 20, 18, 14, 39, 40, 36, 37, 38, 35, 34, 33, 31, 32, 0]
Elapsed time: 180.08839654922485

i:0	64729.603424968795
i:50	48933.970792619424
i:100	48169.2852570322
i:150	47087.60718868954
i:200	47050.9442785187
i:250	46660.16726025262
i:300	46530.548469203815
i:350	46530.548469203815
i:400	46484.868503544334
i:450	46484.868503544334
i:500	46484.868503544334
i:550	46484.868503544334
i:600	46484.868503544334
i:650	46484.868503544334
best: 46484.868503544334
routes: [0, 23, 24, 26, 29, 30, 28, 27, 25, 22, 21, 48, 47, 41, 42, 43, 45, 46, 49, 50, 44, 8, 7, 9, 10, 6, 2, 1, 3, 5, 4, 0, 11, 13, 12, 16, 15, 17, 19, 20, 18, 14, 39, 40, 36, 37, 38, 35, 34, 33, 31, 32, 0]
Elapsed time: 165.74070978164673

i:0	64344.8035550355
i:50	50331.96131207896
i:100	48221.458150582686
i:150	48141.0473149511
i:200	47800.77940057677
i:250	47092.273494745015
i:300	46987.89440432006
i:350	46987.89440432006
i:400	46987.89440432006
i:450	46987.89440432006
i:500	46987.89440432006
i:550	46987.89440432006
i:600	46987.89440432006
i:650	46987.89440432006
best: 46987.89440432006
routes: [0, 4, 1, 2, 3, 6, 5, 10, 7, 8, 9, 50, 44, 43, 42, 41, 47, 45, 46, 49, 48, 21, 22, 23, 25, 24, 26, 29, 30, 27, 28, 0, 11, 13, 12, 15, 17, 19, 20, 18, 16, 14, 39, 40, 37, 38, 36, 35, 34, 33, 31, 32, 0]
Elapsed time: 173.83964276313782

i:0	64755.84527219864
i:50	49828.284950680754
i:100	49115.81754234008
i:150	48898.64635702719
i:200	48549.544256941444
i:250	47665.25451291926
i:300	47622.62808103164
i:350	47622.62808103164
i:400	47241.0277708433
i:450	46978.45667591844
i:500	46978.45667591844
i:550	46391.611459527514
i:600	46386.63293259297
i:650	46386.63293259297
best: 46386.63293259297
routes: [0, 23, 24, 26, 29, 30, 28, 27, 25, 22, 21, 48, 47, 41, 42, 45, 43, 44, 46, 49, 50, 9, 10, 5, 6, 7, 8, 2, 1, 3, 4, 0, 12, 13, 15, 17, 19, 20, 18, 16, 14, 11, 39, 40, 36, 37, 38, 35, 34, 33, 31, 32, 0]
Elapsed time: 200.52026224136353

i:0	63904.50721149302
i:50	49311.64833189275
i:100	46947.62243962931
i:150	46504.905256441445
i:200	46449.516765238164
i:250	46258.90370405439
i:300	46258.90370405439
i:350	46258.90370405439
i:400	46258.90370405439
i:450	46258.90370405439
i:500	46258.90370405439
i:550	46258.90370405439
i:600	46258.90370405439
i:650	46258.90370405439
best: 46258.90370405439
routes: [0, 12, 13, 15, 17, 19, 20, 18, 16, 14, 11, 39, 40, 36, 37, 38, 35, 34, 33, 31, 32, 0, 23, 22, 25, 27, 29, 30, 28, 26, 24, 21, 48, 47, 41, 42, 45, 43, 44, 46, 49, 50, 8, 7, 9, 10, 5, 6, 2, 1, 3, 4, 0]
Elapsed time: 149.95919609069824

i:0	61736.091973228904
i:50	52164.55990344213
i:100	49909.61769510802
i:150	49100.98312203222
i:200	48463.97499027266
i:250	47257.54300967136
i:300	47198.30266827987
i:350	46970.96944344585
i:400	46898.860414905816
i:450	46898.860414905816
i:500	46862.922021474
i:550	46683.625258240594
i:600	46622.30532695577
i:650	46431.12250071854
best: 46431.12250071854
routes: [0, 4, 3, 1, 2, 8, 6, 5, 10, 7, 9, 50, 46, 49, 44, 43, 45, 42, 41, 47, 48, 21, 22, 23, 25, 24, 26, 29, 30, 27, 28, 0, 11, 13, 12, 15, 17, 19, 20, 18, 16, 14, 39, 40, 36, 37, 38, 35, 34, 33, 31, 32, 0]
Elapsed time: 204.59770107269287

i:0	66841.1993074297
i:50	51663.282818362306
i:100	47730.71220960614
i:150	47337.134243800894
i:200	47337.134243800894
i:250	47160.60770951676
i:300	47160.60770951676
i:350	47160.60770951676
i:400	47160.60770951676
i:450	47140.1199570607
i:500	47097.44829558893
i:550	47097.44829558893
i:600	47097.44829558893
i:650	47097.44829558893
best: 47097.44829558893
routes: [0, 4, 1, 2, 3, 6, 5, 10, 7, 8, 9, 50, 46, 49, 44, 43, 45, 42, 41, 47, 48, 21, 24, 26, 29, 30, 28, 27, 25, 23, 22, 0, 12, 15, 17, 19, 20, 18, 16, 14, 13, 11, 39, 40, 36, 37, 38, 35, 34, 33, 31, 32, 0]
Elapsed time: 165.909903049469

i:0	65333.52991531994
i:50	50382.68571058447
i:100	50044.83702016759
i:150	49882.87060932963
i:200	49690.45363752927
i:250	49690.45363752927
i:300	49690.45363752927
i:350	49690.45363752927
i:400	49690.45363752927
i:450	49293.32379158539
i:500	49208.82206708918
i:550	48997.53151020264
i:600	48882.772061475735
i:650	48581.101560109724
best: 48581.101560109724
routes: [0, 11, 13, 12, 15, 16, 17, 19, 20, 18, 14, 31, 32, 33, 34, 35, 38, 37, 36, 39, 40, 0, 4, 1, 3, 7, 2, 5, 8, 6, 10, 9, 50, 44, 46, 49, 45, 43, 42, 41, 47, 48, 21, 23, 22, 25, 24, 26, 29, 30, 27, 28, 0]
Elapsed time: 175.32307696342468

i:0	64848.639183312975
i:50	51032.515284946516
i:100	50509.18880510053
i:150	50193.90735130762
i:200	49511.48648775343
i:250	48976.394168085564
i:300	48971.39217498689
i:350	48971.39217498689
i:400	48928.72051351512
i:450	48928.72051351512
i:500	48737.537687277894
i:550	48528.20921579348
i:600	47975.26352684994
i:650	47741.03084626513
best: 47730.24560147752
routes: [0, 4, 1, 2, 3, 6, 5, 10, 7, 8, 9, 50, 46, 49, 44, 43, 45, 42, 41, 47, 48, 21, 24, 26, 29, 30, 28, 27, 25, 23, 22, 0, 11, 12, 13, 15, 17, 19, 20, 18, 16, 14, 31, 32, 33, 34, 35, 38, 36, 37, 39, 40, 0]
Elapsed time: 197.42520952224731

i:0	68049.13026305125
i:50	48996.900165927465
i:100	47887.517752104395
i:150	46773.84245773719
i:200	46443.97073983619
i:250	46272.54759035673
i:300	46272.54759035673
i:350	46272.54759035673
i:400	46272.54759035673
i:450	46272.54759035673
i:500	46097.248833648424
i:550	46097.248833648424
i:600	46097.248833648424
i:650	46097.248833648424
best: 46097.248833648424
routes: [0, 23, 24, 26, 29, 30, 28, 27, 25, 22, 21, 48, 47, 41, 42, 43, 45, 46, 49, 50, 44, 9, 10, 7, 8, 2, 1, 3, 6, 5, 4, 0, 11, 13, 12, 15, 17, 19, 20, 18, 16, 14, 39, 40, 36, 37, 38, 35, 34, 33, 31, 32, 0]
Elapsed time: 175.02259731292725

mean: 46865.8936187675
std: 731.4067990347337
mean-time: 178.84266953468324
std-time: 16.447753342962415