i:0	62783.6922633286
i:50	52403.23868391243
i:100	51915.04393894141
i:150	51628.87476151778
i:200	50200.22385867589
i:250	50121.50300864478
i:300	49795.16225145066
i:350	49771.516188989575
i:400	49771.516188989575
i:450	49771.516188989575
i:500	49771.516188989575
i:550	49771.516188989575
i:600	49771.516188989575
i:650	49771.516188989575
best: 49688.13533612794
routes: [0, 11, 13, 12, 15, 17, 19, 20, 18, 16, 14, 39, 40, 36, 37, 38, 35, 34, 33, 31, 32, 0, 23, 24, 26, 29, 30, 28, 27, 25, 22, 21, 48, 47, 41, 42, 43, 45, 46, 50, 49, 44, 0, 3, 6, 5, 10, 9, 7, 8, 2, 1, 4, 0]
Elapsed time: 166.10859394073486

i:0	65936.53592040099
i:50	52168.26572105552
i:100	52124.30117609646
i:150	51627.31852339284
i:200	50817.483781973206
i:250	50772.20801216242
i:300	50726.528046502935
i:350	50521.83074366653
i:400	50465.92861869554
i:450	50259.854667655076
i:500	50056.85758151492
i:550	50056.85758151492
i:600	50056.85758151492
i:650	50056.85758151492
best: 50056.85758151492
routes: [0, 4, 5, 6, 10, 7, 9, 8, 2, 3, 1, 31, 32, 33, 34, 35, 36, 37, 38, 39, 40, 0, 23, 22, 25, 27, 29, 30, 28, 26, 24, 21, 48, 47, 41, 42, 43, 45, 46, 49, 50, 44, 0, 11, 13, 15, 17, 19, 20, 18, 16, 14, 12, 0]
Elapsed time: 167.29841542243958

i:0	68468.85077695617
i:50	51667.85337688151
i:100	50711.669497930634
i:150	50152.25003519021
i:200	49949.252949050046
i:250	49594.54930950616
i:300	49594.54930950616
i:350	49594.54930950616
i:400	49594.54930950616
i:450	49594.54930950616
i:500	49580.706338745906
i:550	49580.706338745906
i:600	49529.49630510429
i:650	49302.163080270264
best: 49302.163080270264
routes: [0, 23, 22, 25, 27, 29, 30, 28, 26, 24, 21, 48, 47, 41, 42, 43, 45, 49, 50, 46, 44, 0, 11, 13, 12, 15, 17, 19, 20, 18, 16, 14, 39, 40, 36, 37, 38, 35, 34, 33, 31, 32, 0, 4, 1, 3, 6, 5, 10, 9, 7, 8, 2, 0]
Elapsed time: 165.61390447616577

i:0	68015.3822286978
i:50	51276.93349243471
i:100	50794.863199570966
i:150	50678.11465842939
i:200	50473.41735559298
i:250	50141.3987162289
i:300	49803.42207559596
i:350	49803.42207559596
i:400	49803.42207559596
i:450	49803.42207559596
i:500	49803.42207559596
i:550	49803.42207559596
i:600	49803.42207559596
i:650	49803.42207559596
best: 49803.42207559596
routes: [0, 23, 22, 25, 27, 29, 30, 28, 26, 24, 21, 48, 47, 41, 42, 43, 45, 46, 49, 50, 44, 0, 4, 5, 6, 10, 9, 7, 8, 2, 3, 1, 31, 32, 33, 34, 35, 37, 38, 36, 39, 40, 0, 11, 13, 12, 15, 16, 17, 19, 20, 18, 14, 0]
Elapsed time: 156.67247343063354

i:0	70781.53835200837
i:50	51797.83393433365
i:100	51412.321428565
i:150	51135.24088268549
i:200	50878.71302659646
i:250	50334.27938863338
i:300	50005.399524394685
i:350	49875.78073334586
i:400	49875.78073334586
i:450	49875.78073334586
i:500	49875.78073334586
i:550	49875.78073334586
i:600	49875.78073334586
i:650	49875.78073334586
best: 49875.78073334586
routes: [0, 23, 24, 26, 29, 30, 28, 27, 25, 22, 21, 48, 47, 41, 42, 43, 45, 46, 49, 50, 44, 0, 4, 5, 6, 10, 9, 7, 8, 2, 3, 1, 31, 32, 33, 34, 35, 37, 38, 36, 39, 40, 0, 11, 13, 15, 17, 19, 20, 18, 16, 14, 12, 0]
Elapsed time: 157.62654066085815

i:0	67512.7614659697
i:50	52600.847682805936
i:100	51486.57980081592
i:150	51055.02208889878
i:200	50847.70697208573
i:250	50408.64299337836
i:300	50223.14878285679
i:350	50223.14878285679
i:400	50223.14878285679
i:450	50223.14878285679
i:500	50223.14878285679
i:550	50223.14878285679
i:600	50223.14878285679
i:650	49986.63210216763
best: 49986.63210216763
routes: [0, 50, 46, 49, 44, 43, 45, 42, 41, 47, 48, 21, 24, 26, 29, 30, 27, 28, 23, 25, 22, 0, 11, 13, 12, 15, 17, 19, 20, 18, 16, 14, 39, 40, 36, 37, 38, 35, 34, 33, 31, 32, 0, 1, 3, 2, 8, 7, 9, 10, 5, 6, 4, 0]
Elapsed time: 154.71052956581116

i:0	65921.79996749644
i:50	50958.631408598056
i:100	50566.02295283506
i:150	50490.34644582178
i:200	49994.609330889114
i:250	49910.997807401814
i:300	49781.138012684925
i:350	49766.10594306074
i:400	49766.10594306074
i:450	49766.10594306074
i:500	49766.10594306074
i:550	49766.10594306074
i:600	49765.670952845816
i:650	49599.30547449108
best: 49599.30547449108
routes: [0, 23, 24, 26, 29, 30, 28, 27, 25, 22, 21, 48, 47, 41, 42, 43, 45, 46, 49, 50, 44, 0, 4, 3, 6, 5, 10, 9, 7, 8, 2, 1, 31, 32, 33, 34, 35, 38, 36, 37, 39, 40, 0, 11, 13, 15, 17, 19, 20, 18, 16, 14, 12, 0]
Elapsed time: 169.4310073852539

i:0	68932.97106806605
i:50	52639.74917486991
i:100	50655.0516589158
i:150	49901.436422026876
i:200	49901.436422026876
i:250	49901.436422026876
i:300	49901.436422026876
i:350	49901.436422026876
i:400	49901.436422026876
i:450	49901.436422026876
i:500	49901.436422026876
i:550	49901.436422026876
i:600	49890.40522485323
i:650	49815.49153010936
best: 49815.49153010936
routes: [0, 23, 22, 25, 27, 29, 30, 28, 26, 24, 21, 47, 48, 45, 42, 41, 43, 44, 46, 49, 50, 0, 1, 3, 4, 6, 5, 10, 9, 7, 8, 2, 31, 32, 33, 34, 35, 38, 36, 37, 39, 40, 0, 11, 13, 12, 15, 16, 17, 19, 20, 18, 14, 0]
Elapsed time: 147.18191385269165

i:0	65713.68583195229
i:50	50854.769429492626
i:100	50757.749740192536
i:150	50554.75265405237
i:200	49977.59084821487
i:250	49977.59084821487
i:300	49977.59084821487
i:350	49977.59084821487
i:400	49977.59084821487
i:450	49755.43372752246
i:500	49415.52266611011
i:550	49415.52266611011
i:600	49415.52266611011
i:650	49415.52266611011
best: 49415.52266611011
routes: [0, 23, 22, 25, 27, 29, 30, 28, 26, 24, 21, 47, 48, 45, 42, 41, 43, 44, 46, 49, 50, 0, 4, 3, 6, 5, 10, 9, 7, 8, 2, 1, 31, 32, 33, 34, 35, 38, 36, 37, 39, 40, 0, 11, 13, 12, 15, 17, 19, 20, 18, 16, 14, 0]
Elapsed time: 147.71553802490234

i:0	67785.58706916186
i:50	52702.12988326333
i:100	51876.59030844226
i:150	50430.77485176161
i:200	50406.77376564592
i:250	50406.77376564592
i:300	50406.77376564592
i:350	50406.77376564592
i:400	50406.77376564592
i:450	50377.81080064061
i:500	50242.831246147834
i:550	50242.831246147834
i:600	50242.831246147834
i:650	50242.831246147834
best: 50242.831246147834
routes: [0, 50, 44, 43, 42, 41, 45, 46, 49, 47, 48, 21, 22, 23, 25, 24, 26, 29, 30, 27, 28, 0, 4, 3, 6, 5, 10, 9, 7, 8, 2, 1, 31, 32, 33, 34, 35, 38, 36, 37, 39, 40, 0, 11, 13, 15, 17, 19, 20, 18, 16, 14, 12, 0]
Elapsed time: 156.10857605934143

mean: 49778.6141825881
std: 273.2735207825254
mean-time: 158.84674928188323
std-time: 7.568226329550884