i:0	85674.1446703961
i:50	66874.82343182409
i:100	66874.82343182409
i:150	66874.82343182409
i:200	66874.82343182409
i:250	66874.82343182409
i:300	66874.82343182409
i:350	66874.82343182409
i:400	66874.82343182409
i:450	66874.82343182409
i:500	66874.82343182409
i:550	66874.82343182409
i:600	66874.82343182409
i:650	66874.82343182409
best: 66874.82343182409
routes: [0, 4, 3, 1, 2, 5, 44, 43, 42, 45, 41, 24, 25, 23, 21, 22, 9, 10, 8, 7, 6, 0, 26, 28, 27, 29, 30, 39, 36, 38, 37, 40, 31, 32, 34, 35, 33, 50, 49, 48, 47, 46, 0, 16, 18, 17, 19, 20, 15, 13, 11, 12, 14, 0]
Elapsed time: 40.104697704315186

i:0	87678.1452469886
i:50	66119.79970226415
i:100	66119.79970226415
i:150	66119.79970226415
i:200	66119.79970226415
i:250	66119.79970226415
i:300	66119.79970226415
i:350	66119.79970226415
i:400	66119.79970226415
i:450	66119.79970226415
i:500	66119.79970226415
i:550	66119.79970226415
i:600	66119.79970226415
i:650	66119.79970226415
best: 66119.79970226415
routes: [0, 26, 28, 27, 29, 30, 39, 36, 38, 37, 40, 33, 31, 32, 34, 35, 50, 49, 48, 47, 46, 0, 4, 5, 3, 1, 2, 44, 43, 41, 42, 45, 24, 21, 22, 25, 23, 6, 8, 7, 9, 10, 0, 12, 15, 13, 14, 11, 18, 17, 20, 19, 16, 0]
Elapsed time: 36.8268666267395

i:0	85460.51813261297
i:50	67275.4935192168
i:100	67117.68287921333
i:150	67117.68287921333
i:200	67117.68287921333
i:250	67117.68287921333
i:300	67117.68287921333
i:350	67117.68287921333
i:400	67117.68287921333
i:450	67117.68287921333
i:500	67117.68287921333
i:550	67117.68287921333
i:600	67117.68287921333
i:650	67117.68287921333
best: 67117.68287921333
routes: [0, 4, 1, 2, 5, 3, 39, 36, 38, 37, 40, 32, 34, 35, 33, 31, 50, 49, 48, 47, 46, 0, 8, 7, 9, 10, 6, 24, 25, 23, 22, 21, 44, 43, 45, 41, 42, 29, 30, 28, 27, 26, 0, 14, 13, 12, 15, 11, 18, 17, 20, 19, 16, 0]
Elapsed time: 37.628761768341064

i:0	87557.99928023858
i:50	65106.22818406322
i:100	65106.22818406322
i:150	65106.22818406322
i:200	65106.22818406322
i:250	65106.22818406322
i:300	65106.22818406322
i:350	65106.22818406322
i:400	65106.22818406322
i:450	65106.22818406322
i:500	65106.22818406322
i:550	65106.22818406322
i:600	65106.22818406322
i:650	65106.22818406322
best: 65106.22818406322
routes: [0, 26, 28, 27, 29, 30, 39, 36, 38, 37, 40, 32, 34, 35, 33, 31, 50, 49, 48, 47, 46, 0, 8, 7, 9, 10, 6, 23, 22, 24, 25, 21, 43, 45, 41, 42, 44, 5, 3, 4, 1, 2, 0, 12, 15, 13, 14, 11, 18, 17, 20, 19, 16, 0]
Elapsed time: 35.60553503036499

i:0	88068.19228477331
i:50	66364.37914927045
i:100	66286.97987663375
i:150	66286.97987663375
i:200	66286.97987663375
i:250	66286.97987663375
i:300	66286.97987663375
i:350	66286.97987663375
i:400	66286.97987663375
i:450	66286.97987663375
i:500	66286.97987663375
i:550	66286.97987663375
i:600	66286.97987663375
i:650	66286.97987663375
best: 66286.97987663375
routes: [0, 49, 50, 48, 47, 46, 34, 35, 33, 32, 31, 40, 38, 37, 39, 36, 29, 30, 28, 27, 26, 0, 44, 45, 43, 42, 41, 24, 21, 22, 25, 23, 9, 10, 8, 7, 6, 5, 3, 1, 2, 4, 0, 14, 13, 12, 15, 11, 18, 17, 20, 19, 16, 0]
Elapsed time: 39.38770866394043

i:0	82704.74781393052
i:50	65483.858550877136
i:100	65483.858550877136
i:150	65483.858550877136
i:200	65483.858550877136
i:250	65483.858550877136
i:300	65483.858550877136
i:350	65483.858550877136
i:400	65483.858550877136
i:450	65483.858550877136
i:500	65483.858550877136
i:550	65483.858550877136
i:600	65483.858550877136
i:650	65483.858550877136
best: 65483.858550877136
routes: [0, 4, 5, 3, 1, 2, 44, 43, 45, 41, 42, 24, 25, 23, 21, 22, 9, 10, 8, 7, 6, 0, 49, 50, 48, 47, 46, 34, 35, 33, 32, 31, 40, 38, 37, 39, 36, 29, 30, 28, 27, 26, 0, 16, 20, 19, 18, 17, 14, 13, 12, 15, 11, 0]
Elapsed time: 45.07043671607971

i:0	87673.92582395909
i:50	66512.1377089441
i:100	66054.68643352234
i:150	66054.68643352234
i:200	66054.68643352234
i:250	66054.68643352234
i:300	66054.68643352234
i:350	66054.68643352234
i:400	66054.68643352234
i:450	66054.68643352234
i:500	66054.68643352234
i:550	66054.68643352234
i:600	66054.68643352234
i:650	66054.68643352234
best: 66054.68643352234
routes: [0, 49, 50, 48, 47, 46, 34, 35, 33, 32, 31, 40, 38, 37, 39, 36, 29, 30, 28, 27, 26, 0, 4, 3, 1, 2, 5, 44, 43, 42, 45, 41, 24, 25, 23, 21, 22, 9, 10, 8, 7, 6, 0, 12, 15, 13, 14, 11, 18, 17, 20, 19, 16, 0]
Elapsed time: 42.725213050842285

i:0	288813.58289081184
i:50	65418.46896110558
i:100	65418.46896110558
i:150	65418.46896110558
i:200	65418.46896110558
i:250	65418.46896110558
i:300	65418.46896110558
i:350	65418.46896110558
i:400	65418.46896110558
i:450	65418.46896110558
i:500	65418.46896110558
i:550	65418.46896110558
i:600	65418.46896110558
i:650	65418.46896110558
best: 65418.46896110558
routes: [0, 8, 7, 9, 10, 6, 24, 25, 23, 22, 21, 45, 43, 41, 42, 44, 3, 1, 2, 4, 5, 0, 49, 50, 48, 47, 46, 34, 35, 33, 32, 31, 40, 38, 37, 39, 36, 28, 27, 29, 30, 26, 0, 11, 12, 15, 13, 14, 20, 18, 17, 19, 16, 0]
Elapsed time: 41.088740825653076

i:0	79377.40937319328
i:50	67462.18667689493
i:100	66801.09188889124
i:150	66801.09188889124
i:200	66801.09188889124
i:250	66801.09188889124
i:300	66801.09188889124
i:350	66801.09188889124
i:400	66801.09188889124
i:450	66801.09188889124
i:500	66801.09188889124
i:550	66801.09188889124
i:600	66801.09188889124
i:650	66801.09188889124
best: 66801.09188889124
routes: [0, 26, 28, 27, 29, 30, 39, 36, 38, 37, 40, 33, 34, 31, 32, 35, 50, 49, 48, 47, 46, 0, 1, 2, 4, 3, 5, 44, 43, 45, 41, 42, 24, 25, 23, 21, 22, 9, 10, 8, 7, 6, 0, 12, 15, 13, 14, 11, 18, 17, 20, 19, 16, 0]
Elapsed time: 40.46688914299011

i:0	105151.78479114568
i:50	65067.09545554432
i:100	64650.33613130462
i:150	64650.33613130462
i:200	64650.33613130462
i:250	64650.33613130462
i:300	64650.33613130462
i:350	64650.33613130462
i:400	64650.33613130462
i:450	64650.33613130462
i:500	64650.33613130462
i:550	64650.33613130462
i:600	64650.33613130462
i:650	64650.33613130462
best: 64650.33613130462
routes: [0, 4, 3, 1, 2, 5, 44, 43, 45, 41, 42, 21, 22, 24, 25, 23, 6, 8, 7, 9, 10, 0, 26, 28, 27, 29, 30, 39, 36, 38, 37, 40, 32, 34, 35, 33, 31, 50, 49, 48, 47, 46, 0, 12, 15, 13, 14, 11, 18, 17, 20, 19, 16, 0]
Elapsed time: 37.481574296951294

mean: 65991.39560396994
std: 773.3201083564082
mean-time: 39.63864238262177
std-time: 2.737971188335845