i:0	63042.522982021364
i:50	48320.32888008886
i:100	47916.77406000656
i:150	47120.335523389775
i:200	46865.2159289878
i:250	46832.7268509148
i:300	46280.27046322442
i:350	46233.33591622575
i:400	46233.072515801156
i:450	46225.45812006154
i:500	46225.45812006154
i:550	46225.45812006154
i:600	46221.14237613395
i:650	46221.14237613395
best: 46221.14237613395
routes: [0, 21, 22, 23, 26, 24, 25, 27, 29, 30, 28, 39, 37, 36, 34, 31, 32, 33, 35, 38, 40, 0, 6, 5, 4, 1, 3, 2, 7, 8, 10, 9, 15, 16, 17, 20, 19, 18, 12, 13, 14, 11, 50, 49, 48, 47, 46, 45, 44, 43, 41, 42, 0]
Elapsed time: 193.58856844902039

i:0	73563.89523699234
i:50	49183.0402556228
i:100	48197.15657119804
i:150	46738.25698760914
i:200	46738.25698760914
i:250	46320.14974895373
i:300	46281.8446660038
i:350	46270.63707577945
i:400	46270.63707577945
i:450	46270.63707577945
i:500	46270.63707577945
i:550	46270.63707577945
i:600	46270.63707577945
i:650	46270.63707577945
best: 46270.63707577945
routes: [0, 21, 22, 23, 26, 24, 25, 27, 29, 30, 28, 36, 37, 34, 31, 32, 33, 35, 38, 40, 39, 41, 42, 43, 44, 45, 47, 48, 49, 50, 46, 0, 11, 19, 18, 17, 20, 15, 16, 14, 13, 12, 6, 10, 9, 7, 4, 2, 1, 3, 5, 8, 0]
Elapsed time: 170.35467505455017

i:0	62248.124049905986
i:50	49237.175542042605
i:100	47999.93669522363
i:150	47955.89621955748
i:200	47628.14019437946
i:250	47476.86678542603
i:300	47206.21597764103
i:350	47206.21597764103
i:400	47206.21597764103
i:450	47130.80028997671
i:500	47130.80028997671
i:550	47130.80028997671
i:600	47130.80028997671
i:650	47130.80028997671
best: 47130.80028997671
routes: [0, 21, 23, 22, 24, 25, 27, 26, 29, 30, 28, 36, 37, 39, 40, 38, 35, 33, 32, 31, 34, 0, 1, 2, 4, 3, 6, 10, 8, 5, 7, 9, 12, 17, 16, 15, 20, 19, 18, 13, 14, 11, 50, 49, 48, 47, 46, 45, 44, 43, 41, 42, 0]
Elapsed time: 173.5936472415924

i:0	68867.35032154733
i:50	49568.35096653365
i:100	49381.31120848877
i:150	48570.2340175283
i:200	48348.10257065276
i:250	48293.089284845744
i:300	47482.26194993021
i:350	47401.620804502614
i:400	47252.84074038033
i:450	47098.07567280164
i:500	46937.37513644718
i:550	46937.37513644718
i:600	46689.99969019226
i:650	46689.99969019226
best: 46665.61525898088
routes: [0, 21, 22, 23, 26, 24, 25, 27, 29, 30, 28, 36, 31, 32, 33, 35, 38, 34, 37, 39, 40, 41, 42, 43, 44, 45, 47, 48, 49, 50, 46, 0, 11, 19, 18, 17, 20, 15, 16, 14, 13, 12, 3, 1, 2, 4, 5, 7, 9, 10, 8, 6, 0]
Elapsed time: 208.19985175132751

i:0	61276.190084825656
i:50	50466.992692846485
i:100	48244.9946529582
i:150	47069.61314953544
i:200	46882.3702893823
i:250	46504.69457547309
i:300	46447.93170785084
i:350	46359.6833432517
i:400	46340.61687581261
i:450	46133.10848588923
i:500	46133.10848588923
i:550	46133.10848588923
i:600	46133.10848588923
i:650	46067.40808800401
best: 46067.40808800401
routes: [0, 41, 42, 43, 44, 45, 47, 48, 49, 50, 46, 21, 22, 23, 26, 24, 25, 27, 29, 30, 28, 36, 34, 31, 32, 33, 35, 38, 37, 39, 40, 0, 11, 14, 13, 18, 19, 20, 16, 15, 17, 12, 6, 10, 9, 7, 8, 5, 4, 3, 1, 2, 0]
Elapsed time: 185.4570770263672

i:0	72127.66562591428
i:50	48921.80916427818
i:100	47138.52595381258
i:150	46838.52849358934
i:200	46838.52849358934
i:250	46641.106662644714
i:300	46622.234525301756
i:350	46607.816032705756
i:400	46607.816032705756
i:450	45854.12750276178
i:500	45853.36241207183
i:550	45853.36241207183
i:600	45832.29072771706
i:650	45832.29072771706
best: 45786.74284230982
routes: [0, 46, 49, 50, 47, 48, 45, 44, 43, 41, 42, 36, 34, 31, 32, 33, 35, 38, 37, 39, 40, 28, 30, 29, 27, 26, 25, 24, 23, 21, 22, 0, 11, 14, 13, 18, 19, 20, 16, 15, 17, 12, 3, 1, 2, 4, 5, 7, 9, 10, 8, 6, 0]
Elapsed time: 201.84888005256653

i:0	74087.77800616676
i:50	49364.66060235511
i:100	48689.267362576225
i:150	47037.87927338775
i:200	47037.87927338775
i:250	46859.903489408534
i:300	46859.903489408534
i:350	46859.903489408534
i:400	46859.903489408534
i:450	46859.903489408534
i:500	46859.903489408534
i:550	46859.903489408534
i:600	46859.903489408534
i:650	46859.903489408534
best: 46859.903489408534
routes: [0, 21, 23, 22, 24, 25, 27, 26, 29, 30, 28, 39, 40, 37, 36, 34, 31, 32, 33, 35, 38, 0, 3, 1, 2, 4, 5, 6, 10, 8, 7, 9, 12, 13, 14, 19, 20, 15, 16, 17, 18, 11, 50, 49, 48, 47, 46, 45, 44, 43, 41, 42, 0]
Elapsed time: 160.1355104446411

i:0	72648.24922245696
i:50	50902.69992336586
i:100	48803.41939812871
i:150	47406.401712844614
i:200	46688.32884068765
i:250	46382.611400272566
i:300	45769.42889616064
i:350	45582.1860360075
i:400	45574.571640267895
i:450	45574.571640267895
i:500	45563.073397862114
i:550	45563.073397862114
i:600	45563.073397862114
i:650	45563.073397862114
best: 45563.073397862114
routes: [0, 3, 1, 2, 4, 5, 7, 9, 10, 8, 6, 13, 12, 17, 16, 15, 20, 19, 18, 14, 11, 50, 49, 48, 47, 46, 45, 44, 43, 41, 42, 0, 21, 22, 23, 26, 24, 25, 27, 29, 30, 28, 36, 34, 31, 32, 33, 35, 38, 37, 39, 40, 0]
Elapsed time: 191.2652552127838

i:0	67812.14569632953
i:50	48783.58835635208
i:100	48128.6394323669
i:150	47828.317371362245
i:200	47820.70297562264
i:250	47820.70297562264
i:300	47820.70297562264
i:350	47820.70297562264
i:400	47820.70297562264
i:450	47709.80655660339
i:500	47709.80655660339
i:550	47709.80655660339
i:600	47709.80655660339
i:650	47709.80655660339
best: 47709.80655660339
routes: [0, 36, 34, 31, 32, 33, 35, 38, 37, 39, 40, 28, 30, 29, 27, 26, 23, 21, 22, 25, 24, 0, 6, 3, 1, 2, 4, 7, 9, 10, 8, 5, 12, 17, 16, 15, 20, 19, 18, 13, 14, 11, 50, 49, 48, 47, 46, 45, 44, 43, 41, 42, 0]
Elapsed time: 172.70358896255493

i:0	62098.67397488405
i:50	47990.37588254769
i:100	47479.88298067267
i:150	47276.047897631666
i:200	47147.91909019528
i:250	46783.68433139156
i:300	46776.622677766834
i:350	46773.005553952346
i:400	46552.45101073716
i:450	46304.3898421701
i:500	46282.539236814904
i:550	46010.7793593486
i:600	46010.7793593486
i:650	46010.7793593486
best: 46010.7793593486
routes: [0, 41, 42, 43, 44, 45, 46, 47, 48, 49, 50, 11, 13, 14, 18, 19, 20, 15, 16, 17, 12, 6, 10, 9, 7, 8, 5, 4, 3, 1, 2, 0, 21, 22, 23, 26, 24, 25, 27, 29, 30, 28, 36, 31, 32, 33, 35, 38, 34, 37, 39, 40, 0]
Elapsed time: 191.34941697120667

mean: 46428.59087344075
std: 625.3731658874002
mean-time: 184.84964711666106
std-time: 14.454991379584314