i:0	80505.72986716169
i:50	65309.704189237425
i:100	65309.704189237425
i:150	64979.987247699886
i:200	64979.987247699886
i:250	64979.987247699886
i:300	64979.987247699886
i:350	64979.987247699886
i:400	64979.987247699886
i:450	64979.987247699886
i:500	64979.987247699886
i:550	64979.987247699886
i:600	64979.987247699886
i:650	64979.987247699886
best: 64979.987247699886
routes: [0, 5, 1, 2, 4, 3, 45, 43, 42, 44, 41, 27, 29, 30, 26, 28, 39, 40, 38, 37, 36, 0, 19, 18, 17, 20, 16, 15, 13, 12, 14, 11, 24, 21, 22, 25, 23, 7, 9, 8, 10, 6, 0, 46, 48, 47, 49, 50, 34, 35, 33, 31, 32, 0]
Elapsed time: 38.90733289718628

i:0	288103.5807643496
i:50	62902.590748598974
i:100	62869.68214006059
i:150	62869.68214006059
i:200	62869.68214006059
i:250	62869.68214006059
i:300	62869.68214006059
i:350	62869.68214006059
i:400	62869.68214006059
i:450	62869.68214006059
i:500	62869.68214006059
i:550	62869.68214006059
i:600	62869.68214006059
i:650	62869.68214006059
best: 62869.68214006059
routes: [0, 5, 1, 2, 4, 3, 45, 43, 44, 41, 42, 24, 21, 22, 25, 23, 7, 9, 8, 10, 6, 0, 46, 48, 47, 49, 50, 34, 35, 33, 32, 31, 40, 38, 37, 39, 36, 29, 30, 28, 27, 26, 0, 13, 11, 12, 14, 15, 17, 16, 20, 19, 18, 0]
Elapsed time: 38.97577476501465

i:0	98115.19972014686
i:50	64730.89255548784
i:100	64585.278730702
i:150	64585.278730702
i:200	64585.278730702
i:250	64585.278730702
i:300	64585.278730702
i:350	64585.278730702
i:400	64585.278730702
i:450	64585.278730702
i:500	64585.278730702
i:550	64585.278730702
i:600	64585.278730702
i:650	64585.278730702
best: 64585.278730702
routes: [0, 46, 48, 47, 49, 50, 31, 32, 34, 35, 33, 40, 38, 37, 39, 36, 29, 30, 28, 27, 26, 0, 1, 2, 4, 5, 3, 45, 43, 44, 41, 42, 23, 24, 21, 22, 25, 7, 9, 8, 10, 6, 0, 11, 12, 14, 13, 15, 16, 20, 17, 19, 18, 0]
Elapsed time: 37.265334129333496

i:0	101701.96238340331
i:50	67016.84926411569
i:100	66675.1226888953
i:150	66675.1226888953
i:200	66675.1226888953
i:250	66675.1226888953
i:300	66675.1226888953
i:350	66675.1226888953
i:400	66675.1226888953
i:450	66675.1226888953
i:500	66675.1226888953
i:550	66675.1226888953
i:600	66675.1226888953
i:650	66675.1226888953
best: 66675.1226888953
routes: [0, 19, 18, 17, 20, 16, 15, 13, 11, 12, 14, 24, 21, 22, 25, 23, 7, 9, 8, 10, 6, 0, 43, 42, 44, 45, 41, 27, 26, 30, 29, 28, 39, 40, 38, 37, 36, 3, 4, 5, 1, 2, 0, 33, 31, 32, 34, 35, 47, 49, 48, 50, 46, 0]
Elapsed time: 43.005216121673584

i:0	300909.5515132527
i:50	66870.06251096245
i:100	66640.49473468176
i:150	66640.49473468176
i:200	66640.49473468176
i:250	66640.49473468176
i:300	66640.49473468176
i:350	66640.49473468176
i:400	66640.49473468176
i:450	66640.49473468176
i:500	66640.49473468176
i:550	66640.49473468176
i:600	66640.49473468176
i:650	66640.49473468176
best: 66640.49473468176
routes: [0, 3, 4, 5, 1, 2, 45, 43, 41, 42, 44, 27, 29, 30, 26, 28, 39, 40, 38, 37, 36, 0, 17, 16, 20, 19, 18, 34, 33, 31, 32, 35, 48, 47, 49, 50, 46, 0, 24, 21, 22, 25, 23, 7, 9, 8, 10, 6, 14, 15, 13, 11, 12, 0]
Elapsed time: 43.90686082839966

i:0	80646.29123098645
i:50	65879.88013945096
i:100	65725.80363898857
i:150	65725.80363898857
i:200	65725.80363898857
i:250	65725.80363898857
i:300	65725.80363898857
i:350	65725.80363898857
i:400	65725.80363898857
i:450	65725.80363898857
i:500	65725.80363898857
i:550	65725.80363898857
i:600	65725.80363898857
i:650	65725.80363898857
best: 65725.80363898857
routes: [0, 23, 24, 21, 22, 25, 7, 9, 8, 10, 6, 14, 11, 12, 15, 13, 17, 16, 20, 19, 18, 0, 45, 43, 42, 44, 41, 27, 29, 30, 26, 28, 39, 40, 38, 37, 36, 3, 4, 5, 1, 2, 0, 46, 48, 47, 49, 50, 35, 33, 31, 32, 34, 0]
Elapsed time: 36.63332915306091

i:0	296972.24615487404
i:50	69021.97657159537
i:100	68039.31041097268
i:150	68039.31041097268
i:200	68039.31041097268
i:250	68039.31041097268
i:300	68039.31041097268
i:350	68039.31041097268
i:400	68039.31041097268
i:450	68039.31041097268
i:500	68039.31041097268
i:550	68039.31041097268
i:600	68039.31041097268
i:650	68039.31041097268
best: 68039.31041097268
routes: [0, 41, 42, 45, 43, 44, 21, 22, 25, 23, 24, 4, 3, 5, 1, 2, 0, 27, 29, 30, 26, 28, 39, 40, 38, 37, 36, 33, 31, 32, 34, 35, 50, 49, 48, 47, 46, 0, 19, 18, 20, 17, 16, 11, 12, 15, 13, 14, 8, 7, 9, 10, 6, 0]
Elapsed time: 37.22244048118591

i:0	86231.20600233712
i:50	66138.34857343379
i:100	66138.34857343379
i:150	66138.34857343379
i:200	66138.34857343379
i:250	66138.34857343379
i:300	66138.34857343379
i:350	66138.34857343379
i:400	66138.34857343379
i:450	66138.34857343379
i:500	66138.34857343379
i:550	66138.34857343379
i:600	66138.34857343379
i:650	66138.34857343379
best: 66138.34857343379
routes: [0, 3, 5, 1, 2, 4, 45, 43, 42, 44, 41, 27, 26, 30, 29, 28, 39, 40, 38, 37, 36, 0, 25, 23, 24, 21, 22, 8, 7, 9, 10, 6, 11, 12, 14, 13, 15, 17, 16, 20, 19, 18, 0, 33, 32, 34, 35, 31, 50, 49, 48, 47, 46, 0]
Elapsed time: 38.390084981918335

i:0	292635.1089516381
i:50	64439.000590501106
i:100	64439.000590501106
i:150	64439.000590501106
i:200	64439.000590501106
i:250	64439.000590501106
i:300	64439.000590501106
i:350	64439.000590501106
i:400	64439.000590501106
i:450	64439.000590501106
i:500	64439.000590501106
i:550	63709.205981402854
i:600	63709.205981402854
i:650	63709.205981402854
best: 63709.205981402854
routes: [0, 5, 1, 2, 4, 3, 45, 43, 44, 41, 42, 23, 24, 21, 22, 25, 7, 9, 8, 10, 6, 0, 46, 48, 47, 49, 50, 34, 35, 33, 32, 31, 39, 40, 38, 37, 36, 29, 30, 28, 27, 26, 0, 13, 11, 12, 14, 15, 17, 16, 20, 19, 18, 0]
Elapsed time: 72.17153215408325

i:0	82421.04448890439
i:50	64818.16120576001
i:100	64818.16120576001
i:150	64818.16120576001
i:200	64818.16120576001
i:250	64818.16120576001
i:300	64818.16120576001
i:350	64818.16120576001
i:400	64818.16120576001
i:450	64818.16120576001
i:500	64818.16120576001
i:550	64818.16120576001
i:600	64818.16120576001
i:650	64818.16120576001
best: 64818.16120576001
routes: [0, 1, 2, 4, 3, 5, 23, 24, 21, 22, 25, 7, 9, 8, 10, 6, 14, 15, 13, 11, 12, 0, 17, 16, 20, 19, 18, 34, 35, 33, 32, 31, 48, 47, 49, 50, 46, 0, 45, 43, 42, 44, 41, 27, 29, 30, 26, 28, 39, 40, 38, 37, 36, 0]
Elapsed time: 35.84329533576965

mean: 65418.13953525975
std: 1456.665762298586
mean-time: 42.23212008476257
std-time: 10.286493336121216