i:0	67391.53864153924
i:50	49846.34994432139
i:100	49671.73751874072
i:150	49458.059309879856
i:200	49458.059309879856
i:250	49458.059309879856
i:300	49458.059309879856
i:350	49458.059309879856
i:400	47591.67418890788
i:450	47456.73761566541
i:500	47456.73761566541
i:550	47456.73761566541
i:600	47456.73761566541
i:650	47456.73761566541
best: 47456.73761566541
routes: [0, 41, 42, 43, 44, 45, 47, 48, 46, 49, 50, 11, 19, 18, 20, 15, 16, 17, 12, 13, 14, 0, 21, 22, 23, 26, 24, 25, 27, 29, 30, 28, 36, 34, 31, 32, 33, 35, 38, 37, 39, 40, 0, 1, 2, 3, 5, 4, 7, 9, 10, 8, 6, 0]
Elapsed time: 151.5420262813568

i:0	63672.412817098484
i:50	52936.03622094914
i:100	52107.88378067188
i:150	51734.46655880149
i:200	50760.51945135638
i:250	50487.645022895005
i:300	50221.33230748871
i:350	50221.33230748871
i:400	50221.33230748871
i:450	49604.1295715862
i:500	49604.1295715862
i:550	49604.1295715862
i:600	49390.816854649245
i:650	49343.797734094805
best: 49343.797734094805
routes: [0, 41, 42, 43, 44, 45, 46, 47, 48, 49, 50, 11, 13, 14, 18, 19, 20, 15, 16, 17, 12, 0, 36, 37, 34, 31, 32, 33, 35, 38, 40, 39, 28, 30, 29, 27, 24, 25, 26, 23, 21, 22, 0, 1, 2, 3, 5, 4, 7, 9, 10, 8, 6, 0]
Elapsed time: 179.9163739681244

i:0	71476.9555695274
i:50	49597.97678526865
i:100	48957.235505980876
i:150	48679.01589782175
i:200	48099.77920966634
i:250	47958.86507502209
i:300	47958.86507502209
i:350	47958.86507502209
i:400	47958.86507502209
i:450	47958.86507502209
i:500	47958.86507502209
i:550	47958.86507502209
i:600	47958.86507502209
i:650	47958.86507502209
best: 47958.86507502209
routes: [0, 41, 42, 43, 44, 45, 46, 47, 48, 49, 50, 11, 13, 14, 18, 19, 20, 15, 16, 17, 12, 0, 21, 22, 23, 26, 25, 24, 27, 29, 30, 28, 36, 39, 37, 34, 31, 32, 33, 35, 38, 40, 0, 1, 2, 3, 5, 4, 7, 9, 10, 8, 6, 0]
Elapsed time: 153.58742213249207

i:0	64608.47204037172
i:50	48967.437960189854
i:100	48283.4296407265
i:150	47864.49319765046
i:200	47864.49319765046
i:250	47864.49319765046
i:300	47788.114970209375
i:350	47678.21273394891
i:400	47678.21273394891
i:450	47678.21273394891
i:500	47678.21273394891
i:550	47678.21273394891
i:600	47678.21273394891
i:650	47678.21273394891
best: 47678.21273394891
routes: [0, 41, 42, 43, 44, 45, 46, 47, 48, 49, 50, 11, 19, 20, 15, 16, 17, 18, 14, 13, 12, 0, 21, 22, 23, 26, 25, 24, 27, 29, 30, 28, 36, 39, 37, 34, 31, 32, 33, 35, 38, 40, 0, 1, 2, 3, 5, 4, 7, 9, 10, 8, 6, 0]
Elapsed time: 135.88299894332886

i:0	67488.95048647263
i:50	51079.527107258065
i:100	50725.26637027337
i:150	50230.22462760986
i:200	49656.94992875536
i:250	49309.35314324125
i:300	48925.08155518757
i:350	48558.952963799726
i:400	48558.952963799726
i:450	48058.96347104826
i:500	48058.96347104826
i:550	48058.96347104826
i:600	48058.96347104826
i:650	48058.96347104826
best: 48058.96347104826
routes: [0, 21, 22, 23, 26, 24, 25, 27, 29, 30, 28, 39, 40, 36, 37, 34, 31, 32, 33, 35, 38, 0, 41, 42, 43, 44, 45, 46, 47, 48, 49, 50, 11, 13, 14, 18, 19, 20, 15, 16, 17, 12, 0, 1, 2, 3, 5, 4, 7, 9, 10, 8, 6, 0]
Elapsed time: 171.16546392440796

i:0	65306.45281042603
i:50	49831.12024013308
i:100	48927.410561277975
i:150	47784.595701577244
i:200	47320.03042503672
i:250	47320.03042503672
i:300	47320.03042503672
i:350	47320.03042503672
i:400	47320.03042503672
i:450	47320.03042503672
i:500	47320.03042503672
i:550	47320.03042503672
i:600	47320.03042503672
i:650	47320.03042503672
best: 47320.03042503672
routes: [0, 21, 22, 23, 26, 24, 25, 27, 29, 30, 28, 36, 34, 31, 32, 33, 35, 38, 37, 39, 40, 0, 41, 42, 43, 44, 45, 46, 47, 48, 49, 50, 11, 19, 20, 15, 16, 17, 18, 14, 13, 12, 0, 1, 2, 3, 5, 4, 7, 9, 10, 8, 6, 0]
Elapsed time: 137.08756971359253

i:0	65338.28560939348
i:50	49798.78185807818
i:100	49174.662521459555
i:150	48947.16738919285
i:200	48947.16738919285
i:250	48932.36572321665
i:300	48932.36572321665
i:350	48695.87843819884
i:400	48695.87843819884
i:450	48695.87843819884
i:500	48662.58838350343
i:550	48662.58838350343
i:600	48662.58838350343
i:650	48662.58838350343
best: 48662.58838350343
routes: [0, 13, 14, 18, 19, 20, 15, 16, 17, 12, 11, 50, 46, 49, 47, 48, 45, 44, 43, 41, 42, 0, 21, 22, 23, 26, 24, 25, 27, 29, 30, 28, 36, 37, 34, 31, 32, 33, 35, 38, 39, 40, 0, 1, 2, 3, 5, 4, 7, 9, 10, 8, 6, 0]
Elapsed time: 156.9766833782196

i:0	67274.46504354582
i:50	48751.693572646676
i:100	48433.09177374036
i:150	48323.18953747989
i:200	48323.18953747989
i:250	48147.75201404886
i:300	48147.75201404886
i:350	48147.75201404886
i:400	48147.75201404886
i:450	47549.93659613144
i:500	47549.93659613144
i:550	47549.93659613144
i:600	47549.93659613144
i:650	47549.93659613144
best: 47549.93659613144
routes: [0, 41, 42, 43, 44, 45, 46, 47, 48, 49, 50, 11, 19, 20, 15, 16, 17, 18, 14, 13, 12, 0, 21, 22, 23, 26, 24, 25, 27, 29, 30, 28, 36, 37, 34, 31, 32, 33, 35, 38, 39, 40, 0, 1, 2, 3, 5, 4, 7, 9, 10, 8, 6, 0]
Elapsed time: 133.86842918395996

i:0	66297.46997059345
i:50	51841.30510008544
i:100	51168.29767931598
i:150	50823.61256736793
i:200	50437.64815707376
i:250	49938.83546811102
i:300	49436.42473382753
i:350	47696.809923154775
i:400	47643.211532160945
i:450	47643.211532160945
i:500	47643.211532160945
i:550	47643.211532160945
i:600	47643.211532160945
i:650	47500.83168297684
best: 47416.23666547685
routes: [0, 21, 22, 23, 26, 24, 25, 27, 29, 30, 28, 36, 34, 31, 32, 33, 35, 38, 37, 39, 40, 0, 41, 42, 43, 44, 45, 46, 47, 48, 49, 50, 11, 19, 18, 20, 15, 16, 17, 12, 13, 14, 0, 1, 2, 3, 5, 4, 7, 9, 10, 8, 6, 0]
Elapsed time: 169.54549193382263

i:0	77554.6647608852
i:50	49487.9404486479
i:100	48870.10880121647
i:150	48122.36943837528
i:200	47828.4265764516
i:250	47641.18371629846
i:300	47641.18371629846
i:350	47641.18371629846
i:400	47641.18371629846
i:450	47641.18371629846
i:500	47641.18371629846
i:550	47641.18371629846
i:600	47641.18371629846
i:650	47641.18371629846
best: 47641.18371629846
routes: [0, 21, 22, 23, 26, 24, 25, 27, 29, 30, 28, 36, 34, 31, 32, 33, 35, 38, 37, 39, 40, 0, 41, 42, 43, 44, 45, 47, 48, 46, 49, 50, 11, 13, 14, 18, 19, 20, 15, 16, 17, 12, 0, 1, 2, 3, 5, 4, 7, 9, 10, 8, 6, 0]
Elapsed time: 144.56612181663513

mean: 47908.65524162263
std: 608.249237536624
mean-time: 153.41385812759398
std-time: 15.258260103061492