i:0	81324.03532370193
i:50	57201.45774279376
i:100	56802.58796050427
i:150	56795.54247649314
i:200	56795.54247649314
i:250	56795.54247649314
i:300	56795.54247649314
i:350	56795.54247649314
i:400	56795.54247649314
i:450	56795.54247649314
i:500	56795.54247649314
i:550	56795.54247649314
i:600	56795.54247649314
i:650	56795.54247649314
best: 56795.54247649314
routes: [0, 46, 48, 47, 49, 50, 31, 32, 34, 35, 33, 38, 37, 39, 40, 36, 28, 27, 29, 30, 26, 0, 1, 2, 4, 5, 3, 45, 41, 44, 43, 42, 21, 24, 25, 23, 22, 7, 9, 8, 10, 6, 11, 12, 14, 13, 15, 17, 16, 20, 19, 18, 0]
Elapsed time: 47.838303565979004

i:0	80392.79063629589
i:50	56398.400677375175
i:100	56205.17460017408
i:150	56205.17460017408
i:200	56205.17460017408
i:250	56205.17460017408
i:300	56205.17460017408
i:350	56205.17460017408
i:400	56205.17460017408
i:450	56205.17460017408
i:500	56205.17460017408
i:550	56205.17460017408
i:600	56205.17460017408
i:650	56205.17460017408
best: 56205.17460017408
routes: [0, 5, 1, 2, 4, 3, 39, 40, 38, 37, 36, 28, 30, 29, 27, 26, 45, 41, 44, 43, 42, 21, 24, 25, 23, 22, 7, 9, 8, 10, 6, 0, 11, 12, 14, 13, 15, 16, 20, 17, 19, 18, 50, 49, 47, 46, 48, 34, 35, 33, 31, 32, 0]
Elapsed time: 52.09716010093689

i:0	77937.88306908123
i:50	55890.58115210579
i:100	55890.58115210579
i:150	55890.58115210579
i:200	55890.58115210579
i:250	55890.58115210579
i:300	55890.58115210579
i:350	55890.58115210579
i:400	55890.58115210579
i:450	55890.58115210579
i:500	55890.58115210579
i:550	55890.58115210579
i:600	55890.58115210579
i:650	55890.58115210579
best: 55890.58115210579
routes: [0, 5, 1, 2, 4, 3, 39, 40, 38, 37, 36, 28, 30, 29, 27, 26, 45, 41, 44, 43, 42, 21, 24, 25, 23, 22, 0, 46, 48, 47, 49, 50, 34, 35, 33, 31, 32, 19, 18, 17, 20, 16, 15, 13, 11, 12, 14, 8, 7, 9, 10, 6, 0]
Elapsed time: 45.050594329833984

i:0	83439.52520697293
i:50	54740.14317574576
i:100	54740.14317574576
i:150	54740.14317574576
i:200	54740.14317574576
i:250	54740.14317574576
i:300	54740.14317574576
i:350	54740.14317574576
i:400	54740.14317574576
i:450	54740.14317574576
i:500	54740.14317574576
i:550	54740.14317574576
i:600	54740.14317574576
i:650	54740.14317574576
best: 54740.14317574576
routes: [0, 45, 41, 44, 43, 42, 27, 26, 30, 29, 28, 39, 40, 38, 37, 36, 33, 32, 31, 34, 35, 48, 47, 49, 50, 46, 0, 19, 18, 17, 20, 16, 15, 13, 11, 12, 14, 6, 10, 9, 8, 7, 23, 25, 22, 21, 24, 5, 1, 4, 3, 2, 0]
Elapsed time: 39.56095600128174

i:0	78060.0805468291
i:50	64546.05851701161
i:100	64546.05851701161
i:150	64546.05851701161
i:200	64546.05851701161
i:250	64546.05851701161
i:300	64546.05851701161
i:350	64546.05851701161
i:400	64546.05851701161
i:450	64546.05851701161
i:500	64546.05851701161
i:550	64546.05851701161
i:600	64546.05851701161
i:650	64546.05851701161
best: 64546.05851701161
routes: [0, 1, 2, 4, 3, 5, 45, 43, 42, 41, 44, 23, 25, 22, 21, 24, 0, 30, 27, 29, 26, 28, 36, 38, 37, 39, 40, 33, 32, 31, 34, 35, 48, 47, 49, 50, 46, 0, 19, 18, 17, 20, 16, 15, 13, 11, 12, 14, 8, 7, 9, 10, 6, 0]
Elapsed time: 42.11851215362549

i:0	83258.9826190182
i:50	54673.89895120451
i:100	54673.89895120451
i:150	54673.89895120451
i:200	54673.89895120451
i:250	54673.89895120451
i:300	54673.89895120451
i:350	54673.89895120451
i:400	54673.89895120451
i:450	54673.89895120451
i:500	54673.89895120451
i:550	54673.89895120451
i:600	54673.89895120451
i:650	54673.89895120451
best: 54673.89895120451
routes: [0, 46, 48, 47, 49, 50, 34, 35, 33, 32, 31, 40, 38, 37, 39, 36, 28, 30, 29, 27, 26, 3, 4, 5, 1, 2, 0, 45, 41, 44, 43, 42, 21, 24, 25, 23, 22, 7, 9, 8, 10, 6, 11, 12, 14, 13, 15, 17, 16, 20, 19, 18, 0]
Elapsed time: 46.72380757331848

i:0	78384.60750451605
i:50	54678.73610806599
i:100	54678.73610806599
i:150	54678.73610806599
i:200	54678.73610806599
i:250	54678.73610806599
i:300	54678.73610806599
i:350	54678.73610806599
i:400	54678.73610806599
i:450	54678.73610806599
i:500	54678.73610806599
i:550	54678.73610806599
i:600	54678.73610806599
i:650	54678.73610806599
best: 54678.73610806599
routes: [0, 45, 41, 44, 43, 42, 27, 26, 30, 29, 28, 39, 40, 38, 37, 36, 33, 32, 31, 34, 35, 48, 47, 49, 50, 46, 0, 1, 2, 4, 3, 5, 23, 25, 22, 21, 24, 7, 9, 8, 10, 6, 11, 12, 14, 13, 15, 17, 16, 20, 19, 18, 0]
Elapsed time: 39.09858846664429

i:0	87677.8516068022
i:50	60066.67442566407
i:100	60016.95800000323
i:150	60016.95800000323
i:200	60016.95800000323
i:250	60016.95800000323
i:300	60016.95800000323
i:350	60016.95800000323
i:400	60016.95800000323
i:450	60016.95800000323
i:500	60016.95800000323
i:550	60016.95800000323
i:600	60016.95800000323
i:650	60016.95800000323
best: 60016.95800000323
routes: [0, 45, 41, 44, 43, 42, 27, 26, 30, 29, 28, 39, 40, 38, 37, 36, 33, 31, 34, 35, 32, 0, 19, 18, 17, 20, 16, 15, 13, 11, 12, 14, 6, 8, 10, 9, 7, 23, 25, 22, 21, 24, 4, 3, 2, 5, 1, 46, 48, 47, 49, 50, 0]
Elapsed time: 41.858898878097534

i:0	83652.29321058349
i:50	55556.71662450048
i:100	55556.71662450048
i:150	55556.71662450048
i:200	55556.71662450048
i:250	55556.71662450048
i:300	55556.71662450048
i:350	55556.71662450048
i:400	55556.71662450048
i:450	55556.71662450048
i:500	55556.71662450048
i:550	55556.71662450048
i:600	55556.71662450048
i:650	55556.71662450048
best: 55556.71662450048
routes: [0, 27, 26, 28, 30, 29, 36, 38, 37, 39, 40, 33, 32, 31, 34, 35, 48, 47, 49, 50, 46, 0, 5, 1, 2, 4, 3, 45, 41, 44, 43, 42, 21, 24, 25, 23, 22, 7, 9, 8, 10, 6, 11, 12, 14, 13, 15, 17, 16, 20, 19, 18, 0]
Elapsed time: 45.65651321411133

i:0	82124.81245880564
i:50	55649.17855573121
i:100	54481.181572381785
i:150	54481.181572381785
i:200	54481.181572381785
i:250	54481.181572381785
i:300	54481.181572381785
i:350	54481.181572381785
i:400	54481.181572381785
i:450	54481.181572381785
i:500	54481.181572381785
i:550	54481.181572381785
i:600	54481.181572381785
i:650	54481.181572381785
best: 54481.181572381785
routes: [0, 45, 41, 44, 43, 42, 27, 26, 30, 29, 28, 39, 40, 38, 37, 36, 33, 32, 31, 34, 35, 48, 47, 49, 50, 46, 0, 19, 18, 17, 20, 16, 15, 13, 11, 12, 14, 6, 8, 10, 9, 7, 23, 25, 22, 21, 24, 5, 1, 4, 3, 2, 0]
Elapsed time: 40.16697406768799

mean: 56758.49911776864
std: 3028.194951032488
mean-time: 44.01703083515167
std-time: 3.976253671637865