i:0	121270.26808945344
i:50	86824.26849190555
i:100	80768.61228346845
i:150	79179.3831877659
i:200	77965.58303661521
i:250	77746.88235713517
i:300	77441.85125258008
i:350	77071.3077167402
i:400	76898.99724828504
i:450	76376.58462197385
i:500	76376.58462197385
i:550	76245.20911450902
i:600	75694.52922202912
i:650	75685.7899632842
best: 75685.7899632842
routes: [0, 33, 34, 32, 37, 36, 35, 40, 39, 38, 31, 69, 70, 66, 67, 68, 65, 64, 63, 61, 62, 0, 76, 77, 74, 71, 72, 73, 75, 78, 80, 79, 58, 60, 59, 57, 56, 52, 51, 53, 55, 54, 2, 1, 3, 8, 7, 9, 10, 5, 6, 4, 0, 21, 22, 23, 24, 26, 25, 27, 29, 30, 28, 20, 19, 17, 18, 16, 15, 14, 12, 13, 11, 43, 45, 47, 49, 50, 48, 46, 44, 41, 42, 0]
Elapsed time: 287.94657158851624

i:0	113698.58626050976
i:50	88482.09871063838
i:100	80565.89888066666
i:150	78804.0842130603
i:200	77851.06737067728
i:250	77344.23750197729
i:300	76141.0647878445
i:350	76028.09424071021
i:400	75758.08900737303
i:450	75753.08701427435
i:500	75713.71522820517
i:550	75713.71522820517
i:600	75713.71522820517
i:650	75713.71522820517
best: 75713.71522820517
routes: [0, 43, 42, 41, 44, 45, 47, 46, 49, 50, 48, 14, 12, 11, 13, 15, 18, 17, 19, 20, 16, 25, 27, 29, 30, 28, 26, 24, 21, 23, 22, 0, 61, 62, 63, 64, 65, 68, 67, 66, 69, 70, 31, 39, 38, 37, 40, 35, 36, 32, 33, 34, 0, 4, 1, 2, 3, 10, 6, 5, 7, 8, 9, 76, 77, 79, 80, 78, 75, 73, 72, 71, 74, 58, 60, 59, 57, 56, 55, 54, 53, 51, 52, 0]
Elapsed time: 269.29120206832886

i:0	121674.0286408523
i:50	86302.48888976334
i:100	77893.00831308443
i:150	74543.95012839625
i:200	73669.19033378031
i:250	73340.21257871098
i:300	72554.6083108103
i:350	72408.58303350839
i:400	72306.15847770541
i:450	72276.40070043929
i:500	72276.40070043929
i:550	72276.40070043929
i:600	71860.58379529082
i:650	71296.43059016764
best: 71296.43059016764
routes: [0, 51, 52, 53, 56, 54, 55, 57, 59, 60, 58, 79, 80, 77, 76, 74, 71, 72, 73, 75, 78, 61, 62, 63, 64, 65, 68, 67, 66, 69, 70, 0, 31, 39, 38, 37, 40, 35, 36, 34, 33, 32, 30, 28, 27, 29, 25, 26, 24, 21, 23, 22, 16, 15, 14, 17, 19, 20, 18, 13, 11, 12, 0, 4, 5, 6, 3, 1, 2, 8, 9, 7, 10, 43, 46, 49, 50, 48, 47, 45, 44, 41, 42, 0]
Elapsed time: 265.30392050743103

i:0	121231.86136322623
i:50	78625.79557711845
i:100	77428.5123234842
i:150	76728.81407314973
i:200	76306.40980503624
i:250	76066.54025152163
i:300	75496.48980422044
i:350	75219.46333016241
i:400	74795.02342191477
i:450	74420.593868076
i:500	74420.593868076
i:550	74420.593868076
i:600	74324.58260855367
i:650	74324.58260855367
best: 74324.58260855367
routes: [0, 4, 1, 2, 3, 6, 5, 10, 7, 8, 9, 43, 42, 41, 44, 45, 47, 46, 49, 50, 48, 14, 12, 11, 13, 15, 17, 19, 20, 18, 16, 0, 21, 23, 22, 25, 27, 29, 30, 28, 26, 24, 32, 33, 34, 37, 36, 35, 40, 39, 38, 31, 69, 70, 66, 67, 68, 65, 64, 63, 61, 62, 0, 76, 77, 74, 71, 72, 73, 75, 78, 79, 80, 58, 60, 59, 57, 56, 55, 54, 53, 51, 52, 0]
Elapsed time: 267.7645175457001

i:0	114682.61050385595
i:50	85924.13723742065
i:100	77302.49190412203
i:150	76724.84644881079
i:200	76444.67461070252
i:250	76328.02513677774
i:300	76315.02278079122
i:350	76315.02278079122
i:400	76123.2851707767
i:450	75878.22248060812
i:500	75645.48129820195
i:550	75645.48129820195
i:600	75398.79113903134
i:650	75325.91756276012
best: 75319.68255856162
routes: [0, 79, 80, 78, 75, 73, 72, 71, 74, 77, 76, 58, 60, 59, 57, 56, 53, 51, 52, 55, 54, 0, 61, 62, 63, 64, 65, 68, 67, 66, 69, 70, 31, 39, 40, 35, 36, 37, 38, 34, 33, 32, 28, 30, 29, 27, 25, 26, 24, 21, 23, 22, 0, 11, 12, 13, 15, 18, 16, 20, 19, 17, 14, 48, 47, 49, 50, 46, 44, 45, 42, 41, 43, 10, 9, 7, 8, 2, 1, 3, 6, 5, 4, 0]
Elapsed time: 286.5847632884979

i:0	126717.44356275615
i:50	82366.54749094376
i:100	79743.4980753293
i:150	78365.15164198136
i:200	77099.06079461037
i:250	77099.06079461037
i:300	76760.43972420548
i:350	76416.878629898
i:400	75901.58696733972
i:450	75765.30243334509
i:500	75714.2886217272
i:550	75284.49356114156
i:600	75202.82090172239
i:650	74623.62055288484
best: 74623.62055288484
routes: [0, 61, 62, 63, 64, 65, 68, 67, 66, 69, 70, 31, 39, 38, 40, 35, 36, 37, 32, 33, 34, 0, 80, 78, 75, 73, 72, 71, 74, 77, 76, 79, 58, 60, 59, 57, 56, 53, 51, 52, 55, 54, 8, 7, 9, 10, 5, 6, 2, 1, 3, 4, 0, 43, 42, 41, 44, 45, 47, 46, 49, 50, 48, 12, 11, 13, 15, 14, 17, 19, 20, 18, 16, 22, 21, 23, 25, 27, 29, 30, 28, 26, 24, 0]
Elapsed time: 283.169157743454

i:0	122384.60353084942
i:50	80417.1586519217
i:100	72717.61470141268
i:150	72318.67773559244
i:200	71834.96773741413
i:250	71722.30064586949
i:300	71577.5639459043
i:350	71470.88786255458
i:400	71454.4552214114
i:450	71383.52675691647
i:500	71265.78193954259
i:550	71265.78193954259
i:600	71082.52534013653
i:650	71082.52534013653
best: 70895.28247998339
routes: [0, 51, 52, 53, 56, 54, 55, 57, 59, 60, 58, 76, 74, 71, 72, 73, 75, 78, 77, 79, 80, 61, 62, 63, 64, 65, 68, 67, 66, 69, 70, 0, 11, 13, 16, 20, 19, 17, 18, 15, 14, 12, 48, 47, 49, 50, 46, 44, 45, 42, 41, 43, 10, 5, 6, 9, 7, 8, 2, 1, 3, 4, 0, 31, 39, 40, 35, 36, 37, 38, 34, 33, 32, 28, 30, 29, 27, 25, 26, 23, 22, 21, 24, 0]
Elapsed time: 289.2251148223877

i:0	116971.88214577304
i:50	80794.42453278789
i:100	77625.90195042416
i:150	76684.28897137716
i:200	76579.45207946228
i:250	75956.97749852603
i:300	75956.7615547611
i:350	75875.7306825945
i:400	75533.17585875759
i:450	75533.17585875759
i:500	75429.70372544075
i:550	75429.70372544075
i:600	75314.31217292116
i:650	75314.31217292116
best: 75314.31217292116
routes: [0, 39, 40, 35, 36, 37, 38, 32, 33, 34, 31, 69, 70, 66, 67, 68, 65, 64, 61, 63, 62, 0, 21, 24, 23, 25, 27, 29, 30, 28, 26, 22, 16, 15, 18, 20, 19, 17, 14, 12, 13, 11, 43, 41, 44, 46, 49, 50, 48, 47, 45, 42, 0, 51, 53, 52, 54, 55, 57, 56, 59, 60, 58, 76, 79, 77, 74, 71, 72, 73, 75, 78, 80, 2, 1, 3, 8, 7, 9, 10, 5, 6, 4, 0]
Elapsed time: 269.4541606903076

i:0	109757.14410335715
i:50	79692.88695257633
i:100	73619.45708007888
i:150	72577.32579454695
i:200	72163.14426228075
i:250	71782.5282759588
i:300	71759.28815207064
i:350	71462.9227321358
i:400	71304.63316200275
i:450	71245.69084999061
i:500	71238.6291963659
i:550	71183.02406684116
i:600	70949.57267066186
i:650	70850.77305864071
best: 70850.77305864071
routes: [0, 11, 13, 15, 18, 16, 20, 19, 17, 14, 12, 46, 49, 50, 48, 47, 45, 44, 41, 42, 43, 9, 10, 5, 6, 7, 8, 2, 1, 3, 4, 0, 51, 52, 53, 56, 54, 55, 57, 59, 60, 58, 79, 77, 76, 74, 71, 72, 73, 75, 78, 80, 61, 62, 63, 64, 65, 68, 67, 66, 69, 70, 0, 31, 39, 40, 35, 36, 37, 38, 34, 33, 32, 21, 23, 22, 25, 27, 29, 30, 28, 26, 24, 0]
Elapsed time: 284.240868806839

i:0	112995.35554313012
i:50	85972.69890044004
i:100	79977.04014419467
i:150	77573.82705868289
i:200	76674.06948222067
i:250	76528.99203556622
i:300	76101.12350578528
i:350	75699.01234987003
i:400	75671.7442810838
i:450	75221.35884716787
i:500	75055.91635234328
i:550	74988.92571184668
i:600	74765.83446584016
i:650	74691.46371361424
best: 74681.42038161418
routes: [0, 4, 2, 1, 3, 6, 5, 10, 7, 8, 9, 43, 42, 41, 44, 45, 47, 48, 46, 49, 50, 14, 12, 11, 13, 15, 17, 19, 20, 18, 16, 0, 51, 53, 52, 54, 55, 56, 57, 59, 60, 58, 79, 80, 76, 77, 74, 71, 72, 73, 75, 78, 0, 21, 22, 25, 27, 29, 30, 28, 24, 26, 23, 32, 33, 34, 37, 36, 35, 40, 39, 38, 31, 69, 70, 66, 67, 68, 65, 64, 63, 61, 62, 0]
Elapsed time: 300.79270601272583

mean: 73870.56095948166
std: 1921.0653434005592
mean-time: 280.3772983074188
std-time: 11.145072124196206