i:0	128281.4009534158
i:50	86699.62530923188
i:100	83400.28727060565
i:150	82954.07346168617
i:200	81103.87094245426
i:250	80728.53271498179
i:300	80633.06477646495
i:350	80357.6013004839
i:400	80357.6013004839
i:450	80357.6013004839
i:500	80357.6013004839
i:550	80357.6013004839
i:600	80357.6013004839
i:650	80357.6013004839
best: 80250.74817038629
routes: [0, 11, 12, 13, 15, 14, 17, 19, 20, 18, 16, 29, 30, 28, 27, 25, 26, 24, 21, 23, 22, 0, 51, 52, 53, 56, 54, 55, 57, 59, 60, 58, 76, 71, 72, 73, 75, 78, 74, 77, 79, 80, 0, 4, 5, 6, 3, 1, 2, 8, 7, 9, 10, 43, 45, 42, 41, 44, 46, 49, 50, 47, 48, 0, 61, 62, 63, 64, 65, 66, 67, 68, 69, 70, 31, 33, 34, 39, 38, 37, 40, 35, 36, 32, 0]
Elapsed time: 230.57013273239136

i:0	123892.90760530092
i:50	87534.10143219006
i:100	83192.76718580499
i:150	81687.20091272242
i:200	80929.1185603033
i:250	80070.26765088839
i:300	79472.45223297097
i:350	79472.45223297097
i:400	79472.45223297097
i:450	79472.45223297097
i:500	79472.45223297097
i:550	79472.45223297097
i:600	79472.45223297097
i:650	79472.45223297097
best: 79472.45223297097
routes: [0, 51, 52, 53, 56, 54, 55, 57, 59, 60, 58, 79, 80, 76, 77, 74, 71, 72, 73, 75, 78, 0, 21, 23, 25, 27, 29, 30, 28, 26, 24, 22, 16, 13, 11, 12, 15, 14, 17, 19, 20, 18, 0, 4, 1, 2, 3, 6, 5, 10, 7, 8, 9, 43, 45, 42, 41, 44, 46, 49, 50, 47, 48, 0, 61, 62, 63, 64, 65, 67, 68, 66, 69, 70, 31, 34, 33, 38, 39, 40, 35, 36, 37, 32, 0]
Elapsed time: 228.04976630210876

i:0	122867.18514516941
i:50	87342.08674106329
i:100	85871.41087953142
i:150	85186.54521019488
i:200	83649.43582127707
i:250	82738.96718681623
i:300	82525.1016451899
i:350	82446.80901676588
i:400	81703.47906237502
i:450	81703.47906237502
i:500	81242.76612253576
i:550	81242.76612253576
i:600	81236.53111833725
i:650	81236.53111833725
best: 81236.53111833725
routes: [0, 13, 15, 18, 16, 20, 19, 17, 14, 12, 11, 43, 47, 45, 42, 41, 44, 46, 49, 50, 48, 0, 21, 22, 23, 24, 26, 25, 29, 27, 28, 30, 35, 36, 37, 40, 39, 38, 31, 34, 33, 32, 0, 79, 77, 74, 76, 71, 72, 73, 75, 78, 80, 61, 62, 63, 64, 65, 68, 66, 67, 69, 70, 0, 51, 52, 53, 56, 59, 60, 58, 57, 55, 54, 8, 7, 9, 10, 6, 2, 1, 3, 5, 4, 0]
Elapsed time: 255.6729221343994

i:0	130956.48017779639
i:50	88253.419475554
i:100	87140.99124486616
i:150	86623.31091357097
i:200	86333.20076935714
i:250	86183.11430840517
i:300	85393.08832344014
i:350	85163.82613961163
i:400	85066.893449047
i:450	85066.893449047
i:500	85066.893449047
i:550	85066.893449047
i:600	85066.893449047
i:650	85066.893449047
best: 85066.893449047
routes: [0, 13, 15, 17, 19, 20, 18, 16, 14, 12, 11, 43, 45, 47, 49, 50, 48, 46, 44, 41, 42, 0, 21, 23, 22, 25, 26, 27, 29, 30, 28, 24, 32, 40, 35, 36, 37, 39, 38, 31, 33, 34, 0, 79, 80, 77, 75, 78, 73, 72, 71, 74, 76, 58, 60, 59, 57, 52, 51, 53, 56, 55, 54, 0, 4, 3, 6, 5, 10, 9, 7, 8, 2, 1, 61, 63, 65, 68, 67, 69, 70, 66, 64, 62, 0]
Elapsed time: 232.14040899276733

i:0	130871.5331093814
i:50	94290.11138151126
i:100	88537.22000275661
i:150	86854.17074787137
i:200	86425.0860337212
i:250	85739.27729475239
i:300	85334.91446742968
i:350	84813.37113866617
i:400	84372.61898817073
i:450	84274.10084926404
i:500	84143.8455352853
i:550	84108.97130998867
i:600	83960.60502592087
i:650	83885.53479934823
best: 83585.65790886666
routes: [0, 21, 22, 23, 24, 26, 25, 27, 29, 30, 28, 32, 40, 35, 36, 37, 39, 38, 31, 33, 34, 0, 43, 45, 42, 41, 44, 46, 49, 50, 47, 48, 17, 19, 20, 18, 15, 14, 12, 11, 13, 16, 0, 79, 80, 76, 77, 74, 71, 72, 73, 75, 78, 58, 60, 59, 57, 52, 51, 53, 56, 55, 54, 0, 4, 5, 10, 9, 7, 8, 6, 3, 2, 1, 62, 61, 63, 64, 65, 66, 67, 68, 69, 70, 0]
Elapsed time: 292.7712149620056

i:0	137458.31961216097
i:50	85953.98191228419
i:100	84590.03376649148
i:150	84102.4638257976
i:200	84018.64705167298
i:250	83713.2114139456
i:300	82658.04112730046
i:350	82514.35061556174
i:400	82453.71648810984
i:450	82453.71648810984
i:500	82453.71648810984
i:550	81894.31519804339
i:600	81732.12051990142
i:650	81732.12051990142
best: 81732.12051990142
routes: [0, 43, 45, 42, 41, 44, 46, 49, 50, 47, 48, 17, 19, 20, 18, 14, 12, 11, 13, 15, 16, 0, 54, 52, 51, 53, 56, 55, 57, 59, 60, 58, 71, 72, 73, 75, 78, 77, 74, 76, 79, 80, 0, 21, 22, 23, 24, 26, 25, 29, 27, 28, 30, 35, 36, 37, 40, 39, 38, 31, 34, 33, 32, 0, 4, 6, 3, 5, 10, 9, 7, 8, 2, 1, 61, 62, 63, 64, 65, 66, 67, 68, 69, 70, 0]
Elapsed time: 248.6300666332245

i:0	130323.34245712798
i:50	88873.25131871001
i:100	86681.50782356273
i:150	85395.01378774847
i:200	84995.65246352032
i:250	84419.34220424628
i:300	84203.33177758688
i:350	83840.67548245426
i:400	83549.08074285736
i:450	83456.24722105103
i:500	83241.99459365448
i:550	82896.2351326703
i:600	82896.2351326703
i:650	82896.2351326703
best: 82896.2351326703
routes: [0, 31, 39, 40, 35, 36, 37, 38, 34, 33, 32, 30, 28, 27, 29, 25, 26, 24, 21, 23, 22, 0, 69, 70, 67, 68, 66, 65, 64, 63, 62, 61, 79, 77, 74, 71, 72, 73, 75, 78, 80, 76, 0, 13, 15, 18, 16, 20, 19, 17, 14, 12, 11, 48, 47, 49, 50, 46, 44, 41, 43, 45, 42, 0, 51, 52, 53, 56, 57, 59, 60, 58, 55, 54, 2, 1, 3, 6, 7, 8, 9, 10, 5, 4, 0]
Elapsed time: 279.61358070373535

i:0	129407.35962400294
i:50	89413.30237792397
i:100	86481.06033387122
i:150	85129.64061865862
i:200	84313.94573807131
i:250	84178.96618357854
i:300	84158.67366577698
i:350	84158.67366577698
i:400	84158.67366577698
i:450	84158.67366577698
i:500	84158.67366577698
i:550	84034.81519703263
i:600	83958.10819046834
i:650	83958.10819046834
best: 83958.10819046834
routes: [0, 21, 22, 23, 24, 26, 25, 27, 29, 30, 28, 32, 31, 39, 40, 35, 36, 37, 38, 33, 34, 0, 11, 12, 15, 17, 19, 20, 18, 16, 13, 14, 48, 50, 49, 47, 45, 46, 44, 41, 43, 42, 0, 4, 1, 3, 6, 5, 10, 9, 7, 8, 2, 69, 70, 66, 67, 68, 65, 64, 63, 61, 62, 0, 76, 71, 72, 73, 75, 78, 74, 77, 79, 80, 58, 60, 59, 57, 54, 55, 56, 53, 51, 52, 0]
Elapsed time: 230.47362756729126

i:0	110443.98663309858
i:50	87692.4545328353
i:100	87393.75370670848
i:150	86298.16030390418
i:200	86080.47870383559
i:250	85992.95171624166
i:300	85127.6586377757
i:350	83865.88959281928
i:400	83447.74079951562
i:450	83447.74079951562
i:500	83447.74079951562
i:550	83447.74079951562
i:600	83447.74079951562
i:650	83447.74079951562
best: 83447.74079951562
routes: [0, 21, 24, 23, 22, 25, 26, 27, 29, 30, 28, 32, 33, 34, 31, 39, 38, 37, 40, 35, 36, 0, 13, 16, 15, 18, 20, 19, 17, 14, 12, 11, 43, 47, 45, 42, 41, 44, 46, 49, 50, 48, 0, 4, 3, 6, 5, 10, 9, 7, 8, 2, 1, 69, 70, 66, 67, 68, 65, 64, 63, 61, 62, 0, 71, 72, 73, 75, 78, 77, 74, 76, 79, 80, 58, 60, 59, 57, 54, 55, 56, 53, 51, 52, 0]
Elapsed time: 232.36640524864197

i:0	127845.72452226002
i:50	89603.90644508327
i:100	85073.23777049767
i:150	84793.83760909754
i:200	84548.47891712732
i:250	83917.50936687383
i:300	83578.16827538905
i:350	82990.55827020301
i:400	82788.12702761083
i:450	82591.87330923571
i:500	82562.46695948367
i:550	82362.73361500469
i:600	82082.06423209573
i:650	82082.06423209573
best: 82082.06423209573
routes: [0, 4, 1, 2, 3, 6, 5, 10, 9, 7, 8, 54, 55, 57, 59, 60, 58, 56, 53, 51, 52, 0, 76, 71, 72, 73, 75, 78, 74, 77, 79, 80, 61, 62, 63, 64, 65, 67, 68, 66, 69, 70, 0, 43, 45, 42, 41, 44, 46, 49, 50, 47, 48, 12, 11, 13, 15, 14, 17, 19, 20, 18, 16, 0, 21, 22, 25, 27, 29, 30, 28, 26, 24, 23, 33, 32, 37, 35, 36, 40, 39, 38, 34, 31, 0]
Elapsed time: 273.23898243904114

mean: 82372.85517542597
std: 1654.4809911228506
mean-time: 250.35271077156068
std-time: 22.69300858617901