i:0	114021.7495304542
i:50	93608.89568224289
i:100	83066.03026311644
i:150	80712.08792866448
i:200	76294.13509598638
i:250	75447.24363339253
i:300	75147.89095363929
i:350	75104.28317064495
i:400	75066.04346946171
i:450	74668.43194107599
i:500	74668.43194107599
i:550	74668.43194107599
i:600	74668.43194107599
i:650	74668.43194107599
best: 74668.43194107599
routes: [0, 41, 42, 43, 46, 44, 45, 47, 48, 63, 62, 60, 58, 57, 59, 61, 64, 50, 49, 51, 52, 53, 55, 56, 54, 0, 9, 10, 12, 11, 14, 16, 13, 15, 40, 39, 38, 36, 37, 35, 34, 33, 72, 71, 65, 66, 69, 67, 68, 70, 7, 8, 2, 1, 3, 6, 5, 4, 0, 73, 74, 75, 76, 77, 80, 79, 78, 25, 27, 28, 32, 30, 29, 31, 26, 24, 23, 21, 22, 20, 17, 19, 18, 0]
Elapsed time: 256.7212657928467

i:0	121611.03560524934
i:50	90441.18970475711
i:100	79867.3562586354
i:150	79232.62340789706
i:200	78653.79587357385
i:250	78522.75418447651
i:300	78207.97962252147
i:350	78207.97962252147
i:400	78207.97962252147
i:450	78207.97962252147
i:500	78207.97962252147
i:550	78207.97962252147
i:600	78207.97962252147
i:650	78207.97962252147
best: 78202.72788324438
routes: [0, 41, 43, 42, 44, 45, 46, 47, 48, 62, 60, 63, 58, 57, 59, 61, 64, 0, 14, 16, 12, 10, 9, 11, 13, 15, 40, 39, 38, 36, 37, 35, 34, 33, 72, 71, 65, 66, 69, 67, 68, 70, 7, 8, 2, 1, 3, 6, 5, 4, 0, 54, 55, 56, 53, 52, 51, 50, 49, 73, 74, 75, 76, 77, 80, 79, 78, 25, 28, 27, 32, 30, 29, 31, 26, 24, 23, 21, 22, 20, 17, 19, 18, 0]
Elapsed time: 225.20828008651733

i:0	118669.60709991798
i:50	90683.00040781891
i:100	88692.62917320142
i:150	87339.1276906349
i:200	83012.17900710317
i:250	80764.93361827308
i:300	80356.96173781774
i:350	80080.96782545625
i:400	80035.0315824346
i:450	80035.0315824346
i:500	79560.72716434754
i:550	79560.72716434754
i:600	79496.42515980873
i:650	79495.61195369186
best: 79495.61195369186
routes: [0, 70, 68, 67, 69, 65, 66, 71, 72, 33, 36, 38, 39, 37, 34, 35, 40, 15, 16, 13, 12, 10, 9, 11, 14, 0, 78, 74, 75, 73, 77, 80, 79, 76, 54, 55, 56, 53, 51, 49, 50, 52, 25, 28, 27, 32, 30, 29, 31, 26, 24, 23, 21, 22, 20, 17, 19, 18, 0, 4, 5, 6, 7, 8, 3, 1, 2, 60, 63, 64, 61, 59, 58, 57, 62, 48, 46, 47, 45, 44, 43, 41, 42, 0]
Elapsed time: 272.5860507488251

i:0	125640.58139239332
i:50	85927.90464072561
i:100	80382.69639964323
i:150	80067.77391170547
i:200	79517.49341857995
i:250	79118.39835609177
i:300	79022.29995850762
i:350	79022.29995850762
i:400	79009.00330068439
i:450	79009.00330068439
i:500	79009.00330068439
i:550	79009.00330068439
i:600	79009.00330068439
i:650	78856.95204607034
best: 78856.95204607034
routes: [0, 60, 58, 57, 59, 61, 64, 63, 62, 48, 42, 41, 43, 46, 47, 45, 44, 8, 7, 5, 6, 2, 1, 3, 4, 0, 17, 19, 18, 20, 22, 21, 23, 24, 30, 29, 31, 32, 27, 26, 28, 25, 80, 79, 78, 76, 77, 75, 73, 74, 50, 49, 51, 52, 53, 55, 56, 54, 0, 70, 68, 67, 66, 69, 65, 71, 72, 33, 36, 38, 39, 37, 34, 35, 40, 15, 12, 10, 9, 11, 13, 16, 14, 0]
Elapsed time: 219.5877389907837

i:0	110569.153695855
i:50	84703.78001471939
i:100	77678.06992039293
i:150	76341.90462272186
i:200	75981.76354534162
i:250	75758.34715837793
i:300	75758.34715837793
i:350	75595.35332437357
i:400	74659.79249227302
i:450	74491.41507089086
i:500	74491.41507089086
i:550	74491.41507089086
i:600	74491.41507089086
i:650	74410.50010512219
best: 74410.50010512219
routes: [0, 73, 74, 75, 76, 77, 80, 79, 78, 25, 28, 27, 26, 32, 31, 30, 29, 24, 23, 21, 22, 20, 17, 19, 18, 14, 16, 13, 15, 12, 11, 9, 10, 0, 35, 40, 39, 38, 36, 37, 34, 33, 72, 71, 65, 66, 69, 67, 68, 70, 7, 8, 2, 1, 3, 6, 5, 4, 0, 41, 42, 43, 46, 44, 45, 47, 48, 63, 62, 60, 58, 57, 59, 61, 64, 50, 49, 51, 52, 53, 55, 56, 54, 0]
Elapsed time: 238.01776719093323

i:0	127545.15926826249
i:50	85964.01642012165
i:100	82008.78558458193
i:150	80614.05487814448
i:200	80368.37161407861
i:250	79893.96962240335
i:300	79880.96726641683
i:350	79744.45503171929
i:400	79744.45503171929
i:450	79744.45503171929
i:500	79739.59795671717
i:550	79739.59795671717
i:600	79739.59795671717
i:650	79739.59795671717
best: 79739.59795671717
routes: [0, 73, 74, 75, 77, 80, 79, 78, 76, 50, 49, 51, 52, 53, 55, 56, 54, 25, 28, 27, 32, 30, 29, 31, 26, 24, 23, 21, 22, 20, 17, 19, 18, 0, 4, 6, 7, 8, 2, 1, 3, 5, 9, 10, 12, 11, 14, 16, 13, 15, 40, 39, 38, 36, 37, 35, 34, 33, 72, 71, 65, 66, 69, 67, 70, 68, 0, 60, 58, 57, 59, 61, 64, 63, 62, 48, 46, 47, 45, 44, 43, 41, 42, 0]
Elapsed time: 228.333313703537

i:0	116367.11978446304
i:50	85824.91439370095
i:100	81701.49053485293
i:150	81250.29596135698
i:200	81209.05514200329
i:250	81209.05514200329
i:300	81209.05514200329
i:350	80834.4344581168
i:400	80833.26521450274
i:450	80833.26521450274
i:500	80132.58927075
i:550	79753.21645224534
i:600	79753.21645224534
i:650	79753.21645224534
best: 79573.62123317698
routes: [0, 41, 42, 43, 46, 44, 45, 47, 48, 64, 61, 59, 58, 57, 63, 60, 62, 7, 8, 2, 1, 3, 6, 5, 4, 0, 80, 79, 78, 75, 77, 76, 73, 74, 50, 49, 51, 52, 53, 55, 56, 54, 25, 27, 26, 30, 29, 31, 32, 28, 0, 17, 19, 18, 20, 22, 24, 23, 21, 14, 13, 12, 15, 16, 11, 10, 9, 35, 40, 39, 37, 38, 36, 34, 33, 72, 71, 65, 66, 69, 67, 70, 68, 0]
Elapsed time: 246.07363486289978

i:0	116815.19382482456
i:50	88961.71577778956
i:100	87400.23459433779
i:150	86290.08044303564
i:200	85521.09009619166
i:250	85219.5026762454
i:300	85021.59010228503
i:350	84986.48037528583
i:400	79657.15936663694
i:450	78290.32406602627
i:500	77716.3947845386
i:550	77607.35453206072
i:600	77375.51421699346
i:650	77375.51421699346
best: 77375.51421699346
routes: [0, 54, 55, 56, 53, 52, 51, 50, 49, 64, 61, 59, 58, 57, 63, 60, 62, 48, 42, 41, 43, 46, 47, 45, 44, 0, 78, 80, 79, 76, 77, 75, 73, 74, 35, 40, 39, 38, 36, 37, 34, 33, 72, 71, 65, 66, 69, 67, 68, 70, 7, 8, 2, 1, 3, 6, 5, 4, 0, 25, 28, 27, 26, 32, 31, 30, 29, 24, 23, 21, 22, 20, 17, 19, 18, 14, 16, 13, 15, 12, 11, 9, 10, 0]
Elapsed time: 260.04095244407654

i:0	115403.01380881437
i:50	89309.46906201511
i:100	87268.88049116291
i:150	84846.93809089344
i:200	82649.04659697806
i:250	82532.04923377259
i:300	82532.04923377259
i:350	82532.04923377259
i:400	82532.04923377259
i:450	82532.04923377259
i:500	82532.04923377259
i:550	82532.04923377259
i:600	82520.09179423455
i:650	82508.51129013945
best: 82376.97563206583
routes: [0, 41, 42, 43, 46, 44, 45, 47, 48, 64, 61, 59, 58, 57, 63, 60, 62, 0, 35, 34, 37, 40, 39, 38, 36, 33, 72, 71, 65, 66, 69, 67, 68, 70, 9, 11, 10, 12, 13, 15, 16, 14, 0, 75, 80, 78, 79, 76, 77, 73, 74, 49, 50, 52, 53, 51, 55, 56, 54, 25, 28, 27, 32, 30, 29, 31, 26, 24, 23, 21, 22, 20, 17, 19, 18, 0, 4, 3, 5, 6, 7, 8, 2, 1, 0]
Elapsed time: 239.1154808998108

i:0	119328.81280255088
i:50	85161.14039792154
i:100	80763.09243693709
i:150	80145.0730219731
i:200	79839.97034977168
i:250	79654.59116139161
i:300	79654.59116139161
i:350	79653.95091123278
i:400	79653.95091123278
i:450	79653.95091123278
i:500	79653.95091123278
i:550	79653.95091123278
i:600	79653.95091123278
i:650	79653.95091123278
best: 79653.95091123278
routes: [0, 11, 14, 16, 13, 15, 12, 10, 9, 35, 40, 39, 38, 36, 37, 34, 33, 72, 71, 65, 69, 67, 66, 70, 68, 0, 41, 42, 43, 46, 44, 45, 47, 48, 64, 61, 59, 58, 57, 63, 60, 62, 7, 8, 2, 1, 3, 6, 5, 4, 0, 75, 76, 78, 77, 80, 79, 73, 74, 49, 50, 52, 53, 51, 55, 56, 54, 25, 28, 27, 32, 30, 29, 31, 26, 17, 19, 18, 21, 23, 24, 22, 20, 0]
Elapsed time: 234.651291847229

mean: 78435.38838793909
std: 2299.706109335417
mean-time: 242.0335776567459
std-time: 15.948395261192466