i:0	126567.30638244291
i:50	96557.72332649944
i:100	90707.29111682218
i:150	88762.3454966092
i:200	88144.70567255204
i:250	87591.86415380513
i:300	87579.33071595653
i:350	87579.33071595653
i:400	87579.33071595653
i:450	87579.33071595653
i:500	87579.33071595653
i:550	87579.33071595653
i:600	87579.33071595653
i:650	87579.33071595653
best: 87579.33071595653
routes: [0, 4, 5, 6, 3, 1, 2, 8, 7, 9, 11, 10, 12, 13, 15, 16, 14, 0, 73, 74, 75, 76, 77, 80, 79, 78, 54, 55, 56, 53, 50, 49, 51, 52, 0, 25, 28, 27, 26, 32, 31, 30, 29, 24, 23, 21, 22, 20, 17, 19, 18, 0, 70, 68, 67, 69, 65, 66, 71, 72, 33, 35, 40, 39, 38, 36, 37, 34, 0, 41, 42, 43, 46, 44, 45, 47, 48, 63, 64, 61, 59, 58, 57, 62, 60, 0]
Elapsed time: 208.2905158996582

i:0	125667.0558342603
i:50	97189.19852043923
i:100	89879.05993883836
i:150	88880.79262643348
i:200	88151.80724656797
i:250	87978.37076740022
i:300	87978.37076740022
i:350	87978.37076740022
i:400	87978.37076740022
i:450	87978.37076740022
i:500	87978.37076740022
i:550	87978.37076740022
i:600	87636.76197368347
i:650	87636.76197368347
best: 87318.68137783173
routes: [0, 41, 42, 43, 46, 44, 45, 47, 48, 64, 61, 59, 58, 57, 63, 60, 62, 0, 73, 74, 75, 76, 77, 80, 79, 78, 54, 55, 56, 53, 50, 49, 51, 52, 0, 4, 5, 6, 3, 1, 2, 8, 7, 9, 11, 10, 12, 13, 15, 16, 14, 0, 35, 40, 39, 38, 36, 37, 34, 33, 71, 72, 69, 67, 65, 66, 70, 68, 0, 25, 27, 28, 26, 32, 31, 30, 29, 24, 23, 22, 21, 18, 17, 19, 20, 0]
Elapsed time: 202.00827765464783

i:0	131553.04398354646
i:50	93689.13438120796
i:100	91919.61716045007
i:150	89570.3880101539
i:200	89514.52017056986
i:250	89514.52017056986
i:300	88928.82432172057
i:350	88140.70463570942
i:400	87965.94197191403
i:450	87965.94197191403
i:500	87965.94197191403
i:550	87965.94197191403
i:600	87965.94197191403
i:650	87965.94197191403
best: 87965.94197191403
routes: [0, 25, 28, 27, 26, 32, 31, 30, 29, 24, 23, 21, 22, 20, 17, 19, 18, 0, 73, 74, 75, 77, 80, 79, 78, 76, 54, 55, 56, 53, 50, 49, 51, 52, 0, 4, 1, 2, 3, 5, 6, 7, 8, 70, 68, 67, 69, 72, 71, 65, 66, 0, 35, 34, 33, 36, 38, 39, 37, 40, 15, 16, 13, 12, 10, 9, 11, 14, 0, 41, 42, 43, 46, 44, 45, 47, 48, 64, 61, 59, 58, 57, 63, 60, 62, 0]
Elapsed time: 199.15924406051636

i:0	131048.73714992893
i:50	92945.93560108406
i:100	91192.14753014673
i:150	90595.13722713577
i:200	90431.0434517567
i:250	90181.54302925235
i:300	90016.87701741938
i:350	90016.87701741938
i:400	90016.87701741938
i:450	90016.87701741938
i:500	89888.67483762625
i:550	89888.67483762625
i:600	89888.67483762625
i:650	89888.67483762625
best: 89888.67483762625
routes: [0, 70, 68, 67, 69, 65, 66, 71, 72, 33, 35, 40, 39, 38, 36, 37, 34, 0, 4, 3, 1, 2, 7, 8, 6, 5, 9, 11, 10, 12, 13, 15, 16, 14, 0, 25, 28, 27, 32, 31, 30, 29, 26, 24, 23, 21, 22, 20, 17, 19, 18, 0, 41, 42, 43, 46, 44, 45, 47, 48, 64, 61, 59, 58, 57, 63, 60, 62, 0, 80, 78, 79, 75, 77, 76, 73, 74, 49, 54, 55, 56, 53, 52, 51, 50, 0]
Elapsed time: 188.93154501914978

i:0	121756.13109848317
i:50	93280.02897846267
i:100	90456.83251993266
i:150	88858.59205643453
i:200	88704.30645843716
i:250	88246.96501486942
i:300	88169.24317665306
i:350	87553.73366356232
i:400	87553.73366356232
i:450	87553.73366356232
i:500	87553.73366356232
i:550	87553.73366356232
i:600	87541.77622402429
i:650	87541.77622402429
best: 87541.77622402429
routes: [0, 35, 34, 37, 40, 39, 38, 36, 33, 71, 72, 69, 67, 65, 66, 70, 68, 0, 4, 3, 1, 2, 7, 8, 6, 5, 9, 11, 10, 12, 13, 15, 16, 14, 0, 41, 42, 43, 46, 44, 45, 47, 48, 63, 64, 61, 59, 58, 57, 62, 60, 0, 73, 74, 75, 76, 77, 80, 79, 78, 54, 55, 56, 53, 50, 49, 51, 52, 0, 25, 27, 28, 31, 30, 29, 32, 26, 24, 23, 21, 22, 20, 19, 17, 18, 0]
Elapsed time: 207.8450310230255

i:0	140706.12372929722
i:50	92970.14211985971
i:100	88755.45944960775
i:150	88755.45944960775
i:200	88582.02297044
i:250	88582.02297044
i:300	88582.02297044
i:350	87616.48307615012
i:400	87616.48307615012
i:450	87616.48307615012
i:500	87616.48307615012
i:550	87616.48307615012
i:600	87616.48307615012
i:650	87616.48307615012
best: 87616.48307615012
routes: [0, 4, 3, 1, 2, 7, 8, 6, 5, 9, 11, 10, 12, 13, 15, 16, 14, 0, 41, 42, 43, 46, 44, 45, 47, 48, 64, 61, 59, 58, 57, 63, 60, 62, 0, 25, 28, 27, 26, 32, 31, 30, 29, 24, 23, 21, 22, 20, 17, 19, 18, 0, 73, 74, 75, 76, 77, 80, 79, 78, 54, 55, 56, 53, 50, 49, 51, 52, 0, 70, 68, 67, 69, 71, 72, 65, 66, 33, 35, 40, 39, 38, 36, 37, 34, 0]
Elapsed time: 181.93301439285278

i:0	122132.91027902078
i:50	92187.79825661314
i:100	88677.00401482616
i:150	88124.1245160811
i:200	88124.1245160811
i:250	88124.1245160811
i:300	88124.1245160811
i:350	88124.1245160811
i:400	88124.1245160811
i:450	88124.1245160811
i:500	88124.1245160811
i:550	88124.1245160811
i:600	88124.1245160811
i:650	88124.1245160811
best: 88124.1245160811
routes: [0, 64, 61, 59, 58, 57, 63, 60, 62, 48, 46, 47, 45, 44, 43, 41, 42, 0, 35, 34, 37, 40, 39, 38, 36, 33, 71, 72, 69, 67, 65, 66, 70, 68, 0, 73, 74, 75, 76, 77, 80, 79, 78, 54, 55, 56, 53, 50, 49, 51, 52, 0, 4, 3, 1, 2, 7, 8, 6, 5, 9, 11, 10, 12, 13, 15, 16, 14, 0, 17, 19, 18, 21, 24, 23, 22, 20, 27, 26, 30, 29, 31, 32, 25, 28, 0]
Elapsed time: 181.42471170425415

i:0	123780.06089249089
i:50	93980.09945014653
i:100	90805.24299349674
i:150	90805.24299349674
i:200	90485.74075091198
i:250	90053.37683467072
i:300	90053.37683467072
i:350	90053.37683467072
i:400	90053.37683467072
i:450	90053.37683467072
i:500	89907.80546158915
i:550	89635.59356768697
i:600	89635.59356768697
i:650	89635.59356768697
best: 89635.59356768697
routes: [0, 4, 3, 1, 2, 7, 8, 6, 5, 9, 11, 10, 12, 13, 15, 16, 14, 0, 25, 28, 27, 32, 31, 30, 29, 26, 24, 23, 21, 22, 20, 17, 19, 18, 0, 41, 42, 43, 46, 44, 45, 47, 48, 64, 61, 59, 58, 57, 63, 60, 62, 0, 70, 68, 67, 69, 65, 66, 71, 72, 33, 35, 40, 39, 38, 36, 37, 34, 0, 73, 74, 75, 76, 79, 78, 77, 80, 54, 55, 56, 53, 50, 49, 51, 52, 0]
Elapsed time: 189.8251211643219

i:0	122124.17127699098
i:50	93548.01745926011
i:100	90274.2721959679
i:150	89491.01636415615
i:200	88656.43221325391
i:250	88656.43221325391
i:300	88580.76647622873
i:350	88428.71522161468
i:400	88428.71522161468
i:450	88428.71522161468
i:500	88428.71522161468
i:550	88428.71522161468
i:600	88428.71522161468
i:650	88350.11180334828
best: 88350.11180334828
routes: [0, 64, 61, 59, 58, 57, 63, 60, 62, 48, 46, 47, 45, 44, 43, 41, 42, 0, 4, 5, 6, 3, 1, 2, 8, 7, 9, 11, 10, 12, 13, 15, 16, 14, 0, 73, 74, 75, 77, 80, 79, 78, 76, 54, 55, 56, 53, 50, 49, 51, 52, 0, 35, 40, 39, 38, 36, 37, 34, 33, 71, 72, 69, 67, 65, 66, 70, 68, 0, 17, 19, 18, 21, 24, 23, 22, 20, 26, 30, 29, 31, 32, 25, 27, 28, 0]
Elapsed time: 194.09439659118652

i:0	114123.93363584188
i:50	91431.76384077793
i:100	89952.3632305662
i:150	88375.77674255602
i:200	87719.43180664415
i:250	87706.89836879555
i:300	87706.89836879555
i:350	87706.89836879555
i:400	87706.89836879555
i:450	87706.89836879555
i:500	87706.89836879555
i:550	87706.89836879555
i:600	87706.89836879555
i:650	87706.89836879555
best: 87706.89836879555
routes: [0, 35, 40, 39, 38, 36, 37, 34, 33, 71, 72, 69, 67, 65, 66, 70, 68, 0, 25, 28, 27, 32, 31, 30, 29, 26, 24, 23, 21, 22, 20, 17, 19, 18, 0, 41, 42, 43, 46, 44, 45, 47, 48, 63, 64, 61, 59, 58, 57, 62, 60, 0, 4, 3, 1, 2, 7, 8, 6, 5, 9, 11, 10, 12, 13, 15, 16, 14, 0, 54, 55, 56, 53, 52, 51, 50, 49, 73, 74, 75, 76, 77, 80, 79, 78, 0]
Elapsed time: 196.25978589057922

mean: 88172.76164594149
std: 846.5848306510717
mean-time: 194.97716434001921
std-time: 9.105437644837195