10980.701517345837
10293.186620413942
9228.00469178591
9228.00469178591
9228.00469178591
9228.00469178591
9228.00469178591
9228.00469178591
9228.00469178591
9228.00469178591
best_firefly: 9228.00469178591

11078.570649296025
10246.060346727965
9350.140322546285
9350.140322546285
9350.140322546285
9350.140322546285
9350.140322546285
9350.140322546285
9350.140322546285
9350.140322546285
best_firefly: 9350.140322546285

10947.682514800697
10113.455287276389
9508.032767824117
9508.032767824117
9508.032767824117
9508.032767824117
9508.032767824117
9508.032767824117
9508.032767824117
9508.032767824117
best_firefly: 9508.032767824117

10860.552796547096
10253.348142137316
8929.398738623966
8929.398738623966
8929.398738623966
8929.398738623966
8929.398738623966
8929.398738623966
8929.398738623966
8929.398738623966
best_firefly: 8929.398738623966

11030.62134342451
10110.671517093273
8832.942032856527
8832.942032856527
8832.942032856527
8832.942032856527
8832.942032856527
8832.942032856527
8832.942032856527
8832.942032856527
best_firefly: 8832.942032856527

10842.233180042824
9899.254375172613
8924.379413318642
8924.379413318642
8924.379413318642
8924.379413318642
8924.379413318642
8924.379413318642
8924.379413318642
8924.379413318642
best_firefly: 8924.379413318642

11235.104001591799
10233.98450966695
9387.677222713732
9387.677222713732
9387.677222713732
9387.677222713732
9387.677222713732
9387.677222713732
9387.677222713732
9387.677222713732
best_firefly: 9387.677222713732

11086.346294961179
10419.184631379903
9118.127970856822
9118.127970856822
9118.127970856822
9118.127970856822
9118.127970856822
9118.127970856822
9118.127970856822
9118.127970856822
best_firefly: 9118.127970856822

10868.580954416626
10243.720568896684
9203.392574392017
9203.392574392017
9203.392574392017
9203.392574392017
9203.392574392017
9203.392574392017
9203.392574392017
9203.392574392017
best_firefly: 9203.392574392017

11256.263886906107
10358.594962294552
8953.278307494813
8953.278307494813
8953.278307494813
8953.278307494813
8953.278307494813
8953.278307494813
8953.278307494813
8953.278307494813
best_firefly: 8953.278307494813

