10982.068846576829
10256.925118352972
10256.925118352972
10256.925118352972
10256.925118352972
10069.383351403147
10069.383351403147
9683.28277883624
9683.28277883624
9537.39891353352
best_firefly: 9210.509864534804

11017.4953712729
10390.013633395913
10390.013633395913
10146.649023108836
10146.649023108836
10124.99923489445
10120.302832248717
10099.847742499129
9942.55368582662
9802.40412084833
best_firefly: 9392.516211176904

11228.085243953168
10533.99108522963
10421.510185725947
10331.079630808614
9815.862233414317
9815.862233414317
9815.862233414317
9815.862233414317
9815.862233414317
9575.342514748078
best_firefly: 8724.222835528355

11076.07788616971
10219.39459597287
10201.532074677149
10175.484800874368
10175.484800874368
10175.484800874368
9960.468945385943
9960.468945385943
9914.09009276798
9835.227128068565
best_firefly: 9486.41400409151

10901.593924812509
10434.425270727766
10157.898772791512
10157.898772791512
10157.898772791512
10157.898772791512
10157.898772791512
10157.898772791512
9648.879864112516
9387.688645452461
best_firefly: 8629.662159650597

10897.794776669807
10597.43032559329
10470.931948906755
10417.981517695946
10336.414106040735
10138.623470285487
10011.556136524563
9940.486431853285
9443.212664844763
9156.651922191042
best_firefly: 8746.13519465484

11058.13825033019
10581.85716782082
10346.007833481028
10191.169889583927
10191.169889583927
10191.169889583927
10090.73111805482
10090.73111805482
9951.078318565465
9546.392851293404
best_firefly: 9389.456338700262

10784.500103750337
10335.452115214379
10335.452115214379
10212.105174365715
10212.105174365715
10212.105174365715
10212.105174365715
9826.509062930763
