10946.434948639579
10355.25711974642
10355.25711974642
10355.25711974642
10283.655877081434
9951.096732164935
9019.768684314455
8567.448766511912
8567.448766511912
8567.448766511912
best_firefly: 8567.448766511912

10898.112582279344
10434.472507886907
10434.472507886907
10241.490521927015
10241.490521927015
10066.357290654167
8687.351008121346
8448.887225968054
8448.887225968054
8448.887225968054
best_firefly: 8448.887225968054

11167.68141194325
10552.496541643162
10222.417360427382
10222.417360427382
10222.417360427382
9816.233437919735
8999.585922153108
8598.817955479144
8598.817955479144
8598.817955479144
best_firefly: 8598.817955479144

10952.123885144802
10391.930348685004
10177.061220237161
10177.061220237161
10177.061220237161
10085.535155598112
9345.823730240705
8545.414819689504
8545.414819689504
8545.414819689504
best_firefly: 8545.414819689504

10874.267684445507
10669.962330929713
10275.304960445148
10275.304960445148
10199.89096776094
10116.87363396654
