10868.826012186697
10597.811263268826
10247.223022362734
8535.272520558685
8535.272520558685
8535.272520558685
8535.272520558685
8535.272520558685
8535.272520558685
8535.272520558685
best_firefly: 8535.272520558685

10743.203263655054
10484.737865884901
10161.42803478127
9158.016183512082
9158.016183512082
9158.016183512082
9158.016183512082
9158.016183512082
9158.016183512082
9158.016183512082
best_firefly: 9158.016183512082

11194.250637684145
10596.792475730465
10337.956800554626
9089.300063966582
9089.300063966582
9089.300063966582
9089.300063966582
9089.300063966582
9089.300063966582
9089.300063966582
best_firefly: 9089.300063966582

11079.522316837885
10366.002464416943
10280.604435013047
9240.640172205336
9240.640172205336
9240.640172205336
9240.640172205336
9240.640172205336
9240.640172205336
9240.640172205336
best_firefly: 9240.640172205336

11022.573223228406
10396.69036660058
10396.69036660058
8862.684777486458
8862.684777486458
8862.684777486458
8862.684777486458
8862.684777486458
8862.684777486458
8862.684777486458
best_firefly: 8862.684777486458

11024.011142634467
10456.619551439508
10221.86850053473
8350.855622332845
8350.855622332845
8350.855622332845
8350.855622332845
8350.855622332845
8350.855622332845
8350.855622332845
best_firefly: 8350.855622332845

10959.740593327599
10408.513627869885
9866.064095954047
8821.035995922182
8821.035995922182
8821.035995922182
8821.035995922182
8821.035995922182
8821.035995922182
8821.035995922182
best_firefly: 8821.035995922182

10950.177913135523
10475.819023633814
10050.121746412016
8756.106943778861
8756.106943778861
8756.106943778861
8756.106943778861
8756.106943778861
8756.106943778861
8756.106943778861
best_firefly: 8756.106943778861

11160.184647504775
10495.734263712078
10239.50854865848
8884.211105104181
8884.211105104181
8884.211105104181
8884.211105104181
8884.211105104181
8884.211105104181
8884.211105104181
best_firefly: 8884.211105104181

11133.805835599282
10511.732132218234
10069.9988901828
8660.461515466832
8660.461515466832
8660.461515466832
8660.461515466832
8660.461515466832
8660.461515466832
8660.461515466832
best_firefly: 8660.461515466832

