10886.01705847296
10589.975695414585
10545.073975399697
10127.55839523211
9928.60475310488
8260.657746653347
8260.657746653347
8260.657746653347
8260.657746653347
8260.657746653347
best_firefly: 8260.657746653347

11202.651619674047
10485.6197407527
10344.294187402817
10344.294187402817
9502.10674045057
8733.223032626822
8733.223032626822
8733.223032626822
8733.223032626822
8733.223032626822
best_firefly: 8733.223032626822

10887.281695555459
10413.061075296973
10413.061075296973
10149.969750977278
9764.747456877822
8787.48888615799
8787.48888615799
8787.48888615799
8787.48888615799
8787.48888615799
best_firefly: 8787.48888615799

10869.547064638668
10464.352404548452
10464.352404548452
10130.895175132235
9537.398009742024
8976.784034611408
8976.784034611408
8976.784034611408
8976.784034611408
8976.784034611408
best_firefly: 8976.784034611408

11081.904909700423
10442.011306564245
10265.47452353525
10253.025986003413
9569.07980426473
9128.41327647112
9128.41327647112
9128.41327647112
9128.41327647112
9128.41327647112
best_firefly: 9128.41327647112

11010.17168515876
10612.11770209037
10328.70399632512
10296.040441915171
9642.178143444442
8339.159811844977
8339.159811844977
8339.159811844977
8339.159811844977
8339.159811844977
best_firefly: 8339.159811844977

11242.52202868526
10375.433884462309
10375.433884462309
10331.925330775799
9495.497965068593
8762.653325697247
8762.653325697247
8762.653325697247
8762.653325697247
8762.653325697247
best_firefly: 8762.653325697247

11125.990442082977
10690.512374682457
10260.053308727149
10201.907173659432
9822.399819900564
8849.315661470957
8849.315661470957
8849.315661470957
8849.315661470957
8849.315661470957
best_firefly: 8849.315661470957

11023.635068864918
10478.60542099554
10444.375956557717
10275.283905033913
9580.309059146117
8851.977308850257
8851.977308850257
8851.977308850257
8851.977308850257
8851.977308850257
best_firefly: 8851.977308850257

11230.985217756863
10513.059626380962
10217.011691560821
10217.011691560821
9884.023226524558
8304.380047752058
8304.380047752058
8304.380047752058
8304.380047752058
8304.380047752058
best_firefly: 8304.380047752058

