10875.905946266725
10525.227414746714
10402.336118036514
10402.336118036514
10402.336118036514
10402.336118036514
10402.336118036514
10402.336118036514
10297.431840223286
10164.10155412121
best_firefly: 10123.070426474806

11095.319248261472
10574.24459515046
10443.898556605047
10443.898556605047
10443.898556605047
10380.018241341813
10271.953336269098
10271.953336269098
10271.953336269098
10204.903880252781
best_firefly: 10204.903880252781

10906.548569185217
10627.02814145953
10493.06769202121
10493.06769202121
10175.536698940514
10175.536698940514
10175.536698940514
10175.536698940514
10162.352242676845
9760.199431722185
best_firefly: 9760.199431722185

10489.539582425281
10489.539582425281
10489.539582425281
10480.917881845924
10352.381500153228
10352.381500153228
10352.381500153228
10272.55860908027
10272.55860908027
10272.55860908027
best_firefly: 10272.55860908027

11162.064427497377
10191.026833545087
10191.026833545087
10191.026833545087
10191.026833545087
10191.026833545087
10191.026833545087
10174.704660379255
10174.704660379255
10171.89521775869
