10582.768509592028
10430.169086502101
10430.169086502101
10430.169086502101
10331.049796250192
10331.049796250192
10083.471852220142
9628.605558814328
8407.022227198544
8247.384174961788
best_firefly: 8247.384174961788

11232.538139059594
10428.422017930236
10428.422017930236
10350.441983272962
10229.837353035064
10229.837353035064
10214.011596506138
9751.768070209924
8566.366750402478
8554.740668900833
best_firefly: 8554.740668900833

11115.972256962381
10529.82711075462
10529.82711075462
10341.66122074979
10265.012638579054
10124.491239862473
9860.094854508401
9576.337967081128
8902.413390089567
8858.856039246868
best_firefly: 8858.856039246868

11050.75080261498
10521.533426981317
10484.689590192684
10331.494477362965
10241.89429173563
10241.89429173563
10172.97592558004
9564.562498914926
8735.63257079893
8635.632173251592
best_firefly: 8635.632173251592

11158.810613281035
10408.207006196466
10408.207006196466
10408.207006196466
10083.369775155752
10083.369775155752
9701.769751616814
9493.880151900805
8527.73741353408
8527.73741353408
best_firefly: 8527.73741353408

11063.692635647916
10341.82777484768
10341.82777484768
10341.82777484768
9877.107589868087
9877.107589868087
9877.107589868087
9740.2433801196
9020.714048408772
9012.020452805078
best_firefly: 9012.020452805078

10847.693035893002
10547.922493944932
10513.745186540811
10513.745186540811
10438.722092893151
10333.721191984312
10030.749988346259
9633.058342663251
9100.263548336186
9100.263548336186
best_firefly: 9100.263548336186

10972.825940187147
10545.159748955699
10522.477941144789
10423.185022729582
10209.783421481268
9938.708271509458
9901.479892212017
9888.769891353215
9179.56936066485
8950.298652159494
best_firefly: 8950.298652159494

11021.316699640996
10563.517664433426
10344.638693955569
10114.875199487346
10114.875199487346
10114.875199487346
10114.875199487346
9762.436688319087
8580.80536848441
8580.80536848441
best_firefly: 8580.80536848441

11005.384815554258
10236.02039031342
10236.02039031342
10236.02039031342
10236.02039031342
10236.02039031342
10059.44246258789
9484.33997412771
8828.824511047162
8828.824511047162
best_firefly: 8828.824511047162

