i:0	156688.23618308821
i:50	118030.54140801317
i:100	114151.89746175292
i:150	112471.08973686068
i:200	112341.6289188106
i:250	112167.3911673765
i:300	111439.90327091777
i:350	111426.90091493123
i:400	111350.81682102432
i:450	110834.5265753278
i:500	109012.67810093002
i:550	108315.72852745392
i:600	108187.32303779236
i:650	107827.46156723598
best: 107827.46156723598
routes: [0, 43, 45, 47, 48, 50, 46, 49, 44, 41, 42, 0, 79, 80, 71, 72, 73, 75, 78, 74, 77, 76, 58, 60, 59, 57, 56, 55, 54, 53, 51, 52, 0, 91, 92, 93, 94, 95, 96, 99, 97, 98, 100, 31, 38, 39, 40, 35, 36, 37, 32, 33, 34, 0, 21, 24, 22, 23, 25, 26, 27, 29, 30, 28, 0, 11, 12, 13, 14, 15, 18, 17, 19, 20, 16, 0, 84, 83, 82, 81, 85, 87, 88, 86, 89, 90, 0, 61, 62, 63, 64, 65, 68, 67, 66, 69, 70, 0, 1, 2, 8, 7, 9, 10, 5, 6, 3, 4, 0]
Elapsed time: 341.8835530281067

i:0	155912.5138841938
i:50	115894.15747273483
i:100	113044.61381473708
i:150	111502.92422365744
i:200	109779.97153505031
i:250	109424.62928849376
i:300	109219.98950092655
i:350	108908.93668600432
i:400	108361.41029100145
i:450	108361.41029100145
i:500	108236.45158917045
i:550	107728.53516650884
i:600	107648.95771581888
i:650	107566.17234968595
best: 107507.93435718563
routes: [0, 11, 12, 14, 13, 15, 18, 17, 19, 20, 16, 0, 69, 70, 66, 67, 68, 65, 63, 61, 62, 64, 0, 91, 92, 93, 94, 95, 96, 99, 97, 98, 100, 31, 37, 36, 35, 40, 39, 38, 34, 33, 32, 0, 1, 2, 8, 7, 9, 10, 5, 6, 3, 4, 0, 43, 42, 41, 44, 46, 45, 47, 49, 50, 48, 0, 76, 74, 71, 72, 73, 75, 78, 77, 80, 79, 58, 60, 59, 57, 56, 55, 54, 53, 51, 52, 0, 90, 86, 89, 88, 87, 81, 82, 85, 83, 84, 0, 21, 23, 24, 26, 25, 27, 28, 30, 29, 22, 0]
Elapsed time: 339.88773250579834

i:0	158293.717194403
i:50	115476.65312856183
i:100	113029.72232521282
i:150	111592.23505210085
i:200	111170.11856735371
i:250	109974.26596561274
i:300	108904.07502759047
i:350	108649.29929635997
i:400	107574.78670772909
i:450	107450.41882922883
i:500	107411.23891263916
i:550	107411.23891263916
i:600	106329.75383903124
i:650	106201.55943262641
best: 106094.98820308437
routes: [0, 43, 41, 44, 46, 49, 50, 48, 47, 45, 42, 0, 51, 52, 53, 56, 55, 54, 57, 59, 60, 58, 76, 71, 72, 73, 75, 78, 80, 79, 77, 74, 0, 84, 83, 82, 81, 87, 88, 85, 89, 90, 86, 0, 21, 23, 22, 26, 25, 27, 29, 30, 28, 24, 0, 61, 62, 63, 64, 65, 68, 67, 66, 69, 70, 0, 91, 92, 93, 94, 95, 97, 98, 96, 99, 100, 31, 39, 38, 37, 40, 35, 36, 32, 33, 34, 0, 13, 11, 14, 12, 15, 18, 17, 19, 20, 16, 0, 4, 3, 6, 5, 10, 9, 7, 8, 2, 1, 0]
Elapsed time: 346.7313332557678

i:0	151215.28715562797
i:50	115862.30789486304
i:100	111937.86911424741
i:150	110403.79979044308
i:200	108844.18081621164
i:250	108463.28206291597
i:300	108226.17959495471
i:350	108122.63080041458
i:400	107869.53141255832
i:450	107730.56493314564
i:500	107688.26299135556
i:550	107431.87946324768
i:600	107227.43793241019
i:650	107088.83458453754
best: 107060.50141718416
routes: [0, 13, 11, 12, 14, 15, 18, 17, 19, 20, 16, 0, 4, 3, 6, 5, 10, 9, 7, 8, 2, 1, 0, 90, 89, 88, 87, 81, 82, 85, 83, 86, 84, 0, 43, 45, 46, 44, 41, 42, 47, 49, 50, 48, 0, 51, 53, 52, 54, 55, 57, 56, 59, 60, 58, 79, 77, 80, 75, 78, 73, 72, 71, 74, 76, 0, 69, 70, 67, 68, 66, 65, 64, 63, 61, 62, 0, 92, 91, 93, 94, 95, 96, 97, 98, 99, 100, 31, 39, 37, 36, 35, 40, 38, 34, 33, 32, 0, 21, 23, 22, 25, 26, 27, 29, 30, 28, 24, 0]
Elapsed time: 342.81389141082764

i:0	146522.8415092972
i:50	120152.97698596679
i:100	113042.32805757894
i:150	111373.37462495454
i:200	110286.37206775122
i:250	110027.37084751212
i:300	108998.22785004304
i:350	108576.90013062766
i:400	108421.39175076217
i:450	108305.06244790216
i:500	108065.35722536236
i:550	108065.35722536236
i:600	107988.97899792128
i:650	107928.2372692407
best: 107727.16866597344
routes: [0, 1, 3, 6, 5, 10, 9, 7, 8, 2, 4, 0, 76, 77, 74, 71, 72, 73, 75, 78, 79, 80, 58, 60, 59, 57, 55, 56, 53, 51, 52, 54, 0, 89, 88, 87, 81, 82, 83, 85, 86, 90, 84, 0, 61, 62, 63, 64, 65, 68, 67, 66, 69, 70, 0, 43, 48, 47, 49, 50, 46, 44, 41, 45, 42, 0, 91, 92, 93, 94, 96, 95, 98, 97, 99, 100, 31, 33, 34, 39, 38, 37, 40, 35, 36, 32, 0, 11, 12, 14, 13, 15, 18, 17, 19, 20, 16, 0, 21, 22, 23, 25, 27, 29, 30, 28, 26, 24, 0]
Elapsed time: 344.09710907936096

i:0	157619.57785762078
i:50	115812.37319929303
i:100	112852.92650527612
i:150	112024.39965094972
i:200	111103.66646647181
i:250	110587.22960108262
i:300	109817.59018060964
i:350	108866.36893176878
i:400	108733.48725540192
i:450	108733.48725540192
i:500	108733.48725540192
i:550	108733.48725540192
i:600	108733.48725540192
i:650	108733.48725540192
best: 108733.48725540192
routes: [0, 54, 55, 56, 52, 51, 53, 57, 59, 60, 58, 76, 77, 78, 75, 73, 72, 71, 74, 79, 80, 0, 13, 11, 12, 14, 17, 19, 20, 18, 15, 16, 0, 61, 62, 63, 64, 65, 68, 69, 70, 67, 66, 0, 43, 42, 45, 46, 44, 41, 47, 49, 50, 48, 0, 21, 23, 25, 29, 30, 28, 27, 26, 24, 22, 0, 90, 86, 85, 83, 82, 81, 87, 88, 89, 84, 0, 91, 92, 93, 94, 95, 97, 98, 96, 99, 100, 31, 39, 40, 36, 35, 37, 38, 32, 33, 34, 0, 4, 5, 6, 2, 1, 3, 8, 7, 9, 10, 0]
Elapsed time: 341.82813477516174

i:0	155807.54008690655
i:50	113518.4436736337
i:100	110017.15973642013
i:150	109189.64503947188
i:200	108758.86918340501
i:250	108758.86918340501
i:300	108453.88597101562
i:350	108271.97014824455
i:400	108053.41983995299
i:450	108053.41983995297
i:500	107568.38850554806
i:550	107052.7772706642
i:600	106845.27542445001
i:650	106845.27542445001
best: 106845.27542445001
routes: [0, 43, 42, 41, 44, 46, 49, 50, 47, 45, 48, 0, 61, 62, 63, 64, 65, 69, 70, 67, 68, 66, 0, 4, 5, 10, 6, 7, 9, 8, 3, 1, 2, 0, 51, 52, 53, 56, 55, 54, 57, 59, 60, 58, 77, 79, 80, 78, 75, 73, 72, 71, 74, 76, 0, 21, 25, 27, 29, 30, 28, 26, 22, 23, 24, 0, 91, 92, 93, 95, 94, 96, 97, 98, 99, 100, 31, 39, 38, 40, 35, 36, 37, 32, 33, 34, 0, 90, 84, 86, 89, 85, 83, 82, 81, 87, 88, 0, 11, 12, 14, 17, 19, 20, 16, 13, 15, 18, 0]
Elapsed time: 345.0413076877594

i:0	146931.31148430763
i:50	113956.86421554942
i:100	108824.99895968562
i:150	108071.86975811371
i:200	107955.22715287289
i:250	107819.51230292983
i:300	107412.56207997234
i:350	107412.56207997234
i:400	107149.35371933965
i:450	107149.35371933965
i:500	107026.34268829713
i:550	106984.41594311922
i:600	106984.41594311921
i:650	106849.43638862643
best: 106576.39544462712
routes: [0, 91, 92, 93, 94, 95, 96, 99, 97, 98, 100, 31, 39, 40, 35, 36, 37, 38, 34, 33, 32, 0, 43, 45, 42, 41, 44, 46, 49, 47, 50, 48, 0, 21, 24, 23, 22, 25, 27, 29, 30, 28, 26, 0, 51, 52, 53, 56, 55, 54, 57, 59, 60, 58, 79, 80, 71, 72, 73, 75, 78, 77, 74, 76, 0, 69, 70, 67, 68, 66, 65, 64, 63, 61, 62, 0, 11, 17, 19, 20, 18, 15, 14, 12, 13, 16, 0, 90, 84, 86, 89, 85, 83, 82, 81, 87, 88, 0, 5, 6, 10, 9, 7, 8, 2, 1, 3, 4, 0]
Elapsed time: 345.1843283176422

i:0	150028.39181715762
i:50	114825.29919734912
i:100	111801.43251969786
i:150	109850.15264464763
i:200	109819.87849238818
i:250	109744.36106428519
i:300	108366.55669838708
i:350	107508.30815656105
i:400	107335.57087814788
i:450	107335.57087814786
i:500	107170.24654434815
i:550	106676.68946970618
i:600	106615.76295232569
i:650	106502.15899980407
best: 106502.15899980407
routes: [0, 90, 84, 83, 82, 81, 85, 86, 89, 87, 88, 0, 69, 70, 66, 67, 68, 65, 64, 63, 61, 62, 0, 43, 45, 42, 41, 44, 46, 47, 49, 50, 48, 0, 21, 25, 29, 27, 30, 28, 26, 24, 23, 22, 0, 51, 53, 52, 54, 55, 57, 56, 59, 60, 58, 80, 79, 77, 74, 71, 72, 73, 75, 78, 76, 0, 91, 92, 93, 94, 95, 96, 99, 97, 98, 100, 31, 33, 34, 38, 39, 40, 35, 36, 37, 32, 0, 4, 3, 6, 5, 10, 7, 9, 8, 2, 1, 0, 11, 12, 13, 15, 14, 17, 19, 20, 18, 16, 0]
Elapsed time: 344.38657093048096

i:0	157076.80321653912
i:50	118389.05430283846
i:100	113692.56777694673
i:150	112674.77269574189
i:200	111946.56962227286
i:250	110664.75192471416
i:300	110017.25110835485
i:350	109577.49864866387
i:400	109272.25284882923
i:450	108998.80897978564
i:500	108998.80897978562
i:550	108812.45108703154
i:600	108812.45108703154
i:650	108387.9331810811
best: 108303.51854534115
routes: [0, 69, 70, 66, 67, 68, 65, 63, 64, 61, 62, 0, 79, 77, 76, 74, 71, 72, 73, 75, 78, 80, 58, 60, 59, 57, 54, 55, 56, 53, 51, 52, 0, 91, 92, 93, 95, 94, 96, 97, 98, 99, 100, 31, 34, 33, 39, 38, 37, 40, 35, 36, 32, 0, 13, 15, 12, 11, 14, 17, 18, 19, 20, 16, 0, 21, 23, 22, 25, 29, 30, 28, 27, 26, 24, 0, 43, 42, 41, 44, 45, 48, 47, 46, 49, 50, 0, 90, 86, 89, 85, 88, 87, 81, 82, 83, 84, 0, 4, 5, 6, 10, 9, 7, 8, 2, 3, 1, 0]
Elapsed time: 342.8560321331024

mean: 107317.88898802879
std: 802.4339069325865
mean-time: 343.4709993124008
std-time: 1.9007943852708225