i:0	149601.40580249226
i:50	105778.07653245387
i:100	103207.77179469478
i:150	101820.90026185616
i:200	98016.05324846836
i:250	96171.44878810312
i:300	94798.36626582596
i:350	94421.4367887484
i:400	94421.4367887484
i:450	94006.19805702011
i:500	93910.37056374754
i:550	93020.83952717888
i:600	92927.05919718614
i:650	92825.89072668071
best: 92809.11615288648
routes: [0, 31, 39, 40, 36, 35, 37, 38, 34, 33, 32, 28, 30, 29, 27, 25, 26, 24, 21, 23, 22, 20, 19, 17, 14, 12, 11, 13, 15, 18, 16, 0, 96, 97, 100, 98, 99, 95, 94, 93, 91, 92, 61, 62, 63, 64, 65, 66, 67, 68, 69, 70, 0, 51, 52, 53, 56, 57, 55, 54, 58, 60, 59, 79, 74, 76, 71, 72, 73, 75, 78, 77, 80, 0, 4, 5, 6, 2, 1, 3, 10, 7, 8, 9, 84, 83, 82, 81, 87, 88, 85, 86, 89, 90, 41, 42, 43, 45, 47, 44, 46, 49, 50, 48, 0]
Elapsed time: 365.8283898830414

i:0	151175.47610468903
i:50	104765.59572825932
i:100	103140.49479002696
i:150	101220.08572576928
i:200	100766.27762939637
i:250	100670.70436936297
i:300	100289.55027247866
i:350	100053.42556684901
i:400	100053.42556684901
i:450	99625.45194673035
i:500	99625.45194673035
i:550	99625.45194673035
i:600	99625.45194673035
i:650	99625.45194673035
best: 99625.45194673035
routes: [0, 98, 95, 94, 91, 92, 93, 97, 99, 100, 96, 69, 70, 64, 63, 65, 67, 68, 66, 61, 62, 31, 33, 34, 39, 40, 36, 35, 37, 32, 38, 0, 4, 5, 10, 8, 7, 6, 3, 1, 2, 9, 76, 74, 71, 72, 73, 75, 78, 77, 79, 80, 58, 53, 56, 60, 59, 57, 55, 54, 51, 52, 0, 84, 83, 89, 90, 85, 82, 81, 87, 88, 86, 41, 44, 42, 43, 48, 46, 47, 45, 49, 50, 14, 15, 17, 19, 20, 18, 12, 11, 13, 16, 0, 24, 21, 23, 22, 25, 27, 30, 29, 28, 26, 0]
Elapsed time: 405.92132544517517

i:0	146929.20289303857
i:50	108374.68432896739
i:100	107584.90093434052
i:150	102114.1989078288
i:200	101882.53107787267
i:250	98843.18629176306
i:300	96352.97196134634
i:350	94529.42400509737
i:400	94455.94587860258
i:450	93501.0382173753
i:500	93048.13141656473
i:550	93048.13141656473
i:600	92895.38721067841
i:650	92741.26553371259
best: 92741.26553371259
routes: [0, 96, 99, 100, 98, 97, 95, 94, 93, 91, 92, 61, 62, 63, 64, 65, 69, 70, 67, 68, 66, 0, 52, 51, 53, 58, 56, 55, 54, 57, 60, 59, 74, 71, 72, 73, 75, 78, 76, 77, 79, 80, 0, 4, 1, 5, 6, 10, 3, 2, 8, 7, 9, 90, 84, 83, 81, 82, 85, 86, 89, 87, 88, 41, 42, 43, 45, 44, 46, 49, 50, 47, 48, 0, 31, 34, 33, 32, 38, 39, 40, 37, 35, 36, 30, 28, 27, 29, 25, 26, 24, 21, 23, 22, 16, 13, 15, 18, 20, 19, 17, 14, 11, 12, 0]
Elapsed time: 368.2009301185608

i:0	138642.66916214972
i:50	107198.07801221049
i:100	102885.14696857831
i:150	102602.53954195036
i:200	102540.34315129503
i:250	101196.92149521197
i:300	99877.57068619778
i:350	98861.81880743032
i:400	97021.90525639922
i:450	94794.05338413567
i:500	93600.7620148152
i:550	93249.86282924749
i:600	93195.86111341295
i:650	93091.84118823295
best: 92923.35990997919
routes: [0, 31, 39, 40, 36, 35, 37, 38, 34, 33, 32, 28, 30, 29, 27, 25, 26, 24, 21, 23, 22, 20, 19, 17, 14, 15, 18, 16, 13, 11, 12, 0, 91, 92, 93, 95, 97, 99, 98, 100, 96, 94, 69, 70, 67, 68, 66, 65, 62, 61, 63, 64, 0, 77, 71, 72, 73, 75, 78, 74, 76, 79, 80, 56, 54, 55, 57, 59, 60, 58, 53, 51, 52, 0, 1, 2, 3, 4, 5, 6, 10, 7, 8, 9, 43, 42, 45, 46, 49, 50, 48, 47, 44, 41, 86, 84, 83, 85, 82, 81, 87, 88, 89, 90, 0]
Elapsed time: 384.07977056503296

i:0	148212.11810823312
i:50	105878.77352614471
i:100	99319.79785842591
i:150	98605.30286971842
i:200	96753.66310769039
i:250	94650.07260795502
i:300	92845.68764144473
i:350	92601.32807826482
i:400	92132.90093336195
i:450	91940.96214236233
i:500	91632.03688766096
i:550	91565.35349684753
i:600	90895.02568797399
i:650	90274.95915416777
best: 90242.01225773343
routes: [0, 91, 92, 93, 94, 95, 96, 99, 100, 97, 98, 63, 62, 61, 64, 65, 67, 68, 66, 69, 70, 31, 39, 40, 36, 35, 37, 38, 34, 33, 32, 0, 76, 74, 71, 72, 73, 75, 78, 77, 79, 80, 58, 57, 59, 60, 56, 53, 51, 52, 55, 54, 2, 1, 3, 6, 7, 8, 9, 10, 5, 4, 0, 90, 89, 88, 87, 81, 82, 83, 85, 86, 84, 41, 42, 43, 48, 47, 45, 44, 46, 49, 50, 17, 19, 20, 18, 13, 11, 12, 14, 15, 16, 0, 21, 23, 22, 25, 26, 27, 29, 30, 28, 24, 0]
Elapsed time: 360.33439016342163

i:0	142316.05424015858
i:50	109261.5493674
i:100	105242.80296907091
i:150	104662.18396073533
i:200	104017.36075775075
i:250	103713.6598413006
i:300	101800.856519044
i:350	96792.2131935414
i:400	95138.49745177878
i:450	94435.60452897509
i:500	93334.75056862897
i:550	92439.67699981225
i:600	91742.53063921798
i:650	90000.93325713472
best: 89855.7599519475
routes: [0, 51, 53, 52, 56, 54, 55, 57, 59, 60, 58, 76, 79, 80, 77, 74, 71, 72, 73, 75, 78, 61, 62, 63, 64, 65, 68, 67, 69, 70, 66, 0, 31, 39, 38, 37, 40, 35, 36, 33, 34, 32, 21, 24, 23, 26, 25, 27, 29, 30, 28, 22, 16, 12, 11, 13, 20, 17, 18, 19, 15, 14, 0, 89, 90, 86, 84, 83, 85, 82, 81, 87, 88, 41, 44, 46, 49, 50, 48, 47, 45, 42, 43, 9, 8, 7, 10, 5, 6, 2, 1, 3, 4, 0, 91, 92, 93, 94, 97, 100, 99, 98, 96, 95, 0]
Elapsed time: 385.8331649303436

i:0	152180.79139975383
i:50	107445.79992105378
i:100	106014.74508168304
i:150	103823.71145903488
i:200	103823.71145903488
i:250	103823.71145903488
i:300	103823.71145903488
i:350	103823.71145903488
i:400	103823.71145903488
i:450	103495.71597263894
i:500	103495.71597263894
i:550	103495.71597263894
i:600	103495.71597263894
i:650	103450.71129115284
best: 103450.71129115284
routes: [0, 93, 94, 99, 100, 95, 97, 98, 96, 91, 92, 69, 70, 63, 64, 65, 67, 68, 66, 61, 62, 0, 79, 80, 77, 74, 71, 72, 73, 78, 75, 76, 53, 51, 54, 55, 57, 59, 60, 58, 56, 52, 0, 32, 33, 34, 31, 38, 39, 40, 35, 36, 37, 30, 29, 27, 28, 24, 21, 25, 26, 23, 22, 12, 11, 15, 16, 13, 18, 20, 19, 17, 14, 0, 4, 1, 3, 8, 5, 6, 10, 7, 2, 9, 89, 82, 81, 87, 83, 85, 88, 86, 90, 84, 43, 42, 41, 44, 46, 49, 50, 47, 45, 48, 0]
Elapsed time: 409.6973044872284

i:0	153783.9844785313
i:50	110974.45271266534
i:100	106629.73482531332
i:150	105500.30666667706
i:200	103266.76646917762
i:250	102576.92242348981
i:300	101477.41754878913
i:350	99070.71257361319
i:400	97277.17768783796
i:450	97168.80256835104
i:500	96065.75700951669
i:550	95314.83274303471
i:600	94930.16206325832
i:650	94779.2917165802
best: 94127.28929605967
routes: [0, 52, 51, 53, 56, 54, 55, 57, 60, 59, 58, 76, 71, 72, 73, 75, 78, 79, 80, 77, 74, 0, 99, 100, 95, 97, 98, 96, 94, 93, 91, 92, 61, 62, 63, 65, 69, 70, 66, 67, 68, 64, 0, 43, 42, 45, 48, 47, 49, 50, 46, 44, 41, 88, 87, 81, 82, 83, 85, 86, 84, 89, 90, 9, 8, 7, 10, 5, 6, 3, 2, 1, 4, 0, 31, 34, 33, 38, 39, 40, 35, 36, 37, 32, 24, 21, 23, 25, 29, 30, 28, 27, 26, 22, 15, 18, 20, 19, 17, 14, 12, 11, 13, 16, 0]
Elapsed time: 383.2487072944641

i:0	145621.32178490583
i:50	106000.5345249361
i:100	103407.14550143482
i:150	103407.14550143482
i:200	103407.14550143482
i:250	103407.14550143482
i:300	103407.14550143482
i:350	103407.14550143482
i:400	103407.14550143482
i:450	103407.14550143482
i:500	103407.14550143482
i:550	103407.14550143482
i:600	103407.14550143482
i:650	103117.31247370166
best: 101357.49606565273
routes: [0, 1, 2, 3, 5, 10, 6, 4, 7, 8, 9, 89, 90, 84, 81, 87, 88, 83, 82, 85, 86, 42, 44, 41, 43, 45, 46, 49, 50, 47, 48, 0, 51, 52, 53, 58, 59, 60, 56, 57, 55, 54, 76, 77, 79, 80, 73, 72, 71, 74, 75, 78, 0, 34, 33, 37, 36, 35, 40, 39, 31, 38, 32, 26, 29, 28, 30, 27, 22, 21, 25, 23, 24, 20, 19, 17, 14, 11, 12, 15, 13, 18, 16, 0, 93, 92, 91, 95, 94, 98, 99, 97, 100, 96, 69, 70, 66, 67, 68, 65, 64, 63, 61, 62, 0]
Elapsed time: 403.7015013694763

i:0	154969.0109907601
i:50	102126.44293834054
i:100	102126.44293834054
i:150	102126.44293834054
i:200	102126.44293834054
i:250	102126.44293834054
i:300	102126.44293834054
i:350	102126.44293834054
i:400	102126.44293834054
i:450	102126.44293834054
i:500	102126.44293834054
i:550	102126.44293834054
i:600	102126.44293834054
i:650	102126.44293834054
best: 102126.44293834054
routes: [0, 4, 3, 7, 8, 2, 9, 10, 5, 6, 1, 51, 52, 53, 54, 55, 56, 57, 60, 58, 59, 76, 71, 72, 73, 75, 78, 77, 74, 79, 80, 0, 95, 98, 97, 99, 100, 96, 94, 93, 91, 92, 63, 65, 69, 70, 67, 68, 66, 64, 61, 62, 0, 84, 86, 82, 83, 85, 90, 89, 81, 87, 88, 43, 41, 42, 45, 44, 46, 47, 48, 49, 50, 12, 11, 13, 20, 17, 19, 15, 18, 16, 14, 0, 31, 34, 32, 33, 37, 40, 35, 36, 39, 38, 27, 29, 30, 28, 24, 23, 25, 26, 21, 22, 0]
Elapsed time: 408.5239951610565

mean: 95925.89053441954
std: 4894.058682559945
mean-time: 387.5369479417801
std-time: 17.745934364405205