i:0	145419.75663868905
i:50	108718.62168944828
i:100	101267.78578734894
i:150	98983.23343766053
i:200	97452.72924967672
i:250	97335.2545496053
i:300	97211.05773160234
i:350	92698.67152501283
i:400	92043.605903769
i:450	91459.31098829926
i:500	91368.78217104876
i:550	91245.81123134182
i:600	91164.45316141928
i:650	91158.66559638151
best: 91158.66559638151
routes: [0, 89, 90, 84, 83, 82, 81, 87, 88, 85, 86, 41, 43, 42, 44, 45, 47, 46, 49, 50, 48, 12, 11, 14, 13, 15, 17, 19, 20, 18, 16, 0, 21, 23, 24, 22, 25, 28, 26, 27, 29, 30, 35, 36, 40, 37, 39, 38, 31, 34, 33, 32, 0, 52, 51, 53, 56, 55, 54, 57, 59, 60, 58, 79, 77, 74, 71, 72, 73, 75, 78, 80, 76, 1, 3, 6, 2, 8, 7, 9, 10, 5, 4, 0, 93, 95, 94, 91, 92, 97, 98, 96, 99, 100, 69, 70, 66, 67, 68, 65, 64, 63, 61, 62, 0]
Elapsed time: 366.5919418334961

i:0	143684.77193753255
i:50	105140.18695264397
i:100	102581.52037551868
i:150	101648.78771115713
i:200	100869.12556258283
i:250	100869.12556258283
i:300	100869.12556258283
i:350	100869.12556258283
i:400	100706.99606240995
i:450	100706.99606240995
i:500	100540.88120125586
i:550	100540.88120125586
i:600	100540.88120125586
i:650	99741.69596767324
best: 99483.77719025465
routes: [0, 51, 52, 53, 55, 56, 54, 57, 59, 60, 58, 76, 77, 74, 71, 72, 73, 75, 78, 79, 80, 6, 10, 4, 5, 9, 7, 8, 3, 2, 1, 0, 96, 100, 97, 98, 99, 95, 94, 91, 93, 92, 61, 62, 65, 64, 63, 69, 70, 66, 67, 68, 0, 90, 89, 85, 88, 87, 81, 82, 83, 86, 84, 41, 43, 42, 44, 48, 47, 45, 46, 49, 50, 15, 17, 19, 20, 18, 12, 11, 13, 14, 16, 0, 31, 38, 37, 36, 35, 40, 39, 34, 33, 32, 23, 21, 24, 26, 25, 29, 28, 30, 27, 22, 0]
Elapsed time: 413.4512002468109

i:0	145563.87849207091
i:50	107896.70854644115
i:100	102694.11997218768
i:150	98918.38268210522
i:200	96378.00863270144
i:250	94127.2700437224
i:300	93621.92110310738
i:350	92702.35516282736
i:400	91534.94091652939
i:450	91320.4588908467
i:500	91320.4588908467
i:550	91170.8869116869
i:600	90510.94130670754
i:650	90510.94130670754
best: 90510.94130670754
routes: [0, 91, 92, 93, 96, 99, 100, 97, 98, 95, 94, 62, 61, 63, 64, 65, 66, 67, 68, 69, 70, 31, 39, 40, 35, 36, 37, 38, 34, 33, 32, 24, 21, 23, 25, 27, 29, 30, 28, 26, 22, 0, 86, 84, 83, 82, 87, 88, 90, 85, 89, 81, 41, 42, 45, 44, 46, 49, 50, 47, 48, 43, 13, 11, 12, 14, 15, 17, 19, 20, 18, 16, 0, 51, 52, 53, 56, 54, 55, 57, 59, 60, 58, 71, 72, 73, 75, 78, 77, 74, 76, 79, 80, 10, 5, 6, 9, 7, 8, 2, 1, 3, 4, 0]
Elapsed time: 356.5863265991211

i:0	153211.86897599188
i:50	107695.30368719183
i:100	105055.77607616819
i:150	97682.26661674745
i:200	94436.46568911793
i:250	94060.56931398851
i:300	92711.87004895776
i:350	92359.64593884851
i:400	92270.67154434565
i:450	91966.66397622942
i:500	91966.66397622942
i:550	91966.66397622942
i:600	91966.66397622942
i:650	91966.66397622942
best: 91966.66397622942
routes: [0, 91, 92, 93, 94, 95, 96, 99, 100, 97, 98, 69, 70, 67, 68, 66, 62, 61, 63, 65, 64, 0, 79, 80, 75, 78, 73, 72, 71, 77, 74, 76, 58, 60, 59, 57, 55, 54, 56, 53, 51, 52, 0, 4, 10, 9, 8, 2, 1, 3, 5, 6, 7, 90, 85, 87, 81, 82, 83, 84, 86, 89, 88, 41, 42, 43, 45, 47, 44, 46, 49, 50, 48, 12, 11, 13, 15, 14, 17, 19, 20, 18, 16, 0, 21, 23, 22, 25, 27, 29, 30, 28, 26, 24, 32, 37, 36, 35, 40, 39, 38, 33, 34, 31, 0]
Elapsed time: 305.5587623119354

i:0	157046.11604334085
i:50	104900.44347515394
i:100	101925.00404821931
i:150	100433.3660458627
i:200	99837.53891235052
i:250	98517.28765167933
i:300	96647.29405395708
i:350	95682.40712360288
i:400	94786.18961131373
i:450	94786.18961131373
i:500	92516.63643170964
i:550	92516.63643170964
i:600	92516.63643170964
i:650	92516.63643170964
best: 92516.63643170964
routes: [0, 92, 91, 93, 94, 95, 96, 97, 99, 100, 98, 61, 62, 63, 64, 65, 67, 68, 66, 69, 70, 31, 39, 38, 34, 33, 32, 37, 35, 36, 40, 0, 76, 71, 72, 73, 75, 78, 74, 77, 79, 80, 58, 56, 52, 51, 53, 59, 60, 57, 55, 54, 1, 8, 2, 4, 5, 6, 10, 9, 7, 3, 0, 90, 89, 88, 87, 85, 82, 81, 83, 84, 86, 41, 43, 42, 44, 46, 45, 47, 49, 50, 48, 20, 18, 17, 19, 14, 12, 11, 13, 15, 16, 29, 25, 27, 30, 28, 26, 24, 21, 23, 22, 0]
Elapsed time: 390.7541139125824

i:0	153124.28302532018
i:50	106567.73005840564
i:100	104134.51294279777
i:150	100624.10605946589
i:200	96626.52652750378
i:250	96626.52652750378
i:300	95567.9183947908
i:350	95567.9183947908
i:400	94725.14039358535
i:450	94725.14039358535
i:500	94725.14039358535
i:550	94725.14039358535
i:600	94725.14039358535
i:650	94331.898769287
best: 92315.72379839975
routes: [0, 76, 74, 71, 72, 73, 75, 78, 77, 80, 79, 58, 53, 51, 52, 56, 59, 60, 55, 57, 54, 0, 96, 97, 99, 100, 98, 95, 94, 93, 91, 92, 64, 62, 61, 63, 65, 68, 66, 67, 69, 70, 31, 39, 40, 36, 35, 37, 38, 34, 33, 32, 0, 13, 11, 12, 16, 20, 18, 19, 17, 15, 14, 48, 47, 50, 49, 45, 46, 44, 43, 42, 41, 87, 88, 84, 82, 81, 83, 85, 86, 89, 90, 8, 7, 10, 9, 2, 1, 3, 6, 5, 4, 0, 21, 23, 22, 25, 28, 30, 29, 27, 26, 24, 0]
Elapsed time: 406.1389424800873

i:0	147157.79619700092
i:50	109409.26176167064
i:100	106514.9545150511
i:150	101253.32718992067
i:200	97697.09219008283
i:250	97672.83690901683
i:300	97541.81976126452
i:350	95597.72456120007
i:400	94831.83946400671
i:450	93410.61786819895
i:500	92660.35961687859
i:550	92473.3432706694
i:600	92042.88771725283
i:650	91542.76430350207
best: 91542.76430350207
routes: [0, 31, 38, 37, 36, 35, 40, 39, 34, 33, 32, 30, 28, 27, 29, 25, 26, 24, 21, 23, 22, 16, 13, 11, 12, 14, 15, 17, 19, 20, 18, 0, 51, 52, 53, 56, 54, 55, 57, 59, 60, 58, 71, 72, 73, 75, 78, 77, 74, 76, 79, 80, 0, 43, 42, 45, 47, 46, 49, 50, 48, 44, 41, 88, 87, 81, 82, 83, 85, 86, 84, 89, 90, 9, 10, 7, 8, 2, 1, 3, 6, 5, 4, 0, 100, 99, 97, 98, 96, 93, 95, 94, 91, 92, 61, 63, 64, 65, 68, 67, 69, 70, 66, 62, 0]
Elapsed time: 372.34475564956665

i:0	158883.0364088014
i:50	110234.34786982615
i:100	103413.19817481565
i:150	98635.20922890006
i:200	97622.38289966919
i:250	97622.38289966919
i:300	97622.38289966919
i:350	94905.43456096445
i:400	94608.98776439932
i:450	92720.70960393705
i:500	92720.70960393705
i:550	91046.27078762304
i:600	91046.27078762304
i:650	91046.27078762304
best: 91046.27078762304
routes: [0, 91, 92, 93, 94, 98, 95, 96, 97, 99, 100, 61, 62, 63, 64, 65, 67, 69, 70, 68, 66, 31, 33, 34, 38, 39, 40, 35, 36, 37, 32, 0, 51, 52, 53, 56, 55, 54, 57, 59, 60, 58, 79, 80, 78, 75, 77, 74, 71, 72, 73, 76, 8, 2, 9, 10, 7, 6, 5, 3, 4, 1, 0, 84, 83, 85, 82, 81, 87, 88, 89, 90, 86, 41, 45, 42, 43, 47, 44, 46, 49, 50, 48, 11, 12, 14, 15, 17, 19, 20, 18, 13, 16, 22, 26, 27, 29, 30, 28, 25, 23, 24, 21, 0]
Elapsed time: 404.0715608596802

i:0	150229.6627975815
i:50	108918.28206062227
i:100	105388.95735103838
i:150	103372.10040784371
i:200	102347.64127423149
i:250	102347.64127423149
i:300	102347.64127423149
i:350	102347.64127423149
i:400	102347.64127423149
i:450	102347.64127423149
i:500	102123.82061843273
i:550	102123.82061843273
i:600	102123.82061843273
i:650	99541.3881593936
best: 99452.39891061187
routes: [0, 52, 51, 53, 56, 54, 55, 57, 59, 60, 58, 79, 78, 75, 76, 77, 74, 71, 72, 73, 80, 0, 96, 93, 92, 91, 95, 98, 97, 99, 100, 94, 61, 62, 63, 64, 65, 69, 70, 67, 68, 66, 31, 39, 40, 36, 35, 37, 38, 34, 33, 32, 0, 4, 1, 3, 8, 7, 9, 10, 5, 6, 2, 86, 85, 87, 83, 89, 90, 84, 82, 81, 88, 46, 49, 50, 47, 45, 44, 42, 41, 43, 48, 0, 13, 12, 11, 14, 17, 19, 18, 20, 16, 15, 23, 26, 29, 27, 25, 30, 28, 21, 24, 22, 0]
Elapsed time: 412.9539051055908

i:0	136392.81886033498
i:50	112305.16310812865
i:100	105914.77371581252
i:150	101184.30926619985
i:200	99748.64328899844
i:250	99597.5739771959
i:300	97592.87795683308
i:350	93126.78803307297
i:400	91505.89643661941
i:450	89701.79242047778
i:500	89701.79242047778
i:550	89701.79242047778
i:600	89701.79242047778
i:650	89701.79242047778
best: 89701.79242047778
routes: [0, 51, 52, 53, 56, 54, 55, 57, 59, 60, 58, 79, 77, 74, 71, 72, 73, 75, 78, 80, 76, 9, 7, 8, 2, 1, 3, 6, 10, 5, 4, 0, 95, 97, 99, 100, 94, 93, 96, 91, 92, 98, 63, 64, 62, 61, 65, 66, 67, 68, 69, 70, 31, 39, 38, 37, 36, 35, 40, 32, 33, 34, 0, 21, 24, 25, 27, 29, 30, 28, 26, 23, 22, 16, 17, 18, 20, 19, 12, 15, 13, 14, 11, 43, 45, 48, 47, 49, 50, 46, 44, 42, 41, 89, 85, 88, 87, 81, 82, 83, 84, 86, 90, 0]
Elapsed time: 390.7657268047333

mean: 92969.56347218974
std: 3344.217466645877
mean-time: 381.92172358036044
std-time: 31.60747601574679