i:0	64513.13104336088
i:50	53305.9535574817
i:100	52153.622553659116
i:150	49998.952917717215
i:200	49908.26923233859
i:250	49297.499486481836
i:300	49221.78777363929
i:350	49221.78777363929
i:400	49011.94591651979
i:450	48970.705097166094
i:500	48970.705097166094
i:550	48970.705097166094
i:600	48767.646196952606
i:650	48767.646196952606
best: 48767.646196952606
routes: [0, 11, 13, 12, 14, 16, 15, 17, 18, 20, 19, 23, 24, 26, 29, 30, 28, 27, 25, 22, 21, 48, 47, 41, 42, 43, 45, 46, 49, 50, 44, 0, 4, 5, 6, 10, 9, 7, 8, 2, 3, 1, 31, 33, 35, 38, 37, 39, 40, 36, 34, 32, 0]
Elapsed time: 204.51015996932983

i:0	65207.8500018031
i:50	48943.187439675516
i:100	48291.36321385533
i:150	47921.20959948151
i:200	47541.895221533145
i:250	47541.895221533145
i:300	47217.48540456505
i:350	47217.48540456505
i:400	46911.206822893335
i:450	46798.36372512607
i:500	46429.849390545685
i:550	46429.849390545685
i:600	46429.849390545685
i:650	46429.849390545685
best: 46429.849390545685
routes: [0, 4, 1, 2, 3, 6, 5, 10, 7, 8, 9, 50, 44, 46, 49, 45, 43, 42, 41, 47, 48, 21, 22, 23, 25, 24, 26, 29, 30, 27, 28, 0, 12, 15, 17, 19, 20, 18, 16, 14, 13, 11, 39, 40, 36, 37, 38, 35, 34, 33, 31, 32, 0]
Elapsed time: 181.75503587722778

i:0	64385.268277469906
i:50	49463.49591408933
i:100	47899.44860853111
i:150	47570.7987635671
i:200	47157.026609727545
i:250	47157.026609727545
i:300	47157.026609727545
i:350	47157.026609727545
i:400	47157.026609727545
i:450	47110.217505224544
i:500	46953.32706870038
i:550	46953.32706870038
i:600	46796.27058247276
i:650	46796.27058247276
best: 46796.27058247276
routes: [0, 23, 28, 27, 29, 30, 26, 24, 25, 22, 21, 49, 48, 47, 41, 42, 43, 45, 46, 50, 44, 8, 7, 9, 10, 5, 6, 2, 1, 3, 4, 0, 12, 13, 15, 17, 19, 20, 18, 16, 14, 11, 39, 40, 36, 37, 38, 35, 34, 33, 31, 32, 0]
Elapsed time: 177.52476930618286

i:0	67852.41340300531
i:50	49984.5792201587
i:100	48305.619576120735
i:150	47296.291357292575
i:200	47011.166880973906
i:250	46927.8269539406
i:300	46724.82986780045
i:350	46612.12900222468
i:400	46481.08731312734
i:450	46481.08731312734
i:500	46481.08731312734
i:550	46481.08731312734
i:600	46481.08731312734
i:650	46481.08731312734
best: 46481.08731312734
routes: [0, 12, 15, 17, 19, 20, 18, 16, 14, 13, 11, 39, 40, 36, 37, 38, 35, 34, 33, 31, 32, 0, 23, 22, 25, 27, 29, 30, 28, 26, 24, 21, 48, 47, 41, 42, 45, 43, 44, 46, 49, 50, 9, 10, 7, 8, 2, 1, 3, 6, 5, 4, 0]
Elapsed time: 194.97110795974731

i:0	62964.73406289799
i:50	49519.8115505391
i:100	49130.849186343825
i:150	48914.76116880898
i:200	48610.75573366626
i:250	48267.19463935876
i:300	48267.19463935876
i:350	47568.47243754097
i:400	47454.76362889685
i:450	47363.77513470457
i:500	47363.77513470457
i:550	47363.77513470457
i:600	47363.77513470457
i:650	47171.2882068538
best: 47171.2882068538
routes: [0, 12, 15, 17, 19, 20, 18, 16, 14, 13, 11, 39, 40, 36, 37, 38, 35, 34, 33, 31, 32, 0, 23, 22, 25, 28, 27, 29, 30, 26, 24, 21, 47, 41, 42, 43, 45, 48, 46, 49, 50, 44, 8, 2, 1, 3, 6, 7, 9, 10, 5, 4, 0]
Elapsed time: 187.89641070365906

i:0	62152.91145097128
i:50	50669.70370824693
i:100	48746.02403113985
i:150	48485.01438584119
i:200	48343.085803595284
i:250	47851.45324787163
i:300	47647.27362729149
i:350	47610.808858565564
i:400	47610.808858565564
i:450	47416.735011806464
i:500	46986.680501161914
i:550	46986.680501161914
i:600	46986.680501161914
i:650	46986.680501161914
best: 46986.680501161914
routes: [0, 23, 22, 25, 27, 29, 30, 28, 26, 24, 21, 48, 47, 41, 42, 43, 45, 46, 49, 50, 44, 8, 7, 9, 10, 5, 6, 2, 1, 3, 4, 0, 12, 15, 17, 19, 20, 18, 16, 14, 13, 11, 31, 32, 33, 34, 35, 38, 37, 36, 39, 40, 0]
Elapsed time: 206.97562766075134

i:0	70911.51118801741
i:50	50844.12800880363
i:100	48514.055756550835
i:150	47866.86616941057
i:200	47054.10634739458
i:250	47054.10634739458
i:300	47054.10634739458
i:350	47054.10634739458
i:400	47054.10634739458
i:450	47054.10634739458
i:500	47054.10634739458
i:550	47054.10634739458
i:600	47054.10634739458
i:650	47054.10634739458
best: 47054.10634739458
routes: [0, 12, 13, 15, 17, 19, 20, 18, 16, 14, 11, 31, 32, 33, 34, 35, 38, 37, 36, 39, 40, 0, 23, 24, 26, 29, 30, 28, 27, 25, 22, 21, 48, 47, 41, 42, 45, 43, 44, 46, 49, 50, 9, 10, 5, 6, 7, 8, 2, 1, 3, 4, 0]
Elapsed time: 146.26340770721436

i:0	60450.73764962292
i:50	48358.03303930409
i:100	47636.06078211025
i:150	47548.184041071945
i:200	47108.49134613964
i:250	47108.49134613964
i:300	46883.042869862606
i:350	46883.042869862606
i:400	46883.042869862606
i:450	46883.042869862606
i:500	46883.042869862606
i:550	46883.042869862606
i:600	46883.042869862606
i:650	46883.042869862606
best: 46883.042869862606
routes: [0, 4, 1, 2, 3, 6, 5, 10, 7, 8, 9, 49, 50, 44, 46, 45, 43, 42, 41, 47, 48, 21, 22, 23, 25, 27, 24, 26, 29, 30, 28, 0, 11, 13, 12, 16, 15, 17, 19, 20, 18, 14, 39, 40, 36, 37, 38, 35, 34, 33, 31, 32, 0]
Elapsed time: 173.1230549812317

i:0	66034.38857533065
i:50	51196.46849963041
i:100	49947.486204345856
i:150	49931.59849756347
i:200	48238.33633488805
i:250	47674.81551389904
i:300	47075.59980776637
i:350	46530.652959003884
i:400	46397.65626652409
i:450	46255.19090187787
i:500	46255.19090187787
i:550	46255.19090187787
i:600	46255.19090187787
i:650	46027.85767704385
best: 46027.85767704385
routes: [0, 23, 24, 26, 29, 30, 28, 27, 25, 22, 21, 48, 47, 41, 42, 43, 45, 49, 50, 46, 44, 8, 7, 9, 10, 5, 6, 2, 1, 3, 4, 0, 11, 13, 12, 15, 17, 19, 20, 18, 16, 14, 39, 40, 36, 37, 38, 35, 34, 33, 31, 32, 0]
Elapsed time: 186.05920147895813

i:0	67743.00770158405
i:50	49267.87699175824
i:100	47995.118934517894
i:150	47102.92852838395
i:200	46911.74570214672
i:250	46911.74570214672
i:300	46911.74570214672
i:350	46911.74570214672
i:400	46911.74570214672
i:450	46911.74570214672
i:500	46911.74570214672
i:550	46911.74570214672
i:600	46911.74570214672
i:650	46907.06159989275
best: 46907.06159989275
routes: [0, 4, 1, 2, 3, 6, 5, 10, 7, 8, 9, 50, 46, 49, 44, 43, 45, 42, 41, 47, 48, 21, 24, 26, 29, 30, 28, 27, 25, 23, 22, 0, 11, 13, 12, 15, 19, 17, 20, 18, 16, 14, 39, 40, 36, 37, 38, 35, 34, 33, 31, 32, 0]
Elapsed time: 152.49532675743103

mean: 46950.489068530784
std: 688.1663528644771
mean-time: 181.15741024017333
std-time: 18.945716516664646