i:0	83127.94296511276
i:50	58541.737781532174
i:100	58528.924641529404
i:150	58528.924641529404
i:200	58528.924641529404
i:250	58528.924641529404
i:300	58528.924641529404
i:350	58528.924641529404
i:400	58528.924641529404
i:450	58528.924641529404
i:500	58528.924641529404
i:550	58528.924641529404
i:600	58528.924641529404
i:650	58528.924641529404
best: 58528.924641529404
routes: [0, 26, 28, 27, 29, 30, 39, 36, 38, 37, 40, 33, 34, 35, 32, 31, 50, 49, 48, 47, 46, 0, 16, 20, 17, 19, 18, 11, 14, 13, 15, 12, 8, 7, 9, 10, 6, 23, 25, 22, 24, 21, 41, 42, 45, 43, 44, 5, 3, 2, 1, 4, 0]
Elapsed time: 52.48874545097351

i:0	88029.15087011679
i:50	61950.76574407656
i:100	59597.97060556449
i:150	59597.97060556449
i:200	59541.67599600241
i:250	59541.67599600241
i:300	59541.67599600241
i:350	59541.67599600241
i:400	59541.67599600241
i:450	59541.67599600241
i:500	59541.67599600241
i:550	59541.67599600241
i:600	59541.67599600241
i:650	59541.67599600241
best: 59541.67599600241
routes: [0, 49, 50, 48, 47, 46, 33, 34, 35, 32, 31, 40, 38, 37, 39, 36, 29, 30, 28, 27, 26, 1, 2, 5, 3, 4, 0, 44, 43, 45, 42, 41, 21, 24, 23, 25, 22, 6, 8, 7, 9, 10, 12, 11, 14, 13, 15, 20, 18, 17, 19, 16, 0]
Elapsed time: 55.77560806274414

i:0	79534.38108562997
i:50	60091.68418477467
i:100	59991.46029085829
i:150	59991.46029085829
i:200	59991.46029085829
i:250	59991.46029085829
i:300	59991.46029085829
i:350	59982.87658683659
i:400	59982.87658683659
i:450	59982.87658683659
i:500	59982.87658683659
i:550	59982.87658683659
i:600	59980.846356896334
i:650	59980.846356896334
best: 59980.846356896334
routes: [0, 27, 26, 28, 30, 29, 39, 36, 38, 37, 40, 31, 32, 34, 33, 35, 50, 49, 47, 46, 48, 0, 4, 5, 3, 1, 2, 44, 43, 45, 41, 42, 21, 24, 25, 23, 22, 6, 8, 7, 9, 10, 12, 11, 14, 13, 15, 20, 18, 17, 19, 16, 0]
Elapsed time: 53.73502445220947

i:0	90180.54466651536
i:50	58173.611438460764
i:100	58173.611438460764
i:150	58173.611438460764
i:200	58173.611438460764
i:250	58173.611438460764
i:300	58173.611438460764
i:350	58173.611438460764
i:400	58173.611438460764
i:450	58173.611438460764
i:500	58173.611438460764
i:550	58173.611438460764
i:600	58173.611438460764
i:650	58173.611438460764
best: 58173.611438460764
routes: [0, 49, 50, 48, 47, 46, 33, 34, 35, 32, 31, 40, 38, 37, 39, 36, 29, 30, 28, 27, 26, 0, 16, 20, 17, 19, 18, 11, 14, 13, 15, 12, 8, 7, 9, 10, 6, 23, 25, 22, 24, 21, 41, 42, 45, 43, 44, 5, 3, 2, 1, 4, 0]
Elapsed time: 56.788674116134644

i:0	83130.01991259058
i:50	60987.38966172549
i:100	60987.38966172549
i:150	60077.21452856291
i:200	60071.26764536957
i:250	60071.26764536957
i:300	60071.26764536957
i:350	60071.26764536957
i:400	60071.26764536957
i:450	60071.26764536957
i:500	60071.26764536957
i:550	60071.26764536957
i:600	60071.26764536957
i:650	60071.26764536957
best: 60071.26764536957
routes: [0, 26, 28, 27, 29, 30, 39, 40, 37, 36, 38, 32, 31, 34, 35, 33, 50, 49, 48, 47, 46, 0, 4, 5, 3, 1, 2, 44, 43, 45, 41, 42, 21, 24, 25, 23, 22, 6, 8, 7, 9, 10, 12, 11, 14, 13, 15, 20, 18, 17, 19, 16, 0]
Elapsed time: 52.235013246536255

i:0	85261.12258961255
i:50	60329.75993191195
i:100	59541.67599600241
i:150	59541.67599600241
i:200	59541.67599600241
i:250	59541.67599600241
i:300	59541.67599600241
i:350	59541.67599600241
i:400	59541.67599600241
i:450	59541.67599600241
i:500	59541.67599600241
i:550	59541.67599600241
i:600	59541.67599600241
i:650	59541.67599600241
best: 59541.67599600241
routes: [0, 49, 50, 48, 47, 46, 33, 34, 35, 32, 31, 40, 38, 37, 39, 36, 29, 30, 28, 27, 26, 1, 2, 5, 3, 4, 0, 44, 43, 45, 42, 41, 21, 24, 23, 25, 22, 6, 8, 7, 9, 10, 12, 11, 14, 13, 15, 20, 18, 17, 19, 16, 0]
Elapsed time: 53.26062226295471

i:0	83536.88918711297
i:50	60802.77470896636
i:100	59047.02274909364
i:150	59047.02274909364
i:200	59047.02274909364
i:250	59047.02274909364
i:300	59047.02274909364
i:350	59047.02274909364
i:400	59047.02274909364
i:450	59047.02274909364
i:500	59047.02274909364
i:550	59047.02274909364
i:600	59047.02274909364
i:650	59047.02274909364
best: 58714.96651372487
routes: [0, 4, 3, 1, 2, 5, 23, 25, 22, 24, 21, 41, 42, 45, 43, 44, 39, 40, 38, 37, 36, 29, 30, 28, 27, 26, 0, 50, 49, 48, 47, 46, 31, 32, 35, 33, 34, 16, 18, 17, 19, 20, 15, 13, 14, 11, 12, 8, 7, 9, 10, 6, 0]
Elapsed time: 70.89414358139038

i:0	80901.43813913214
i:50	60172.250295244856
i:100	59541.67599600241
i:150	59541.67599600241
i:200	59541.67599600241
i:250	59541.67599600241
i:300	59541.67599600241
i:350	59541.67599600241
i:400	59541.67599600241
i:450	59541.67599600241
i:500	59541.67599600241
i:550	59541.67599600241
i:600	59541.67599600241
i:650	59541.67599600241
best: 59541.67599600241
routes: [0, 49, 50, 48, 47, 46, 33, 34, 35, 32, 31, 40, 38, 37, 39, 36, 29, 30, 28, 27, 26, 1, 2, 5, 3, 4, 0, 44, 43, 45, 42, 41, 21, 24, 23, 25, 22, 6, 8, 7, 9, 10, 12, 11, 14, 13, 15, 20, 18, 17, 19, 16, 0]
Elapsed time: 55.61898493766785

i:0	80947.80542321739
i:50	59355.36469115567
i:100	58232.42647951857
i:150	58173.611438460764
i:200	58173.611438460764
i:250	58173.611438460764
i:300	58173.611438460764
i:350	58173.611438460764
i:400	58173.611438460764
i:450	58173.611438460764
i:500	58173.611438460764
i:550	58173.611438460764
i:600	58173.611438460764
i:650	58173.611438460764
best: 58173.611438460764
routes: [0, 49, 50, 48, 47, 46, 33, 34, 35, 32, 31, 40, 38, 37, 39, 36, 29, 30, 28, 27, 26, 0, 16, 20, 17, 19, 18, 11, 14, 13, 15, 12, 8, 7, 9, 10, 6, 23, 25, 22, 24, 21, 41, 42, 45, 43, 44, 5, 3, 2, 1, 4, 0]
Elapsed time: 65.34915733337402

i:0	84135.15763635188
i:50	59480.850891597205
i:100	58714.96651372487
i:150	58714.96651372487
i:200	58714.96651372487
i:250	58714.96651372487
i:300	58714.96651372487
i:350	58714.96651372487
i:400	58714.96651372487
i:450	58714.96651372487
i:500	58714.96651372487
i:550	58714.96651372487
i:600	58714.96651372487
i:650	58714.96651372487
best: 58714.96651372487
routes: [0, 4, 3, 1, 2, 5, 23, 25, 22, 24, 21, 41, 42, 45, 43, 44, 39, 40, 38, 37, 36, 29, 30, 28, 27, 26, 0, 50, 49, 48, 47, 46, 31, 32, 35, 33, 34, 16, 18, 17, 19, 20, 15, 13, 14, 11, 12, 8, 7, 9, 10, 6, 0]
Elapsed time: 64.66374325752258

mean: 59098.32225361738
std: 681.4305703051743
mean-time: 58.08097167015076
std-time: 6.172148261672239