i:0	65546.646053826
i:50	52035.07233832157
i:100	50578.90719881309
i:150	50376.5380152539
i:200	50330.85804959442
i:250	50330.85804959442
i:300	50330.85804959442
i:350	49939.216535903426
i:400	49939.216535903426
i:450	49773.32405901411
i:500	49599.30547449108
i:550	49599.30547449108
i:600	49599.30547449108
i:650	49599.30547449108
best: 49599.30547449108
routes: [0, 23, 24, 26, 29, 30, 28, 27, 25, 22, 21, 48, 47, 41, 42, 43, 45, 46, 49, 50, 44, 0, 4, 3, 6, 5, 10, 9, 7, 8, 2, 1, 31, 32, 33, 34, 35, 38, 36, 37, 39, 40, 0, 11, 13, 15, 17, 19, 20, 18, 16, 14, 12, 0]
Elapsed time: 146.78081631660461

i:0	69337.08618203222
i:50	51429.91212646237
i:100	50675.01104993189
i:150	50030.64409819019
i:200	50030.64409819019
i:250	50030.64409819019
i:300	50030.64409819019
i:350	50030.64409819019
i:400	50030.64409819019
i:450	50030.64409819019
i:500	49901.025307141375
i:550	49561.114245729026
i:600	49561.114245729026
i:650	49561.114245729026
best: 49561.114245729026
routes: [0, 23, 24, 26, 29, 30, 28, 27, 25, 22, 21, 48, 47, 41, 42, 43, 45, 46, 49, 50, 44, 0, 4, 3, 6, 5, 10, 9, 7, 8, 2, 1, 31, 32, 33, 34, 35, 38, 36, 37, 39, 40, 0, 11, 13, 12, 15, 16, 17, 19, 20, 18, 14, 0]
Elapsed time: 133.54660487174988

i:0	69464.83516891494
i:50	53957.111300053875
i:100	52855.86971717563
i:150	51560.17851483888
i:200	51376.996970518325
i:250	50985.35545682733
i:300	50468.08929652967
i:350	50333.1097420369
i:400	50136.78782010206
i:450	50136.78782010206
i:500	49992.585968652595
i:550	49992.585968652595
i:600	49992.585968652595
i:650	49992.585968652595
best: 49992.585968652595
routes: [0, 50, 44, 46, 49, 47, 41, 42, 43, 45, 48, 21, 22, 23, 25, 24, 26, 29, 30, 27, 28, 0, 4, 3, 6, 5, 10, 9, 7, 8, 2, 1, 31, 32, 33, 34, 35, 38, 36, 37, 39, 40, 0, 11, 13, 12, 15, 17, 19, 20, 18, 16, 14, 0]
Elapsed time: 168.70493602752686

i:0	69926.88494082897
i:50	51392.60608129608
i:100	50796.047447562814
i:150	50564.23492376832
i:200	50247.03834212993
i:250	50247.03834212993
i:300	49962.84394089866
i:350	49840.48526510766
i:400	49586.27814532588
i:450	49540.5981796664
i:500	49540.5981796664
i:550	49540.5981796664
i:600	49540.5981796664
i:650	49540.5981796664
best: 49540.5981796664
routes: [0, 12, 15, 17, 19, 20, 18, 16, 14, 13, 11, 39, 40, 37, 38, 36, 35, 34, 33, 31, 32, 0, 23, 22, 25, 27, 29, 30, 28, 26, 24, 21, 48, 47, 41, 42, 43, 45, 46, 49, 50, 44, 0, 1, 2, 8, 7, 9, 10, 5, 6, 3, 4, 0]
Elapsed time: 168.00281500816345

i:0	72891.0294937183
i:50	52826.8050932631
i:100	50940.32507034356
i:150	50591.84718843894
i:200	50531.476206576364
i:250	50531.476206576364
i:300	50498.216986441694
i:350	50295.21990030153
i:400	50295.21990030153
i:450	50073.062779609114
i:500	50073.062779609114
i:550	50073.062779609114
i:600	50073.062779609114
i:650	50073.062779609114
best: 50073.062779609114
routes: [0, 23, 22, 25, 27, 29, 30, 28, 26, 24, 21, 47, 48, 46, 44, 43, 42, 41, 45, 49, 50, 0, 4, 3, 8, 7, 9, 10, 5, 6, 2, 1, 31, 32, 33, 34, 35, 36, 37, 38, 39, 40, 0, 11, 13, 12, 15, 17, 19, 20, 18, 16, 14, 0]
Elapsed time: 154.78819847106934

i:0	67527.91096429896
i:50	53125.57675171186
i:100	51264.02306219181
i:150	50516.3392470211
i:200	49915.32944771617
i:250	49915.32944771617
i:300	49537.52964132713
i:350	49537.52964132713
i:400	49537.52964132713
i:450	49421.523039484404
i:500	49421.523039484404
i:550	49421.523039484404
i:600	49191.215624387914
i:650	49191.215624387914
best: 49191.215624387914
routes: [0, 23, 22, 25, 27, 29, 30, 28, 26, 24, 21, 47, 48, 45, 42, 41, 43, 44, 46, 49, 50, 0, 11, 13, 12, 15, 17, 19, 20, 18, 16, 14, 39, 40, 36, 37, 38, 35, 34, 33, 31, 32, 0, 1, 3, 2, 8, 7, 9, 10, 5, 6, 4, 0]
Elapsed time: 161.00863814353943

i:0	64150.60095315213
i:50	52320.890521221874
i:100	50911.62723401883
i:150	50060.73385776547
i:200	49989.99221378959
i:250	49989.99221378959
i:300	49989.99221378959
i:350	49563.94831552548
i:400	49505.75759360628
i:450	49505.75759360628
i:500	49502.8996445347
i:550	49502.8996445347
i:600	49502.8996445347
i:650	49502.8996445347
best: 49502.8996445347
routes: [0, 23, 24, 26, 29, 30, 28, 27, 25, 22, 21, 48, 47, 41, 42, 43, 45, 46, 49, 50, 44, 0, 4, 6, 5, 10, 9, 7, 8, 3, 2, 1, 31, 32, 33, 34, 35, 38, 36, 37, 39, 40, 0, 11, 13, 12, 15, 17, 19, 20, 18, 16, 14, 0]
Elapsed time: 146.5572965145111

i:0	67983.01442288492
i:50	51907.23162349644
i:100	51056.494042241175
i:150	50870.08886081868
i:200	50776.11594496123
i:250	50776.11594496123
i:300	50436.20488354888
i:350	50436.20488354888
i:400	50436.20488354888
i:450	50436.20488354888
i:500	50436.20488354888
i:550	50436.20488354888
i:600	50436.20488354888
i:650	50436.20488354888
best: 50436.20488354888
routes: [0, 4, 3, 6, 5, 10, 9, 7, 8, 2, 1, 31, 32, 33, 34, 35, 38, 36, 37, 39, 40, 0, 50, 46, 49, 44, 43, 45, 42, 41, 47, 48, 21, 22, 23, 27, 25, 24, 26, 29, 30, 28, 0, 11, 15, 17, 19, 20, 18, 16, 14, 13, 12, 0]
Elapsed time: 154.37680554389954

i:0	66100.29183122514
i:50	55258.433463439986
i:100	53387.00275142511
i:150	51970.3649957729
i:200	50913.02089324945
i:250	50644.843783179225
i:300	50626.444940907364
i:350	50626.444940907364
i:400	50626.444940907364
i:450	50626.444940907364
i:500	49816.993111100375
i:550	49816.993111100375
i:600	49816.993111100375
i:650	49816.993111100375
best: 49816.993111100375
routes: [0, 11, 13, 12, 15, 17, 19, 20, 18, 16, 14, 39, 40, 37, 38, 36, 35, 34, 33, 31, 32, 0, 50, 46, 49, 44, 43, 45, 42, 41, 47, 48, 21, 22, 23, 25, 24, 26, 29, 30, 27, 28, 0, 1, 3, 2, 8, 7, 9, 10, 5, 6, 4, 0]
Elapsed time: 156.56420016288757

i:0	69039.9135725563
i:50	50249.93150180113
i:100	49825.49159355349
i:150	49825.49159355349
i:200	49779.81162789401
i:250	49779.81162789401
i:300	49779.81162789401
i:350	49779.81162789401
i:400	49779.81162789401
i:450	49779.81162789401
i:500	49779.81162789401
i:550	49779.81162789401
i:600	49779.81162789401
i:650	49779.81162789401
best: 49779.81162789401
routes: [0, 11, 12, 13, 14, 16, 15, 17, 19, 20, 18, 39, 40, 37, 38, 36, 35, 34, 33, 31, 32, 0, 23, 24, 26, 29, 30, 28, 27, 25, 22, 21, 48, 47, 41, 42, 43, 45, 46, 49, 50, 44, 0, 1, 3, 2, 8, 7, 9, 10, 5, 6, 4, 0]
Elapsed time: 135.03570365905762

mean: 49749.37915396141
std: 333.91645125688956
mean-time: 152.53660147190095
std-time: 11.544931120466398