i:0	87718.84617397518
i:50	63988.36394581574
i:100	63988.36394581574
i:150	63988.36394581574
i:200	63988.36394581574
i:250	63988.36394581574
i:300	63988.36394581574
i:350	63825.736674743835
i:400	63825.736674743835
i:450	63825.736674743835
i:500	63825.736674743835
i:550	63825.736674743835
i:600	63825.736674743835
i:650	63825.736674743835
best: 63825.736674743835
routes: [0, 4, 5, 3, 1, 2, 44, 43, 45, 41, 42, 21, 22, 24, 25, 23, 6, 8, 7, 9, 10, 0, 49, 50, 48, 47, 46, 34, 35, 33, 32, 31, 40, 38, 37, 39, 36, 29, 30, 28, 27, 26, 0, 12, 15, 13, 14, 11, 18, 17, 20, 19, 16, 0]
Elapsed time: 43.263229846954346

i:0	286401.7961003045
i:50	65944.6813578277
i:100	65944.6813578277
i:150	65944.6813578277
i:200	65944.6813578277
i:250	65944.6813578277
i:300	65944.6813578277
i:350	65944.6813578277
i:400	65944.6813578277
i:450	65944.6813578277
i:500	65944.6813578277
i:550	65944.6813578277
i:600	65944.6813578277
i:650	65944.6813578277
best: 65944.6813578277
routes: [0, 49, 50, 48, 47, 46, 33, 31, 32, 34, 35, 40, 38, 37, 39, 36, 28, 27, 29, 30, 26, 0, 4, 5, 3, 1, 2, 44, 43, 42, 45, 41, 21, 22, 24, 25, 23, 6, 8, 7, 9, 10, 0, 12, 15, 13, 14, 11, 18, 17, 20, 19, 16, 0]
Elapsed time: 39.92099380493164

i:0	290367.08394049085
i:50	65243.763189218764
i:100	65017.139309450635
i:150	65017.139309450635
i:200	65017.139309450635
i:250	65017.139309450635
i:300	65017.139309450635
i:350	65017.139309450635
i:400	65017.139309450635
i:450	65017.139309450635
i:500	65017.139309450635
i:550	65017.139309450635
i:600	65017.139309450635
i:650	65017.139309450635
best: 65017.139309450635
routes: [0, 49, 50, 48, 47, 46, 34, 35, 33, 32, 31, 40, 38, 37, 39, 36, 28, 27, 29, 30, 26, 0, 4, 5, 3, 1, 2, 44, 43, 45, 41, 42, 21, 22, 24, 25, 23, 6, 8, 7, 9, 10, 0, 16, 18, 17, 19, 20, 15, 13, 11, 12, 14, 0]
Elapsed time: 40.69300127029419

i:0	298510.6269190096
i:50	67112.73937377283
i:100	66635.91817716569
i:150	66473.29090609378
i:200	66473.29090609378
i:250	66473.29090609378
i:300	66473.29090609378
i:350	66473.29090609378
i:400	66473.29090609378
i:450	66473.29090609378
i:500	66473.29090609378
i:550	66473.29090609378
i:600	66473.29090609378
i:650	66473.29090609378
best: 66473.29090609378
routes: [0, 49, 50, 48, 47, 46, 31, 32, 34, 33, 35, 40, 38, 37, 39, 36, 29, 30, 28, 27, 26, 0, 4, 5, 3, 1, 2, 44, 43, 42, 45, 41, 23, 25, 21, 22, 24, 9, 10, 8, 7, 6, 0, 12, 15, 13, 14, 11, 18, 17, 20, 19, 16, 0]
Elapsed time: 45.32615637779236

i:0	290678.89108585106
i:50	65392.464895760815
i:100	64999.15380032241
i:150	64999.15380032241
i:200	64999.15380032241
i:250	64999.15380032241
i:300	64999.15380032241
i:350	64999.15380032241
i:400	64999.15380032241
i:450	64999.15380032241
i:500	64999.15380032241
i:550	64999.15380032241
i:600	64999.15380032241
i:650	64999.15380032241
best: 64999.15380032241
routes: [0, 8, 7, 9, 10, 6, 23, 24, 21, 22, 25, 41, 42, 45, 43, 44, 5, 3, 1, 2, 4, 0, 26, 28, 27, 29, 30, 39, 36, 38, 37, 40, 33, 31, 32, 34, 35, 50, 49, 48, 47, 46, 0, 11, 12, 15, 13, 14, 20, 18, 17, 19, 16, 0]
Elapsed time: 46.095043659210205

i:0	83233.95370557619
i:50	66723.70846567505
i:100	66497.08458590692
i:150	66334.45731483502
i:200	66334.45731483502
i:250	66334.45731483502
i:300	66334.45731483502
i:350	66334.45731483502
i:400	66334.45731483502
i:450	66334.45731483502
i:500	66334.45731483502
i:550	66334.45731483502
i:600	66334.45731483502
i:650	66334.45731483502
best: 66334.45731483502
routes: [0, 49, 50, 48, 47, 46, 34, 35, 33, 32, 31, 40, 38, 37, 39, 36, 29, 30, 28, 27, 26, 0, 8, 7, 9, 10, 6, 24, 25, 23, 22, 21, 44, 43, 45, 41, 42, 5, 3, 2, 4, 1, 0, 12, 15, 13, 14, 11, 18, 17, 20, 19, 16, 0]
Elapsed time: 41.57800602912903

i:0	108756.08642306448
i:50	66879.00676697414
i:100	66879.00676697414
i:150	66879.00676697414
i:200	66879.00676697414
i:250	66879.00676697414
i:300	66879.00676697414
i:350	66879.00676697414
i:400	66879.00676697414
i:450	66879.00676697414
i:500	66879.00676697414
i:550	66879.00676697414
i:600	66879.00676697414
i:650	66879.00676697414
best: 66879.00676697414
routes: [0, 49, 50, 48, 47, 46, 34, 35, 33, 32, 31, 40, 38, 37, 39, 36, 29, 30, 28, 27, 26, 0, 1, 2, 4, 3, 5, 44, 43, 42, 45, 41, 24, 25, 23, 21, 22, 9, 10, 8, 7, 6, 0, 14, 13, 12, 15, 11, 18, 17, 20, 19, 16, 0]
Elapsed time: 41.68964409828186

i:0	81853.51013265536
i:50	65070.862961956096
i:100	63957.420826413945
i:150	63957.420826413945
i:200	63957.420826413945
i:250	63957.420826413945
i:300	63957.420826413945
i:350	63429.09486073113
i:400	63429.09486073113
i:450	63429.09486073113
i:500	63429.09486073113
i:550	63429.09486073113
i:600	63429.09486073113
i:650	63429.09486073113
best: 63429.09486073113
routes: [0, 26, 28, 27, 29, 30, 39, 36, 38, 37, 40, 31, 32, 34, 35, 33, 50, 49, 48, 47, 46, 0, 8, 7, 9, 10, 6, 23, 22, 24, 25, 21, 41, 42, 45, 43, 44, 5, 3, 4, 1, 2, 0, 11, 12, 15, 13, 14, 20, 18, 17, 19, 16, 0]
Elapsed time: 38.66813635826111

i:0	94300.18634548741
i:50	66747.61278953993
i:100	66373.12781519961
i:150	65984.16983532748
i:200	65984.16983532748
i:250	65984.16983532748
i:300	65984.16983532748
i:350	65984.16983532748
i:400	65984.16983532748
i:450	65984.16983532748
i:500	65984.16983532748
i:550	65984.16983532748
i:600	65984.16983532748
i:650	65984.16983532748
best: 65984.16983532748
routes: [0, 4, 5, 3, 1, 2, 44, 43, 45, 41, 42, 24, 25, 23, 21, 22, 9, 10, 8, 7, 6, 0, 49, 50, 48, 47, 46, 33, 31, 32, 34, 35, 40, 38, 37, 39, 36, 29, 30, 28, 27, 26, 0, 14, 13, 12, 15, 11, 18, 17, 20, 19, 16, 0]
Elapsed time: 40.89062476158142

i:0	96709.73286880789
i:50	66803.22456969143
i:100	66323.84293626624
i:150	66323.84293626624
i:200	66323.84293626624
i:250	66323.84293626624
i:300	66323.84293626624
i:350	66323.84293626624
i:400	66323.84293626624
i:450	66323.84293626624
i:500	66323.84293626624
i:550	66323.84293626624
i:600	66323.84293626624
i:650	66323.84293626624
best: 66323.84293626624
routes: [0, 49, 50, 48, 47, 46, 33, 31, 32, 34, 35, 40, 38, 37, 39, 36, 28, 27, 29, 30, 26, 0, 4, 5, 3, 1, 2, 44, 43, 42, 45, 41, 24, 21, 22, 25, 23, 6, 8, 7, 9, 10, 0, 13, 14, 11, 12, 15, 20, 18, 17, 19, 16, 0]
Elapsed time: 42.79171276092529

mean: 65521.05737625724
std: 1105.7814428725176
mean-time: 42.091654896736145
std-time: 2.204726564542265