i:0	64773.78331554297
i:50	51237.95626841333
i:100	50347.41419007753
i:150	49393.16722945822
i:200	48567.070848245734
i:250	48156.73674208606
i:300	48156.73674208606
i:350	48156.73674208606
i:400	48156.73674208606
i:450	48156.73674208606
i:500	48156.73674208606
i:550	48156.73674208606
i:600	48156.73674208606
i:650	48156.73674208606
best: 48156.73674208606
routes: [0, 21, 22, 23, 26, 24, 25, 27, 29, 30, 28, 36, 31, 32, 33, 35, 38, 34, 37, 39, 40, 0, 41, 42, 43, 44, 45, 46, 47, 48, 49, 50, 11, 13, 14, 18, 19, 20, 15, 16, 17, 12, 0, 1, 2, 3, 5, 4, 7, 9, 10, 8, 6, 0]
Elapsed time: 160.16272735595703

i:0	69484.28904307069
i:50	51698.50615833209
i:100	50821.8820294235
i:150	50335.260083518486
i:200	50004.81270050588
i:250	49993.3144581001
i:300	49583.9945320911
i:350	49499.39951459111
i:400	49499.39951459111
i:450	49499.39951459111
i:500	49499.39951459111
i:550	49499.39951459111
i:600	49499.39951459111
i:650	49499.39951459111
best: 49499.39951459111
routes: [0, 36, 34, 31, 32, 33, 35, 38, 37, 39, 40, 28, 30, 29, 27, 24, 25, 26, 23, 21, 22, 0, 41, 42, 43, 44, 45, 46, 47, 48, 49, 50, 11, 14, 13, 12, 17, 15, 16, 20, 19, 18, 0, 1, 2, 3, 5, 4, 7, 9, 10, 8, 6, 0]
Elapsed time: 162.11636471748352

i:0	62956.70610372232
i:50	49393.65921972535
i:100	48798.91181827846
i:150	48798.91181827846
i:200	48798.91181827846
i:250	48798.91181827846
i:300	48798.91181827846
i:350	48780.80477162544
i:400	48780.80477162544
i:450	48780.80477162544
i:500	48780.80477162544
i:550	48780.80477162544
i:600	48780.80477162544
i:650	48780.80477162544
best: 48780.80477162544
routes: [0, 41, 42, 43, 44, 45, 47, 48, 46, 49, 50, 11, 13, 14, 18, 19, 20, 15, 16, 17, 12, 0, 21, 22, 23, 26, 24, 25, 27, 29, 30, 28, 31, 32, 33, 35, 38, 37, 34, 36, 39, 40, 0, 1, 2, 3, 5, 4, 7, 9, 10, 8, 6, 0]
Elapsed time: 148.33948683738708

i:0	68628.92102119233
i:50	49908.88113493895
i:100	49478.309334802005
i:150	49125.78409630585
i:200	48687.05815470744
i:250	48462.51503691198
i:300	48324.82957525711
i:350	47818.81208016363
i:400	47818.81208016363
i:450	47818.81208016363
i:500	47818.81208016363
i:550	47778.31112997508
i:600	47778.31112997508
i:650	47778.31112997508
best: 47778.31112997508
routes: [0, 41, 42, 43, 44, 45, 46, 47, 48, 49, 50, 11, 19, 20, 15, 16, 17, 18, 14, 13, 12, 0, 21, 22, 23, 26, 24, 25, 27, 29, 30, 28, 39, 40, 36, 37, 34, 31, 32, 33, 35, 38, 0, 1, 2, 3, 5, 4, 7, 9, 10, 8, 6, 0]
Elapsed time: 170.76975774765015

i:0	70951.70737181074
i:50	50594.23970325085
i:100	50306.11468686886
i:150	49978.33245798761
i:200	49649.95547925116
i:250	49507.575630067055
i:300	49507.575630067055
i:350	49507.575630067055
i:400	49357.86060057645
i:450	49054.62157646667
i:500	48750.98053410334
i:550	47603.47952562999
i:600	47603.47952562999
i:650	47416.23666547685
best: 47416.23666547685
routes: [0, 41, 42, 43, 44, 45, 46, 47, 48, 49, 50, 11, 19, 18, 20, 15, 16, 17, 12, 13, 14, 0, 21, 22, 23, 26, 24, 25, 27, 29, 30, 28, 36, 34, 31, 32, 33, 35, 38, 37, 39, 40, 0, 1, 2, 3, 5, 4, 7, 9, 10, 8, 6, 0]
Elapsed time: 182.2297065258026

i:0	67308.51909017503
i:50	50304.912053288834
i:100	49532.17658814421
i:150	49427.852793632475
i:200	49427.852793632475
i:250	49427.852793632475
i:300	49427.852793632475
i:350	49427.852793632475
i:400	49427.852793632475
i:450	49427.852793632475
i:500	49427.852793632475
i:550	49427.852793632475
i:600	49427.852793632475
i:650	49427.852793632475
best: 49427.852793632475
routes: [0, 41, 42, 43, 44, 45, 47, 48, 46, 49, 50, 11, 19, 18, 20, 15, 16, 17, 12, 13, 14, 0, 36, 37, 34, 31, 32, 33, 35, 38, 40, 39, 28, 29, 30, 26, 27, 25, 24, 23, 21, 22, 0, 1, 2, 3, 5, 4, 7, 9, 10, 8, 6, 0]
Elapsed time: 147.9704327583313

i:0	65509.7364782527
i:50	50793.763499205495
i:100	49581.47044523593
i:150	48794.786022527485
i:200	48589.117237349885
i:250	48285.938337732354
i:300	48285.938337732354
i:350	48285.938337732354
i:400	48285.938337732354
i:450	48285.938337732354
i:500	48285.938337732354
i:550	48285.938337732354
i:600	48285.938337732354
i:650	48278.876684107636
best: 48168.86570730872
routes: [0, 21, 22, 23, 26, 24, 25, 27, 29, 30, 28, 39, 40, 36, 37, 34, 31, 32, 33, 35, 38, 0, 41, 42, 43, 44, 45, 46, 47, 48, 49, 50, 11, 13, 14, 18, 19, 20, 15, 16, 17, 12, 0, 1, 2, 3, 4, 5, 8, 7, 9, 10, 6, 0]
Elapsed time: 160.06368827819824

i:0	65444.86111530317
i:50	52056.85435314664
i:100	49969.941346531064
i:150	49532.82638463352
i:200	49123.76396695354
i:250	49065.268466124166
i:300	48958.41533602654
i:350	48958.41533602654
i:400	48958.41533602654
i:450	48958.41533602654
i:500	48958.41533602654
i:550	48958.41533602654
i:600	48958.41533602654
i:650	48958.41533602654
best: 48770.310892450085
routes: [0, 41, 42, 43, 44, 45, 46, 47, 48, 49, 50, 11, 19, 20, 15, 16, 17, 18, 14, 13, 12, 0, 22, 21, 23, 27, 24, 25, 26, 29, 30, 28, 36, 34, 31, 32, 33, 35, 38, 37, 39, 40, 0, 1, 2, 3, 5, 4, 7, 9, 10, 8, 6, 0]
Elapsed time: 156.9973587989807

i:0	70591.59551255874
i:50	51593.94085820417
i:100	51308.68055287082
i:150	51175.66233377826
i:200	50862.04913314421
i:250	50540.61642057791
i:300	50386.66111988879
i:350	50373.65876390227
i:400	50373.65876390227
i:450	50373.65876390227
i:500	50373.65876390227
i:550	50302.91179754916
i:600	49816.580315044725
i:650	49816.580315044725
best: 49720.37407460459
routes: [0, 41, 42, 43, 44, 45, 46, 47, 48, 49, 50, 11, 19, 20, 15, 16, 17, 18, 14, 13, 12, 0, 39, 40, 36, 37, 34, 31, 32, 33, 35, 38, 28, 29, 30, 26, 27, 25, 24, 23, 21, 22, 0, 1, 2, 3, 5, 4, 7, 9, 10, 8, 6, 0]
Elapsed time: 163.41298270225525

i:0	68220.816889451
i:50	49532.8059396983
i:100	48970.60090802338
i:150	48860.69867176291
i:200	48860.69867176291
i:250	48860.69867176291
i:300	48860.69867176291
i:350	48860.69867176291
i:400	48860.69867176291
i:450	48262.883253845495
i:500	48262.883253845495
i:550	47783.98670736983
i:600	47783.98670736983
i:650	47783.98670736983
best: 47783.98670736983
routes: [0, 21, 22, 23, 26, 24, 25, 27, 29, 30, 28, 39, 37, 34, 36, 31, 32, 33, 35, 38, 40, 0, 41, 42, 43, 44, 45, 46, 47, 48, 49, 50, 11, 19, 18, 20, 15, 16, 17, 12, 13, 14, 0, 1, 2, 3, 5, 4, 7, 9, 10, 8, 6, 0]
Elapsed time: 151.76352643966675

mean: 48550.28789991203
std: 768.8423803082279
mean-time: 160.38260321617128
std-time: 9.911483617592372