i:0	292215.34786323697
i:50	65616.66700729847
i:100	65310.3396849884
i:150	65268.8182350104
i:200	65268.8182350104
i:250	65268.8182350104
i:300	65268.8182350104
i:350	65268.8182350104
i:400	65268.8182350104
i:450	65268.8182350104
i:500	65268.8182350104
i:550	65268.8182350104
i:600	65268.8182350104
i:650	65268.8182350104
best: 65268.8182350104
routes: [0, 1, 2, 4, 5, 3, 44, 43, 45, 41, 42, 24, 21, 22, 25, 23, 7, 9, 8, 10, 6, 0, 27, 29, 30, 26, 28, 39, 40, 38, 37, 36, 33, 32, 34, 35, 31, 49, 50, 48, 47, 46, 0, 19, 18, 17, 20, 16, 15, 13, 14, 11, 12, 0]
Elapsed time: 52.0379204750061

i:0	81749.2467750134
i:50	65605.27384397034
i:100	65320.34700524338
i:150	65320.34700524338
i:200	65320.34700524338
i:250	65299.90189852944
i:300	65299.90189852944
i:350	65299.90189852944
i:400	65299.90189852944
i:450	65299.90189852944
i:500	65299.90189852944
i:550	65299.90189852944
i:600	65299.90189852944
i:650	65299.90189852944
best: 65299.90189852944
routes: [0, 1, 2, 5, 3, 4, 43, 42, 44, 45, 41, 27, 29, 30, 26, 28, 39, 40, 38, 37, 36, 0, 23, 24, 21, 22, 25, 7, 9, 8, 10, 6, 14, 11, 12, 15, 13, 17, 16, 20, 19, 18, 0, 46, 48, 47, 49, 50, 35, 33, 31, 32, 34, 0]
Elapsed time: 38.7742018699646

i:0	89075.83753482738
i:50	65740.34631365442
i:100	65735.64414321192
i:150	65735.64414321192
i:200	65735.64414321192
i:250	65735.64414321192
i:300	65735.64414321192
i:350	65735.64414321192
i:400	65735.64414321192
i:450	65735.64414321192
i:500	65735.64414321192
i:550	65735.64414321192
i:600	65735.64414321192
i:650	65735.64414321192
best: 65735.64414321192
routes: [0, 3, 5, 1, 2, 4, 45, 43, 44, 41, 42, 39, 40, 38, 37, 36, 29, 30, 28, 27, 26, 0, 19, 18, 17, 20, 16, 15, 13, 14, 11, 12, 6, 10, 8, 7, 9, 25, 23, 24, 21, 22, 0, 33, 31, 32, 34, 35, 47, 49, 48, 50, 46, 0]
Elapsed time: 38.55216336250305

i:0	77792.84742291979
i:50	63942.91091202964
i:100	63678.53166945058
i:150	63418.87597948395
i:200	63418.87597948395
i:250	63418.87597948395
i:300	63418.87597948395
i:350	63418.87597948395
i:400	63418.87597948395
i:450	63418.87597948395
i:500	63418.87597948395
i:550	63418.87597948395
i:600	63418.87597948395
i:650	63418.87597948395
best: 63418.87597948395
routes: [0, 5, 1, 2, 4, 3, 45, 43, 41, 42, 44, 21, 22, 24, 25, 23, 7, 9, 8, 10, 6, 0, 46, 48, 47, 49, 50, 34, 35, 33, 32, 31, 40, 38, 37, 39, 36, 28, 27, 29, 30, 26, 0, 13, 11, 12, 14, 15, 17, 16, 20, 19, 18, 0]
Elapsed time: 43.339091300964355

i:0	287389.6997931748
i:50	66772.0229480986
i:100	66178.7829907083
i:150	66178.7829907083
i:200	66178.7829907083
i:250	66178.7829907083
i:300	66137.26154073031
i:350	66137.26154073031
i:400	66137.26154073031
i:450	66137.26154073031
i:500	66137.26154073031
i:550	66137.26154073031
i:600	66137.26154073031
i:650	66137.26154073031
best: 66137.26154073031
routes: [0, 27, 29, 30, 26, 28, 39, 40, 38, 37, 36, 33, 32, 34, 35, 31, 49, 50, 48, 47, 46, 0, 1, 2, 4, 5, 3, 44, 43, 45, 41, 42, 24, 21, 22, 25, 23, 7, 9, 8, 10, 6, 0, 19, 18, 17, 20, 16, 11, 12, 15, 13, 14, 0]
Elapsed time: 45.96296787261963

i:0	290462.7362325052
i:50	65849.39938274938
i:100	65849.39938274938
i:150	65849.39938274938
i:200	65849.39938274938
i:250	65849.39938274938
i:300	65849.39938274938
i:350	65849.39938274938
i:400	65849.39938274938
i:450	65849.39938274938
i:500	65849.39938274938
i:550	65849.39938274938
i:600	65849.39938274938
i:650	65849.39938274938
best: 65849.39938274938
routes: [0, 3, 4, 5, 1, 2, 45, 43, 42, 44, 41, 27, 26, 30, 29, 28, 39, 40, 38, 37, 36, 0, 19, 18, 17, 20, 16, 15, 13, 14, 11, 12, 6, 10, 8, 7, 9, 25, 23, 24, 21, 22, 0, 33, 32, 34, 35, 31, 50, 49, 48, 47, 46, 0]
Elapsed time: 36.28788900375366

i:0	289591.0767968625
i:50	65963.23154484038
i:100	65963.23154484038
i:150	65963.23154484038
i:200	65963.23154484038
i:250	65963.23154484038
i:300	65963.23154484038
i:350	65963.23154484038
i:400	65963.23154484038
i:450	65963.23154484038
i:500	65963.23154484038
i:550	65963.23154484038
i:600	65963.23154484038
i:650	65963.23154484038
best: 65963.23154484038
routes: [0, 3, 5, 1, 2, 4, 43, 42, 44, 45, 41, 27, 26, 30, 29, 28, 39, 40, 38, 37, 36, 0, 24, 21, 22, 25, 23, 8, 7, 9, 10, 6, 11, 12, 14, 13, 15, 17, 16, 20, 19, 18, 0, 46, 48, 47, 49, 50, 35, 33, 31, 32, 34, 0]
Elapsed time: 42.66335725784302

i:0	77395.318278176
i:50	65112.36021289116
i:100	64938.795473335995
i:150	64495.577728766904
i:200	64495.577728766904
i:250	64495.577728766904
i:300	64495.577728766904
i:350	64495.577728766904
i:400	64495.577728766904
i:450	64495.577728766904
i:500	64495.577728766904
i:550	64495.577728766904
i:600	64495.577728766904
i:650	64495.577728766904
best: 64495.577728766904
routes: [0, 1, 2, 5, 3, 4, 44, 43, 45, 41, 42, 25, 23, 24, 21, 22, 7, 9, 8, 10, 6, 0, 46, 48, 47, 49, 50, 34, 33, 31, 32, 35, 40, 38, 37, 39, 36, 29, 30, 28, 27, 26, 0, 19, 18, 17, 20, 16, 15, 13, 11, 12, 14, 0]
Elapsed time: 51.13179898262024

i:0	102958.46249351004
i:50	65062.131100999366
i:100	64771.86310133147
i:150	64558.4443853024
i:200	64294.02206050992
i:250	64294.02206050992
i:300	64294.02206050992
i:350	64294.02206050992
i:400	64294.02206050992
i:450	64294.02206050992
i:500	64294.02206050992
i:550	64294.02206050992
i:600	64294.02206050992
i:650	64294.02206050992
best: 64294.02206050992
routes: [0, 5, 1, 2, 4, 3, 45, 43, 41, 42, 44, 21, 22, 24, 25, 23, 7, 9, 8, 10, 6, 0, 46, 48, 47, 49, 50, 31, 32, 34, 35, 33, 40, 38, 37, 39, 36, 29, 30, 28, 27, 26, 0, 19, 18, 17, 20, 16, 15, 13, 11, 12, 14, 0]
Elapsed time: 51.862507820129395

i:0	291751.616695581
i:50	64563.055387042405
i:100	64104.47981664886
i:150	64104.47981664886
i:200	64104.47981664886
i:250	64104.47981664886
i:300	64104.47981664886
i:350	64104.47981664886
i:400	64104.47981664886
i:450	64104.47981664886
i:500	64104.47981664886
i:550	64104.47981664886
i:600	64104.47981664886
i:650	64104.47981664886
best: 64104.47981664886
routes: [0, 5, 1, 2, 4, 3, 45, 43, 44, 41, 42, 21, 22, 24, 25, 23, 7, 9, 8, 10, 6, 0, 27, 26, 28, 30, 29, 36, 38, 37, 39, 40, 33, 32, 34, 35, 31, 48, 47, 49, 50, 46, 0, 19, 18, 17, 20, 16, 15, 13, 14, 11, 12, 0]
Elapsed time: 41.229501724243164

mean: 65056.72123304815
std: 875.7064629824458
mean-time: 44.18413996696472
std-time: 5.542269752321455