i:0	64086.63504839965
i:50	48233.25502704631
i:100	47131.615333649155
i:150	47090.451051805314
i:200	46590.3451393222
i:250	46590.3451393222
i:300	46590.3451393222
i:350	46590.3451393222
i:400	46341.526162732254
i:450	46341.526162732254
i:500	46341.526162732254
i:550	46341.526162732254
i:600	46328.22950490902
i:650	46328.22950490902
best: 46328.22950490902
routes: [0, 43, 45, 47, 48, 49, 50, 46, 44, 41, 42, 39, 37, 36, 34, 31, 32, 33, 35, 38, 40, 28, 30, 29, 27, 26, 23, 21, 22, 25, 24, 0, 11, 14, 13, 12, 18, 19, 20, 17, 15, 16, 10, 9, 7, 4, 2, 1, 3, 5, 8, 6, 0]
Elapsed time: 159.28887486457825

i:0	64905.048414997334
i:50	49109.233773936394
i:100	47600.133864171425
i:150	47600.133864171425
i:200	47600.133864171425
i:250	47600.133864171425
i:300	47600.133864171425
i:350	47600.133864171425
i:400	47600.133864171425
i:450	47600.133864171425
i:500	47600.133864171425
i:550	47600.133864171425
i:600	47600.133864171425
i:650	47600.133864171425
best: 47600.133864171425
routes: [0, 50, 46, 49, 47, 48, 45, 44, 43, 41, 42, 39, 40, 38, 34, 31, 32, 33, 35, 37, 36, 28, 30, 29, 27, 26, 22, 21, 23, 25, 24, 0, 3, 2, 1, 5, 4, 7, 9, 10, 8, 6, 12, 17, 16, 15, 20, 19, 18, 13, 14, 11, 0]
Elapsed time: 214.3040337562561

i:0	68456.10717398812
i:50	49051.65586657568
i:100	48575.61798358526
i:150	48185.41665321472
i:200	47953.08385539298
i:250	47701.65665626389
i:300	47542.44961890709
i:350	47542.44961890709
i:400	47501.94866871854
i:450	47334.99101204288
i:500	47106.990802060725
i:550	47104.55705061137
i:600	47057.53793005693
i:650	47040.199176100636
best: 46611.1046795514
routes: [0, 41, 42, 43, 44, 45, 46, 47, 48, 49, 50, 36, 37, 34, 31, 32, 33, 35, 38, 40, 39, 28, 30, 29, 27, 26, 25, 24, 23, 21, 22, 0, 11, 13, 14, 18, 19, 20, 15, 16, 17, 12, 3, 1, 2, 4, 5, 7, 9, 10, 8, 6, 0]
Elapsed time: 201.83225798606873

i:0	65765.33259110626
i:50	49815.34976256202
i:100	49536.63667211871
i:150	49423.032719597104
i:200	49390.563339262575
i:250	49390.563339262575
i:300	47398.50661286833
i:350	47040.34298983674
i:400	46756.3754807234
i:450	46387.61907794606
i:500	46331.84518280435
i:550	46088.85478448532
i:600	45806.93279866637
i:650	45806.93279866637
best: 45806.93279866637
routes: [0, 46, 49, 50, 47, 48, 45, 44, 43, 41, 42, 39, 40, 38, 35, 33, 32, 31, 34, 37, 36, 28, 30, 29, 27, 26, 25, 24, 23, 21, 22, 0, 11, 14, 13, 17, 16, 15, 20, 19, 18, 12, 3, 1, 2, 4, 5, 7, 9, 10, 8, 6, 0]
Elapsed time: 197.3449568748474

i:0	73687.97776938835
i:50	49175.141162375556
i:100	48568.403750322555
i:150	48446.13460023864
i:200	48144.36219906817
i:250	48136.74780332856
i:300	48101.593494602974
i:350	48101.593494602974
i:400	48014.37088000044
i:450	47487.165242051386
i:500	47487.165242051386
i:550	47241.826278112916
i:600	47212.04346621191
i:650	47212.04346621191
best: 47212.04346621191
routes: [0, 39, 40, 38, 35, 33, 32, 31, 34, 37, 36, 28, 30, 29, 27, 26, 25, 24, 23, 21, 22, 0, 1, 3, 6, 10, 8, 5, 2, 4, 7, 9, 15, 16, 17, 20, 19, 18, 12, 13, 14, 11, 50, 49, 48, 47, 46, 45, 44, 43, 41, 42, 0]
Elapsed time: 188.20758366584778

i:0	63625.20687246522
i:50	48357.45053243189
i:100	47437.92187359232
i:150	47308.99118645508
i:200	47033.433453138074
i:250	47033.433453138074
i:300	46860.46077902109
i:350	46656.41072362648
i:400	46214.69402729794
i:450	46180.413639645674
i:500	45990.57892329511
i:550	45865.153693549706
i:600	45865.153693549706
i:650	45865.153693549706
best: 45824.652743361155
routes: [0, 41, 42, 43, 44, 45, 46, 47, 48, 49, 50, 11, 17, 16, 15, 20, 19, 18, 14, 13, 12, 3, 1, 2, 4, 5, 7, 9, 10, 8, 6, 0, 21, 22, 23, 26, 24, 25, 27, 29, 30, 28, 39, 40, 37, 38, 35, 33, 32, 31, 34, 36, 0]
Elapsed time: 195.06569933891296

i:0	68030.07491386807
i:50	49249.906525953615
i:100	47849.01826947304
i:150	46876.58360752348
i:200	46791.519080598286
i:250	46677.91512807668
i:300	46129.27084566867
i:350	46129.27084566867
i:400	45995.978266179314
i:450	45995.978266179314
i:500	45680.54099962134
i:550	45680.54099962134
i:600	45680.54099962134
i:650	45680.54099962134
best: 45680.54099962134
routes: [0, 41, 42, 43, 44, 45, 46, 47, 48, 49, 50, 11, 13, 14, 18, 19, 20, 15, 16, 17, 12, 6, 3, 5, 8, 10, 9, 7, 4, 1, 2, 0, 21, 22, 23, 26, 24, 25, 27, 29, 30, 28, 39, 40, 37, 36, 34, 31, 32, 33, 35, 38, 0]
Elapsed time: 175.6933479309082

i:0	67330.9957575564
i:50	49995.34584989039
i:100	48711.54235601815
i:150	47862.573391095444
i:200	47297.04438955318
i:250	46835.18196965283
i:300	46572.59770180047
i:350	46566.86061678979
i:400	46533.1468279668
i:450	46533.1468279668
i:500	46068.42650258708
i:550	46065.0202090713
i:600	46065.0202090713
i:650	46065.0202090713
best: 46065.0202090713
routes: [0, 46, 49, 50, 47, 48, 45, 44, 43, 41, 42, 36, 37, 34, 31, 32, 33, 35, 38, 40, 39, 28, 30, 29, 27, 26, 25, 24, 23, 21, 22, 0, 11, 19, 18, 17, 20, 15, 16, 14, 13, 12, 6, 10, 9, 7, 8, 5, 4, 3, 1, 2, 0]
Elapsed time: 192.7697479724884

i:0	63700.32207038291
i:50	46882.55479224799
i:100	46343.682402366874
i:150	46083.25806039717
i:200	45967.4488047059
i:250	45967.4488047059
i:300	45885.39011048149
i:350	45868.05135652519
i:400	45857.90973630741
i:450	45857.90973630741
i:500	45857.90973630741
i:550	45857.90973630741
i:600	45857.90973630741
i:650	45857.90973630741
best: 45857.90973630741
routes: [0, 43, 45, 47, 48, 49, 50, 46, 44, 41, 42, 39, 40, 38, 35, 33, 32, 31, 34, 37, 36, 28, 30, 29, 27, 26, 23, 21, 22, 25, 24, 0, 11, 19, 18, 17, 20, 15, 16, 14, 13, 12, 6, 10, 9, 7, 8, 5, 4, 3, 1, 2, 0]
Elapsed time: 174.29404139518738

i:0	69547.74732488867
i:50	48361.836436601276
i:100	47430.62231372041
i:150	47229.823988141055
i:200	46923.85791880834
i:250	46702.12810529285
i:300	46638.72846881009
i:350	46635.1113449956
i:400	46635.1113449956
i:450	46252.54623216191
i:500	46065.30337200877
i:550	46065.30337200877
i:600	46045.407971976936
i:650	46045.407971976936
best: 46045.407971976936
routes: [0, 41, 42, 44, 43, 45, 47, 48, 46, 49, 50, 11, 19, 18, 14, 13, 12, 17, 20, 15, 16, 6, 5, 4, 7, 9, 10, 8, 3, 1, 2, 0, 21, 22, 23, 26, 24, 25, 27, 29, 30, 28, 39, 37, 36, 34, 31, 32, 33, 35, 38, 40, 0]
Elapsed time: 197.1263039112091

mean: 46303.197597384824
std: 615.4614745071976
mean-time: 189.59268476963044
std-time: 15.04937916984441