i:0	111177.80767257756
i:50	86857.66497284586
i:100	82517.17229066358
i:150	80936.46075071431
i:200	79504.4401000795
i:250	78280.93962420677
i:300	76582.52402590311
i:350	74278.4765539483
i:400	73222.18926818094
i:450	72151.39439616654
i:500	71984.7849213589
i:550	71934.11364767062
i:600	71683.90337737424
i:650	71628.18914254633
best: 71341.87772601219
routes: [0, 51, 53, 52, 54, 55, 57, 56, 59, 60, 58, 77, 78, 75, 73, 72, 71, 74, 76, 79, 80, 61, 62, 63, 64, 65, 68, 67, 66, 69, 70, 0, 4, 2, 1, 3, 6, 5, 10, 7, 8, 9, 43, 42, 41, 44, 46, 49, 50, 47, 45, 48, 19, 20, 18, 15, 17, 14, 12, 11, 13, 16, 0, 31, 39, 38, 37, 40, 35, 36, 34, 33, 32, 21, 23, 25, 27, 29, 30, 28, 26, 24, 22, 0]
Elapsed time: 299.881765127182

i:0	124326.88734696592
i:50	86140.4879972741
i:100	84618.92026667138
i:150	83567.56222235734
i:200	80941.07667709095
i:250	80788.97732857801
i:300	79463.10850929149
i:350	77664.43841990287
i:400	77050.30055208132
i:450	77023.92569957703
i:500	76896.43211084718
i:550	76823.45873145081
i:600	76751.69427136314
i:650	76301.50362394546
best: 76187.39491093719
routes: [0, 79, 74, 71, 72, 73, 75, 78, 80, 77, 76, 59, 60, 58, 56, 52, 51, 53, 57, 55, 54, 0, 4, 1, 2, 3, 10, 6, 5, 8, 7, 9, 43, 42, 41, 44, 46, 45, 47, 49, 50, 48, 12, 11, 13, 14, 17, 19, 20, 18, 15, 16, 0, 21, 23, 22, 25, 27, 29, 30, 28, 26, 24, 32, 33, 34, 37, 36, 35, 40, 39, 38, 31, 69, 70, 66, 67, 68, 65, 64, 63, 61, 62, 0]
Elapsed time: 302.3852162361145

i:0	117085.36481943044
i:50	88670.68491949564
i:100	87538.42876855878
i:150	86467.4181953558
i:200	81352.05914103499
i:250	80757.68205215536
i:300	79742.07370881388
i:350	79620.97003236685
i:400	79305.52792056833
i:450	78828.43734330103
i:500	78467.3950339841
i:550	77921.93608886279
i:600	77921.93608886279
i:650	77921.93608886279
best: 77921.93608886279
routes: [0, 63, 65, 62, 61, 64, 69, 70, 67, 68, 66, 31, 39, 38, 37, 40, 35, 36, 32, 33, 34, 0, 43, 42, 41, 45, 44, 46, 49, 50, 47, 48, 14, 12, 11, 13, 15, 18, 17, 19, 20, 16, 22, 25, 27, 29, 30, 28, 26, 23, 21, 24, 0, 74, 71, 72, 73, 75, 78, 77, 76, 79, 80, 58, 60, 59, 57, 56, 53, 51, 52, 55, 54, 8, 7, 9, 10, 5, 6, 2, 1, 3, 4, 0]
Elapsed time: 277.9378910064697

i:0	122555.78298984494
i:50	84891.10162282255
i:100	81099.1592919971
i:150	78471.96020171544
i:200	77758.24128926512
i:250	76245.05729640232
i:300	74202.3933649295
i:350	72910.01325477747
i:400	72516.6168615709
i:450	72308.94850733475
i:500	72053.31524535341
i:550	72029.16750172469
i:600	72017.68933548055
i:650	72017.68933548055
best: 71947.8464178261
routes: [0, 31, 38, 39, 37, 40, 35, 36, 34, 33, 32, 21, 24, 23, 25, 27, 29, 30, 28, 26, 22, 0, 51, 52, 53, 56, 54, 55, 57, 59, 60, 58, 79, 80, 77, 76, 74, 71, 72, 73, 75, 78, 61, 62, 63, 64, 65, 68, 67, 66, 69, 70, 0, 16, 15, 18, 20, 19, 17, 14, 12, 13, 11, 43, 45, 46, 49, 50, 48, 47, 44, 41, 42, 10, 9, 7, 8, 2, 1, 3, 6, 5, 4, 0]
Elapsed time: 290.87365341186523

i:0	119401.12058219902
i:50	86764.5779658002
i:100	84464.75909204523
i:150	80393.87069036899
i:200	77382.75883830077
i:250	77251.22686368431
i:300	76735.59255933642
i:350	76590.85746582341
i:400	76424.76447042287
i:450	76274.2775433831
i:500	76274.2775433831
i:550	76274.2775433831
i:600	76274.2775433831
i:650	76256.42677124406
best: 76256.42677124406
routes: [0, 43, 48, 47, 45, 42, 41, 44, 46, 49, 50, 14, 12, 11, 13, 15, 17, 19, 20, 18, 16, 22, 25, 27, 29, 30, 28, 26, 23, 21, 24, 0, 33, 38, 39, 40, 35, 36, 37, 32, 34, 31, 69, 70, 68, 66, 67, 65, 64, 63, 61, 62, 0, 4, 3, 1, 2, 8, 6, 5, 10, 7, 9, 79, 80, 78, 75, 73, 72, 71, 74, 77, 76, 58, 60, 59, 57, 56, 53, 51, 52, 55, 54, 0]
Elapsed time: 268.9546477794647

i:0	110488.69147310243
i:50	84719.68888328804
i:100	82743.2427227378
i:150	82379.65924164817
i:200	80704.21320209061
i:250	77993.77505595288
i:300	76219.47318189994
i:350	75548.37723738757
i:400	75177.36150577935
i:450	73432.81965976322
i:500	71760.83169717633
i:550	71501.18404010327
i:600	71091.65147877442
i:650	71079.96786763366
best: 70544.27567393385
routes: [0, 54, 52, 51, 53, 56, 55, 57, 59, 60, 58, 76, 74, 71, 72, 73, 75, 78, 77, 79, 80, 61, 62, 63, 64, 65, 68, 67, 66, 69, 70, 0, 4, 5, 6, 10, 3, 1, 2, 8, 7, 9, 43, 42, 41, 45, 44, 46, 49, 50, 47, 48, 11, 13, 12, 14, 17, 19, 20, 18, 15, 16, 0, 31, 39, 38, 37, 40, 35, 36, 34, 33, 32, 21, 23, 22, 25, 27, 29, 30, 28, 26, 24, 0]
Elapsed time: 300.53761863708496

i:0	123080.95369518995
i:50	84637.6126285492
i:100	83077.10437662493
i:150	78412.99301762848
i:200	77187.56582281727
i:250	76970.21615504856
i:300	76735.8333980852
i:350	76718.4946441289
i:400	76463.21911088865
i:450	76463.21911088865
i:500	76445.3683387496
i:550	76445.3683387496
i:600	76400.10576071622
i:650	76020.92843050195
best: 76009.66426447744
routes: [0, 76, 71, 74, 72, 73, 75, 78, 80, 77, 79, 58, 60, 59, 57, 56, 55, 54, 53, 51, 52, 0, 4, 5, 3, 1, 2, 8, 7, 6, 10, 9, 43, 42, 41, 44, 46, 49, 50, 47, 45, 48, 14, 12, 11, 13, 15, 17, 19, 20, 18, 16, 0, 21, 22, 25, 27, 29, 30, 28, 26, 23, 24, 38, 39, 40, 35, 36, 37, 32, 33, 34, 31, 69, 70, 66, 67, 68, 65, 64, 63, 61, 62, 0]
Elapsed time: 297.4331877231598

i:0	112392.29624878181
i:50	85201.75716787294
i:100	77705.90041878939
i:150	77355.2975844331
i:200	77159.96855934583
i:250	76909.49707190211
i:300	76701.4874170154
i:350	76627.17621018211
i:400	75818.06863920338
i:450	75619.45061487569
i:500	75619.45061487569
i:550	75045.3295902982
i:600	75045.3295902982
i:650	75045.3295902982
best: 75045.3295902982
routes: [0, 32, 37, 36, 35, 40, 39, 38, 33, 34, 31, 69, 70, 66, 67, 68, 65, 64, 63, 61, 62, 0, 76, 74, 71, 72, 73, 75, 78, 77, 79, 80, 58, 60, 59, 57, 56, 53, 51, 52, 55, 54, 8, 7, 9, 10, 5, 6, 2, 1, 3, 4, 0, 43, 48, 47, 45, 42, 41, 44, 46, 49, 50, 14, 12, 11, 13, 15, 18, 17, 19, 20, 16, 29, 30, 28, 27, 25, 26, 24, 21, 23, 22, 0]
Elapsed time: 269.3357877731323

i:0	123012.2123820701
i:50	88974.15730078789
i:100	83125.52697087202
i:150	79245.47671360595
i:200	77753.85659801695
i:250	76796.0621604081
i:300	76198.24897475274
i:350	76134.82636210916
i:400	76046.34419625672
i:450	76046.34419625672
i:500	75989.12430197849
i:550	75989.12430197849
i:600	75989.12430197849
i:650	75913.98555194517
best: 75651.59047729343
routes: [0, 61, 62, 63, 64, 65, 68, 67, 66, 69, 70, 31, 39, 38, 40, 35, 36, 37, 32, 33, 34, 0, 79, 77, 76, 74, 71, 72, 73, 75, 78, 80, 58, 60, 59, 57, 56, 53, 51, 52, 55, 54, 2, 1, 3, 6, 7, 8, 9, 10, 5, 4, 0, 43, 42, 41, 45, 44, 46, 49, 50, 47, 48, 11, 13, 12, 14, 15, 17, 19, 20, 18, 16, 25, 26, 27, 29, 30, 28, 24, 21, 23, 22, 0]
Elapsed time: 280.6848533153534

i:0	123193.58220445132
i:50	91129.22355972356
i:100	88984.0045029886
i:150	87460.23122645286
i:200	85085.62008518536
i:250	82020.54617737135
i:300	78989.25186639448
i:350	77184.79491307339
i:400	76680.16886559376
i:450	76345.1457595566
i:500	76193.60917902472
i:550	76193.60917902472
i:600	76193.60917902472
i:650	76087.7470375642
best: 76087.7470375642
routes: [0, 61, 62, 63, 64, 65, 68, 66, 67, 69, 70, 31, 34, 33, 37, 36, 35, 40, 39, 38, 32, 0, 43, 42, 41, 44, 45, 47, 46, 49, 50, 48, 11, 13, 12, 14, 17, 19, 20, 18, 15, 16, 25, 26, 27, 29, 30, 28, 24, 21, 23, 22, 0, 78, 75, 73, 72, 71, 74, 77, 76, 79, 80, 58, 60, 59, 57, 56, 53, 51, 52, 55, 54, 8, 2, 1, 3, 7, 9, 10, 5, 6, 4, 0]
Elapsed time: 300.6679034233093

mean: 74699.40889584496
std: 2362.263640907052
mean-time: 288.8692524433136
std-time: 12.73303196826183