i:0	123533.46688626212
i:50	89107.51649744177
i:100	84129.81108217174
i:150	81111.66896774215
i:200	80495.24720413578
i:250	80161.3423823267
i:300	80055.07901858904
i:350	79957.64510965979
i:400	78905.2248464291
i:450	78855.89576411864
i:500	78835.60324631707
i:550	78835.60324631707
i:600	78835.60324631707
i:650	78835.60324631707
best: 78835.60324631707
routes: [0, 21, 22, 23, 24, 26, 25, 27, 29, 30, 28, 16, 15, 18, 20, 19, 17, 14, 13, 11, 12, 0, 4, 1, 2, 3, 6, 5, 10, 7, 8, 9, 43, 45, 42, 41, 44, 46, 49, 50, 47, 48, 0, 51, 52, 53, 56, 54, 55, 57, 59, 60, 58, 76, 77, 74, 71, 72, 73, 75, 78, 79, 80, 0, 33, 34, 32, 37, 35, 36, 40, 39, 38, 31, 69, 70, 66, 67, 68, 65, 64, 63, 61, 62, 0]
Elapsed time: 255.45982718467712

i:0	125662.50555659088
i:50	89887.44909392005
i:100	86908.24016099116
i:150	85883.8928687343
i:200	84554.8140232229
i:250	83684.50983633124
i:300	83021.6352478183
i:350	82300.54151270897
i:400	81673.57279761444
i:450	81301.38211936397
i:500	81301.38211936397
i:550	80909.74060567298
i:600	80456.27969329714
i:650	80383.49791696804
best: 80375.70607424133
routes: [0, 43, 42, 41, 45, 44, 46, 49, 50, 47, 48, 12, 11, 13, 14, 15, 17, 19, 20, 18, 16, 0, 51, 52, 53, 56, 54, 55, 57, 59, 60, 58, 79, 80, 76, 77, 74, 71, 72, 73, 75, 78, 0, 4, 3, 6, 5, 10, 9, 7, 8, 2, 1, 61, 62, 63, 64, 65, 68, 67, 69, 70, 66, 0, 21, 22, 23, 24, 26, 25, 29, 27, 28, 30, 35, 36, 37, 40, 39, 38, 31, 34, 33, 32, 0]
Elapsed time: 271.6485929489136

i:0	125392.58274967548
i:50	89107.37389055113
i:100	87738.94182131227
i:150	87035.14591803428
i:200	86360.02285863773
i:250	86360.02285863773
i:300	86033.36978923359
i:350	85485.41843937534
i:400	84817.29379504659
i:450	82947.46832290273
i:500	81992.31371676354
i:550	81502.49481343682
i:600	80875.29416663216
i:650	80688.6225254365
best: 80688.6225254365
routes: [0, 21, 24, 23, 22, 25, 26, 27, 29, 30, 28, 20, 19, 17, 18, 15, 14, 12, 11, 13, 16, 0, 51, 52, 53, 56, 54, 55, 57, 59, 60, 58, 76, 77, 79, 80, 75, 78, 73, 72, 71, 74, 0, 33, 34, 32, 37, 35, 36, 40, 39, 38, 31, 69, 70, 67, 68, 66, 65, 64, 63, 61, 62, 0, 4, 1, 2, 3, 6, 5, 10, 7, 8, 9, 43, 45, 47, 49, 50, 48, 46, 44, 41, 42, 0]
Elapsed time: 281.9863579273224

i:0	130272.06800248023
i:50	91117.84266214733
i:100	87741.44024004746
i:150	86626.92718402247
i:200	86008.46661418682
i:250	84680.77442293754
i:300	84430.95865057262
i:350	84323.48288190275
i:400	83836.47330438961
i:450	82820.95551349911
i:500	82543.56666002783
i:550	81824.38059729147
i:600	81824.38059729147
i:650	81541.24016052908
best: 81459.25252334871
routes: [0, 51, 52, 53, 56, 54, 55, 57, 59, 60, 58, 76, 77, 74, 71, 72, 73, 75, 78, 79, 80, 0, 11, 12, 13, 15, 18, 16, 20, 19, 17, 14, 43, 45, 46, 49, 50, 48, 47, 44, 41, 42, 0, 4, 3, 6, 5, 10, 7, 9, 8, 2, 1, 61, 62, 63, 64, 65, 67, 68, 66, 69, 70, 0, 31, 33, 34, 39, 40, 36, 35, 37, 38, 32, 28, 30, 29, 27, 25, 26, 24, 21, 23, 22, 0]
Elapsed time: 280.531042098999

i:0	122040.46294335667
i:50	87478.80613623011
i:100	83815.45463274742
i:150	83223.49225852922
i:200	82940.16911065692
i:250	82566.63433256754
i:300	81079.53513211294
i:350	80109.29007405543
i:400	79828.19744828832
i:450	79777.18363667044
i:500	79777.18363667044
i:550	79777.18363667044
i:600	79777.18363667044
i:650	79777.18363667044
best: 79613.09025657
routes: [0, 31, 39, 40, 36, 35, 37, 38, 34, 33, 32, 28, 30, 29, 27, 25, 26, 24, 21, 23, 22, 0, 43, 42, 41, 44, 47, 45, 46, 49, 50, 48, 12, 11, 13, 15, 14, 17, 19, 20, 18, 16, 0, 51, 52, 53, 56, 54, 55, 57, 59, 60, 58, 76, 74, 71, 72, 73, 75, 78, 77, 79, 80, 0, 4, 3, 6, 5, 10, 9, 7, 8, 2, 1, 69, 70, 66, 67, 68, 65, 64, 63, 61, 62, 0]
Elapsed time: 249.44875049591064

i:0	129159.13548166036
i:50	89499.44659080177
i:100	86876.23038837228
i:150	86115.48262610717
i:200	83179.30558750777
i:250	82431.21244246405
i:300	82431.21244246405
i:350	82300.43864951581
i:400	82300.43864951581
i:450	82300.43864951581
i:500	82300.43864951581
i:550	82300.43864951581
i:600	82300.43864951581
i:650	82300.43864951581
best: 82092.19016236554
routes: [0, 13, 16, 15, 18, 20, 19, 17, 14, 12, 11, 43, 46, 49, 50, 48, 47, 45, 44, 41, 42, 0, 4, 3, 6, 5, 10, 9, 7, 8, 2, 1, 62, 61, 63, 64, 65, 66, 67, 68, 69, 70, 0, 51, 52, 53, 56, 54, 55, 57, 59, 60, 58, 76, 77, 74, 71, 72, 73, 75, 78, 79, 80, 0, 21, 22, 23, 24, 26, 25, 27, 29, 30, 28, 32, 31, 39, 40, 35, 36, 37, 38, 33, 34, 0]
Elapsed time: 209.47263479232788

i:0	123994.79594461048
i:50	89167.17136185683
i:100	86855.98442734899
i:150	85452.27670895807
i:200	85020.1705056158
i:250	84456.09984817685
i:300	84238.43608990936
i:350	82852.6084282479
i:400	82765.54708565144
i:450	82683.71825548583
i:500	82683.71825548583
i:550	82683.71825548583
i:600	82417.54967900127
i:650	82417.54967900127
best: 82417.54967900127
routes: [0, 41, 44, 46, 49, 50, 47, 45, 42, 43, 48, 17, 19, 20, 18, 15, 14, 12, 11, 13, 16, 0, 76, 77, 74, 71, 72, 73, 75, 78, 80, 79, 58, 60, 59, 57, 54, 55, 56, 53, 51, 52, 0, 4, 3, 6, 5, 10, 7, 9, 8, 2, 1, 61, 62, 63, 64, 65, 67, 68, 66, 69, 70, 0, 32, 33, 34, 31, 39, 38, 37, 40, 35, 36, 30, 28, 29, 27, 25, 26, 24, 21, 23, 22, 0]
Elapsed time: 252.26920366287231

i:0	121304.8235846508
i:50	90233.52420543705
i:100	88783.42949468968
i:150	86307.50904887104
i:200	83136.73851642567
i:250	82156.4567570113
i:300	81923.02629556417
i:350	81461.71381585735
i:400	81223.54833769587
i:450	80820.05468157487
i:500	80559.26032019698
i:550	80559.26032019698
i:600	80559.26032019698
i:650	80559.26032019698
best: 80559.26032019698
routes: [0, 21, 24, 23, 25, 27, 29, 30, 28, 26, 22, 13, 11, 12, 15, 14, 17, 19, 20, 18, 16, 0, 4, 5, 6, 3, 1, 2, 8, 7, 9, 10, 43, 41, 44, 46, 49, 50, 48, 47, 45, 42, 0, 61, 62, 63, 64, 65, 68, 66, 67, 69, 70, 31, 39, 38, 40, 35, 36, 37, 32, 33, 34, 0, 76, 74, 71, 72, 73, 75, 78, 77, 79, 80, 58, 60, 59, 57, 54, 55, 56, 53, 51, 52, 0]
Elapsed time: 263.6973898410797

i:0	129081.56443788798
i:50	93439.60666868393
i:100	89255.60343425853
i:150	88324.51372425821
i:200	86242.94104381342
i:250	84953.79690875662
i:300	83773.94808299969
i:350	83706.76639310681
i:400	83210.0721430917
i:450	82429.55229829735
i:500	82429.55229829735
i:550	82397.36206016861
i:600	81706.17291629213
i:650	81706.17291629213
best: 81706.17291629213
routes: [0, 76, 74, 71, 72, 73, 75, 78, 77, 79, 80, 58, 60, 59, 57, 52, 51, 53, 56, 55, 54, 0, 4, 3, 6, 5, 10, 7, 9, 8, 2, 1, 61, 62, 63, 64, 65, 67, 68, 66, 69, 70, 0, 43, 42, 41, 44, 46, 45, 47, 49, 50, 48, 11, 12, 13, 15, 14, 17, 19, 20, 18, 16, 0, 21, 22, 23, 24, 26, 25, 29, 27, 28, 30, 35, 36, 37, 40, 39, 38, 31, 34, 33, 32, 0]
Elapsed time: 274.1528310775757

i:0	126546.92304893033
i:50	87712.51391426566
i:100	85524.14776190634
i:150	82602.52027848392
i:200	81900.89977089432
i:250	81645.04325722628
i:300	81492.31341900033
i:350	81236.72943611073
i:400	81163.09535437319
i:450	80773.87172777667
i:500	80620.4081283992
i:550	80519.9949439435
i:600	80519.9949439435
i:650	80519.9949439435
best: 80519.9949439435
routes: [0, 21, 22, 23, 24, 26, 25, 29, 27, 28, 30, 35, 36, 37, 40, 39, 38, 31, 34, 33, 32, 0, 4, 3, 6, 5, 10, 9, 7, 8, 2, 1, 69, 70, 66, 67, 68, 65, 64, 63, 61, 62, 0, 51, 52, 53, 56, 55, 54, 57, 59, 60, 58, 76, 79, 77, 74, 71, 72, 73, 75, 78, 80, 0, 43, 47, 45, 42, 41, 44, 46, 49, 50, 48, 17, 19, 20, 14, 12, 11, 13, 15, 18, 16, 0]
Elapsed time: 261.93220138549805

mean: 80826.74426477129
std: 1055.0464972496077
mean-time: 260.0598831415176
std-time: 20.0075138031438