i:0	115833.39633591105
i:50	89456.26931992394
i:100	84893.50032177298
i:150	83678.38562677184
i:200	80506.35928453928
i:250	77931.8372756298
i:300	77270.72184795054
i:350	76255.28824358768
i:400	75611.13015330542
i:450	75611.13015330542
i:500	75572.89045212218
i:550	75572.89045212218
i:600	75572.89045212218
i:650	75572.89045212218
best: 75499.15696986693
routes: [0, 35, 40, 39, 38, 36, 37, 34, 33, 72, 71, 65, 66, 69, 67, 68, 70, 7, 8, 2, 1, 3, 6, 5, 4, 0, 41, 42, 43, 46, 44, 45, 47, 48, 62, 60, 61, 59, 58, 57, 63, 64, 50, 49, 51, 52, 53, 55, 54, 56, 0, 73, 74, 75, 76, 77, 80, 79, 78, 25, 27, 28, 32, 30, 29, 31, 26, 20, 17, 19, 21, 23, 24, 22, 18, 14, 16, 13, 15, 12, 11, 9, 10, 0]
Elapsed time: 269.144793510437

i:0	119205.62143326482
i:50	87622.18835461527
i:100	84413.71996600182
i:150	84413.71996600182
i:200	84372.47914664813
i:250	84372.47914664813
i:300	83309.91617353083
i:350	83309.91617353083
i:400	81888.09621951033
i:450	81094.27351019485
i:500	80639.6102455535
i:550	80597.4970698895
i:600	80563.30296687264
i:650	80563.30296687264
best: 80563.30296687264
routes: [0, 4, 5, 6, 7, 8, 3, 1, 2, 57, 59, 58, 61, 64, 63, 60, 62, 48, 46, 47, 45, 44, 43, 41, 42, 0, 9, 10, 12, 11, 13, 16, 14, 15, 40, 35, 34, 39, 38, 37, 36, 33, 72, 71, 65, 66, 69, 67, 68, 70, 0, 78, 75, 74, 73, 76, 79, 77, 80, 54, 55, 56, 51, 49, 50, 53, 52, 25, 28, 27, 32, 30, 29, 31, 26, 17, 19, 18, 21, 23, 24, 22, 20, 0]
Elapsed time: 300.69322514533997

i:0	116710.85280185664
i:50	87375.70143281408
i:100	84476.95201682861
i:150	83198.4198879837
i:200	82404.77337697495
i:250	80650.43228968681
i:300	78771.92121350858
i:350	78375.994285731
i:400	78253.41858275837
i:450	77671.34708818205
i:500	77671.34708818205
i:550	77671.34708818205
i:600	77671.34708818205
i:650	77596.0102171943
best: 77596.0102171943
routes: [0, 54, 55, 56, 53, 52, 51, 50, 49, 73, 74, 75, 76, 77, 80, 79, 78, 25, 28, 27, 32, 30, 29, 31, 26, 0, 64, 61, 59, 58, 57, 63, 60, 62, 48, 42, 41, 43, 46, 47, 45, 44, 7, 8, 2, 1, 3, 6, 5, 4, 0, 17, 19, 21, 23, 24, 22, 20, 18, 14, 13, 12, 15, 16, 11, 10, 9, 40, 39, 38, 36, 37, 35, 34, 33, 72, 71, 65, 66, 69, 67, 70, 68, 0]
Elapsed time: 262.32840847969055

i:0	126244.32865587297
i:50	86910.9384106652
i:100	81951.35473778557
i:150	78749.74772747245
i:200	76972.45296798597
i:250	76293.75495413212
i:300	76259.78177141373
i:350	76188.27257791402
i:400	76188.27257791402
i:450	76188.27257791402
i:500	76188.27257791402
i:550	76147.74398056799
i:600	76147.74398056799
i:650	75875.75344528524
best: 75875.75344528524
routes: [0, 41, 42, 43, 46, 44, 45, 47, 48, 62, 60, 61, 59, 58, 57, 63, 64, 49, 51, 54, 55, 56, 53, 52, 50, 0, 4, 5, 6, 3, 1, 2, 8, 7, 70, 68, 67, 66, 69, 65, 71, 72, 33, 36, 38, 39, 37, 34, 35, 40, 15, 12, 10, 9, 11, 13, 16, 14, 0, 73, 74, 75, 76, 77, 80, 79, 78, 25, 30, 29, 31, 32, 28, 27, 26, 17, 19, 18, 21, 23, 24, 22, 20, 0]
Elapsed time: 249.9408459663391

i:0	119562.02217924324
i:50	88214.87834120721
i:100	86941.2440759479
i:150	85926.50303635167
i:200	83086.84669280544
i:250	80318.78586370524
i:300	80242.0554630077
i:350	80197.67437616235
i:400	80194.99537842201
i:450	79099.37452780001
i:500	77925.96570465538
i:550	77534.86400181269
i:600	77534.86400181269
i:650	76898.24461798139
best: 76898.24461798139
routes: [0, 70, 68, 67, 69, 65, 66, 71, 72, 33, 34, 35, 39, 38, 36, 37, 40, 15, 12, 10, 9, 11, 13, 16, 14, 0, 41, 42, 43, 46, 44, 45, 47, 48, 63, 62, 60, 57, 59, 58, 61, 64, 50, 49, 51, 52, 53, 55, 56, 54, 0, 4, 5, 6, 7, 8, 2, 3, 1, 73, 74, 75, 76, 77, 80, 79, 78, 25, 28, 27, 32, 30, 29, 31, 26, 24, 23, 21, 22, 20, 17, 19, 18, 0]
Elapsed time: 272.8492760658264

i:0	115002.15993943103
i:50	86546.99868667447
i:100	85290.46135192587
i:150	84480.1168706059
i:200	84302.445859121
i:250	83881.93031981739
i:300	83835.10820144936
i:350	83835.10820144936
i:400	83835.10820144936
i:450	83018.3576335277
i:500	82272.83377616027
i:550	82272.83377616027
i:600	82272.83377616027
i:650	82272.83377616027
best: 82272.83377616027
routes: [0, 17, 19, 21, 24, 23, 22, 20, 18, 14, 16, 11, 15, 13, 12, 10, 9, 35, 37, 40, 39, 38, 36, 34, 33, 70, 68, 67, 69, 65, 66, 71, 72, 0, 64, 61, 59, 58, 60, 57, 63, 62, 48, 47, 45, 46, 43, 41, 42, 44, 8, 7, 5, 6, 3, 2, 1, 4, 0, 73, 77, 79, 76, 78, 74, 75, 80, 55, 54, 56, 53, 50, 49, 51, 52, 25, 32, 30, 29, 31, 28, 27, 26, 0]
Elapsed time: 333.3631703853607

i:0	118101.73060698126
i:50	85817.91615520415
i:100	83829.426883663
i:150	83296.89166741984
i:200	83296.89166741984
i:250	82423.50226385059
i:300	80989.96616611093
i:350	80698.35919619596
i:400	80406.21017378106
i:450	80246.73063437741
i:500	80191.90212233225
i:550	80167.22154510813
i:600	80151.93580682568
i:650	79992.74483917991
best: 79992.74483917991
routes: [0, 4, 1, 3, 5, 6, 7, 8, 2, 60, 57, 59, 58, 61, 64, 63, 62, 48, 46, 47, 45, 44, 43, 41, 42, 0, 14, 11, 13, 15, 16, 12, 10, 9, 35, 40, 39, 38, 37, 36, 34, 33, 72, 71, 65, 66, 69, 67, 68, 70, 0, 78, 74, 73, 75, 77, 79, 76, 80, 51, 52, 50, 49, 53, 55, 56, 54, 25, 28, 27, 26, 32, 31, 30, 29, 24, 23, 21, 22, 20, 17, 19, 18, 0]
Elapsed time: 286.7503516674042

i:0	106572.62458691397
i:50	85798.59593846872
i:100	85798.59593846872
i:150	85456.54368414679
i:200	84696.24287776281
i:250	79008.27664119376
i:300	77329.1788673509
i:350	75799.31268832854
i:400	75343.44673253727
i:450	75343.44673253727
i:500	75343.44673253727
i:550	75343.44673253727
i:600	75343.44673253727
i:650	75343.44673253727
best: 75343.44673253727
routes: [0, 54, 55, 56, 53, 52, 51, 50, 49, 64, 61, 59, 58, 57, 63, 60, 62, 48, 46, 47, 45, 44, 43, 41, 42, 0, 9, 11, 14, 16, 13, 15, 12, 10, 40, 39, 38, 36, 37, 35, 34, 33, 72, 71, 65, 66, 69, 67, 68, 70, 7, 8, 2, 1, 3, 6, 5, 4, 0, 73, 74, 75, 76, 77, 80, 79, 78, 25, 30, 29, 31, 32, 28, 27, 26, 17, 19, 18, 21, 23, 24, 22, 20, 0]
Elapsed time: 265.1920611858368

i:0	112593.7349814126
i:50	90212.59296191784
i:100	89331.89073166583
i:150	88005.76423402384
i:200	87389.31695333263
i:250	86124.32091049396
i:300	85872.94055157712
i:350	85872.94055157712
i:400	82218.12261922986
i:450	81411.28007897444
i:500	80952.14849722362
i:550	80797.75976573695
i:600	79823.37203476699
i:650	79593.48351049321
best: 79370.54892246274
routes: [0, 73, 74, 75, 77, 80, 79, 78, 76, 50, 49, 51, 52, 53, 55, 56, 54, 25, 28, 27, 32, 30, 29, 31, 26, 0, 60, 58, 57, 59, 61, 64, 63, 62, 48, 42, 41, 43, 46, 47, 45, 44, 8, 7, 5, 6, 2, 1, 3, 4, 0, 70, 68, 67, 66, 69, 65, 71, 72, 33, 36, 38, 39, 37, 34, 35, 40, 12, 10, 9, 11, 13, 15, 16, 14, 18, 17, 19, 21, 23, 24, 22, 20, 0]
Elapsed time: 311.2043254375458

i:0	111594.45630173996
i:50	89741.38144624722
i:100	84099.78749126905
i:150	76610.50783500107
i:200	75581.25360884069
i:250	75183.64208045497
i:300	74761.23404783016
i:350	74761.23404783016
i:400	74048.92198550816
i:450	73904.41887572149
i:500	73717.90609596066
i:550	73707.77374498892
i:600	73707.77374498892
i:650	73707.77374498892
best: 73707.77374498892
routes: [0, 11, 14, 16, 13, 15, 12, 10, 9, 40, 39, 38, 36, 37, 35, 34, 33, 72, 71, 65, 66, 69, 67, 68, 70, 7, 8, 2, 1, 3, 6, 5, 4, 0, 41, 42, 43, 46, 44, 45, 47, 48, 63, 62, 60, 58, 57, 59, 61, 64, 50, 49, 51, 52, 53, 56, 54, 55, 74, 73, 75, 76, 77, 80, 79, 78, 0, 25, 27, 28, 32, 30, 29, 31, 26, 21, 23, 24, 22, 20, 17, 19, 18, 0]
Elapsed time: 241.20642232894897

mean: 77711.98162325296
std: 2597.531799771669
mean-time: 279.26728801727296
std-time: 27.20067829095453