i:0	128481.58053301359
i:50	92907.29192959893
i:100	90774.14975832417
i:150	89996.49770974254
i:200	89287.37475445126
i:250	89104.47330569674
i:300	87975.97548745561
i:350	87587.83345646496
i:400	87587.83345646496
i:450	87587.83345646496
i:500	87587.83345646496
i:550	87587.83345646496
i:600	87587.83345646496
i:650	87587.83345646496
best: 87587.83345646496
routes: [0, 25, 28, 27, 32, 31, 30, 29, 26, 24, 23, 21, 22, 20, 17, 19, 18, 0, 60, 63, 64, 61, 59, 58, 57, 62, 48, 46, 47, 45, 44, 43, 41, 42, 0, 4, 3, 1, 2, 7, 8, 6, 5, 9, 11, 10, 12, 13, 15, 16, 14, 0, 73, 74, 75, 76, 77, 80, 79, 78, 54, 55, 56, 53, 50, 49, 51, 52, 0, 35, 40, 39, 38, 36, 37, 34, 33, 71, 72, 69, 67, 65, 66, 70, 68, 0]
Elapsed time: 215.45436716079712

i:0	115669.16677800198
i:50	96082.99782733848
i:100	92956.22893914091
i:150	91056.20894879366
i:200	90427.85245476713
i:250	89588.02359044706
i:300	87849.49136361177
i:350	87849.49136361177
i:400	87515.93608143489
i:450	87163.94718484946
i:500	87163.94718484946
i:550	86840.17285353072
i:600	86840.17285353072
i:650	86840.17285353072
best: 86840.17285353072
routes: [0, 73, 74, 75, 76, 77, 80, 79, 78, 54, 55, 56, 53, 50, 49, 51, 52, 0, 25, 28, 27, 26, 32, 31, 30, 29, 24, 23, 21, 22, 20, 17, 19, 18, 0, 4, 5, 6, 3, 1, 2, 8, 7, 9, 11, 10, 12, 13, 15, 16, 14, 0, 41, 42, 43, 46, 44, 45, 47, 48, 63, 62, 60, 58, 57, 59, 61, 64, 0, 35, 40, 39, 38, 36, 37, 34, 33, 71, 72, 69, 67, 65, 66, 70, 68, 0]
Elapsed time: 233.67668199539185

i:0	120751.91673314343
i:50	93166.99591900516
i:100	91600.36266104746
i:150	90977.52410555632
i:200	90919.78482539413
i:250	90914.78283229546
i:300	90671.35954092708
i:350	90177.8015120818
i:400	89749.38911200168
i:450	89321.99900654017
i:500	89321.99900654017
i:550	89170.29598411731
i:600	89170.2959841173
i:650	88695.48312363391
best: 87484.87906428188
routes: [0, 64, 61, 59, 58, 57, 63, 60, 62, 48, 46, 47, 45, 44, 43, 41, 42, 0, 73, 74, 75, 76, 77, 80, 79, 78, 54, 55, 56, 53, 50, 49, 51, 52, 0, 4, 1, 2, 3, 6, 7, 8, 5, 9, 11, 10, 12, 13, 15, 16, 14, 0, 25, 28, 27, 26, 32, 31, 30, 29, 24, 23, 21, 22, 20, 17, 19, 18, 0, 35, 40, 39, 38, 36, 37, 34, 33, 71, 72, 69, 67, 65, 66, 70, 68, 0]
Elapsed time: 296.96470379829407

i:0	135993.30894541796
i:50	92122.31446138163
i:100	91221.91839761192
i:150	90339.11130801748
i:200	89732.13692116429
i:250	87614.76112566948
i:300	87614.76112566948
i:350	87614.76112566948
i:400	87614.76112566947
i:450	87614.76112566947
i:500	87614.76112566947
i:550	87614.76112566947
i:600	87614.76112566947
i:650	87614.76112566947
best: 86937.64094822935
routes: [0, 25, 28, 27, 26, 32, 31, 30, 29, 24, 23, 21, 22, 20, 17, 19, 18, 0, 4, 5, 6, 3, 1, 2, 8, 7, 9, 11, 10, 12, 13, 15, 16, 14, 0, 73, 74, 75, 76, 77, 80, 79, 78, 54, 55, 56, 53, 50, 49, 51, 52, 0, 41, 42, 43, 46, 44, 45, 47, 48, 60, 63, 64, 61, 59, 58, 57, 62, 0, 35, 37, 40, 39, 38, 36, 34, 33, 71, 72, 69, 67, 65, 66, 70, 68, 0]
Elapsed time: 243.7584195137024

i:0	128030.24999449789
i:50	92019.99368782627
i:100	89814.08374627857
i:150	88527.22089638392
i:200	87942.50720740341
i:250	87619.2347751804
i:300	87393.60005742824
i:350	87066.09638444128
i:400	87066.09638444128
i:450	87066.09638444128
i:500	87066.09638444128
i:550	86793.63624476857
i:600	86793.63624476857
i:650	86793.63624476857
best: 86793.63624476857
routes: [0, 35, 34, 37, 40, 39, 38, 36, 33, 71, 72, 69, 67, 65, 66, 70, 68, 0, 25, 28, 27, 32, 31, 30, 29, 26, 24, 23, 21, 22, 20, 17, 19, 18, 0, 4, 3, 1, 2, 7, 8, 6, 5, 9, 11, 10, 12, 13, 15, 16, 14, 0, 73, 74, 75, 76, 77, 80, 79, 78, 54, 55, 56, 53, 50, 49, 51, 52, 0, 41, 42, 43, 46, 44, 45, 47, 48, 64, 61, 59, 58, 57, 63, 60, 62, 0]
Elapsed time: 228.19616103172302

i:0	128587.3037780828
i:50	93161.88765510175
i:100	91436.38755433896
i:150	89969.06308591018
i:200	89221.73656480468
i:250	87981.70253185867
i:300	87981.70253185867
i:350	87836.1311587771
i:400	87836.1311587771
i:450	87836.1311587771
i:500	87836.1311587771
i:550	87836.1311587771
i:600	87836.1311587771
i:650	87836.1311587771
best: 87836.1311587771
routes: [0, 4, 1, 2, 3, 5, 6, 7, 8, 70, 68, 67, 69, 72, 71, 65, 66, 0, 41, 42, 43, 46, 44, 45, 47, 48, 64, 61, 59, 58, 57, 63, 60, 62, 0, 73, 74, 75, 76, 77, 80, 79, 78, 54, 55, 56, 53, 50, 49, 51, 52, 0, 25, 28, 27, 26, 32, 31, 30, 29, 24, 23, 21, 22, 20, 17, 19, 18, 0, 35, 34, 33, 36, 38, 39, 37, 40, 15, 16, 13, 12, 10, 9, 11, 14, 0]
Elapsed time: 210.47449135780334

i:0	129479.93734325151
i:50	92213.13512493846
i:100	91410.22368609386
i:150	91017.60021863096
i:200	89392.89796826371
i:250	88373.41201491951
i:300	87882.94548733914
i:350	87280.67088095091
i:400	87062.9464976732
i:450	86978.36655000507
i:500	86978.36655000507
i:550	86978.36655000507
i:600	86978.36655000507
i:650	86978.36655000507
best: 86978.36655000507
routes: [0, 73, 74, 75, 77, 80, 79, 78, 76, 54, 55, 56, 53, 50, 49, 51, 52, 0, 4, 3, 1, 2, 7, 8, 6, 5, 9, 11, 10, 12, 13, 15, 16, 14, 0, 25, 28, 27, 26, 32, 31, 30, 29, 24, 23, 21, 22, 20, 17, 19, 18, 0, 35, 40, 39, 38, 36, 37, 34, 33, 72, 71, 65, 66, 70, 69, 67, 68, 0, 41, 42, 43, 46, 44, 45, 47, 48, 63, 64, 61, 59, 58, 57, 62, 60, 0]
Elapsed time: 218.18825674057007

i:0	123846.81905161364
i:50	94000.86101994409
i:100	91786.08982647287
i:150	90487.60545427504
i:200	89406.20690546233
i:250	89335.6836909305
i:300	89335.6836909305
i:350	89335.6836909305
i:400	88701.14789606867
i:450	88447.74571717624
i:500	88368.70666499423
i:550	87675.47531368711
i:600	87664.35960652442
i:650	87410.48278170066
best: 87410.48278170066
routes: [0, 4, 3, 1, 2, 7, 8, 6, 5, 9, 11, 10, 12, 13, 15, 16, 14, 0, 73, 74, 75, 76, 77, 80, 79, 78, 54, 55, 56, 53, 50, 49, 51, 52, 0, 35, 37, 40, 39, 38, 36, 34, 33, 71, 72, 69, 67, 65, 66, 70, 68, 0, 41, 42, 43, 46, 44, 45, 47, 48, 64, 61, 59, 58, 57, 63, 60, 62, 0, 25, 28, 27, 26, 32, 31, 30, 29, 24, 23, 21, 22, 17, 19, 18, 20, 0]
Elapsed time: 207.20663356781006

i:0	116471.77216600669
i:50	94368.82652394944
i:100	91824.01175676711
i:150	90334.69034619175
i:200	90254.93010197303
i:250	90157.8304952345
i:300	90157.8304952345
i:350	90079.2270769681
i:400	90079.2270769681
i:450	90065.33006346851
i:500	90065.33006346851
i:550	90034.45272073732
i:600	90034.45272073732
i:650	90034.45272073732
best: 90034.45272073732
routes: [0, 11, 14, 13, 15, 16, 12, 10, 9, 40, 39, 37, 38, 36, 33, 35, 34, 0, 25, 28, 27, 32, 31, 30, 29, 26, 24, 23, 21, 22, 18, 17, 19, 20, 0, 75, 77, 80, 79, 78, 76, 73, 74, 49, 54, 55, 56, 53, 52, 51, 50, 0, 4, 1, 2, 3, 5, 6, 7, 8, 68, 67, 69, 72, 71, 65, 66, 70, 0, 64, 61, 59, 58, 57, 63, 60, 62, 48, 43, 41, 42, 46, 47, 45, 44, 0]
Elapsed time: 235.81044244766235

i:0	137295.75066043538
i:50	90620.78576910227
i:100	89765.10538382745
i:150	89034.45635627463
i:200	88218.499991627
i:250	87540.82184416236
i:300	87540.82184416236
i:350	87540.82184416236
i:400	87540.82184416236
i:450	87540.82184416236
i:500	87540.82184416236
i:550	87540.82184416236
i:600	87540.82184416236
i:650	87345.22134404647
best: 87345.22134404647
routes: [0, 25, 28, 27, 32, 31, 30, 29, 26, 24, 23, 21, 22, 20, 17, 19, 18, 0, 73, 74, 75, 76, 77, 80, 79, 78, 54, 55, 56, 53, 50, 49, 51, 52, 0, 4, 3, 1, 2, 7, 8, 6, 5, 9, 11, 10, 12, 13, 15, 16, 14, 0, 64, 61, 59, 58, 57, 63, 60, 62, 48, 46, 47, 45, 44, 43, 41, 42, 0, 35, 34, 37, 40, 39, 38, 36, 33, 71, 72, 69, 67, 65, 66, 70, 68, 0]
Elapsed time: 206.27749586105347

mean: 87524.88171225421
std: 899.6014480965147
mean-time: 229.60076534748077
std-time: 25.56782705545658