i:0	152715.34782581197
i:50	117955.37790691301
i:100	113338.22251024822
i:150	112445.62878721488
i:200	111478.68126842417
i:250	109972.00576055853
i:300	109769.95078573993
i:350	109474.66567449183
i:400	109074.06385830295
i:450	108576.87262606226
i:500	108457.12171459562
i:550	108305.14671205058
i:600	108305.14671205058
i:650	108305.14671205058
best: 107975.07316298464
routes: [0, 84, 89, 85, 83, 82, 81, 87, 88, 86, 90, 0, 21, 23, 25, 27, 29, 30, 28, 26, 24, 22, 0, 54, 52, 51, 53, 56, 55, 57, 59, 60, 58, 80, 79, 78, 75, 73, 72, 71, 74, 77, 76, 0, 61, 62, 64, 63, 65, 68, 67, 66, 69, 70, 0, 92, 91, 93, 95, 94, 98, 97, 99, 100, 96, 31, 33, 32, 37, 36, 35, 40, 39, 38, 34, 0, 43, 48, 45, 47, 49, 50, 46, 44, 41, 42, 0, 5, 10, 9, 8, 7, 6, 3, 2, 1, 4, 0, 11, 12, 13, 15, 14, 17, 19, 18, 20, 16, 0]
Elapsed time: 325.2802155017853

i:0	151566.8918645755
i:50	118946.04300390214
i:100	115150.10085798978
i:150	113192.65659474206
i:200	112232.72412356018
i:250	112232.72412356017
i:300	111662.48988768914
i:350	111049.62376962118
i:400	109556.85447257163
i:450	109024.49844799747
i:500	108974.60449972237
i:550	108340.90589530303
i:600	107623.61748521324
i:650	107596.55405051744
best: 107383.38838896406
routes: [0, 51, 52, 53, 56, 54, 55, 57, 59, 60, 58, 79, 77, 76, 74, 71, 72, 73, 75, 78, 80, 0, 11, 13, 12, 14, 18, 15, 17, 19, 20, 16, 0, 48, 47, 49, 50, 46, 45, 44, 41, 43, 42, 0, 1, 3, 2, 8, 7, 9, 10, 5, 6, 4, 0, 84, 83, 82, 81, 85, 87, 88, 89, 90, 86, 0, 21, 23, 22, 25, 27, 29, 30, 28, 26, 24, 0, 61, 62, 63, 64, 65, 68, 67, 69, 70, 66, 0, 32, 37, 36, 35, 40, 38, 39, 33, 34, 31, 99, 100, 98, 97, 96, 95, 94, 93, 91, 92, 0]
Elapsed time: 313.7528636455536

i:0	150219.80227257992
i:50	117067.0570690613
i:100	114833.25618205445
i:150	114258.62627877909
i:200	113413.97761895011
i:250	111796.08549524643
i:300	110468.87602335736
i:350	108631.24185410628
i:400	108457.42098430445
i:450	108300.86341882218
i:500	107885.51624159214
i:550	107759.46730498948
i:600	106859.61063422593
i:650	106695.92870948344
best: 106568.19153013326
routes: [0, 91, 92, 93, 94, 95, 97, 98, 96, 99, 100, 31, 34, 33, 32, 37, 36, 35, 40, 39, 38, 0, 1, 3, 2, 8, 7, 9, 10, 5, 6, 4, 0, 21, 23, 25, 29, 27, 30, 28, 26, 24, 22, 0, 61, 62, 63, 64, 65, 68, 67, 66, 69, 70, 0, 13, 11, 12, 14, 15, 18, 17, 19, 20, 16, 0, 43, 41, 44, 46, 49, 50, 48, 47, 45, 42, 0, 86, 84, 83, 82, 81, 87, 88, 85, 89, 90, 0, 80, 79, 78, 75, 73, 72, 71, 74, 77, 76, 58, 60, 59, 57, 55, 56, 52, 51, 53, 54, 0]
Elapsed time: 313.7294762134552

i:0	158523.85241032904
i:50	121635.31821046045
i:100	116900.9981553286
i:150	115040.23607546456
i:200	114123.81742105285
i:250	112696.5397675616
i:300	111216.32771507974
i:350	110745.8278906103
i:400	110396.37616469352
i:450	109885.34750578844
i:500	109829.75437594001
i:550	109339.75523123809
i:600	109339.75523123807
i:650	108963.42443828285
best: 108613.70093131869
routes: [0, 79, 74, 71, 72, 73, 75, 78, 80, 77, 76, 58, 60, 59, 57, 56, 55, 54, 51, 53, 52, 0, 43, 45, 47, 48, 49, 50, 46, 44, 41, 42, 0, 11, 13, 15, 12, 14, 17, 19, 20, 18, 16, 0, 62, 61, 63, 64, 65, 68, 67, 69, 70, 66, 0, 91, 92, 93, 94, 95, 97, 98, 96, 99, 100, 31, 39, 38, 40, 35, 36, 37, 32, 33, 34, 0, 5, 10, 9, 7, 8, 6, 2, 1, 3, 4, 0, 89, 90, 88, 87, 81, 82, 83, 85, 86, 84, 0, 21, 22, 23, 25, 26, 27, 29, 30, 28, 24, 0]
Elapsed time: 328.78185772895813

i:0	155090.47018305428
i:50	119586.95448170754
i:100	117740.42247431674
i:150	116452.27307040132
i:200	115615.31312328145
i:250	112458.7824875705
i:300	112083.5448583263
i:350	111253.95390980595
i:400	110960.84543221397
i:450	110960.84543221397
i:500	110477.5632719161
i:550	109062.82851533827
i:600	108122.35769765775
i:650	108121.88033729738
best: 108063.12490741847
routes: [0, 90, 89, 88, 87, 81, 82, 83, 85, 86, 84, 0, 54, 55, 57, 56, 52, 51, 53, 59, 60, 58, 79, 78, 75, 73, 72, 71, 74, 76, 77, 80, 0, 69, 70, 66, 67, 68, 65, 62, 61, 63, 64, 0, 13, 11, 12, 14, 16, 15, 17, 19, 20, 18, 0, 43, 42, 46, 44, 41, 45, 47, 49, 50, 48, 0, 4, 5, 10, 9, 7, 8, 6, 2, 3, 1, 0, 91, 92, 93, 94, 95, 98, 97, 96, 99, 100, 31, 34, 33, 32, 37, 35, 36, 40, 39, 38, 0, 21, 23, 25, 29, 27, 30, 28, 26, 24, 22, 0]
Elapsed time: 328.5789451599121

i:0	153478.55319514018
i:50	116767.55696778683
i:100	114847.74476603167
i:150	113898.28658818497
i:200	112515.05840753228
i:250	110028.11303946732
i:300	110028.11303946732
i:350	109198.94329872647
i:400	108774.91054887783
i:450	108653.04185102227
i:500	108613.8619344326
i:550	108518.15057184114
i:600	107579.5388686969
i:650	107579.5388686969
best: 107451.34798296244
routes: [0, 43, 42, 41, 44, 46, 49, 50, 47, 45, 48, 0, 71, 72, 73, 75, 78, 76, 74, 77, 79, 80, 58, 60, 59, 57, 56, 53, 51, 52, 55, 54, 0, 11, 12, 13, 15, 14, 17, 19, 20, 18, 16, 0, 3, 1, 2, 8, 9, 7, 10, 6, 5, 4, 0, 84, 83, 85, 82, 81, 87, 88, 86, 89, 90, 0, 21, 24, 23, 25, 27, 29, 30, 28, 26, 22, 0, 61, 62, 63, 64, 65, 68, 67, 66, 69, 70, 0, 91, 92, 93, 94, 95, 97, 98, 96, 99, 100, 31, 33, 34, 39, 38, 37, 40, 35, 36, 32, 0]
Elapsed time: 326.37863636016846

i:0	148494.9385522417
i:50	117385.2891675375
i:100	113969.0561002806
i:150	112667.6917430132
i:200	111347.40714818689
i:250	110104.7042517146
i:300	110104.7042517146
i:350	109212.4004606742
i:400	109212.4004606742
i:450	108731.00937155618
i:500	108541.77288266184
i:550	108224.98954792236
i:600	107963.91191022172
i:650	107754.8243150932
best: 107177.42110347556
routes: [0, 69, 70, 67, 68, 66, 65, 64, 63, 61, 62, 0, 4, 1, 3, 6, 5, 10, 7, 9, 8, 2, 0, 48, 47, 49, 50, 46, 44, 41, 43, 45, 42, 0, 51, 52, 53, 56, 54, 55, 57, 59, 60, 58, 76, 79, 80, 77, 74, 71, 72, 73, 75, 78, 0, 90, 89, 85, 83, 82, 81, 87, 88, 84, 86, 0, 21, 23, 22, 25, 26, 27, 29, 30, 28, 24, 0, 91, 92, 93, 94, 95, 96, 97, 98, 99, 100, 31, 38, 39, 40, 36, 35, 37, 32, 33, 34, 0, 11, 13, 15, 17, 19, 20, 18, 16, 14, 12, 0]
Elapsed time: 323.8573410511017

i:0	157240.39489327453
i:50	118496.64997219802
i:100	114399.8123658075
i:150	113639.20439945698
i:200	113039.84400265256
i:250	112420.09632829507
i:300	109808.43387927547
i:350	108630.54406132924
i:400	108219.96610141605
i:450	107729.99966175992
i:500	107558.8900044361
i:550	107558.89000443608
i:600	107151.90780537626
i:650	106931.58875946725
best: 106768.20302536608
routes: [0, 43, 45, 42, 41, 44, 46, 49, 50, 47, 48, 0, 52, 51, 53, 56, 54, 55, 57, 59, 60, 58, 74, 71, 72, 73, 75, 78, 80, 79, 77, 76, 0, 84, 83, 82, 81, 87, 88, 85, 86, 89, 90, 0, 1, 5, 6, 10, 9, 7, 8, 2, 3, 4, 0, 21, 23, 22, 26, 25, 27, 29, 30, 28, 24, 0, 33, 32, 38, 39, 40, 36, 35, 37, 34, 31, 100, 97, 96, 99, 98, 94, 95, 93, 91, 92, 0, 69, 70, 66, 67, 68, 65, 64, 63, 61, 62, 0, 11, 12, 13, 15, 14, 17, 19, 20, 18, 16, 0]
Elapsed time: 314.35925102233887

i:0	149633.0455691768
i:50	117769.14601453028
i:100	111956.73675275905
i:150	111714.28558473362
i:200	109541.03592619812
i:250	108745.17703444332
i:300	108007.32653552711
i:350	108007.32653552711
i:400	107561.55360227964
i:450	107561.55360227964
i:500	107335.93501331827
i:550	107335.93501331827
i:600	107266.83288843863
i:650	107027.0390447958
best: 107027.0390447958
routes: [0, 61, 62, 63, 64, 65, 68, 67, 66, 69, 70, 0, 43, 41, 42, 45, 47, 44, 46, 49, 50, 48, 0, 79, 77, 74, 71, 72, 73, 75, 78, 80, 76, 58, 52, 51, 53, 56, 59, 60, 57, 55, 54, 0, 21, 22, 23, 25, 27, 29, 30, 28, 26, 24, 0, 84, 85, 83, 82, 81, 87, 88, 86, 89, 90, 0, 91, 92, 93, 94, 95, 96, 97, 98, 99, 100, 31, 39, 38, 37, 40, 35, 36, 32, 33, 34, 0, 13, 11, 12, 14, 15, 17, 19, 20, 18, 16, 0, 1, 2, 8, 7, 9, 10, 3, 5, 6, 4, 0]
Elapsed time: 323.0213305950165

i:0	147224.6315153392
i:50	116755.39777456675
i:100	114495.47895089487
i:150	112433.13363973629
i:200	111211.61722337548
i:250	111024.00037591504
i:300	110622.08832585826
i:350	110569.20722813821
i:400	109850.95936251641
i:450	108832.8489388854
i:500	108713.24830156226
i:550	107630.11778084128
i:600	107086.58909197152
i:650	106904.6974063794
best: 106478.31615198439
routes: [0, 51, 53, 52, 54, 55, 56, 57, 59, 60, 58, 79, 80, 77, 76, 74, 71, 72, 73, 75, 78, 0, 21, 22, 25, 27, 29, 30, 28, 24, 23, 26, 0, 11, 13, 16, 15, 17, 19, 20, 18, 14, 12, 0, 90, 86, 89, 85, 88, 87, 81, 82, 83, 84, 0, 43, 45, 42, 41, 44, 46, 49, 50, 47, 48, 0, 4, 3, 1, 2, 6, 5, 10, 9, 7, 8, 0, 69, 70, 67, 68, 66, 65, 64, 63, 61, 62, 0, 91, 92, 93, 94, 95, 96, 97, 98, 99, 100, 31, 33, 34, 38, 39, 40, 36, 35, 37, 32, 0]
Elapsed time: 325.1193428039551

mean: 107350.58062294032
std: 659.6376771887725
mean-time: 322.28592600822446
std-time: 5.721991306784599