i:0	142701.02949568877
i:50	105415.635963348
i:100	98612.48113250485
i:150	97512.49482153245
i:200	96383.33150296178
i:250	95429.8410044676
i:300	95094.85230734147
i:350	94769.31722711428
i:400	94709.96228329503
i:450	94704.57596897874
i:500	94630.37874855599
i:550	94609.85877651845
i:600	94609.85877651845
i:650	94602.38605884771
best: 94602.38605884771
routes: [0, 96, 97, 99, 100, 98, 93, 95, 94, 91, 92, 70, 69, 67, 68, 66, 63, 65, 64, 61, 62, 0, 31, 34, 32, 33, 38, 39, 40, 37, 36, 35, 30, 28, 27, 29, 25, 26, 24, 21, 23, 22, 16, 15, 18, 20, 19, 17, 14, 13, 11, 12, 0, 79, 80, 71, 72, 73, 75, 78, 77, 74, 76, 58, 59, 60, 51, 52, 53, 56, 57, 55, 54, 0, 1, 3, 6, 4, 5, 7, 8, 2, 10, 9, 90, 86, 89, 84, 81, 82, 83, 85, 87, 88, 41, 44, 46, 49, 50, 47, 45, 42, 43, 48, 0]
Elapsed time: 304.286808013916

i:0	147640.1556549746
i:50	108959.02739920994
i:100	100176.03964296664
i:150	93835.40099454876
i:200	87704.1788015062
i:250	87093.46177193371
i:300	86821.85019665671
i:350	86704.83469779877
i:400	86616.67063888654
i:450	86616.67063888654
i:500	86437.11219773343
i:550	86436.30761104208
i:600	86393.07447005407
i:650	86393.07447005407
best: 86393.07447005407
routes: [0, 79, 80, 76, 77, 74, 71, 72, 73, 75, 78, 58, 60, 59, 57, 54, 55, 56, 53, 51, 52, 0, 4, 5, 7, 8, 1, 2, 3, 6, 10, 9, 84, 83, 82, 81, 88, 87, 85, 89, 90, 86, 41, 42, 45, 47, 49, 50, 46, 44, 43, 48, 14, 12, 11, 13, 15, 17, 19, 20, 18, 16, 0, 21, 22, 25, 27, 29, 30, 28, 26, 23, 24, 32, 37, 36, 35, 40, 39, 38, 33, 34, 31, 69, 70, 66, 67, 68, 65, 64, 63, 62, 61, 95, 94, 97, 98, 99, 100, 96, 93, 91, 92, 0]
Elapsed time: 324.5156879425049

i:0	152331.79631247185
i:50	111693.5432510426
i:100	111581.08256638073
i:150	107378.47770382794
i:200	99773.46619831891
i:250	96277.52197629814
i:300	95100.4462039546
i:350	94629.83520364082
i:400	94354.01578712415
i:450	93345.67924921673
i:500	91765.63681637142
i:550	91298.61180577561
i:600	91298.61180577561
i:650	91279.44564709633
best: 91275.46494821332
routes: [0, 51, 52, 53, 56, 54, 55, 57, 59, 60, 58, 76, 74, 71, 72, 73, 75, 78, 77, 79, 80, 0, 33, 34, 31, 39, 38, 36, 35, 37, 40, 32, 21, 24, 26, 27, 25, 29, 30, 28, 23, 22, 16, 17, 19, 20, 15, 18, 13, 11, 12, 14, 0, 91, 92, 93, 95, 94, 96, 100, 99, 97, 98, 61, 62, 63, 66, 69, 70, 67, 68, 65, 64, 0, 43, 42, 45, 47, 49, 50, 48, 46, 44, 41, 88, 87, 81, 82, 83, 85, 86, 89, 90, 84, 8, 7, 9, 10, 5, 6, 2, 1, 3, 4, 0]
Elapsed time: 350.23585987091064

i:0	154893.50479004133
i:50	106349.57263132065
i:100	103638.1979489712
i:150	96242.90091539414
i:200	94123.444810245
i:250	93260.64181606918
i:300	92715.6723503907
i:350	92586.5828401873
i:400	92342.08865164482
i:450	92321.81290662181
i:500	92315.39918548215
i:550	91908.62214327668
i:600	91908.62214327668
i:650	91803.58305796658
best: 91559.8913096266
routes: [0, 31, 39, 38, 37, 40, 35, 36, 34, 33, 32, 24, 21, 25, 27, 29, 30, 28, 26, 23, 22, 20, 19, 17, 14, 12, 11, 13, 15, 18, 16, 0, 51, 52, 53, 57, 54, 55, 56, 60, 59, 58, 79, 80, 78, 77, 74, 71, 72, 73, 75, 76, 0, 99, 100, 96, 94, 92, 91, 93, 95, 97, 98, 69, 70, 67, 68, 66, 63, 65, 64, 61, 62, 0, 43, 44, 46, 49, 50, 48, 47, 45, 42, 41, 88, 87, 81, 82, 83, 85, 86, 89, 90, 84, 9, 10, 7, 8, 2, 1, 3, 6, 5, 4, 0]
Elapsed time: 322.9518437385559

i:0	147762.04589545826
i:50	108529.09656173908
i:100	107099.42590685829
i:150	101012.73746498444
i:200	96784.27393183431
i:250	94215.68307710282
i:300	94016.11315271216
i:350	93817.83652951253
i:400	91637.36321346054
i:450	91637.36321346054
i:500	91131.25307271081
i:550	91131.25307271081
i:600	91131.25307271081
i:650	91131.25307271081
best: 91131.25307271081
routes: [0, 91, 92, 93, 95, 94, 96, 97, 99, 100, 98, 64, 63, 61, 62, 65, 68, 66, 67, 69, 70, 31, 39, 40, 35, 36, 37, 38, 34, 33, 32, 21, 22, 23, 26, 27, 25, 29, 30, 28, 24, 0, 54, 55, 56, 52, 51, 53, 58, 57, 59, 60, 75, 78, 72, 73, 76, 71, 74, 77, 79, 80, 0, 11, 12, 13, 16, 20, 18, 14, 19, 15, 17, 43, 45, 47, 48, 49, 50, 46, 44, 42, 41, 88, 87, 81, 82, 83, 85, 89, 90, 86, 84, 9, 5, 3, 6, 10, 7, 8, 2, 1, 4, 0]
Elapsed time: 369.9314560890198

i:0	156948.3461462259
i:50	105118.86791014792
i:100	99819.95934959428
i:150	98907.01129344551
i:200	98104.70397968906
i:250	97898.23699496813
i:300	97464.1648138782
i:350	97440.56367307555
i:400	97199.61081773254
i:450	97198.90800812653
i:500	97198.90800812653
i:550	97198.90800812653
i:600	97198.7958139008
i:650	97198.7958139008
best: 97033.43526868646
routes: [0, 76, 71, 72, 73, 75, 78, 74, 77, 79, 80, 58, 59, 60, 56, 57, 55, 54, 53, 51, 52, 0, 94, 92, 91, 93, 96, 97, 98, 99, 100, 95, 66, 67, 68, 65, 62, 61, 63, 64, 69, 70, 0, 11, 13, 16, 12, 14, 18, 17, 15, 20, 19, 22, 21, 23, 25, 27, 29, 30, 28, 26, 24, 32, 33, 34, 31, 39, 40, 35, 36, 37, 38, 0, 43, 42, 45, 47, 44, 46, 49, 50, 48, 41, 87, 88, 81, 82, 83, 85, 86, 89, 90, 84, 9, 10, 5, 6, 7, 8, 2, 3, 1, 4, 0]
Elapsed time: 313.09717297554016

i:0	144811.10772480973
i:50	108006.97079596447
i:100	105037.0786963146
i:150	101852.60173905478
i:200	99787.35387813795
i:250	95302.72702267538
i:300	92461.81673226312
i:350	92461.81673226312
i:400	91873.7171201412
i:450	91647.94462576564
i:500	91529.4349881404
i:550	91012.13848571519
i:600	90933.58274984676
i:650	90831.5420633687
best: 90695.00503714314
routes: [0, 51, 52, 53, 56, 55, 54, 57, 60, 59, 58, 79, 80, 76, 71, 72, 73, 75, 78, 77, 74, 0, 99, 100, 95, 94, 91, 92, 93, 96, 97, 98, 69, 70, 66, 67, 68, 65, 62, 61, 63, 64, 0, 43, 44, 46, 49, 50, 48, 47, 45, 42, 41, 89, 85, 88, 87, 81, 82, 83, 84, 86, 90, 9, 7, 8, 2, 1, 3, 6, 10, 5, 4, 0, 31, 39, 40, 36, 35, 37, 38, 34, 33, 32, 28, 30, 29, 27, 25, 26, 24, 21, 23, 22, 16, 15, 14, 17, 19, 20, 18, 13, 11, 12, 0]
Elapsed time: 343.09407806396484

i:0	141205.88541582186
i:50	101571.23496944402
i:100	98511.65696105844
i:150	97311.89681441087
i:200	96842.53444916802
i:250	96450.92050106861
i:300	95673.32638039332
i:350	95297.35726969806
i:400	95057.16414033767
i:450	95052.23067134342
i:500	94655.69093274605
i:550	94568.99051228922
i:600	94563.98851919055
i:650	94563.98851919055
best: 94529.60220693011
routes: [0, 95, 94, 92, 91, 93, 96, 99, 100, 97, 98, 66, 69, 70, 67, 68, 65, 62, 61, 63, 64, 0, 79, 80, 76, 77, 74, 71, 72, 73, 75, 78, 58, 57, 59, 60, 56, 53, 51, 52, 55, 54, 0, 4, 2, 1, 3, 8, 7, 6, 5, 10, 9, 43, 44, 46, 49, 50, 48, 47, 45, 42, 41, 87, 88, 86, 84, 83, 82, 81, 85, 89, 90, 0, 13, 11, 12, 14, 15, 18, 16, 20, 17, 19, 29, 30, 28, 27, 26, 25, 22, 23, 21, 24, 37, 36, 35, 40, 39, 38, 31, 34, 33, 32, 0]
Elapsed time: 333.0171887874603

i:0	141767.8978119132
i:50	110044.07784774178
i:100	107689.49698315078
i:150	101164.0320723379
i:200	97700.92099945662
i:250	94133.52886033204
i:300	92969.78161328589
i:350	92292.72139655489
i:400	91629.05713003976
i:450	91353.2308128256
i:500	91039.0619337989
i:550	90811.18361310252
i:600	90763.88273823298
i:650	89978.81116310816
best: 88968.598957725
routes: [0, 51, 52, 53, 56, 55, 54, 57, 60, 59, 58, 79, 80, 77, 78, 75, 72, 73, 71, 74, 76, 0, 100, 96, 99, 97, 98, 95, 94, 91, 93, 92, 61, 62, 63, 64, 65, 66, 67, 68, 69, 70, 31, 39, 40, 35, 36, 37, 38, 32, 33, 34, 0, 25, 27, 29, 30, 28, 26, 24, 21, 23, 22, 16, 20, 19, 17, 18, 15, 14, 12, 13, 11, 43, 42, 45, 48, 47, 49, 50, 46, 44, 41, 89, 88, 87, 81, 82, 83, 85, 86, 90, 84, 0, 1, 2, 8, 7, 9, 10, 5, 6, 3, 4, 0]
Elapsed time: 355.4865438938141

i:0	145103.6481419918
i:50	109070.49741064783
i:100	108326.11723712522
i:150	103321.7009015394
i:200	100298.39754454474
i:250	95442.35828633489
i:300	92911.63995296351
i:350	92499.18465532798
i:400	92158.61973055638
i:450	91847.69412669208
i:500	91775.58509815203
i:550	91775.58509815203
i:600	91759.87739704146
i:650	91759.87739704146
best: 91732.42836157173
routes: [0, 51, 52, 53, 57, 54, 55, 56, 59, 60, 58, 76, 74, 71, 72, 73, 75, 78, 79, 77, 80, 0, 4, 1, 2, 8, 5, 10, 7, 6, 3, 9, 90, 86, 89, 85, 84, 83, 82, 81, 87, 88, 41, 42, 43, 45, 44, 46, 49, 50, 47, 48, 0, 61, 62, 63, 64, 65, 67, 68, 66, 70, 69, 98, 97, 99, 100, 95, 94, 92, 91, 93, 96, 31, 39, 38, 37, 40, 35, 36, 32, 33, 34, 0, 21, 24, 25, 27, 29, 30, 28, 26, 23, 22, 16, 13, 15, 18, 20, 19, 17, 14, 11, 12, 0]
Elapsed time: 331.2587356567383

mean: 91792.1139691509
std: 2862.6838045258837
mean-time: 334.7875375032425
std-time: 19.06079927297356