i:0	145046.2577342192
i:50	102532.1381799603
i:100	96382.20795174847
i:150	95376.05008815987
i:200	94949.28720030621
i:250	94763.2330367182
i:300	93421.51550480217
i:350	93024.57813229528
i:400	92704.3570969558
i:450	92477.09765558445
i:500	92220.26738504853
i:550	92220.26738504853
i:600	92220.26738504853
i:650	92188.10866870073
best: 92188.10866870073
routes: [0, 76, 74, 71, 72, 73, 75, 78, 77, 79, 80, 58, 60, 59, 57, 52, 51, 53, 56, 55, 54, 0, 100, 97, 98, 96, 99, 95, 94, 93, 91, 92, 61, 62, 63, 64, 65, 66, 69, 70, 67, 68, 0, 32, 33, 34, 31, 39, 38, 37, 40, 36, 35, 30, 28, 27, 29, 25, 26, 24, 21, 23, 22, 16, 13, 15, 18, 20, 19, 17, 14, 11, 12, 0, 43, 42, 45, 47, 49, 50, 48, 46, 44, 41, 87, 88, 85, 82, 81, 83, 84, 86, 89, 90, 9, 8, 2, 1, 3, 6, 7, 10, 5, 4, 0]
Elapsed time: 301.2021288871765

i:0	141413.53409860923
i:50	108111.49822098974
i:100	99083.16254904354
i:150	95884.5783740337
i:200	93959.08349066786
i:250	93450.41408321541
i:300	93206.20129940874
i:350	93062.57336316662
i:400	92945.22309887802
i:450	92480.32513219991
i:500	92401.09112759426
i:550	92220.35814826604
i:600	92168.9694382099
i:650	91933.67538118403
best: 91861.42495930976
routes: [0, 13, 11, 12, 14, 15, 17, 19, 20, 18, 16, 22, 21, 23, 24, 26, 25, 29, 27, 28, 30, 35, 36, 37, 40, 39, 38, 32, 33, 34, 31, 0, 54, 52, 51, 53, 56, 55, 57, 59, 60, 58, 77, 71, 72, 73, 75, 78, 74, 76, 79, 80, 0, 4, 1, 3, 6, 5, 2, 7, 8, 10, 9, 89, 88, 87, 81, 82, 83, 85, 84, 86, 90, 41, 45, 44, 46, 49, 50, 47, 48, 43, 42, 0, 61, 62, 63, 64, 65, 68, 66, 67, 70, 69, 98, 97, 99, 100, 96, 95, 94, 93, 91, 92, 0]
Elapsed time: 326.6441888809204

i:0	153418.89710714272
i:50	102406.73144098921
i:100	97175.0721523704
i:150	96661.81149707497
i:200	96127.3182092948
i:250	95743.9883901572
i:300	95449.42108842339
i:350	94520.36279361286
i:400	94295.8435524872
i:450	93749.16783031344
i:500	93257.75904106988
i:550	93257.75904106988
i:600	93257.75904106988
i:650	93245.4790888273
best: 93152.93709215595
routes: [0, 53, 51, 52, 56, 55, 54, 57, 59, 60, 58, 79, 77, 74, 76, 71, 72, 73, 75, 80, 78, 0, 96, 95, 94, 91, 92, 93, 100, 99, 97, 98, 69, 70, 68, 66, 67, 63, 65, 64, 61, 62, 0, 32, 33, 34, 31, 39, 38, 37, 40, 36, 35, 30, 29, 27, 28, 26, 24, 21, 23, 25, 22, 16, 20, 19, 17, 18, 15, 14, 11, 13, 12, 0, 43, 42, 45, 47, 49, 50, 48, 46, 44, 41, 88, 87, 81, 82, 83, 85, 86, 89, 90, 84, 8, 7, 9, 10, 5, 6, 2, 1, 3, 4, 0]
Elapsed time: 311.107634305954

i:0	140815.68537197422
i:50	109102.97101720312
i:100	107578.60890807537
i:150	106709.70760371181
i:200	96796.45398753764
i:250	96170.39571074501
i:300	95352.25224328533
i:350	95207.14413696229
i:400	94823.60242030612
i:450	94434.18026325328
i:500	94188.13741349314
i:550	93369.81046871393
i:600	92982.43852224528
i:650	92792.98941650837
best: 92549.38068970446
routes: [0, 91, 92, 93, 96, 99, 100, 97, 98, 95, 94, 61, 62, 63, 64, 65, 68, 67, 69, 70, 66, 0, 79, 80, 77, 74, 71, 72, 73, 75, 78, 76, 58, 59, 60, 56, 52, 51, 53, 57, 55, 54, 0, 4, 1, 3, 6, 10, 5, 8, 2, 7, 9, 90, 89, 87, 88, 85, 82, 81, 83, 84, 86, 41, 42, 43, 45, 44, 46, 49, 50, 47, 48, 0, 31, 39, 38, 37, 40, 35, 36, 34, 33, 32, 28, 30, 29, 27, 25, 26, 24, 21, 23, 22, 16, 13, 11, 12, 14, 15, 17, 19, 20, 18, 0]
Elapsed time: 348.84821677207947

i:0	160616.61534717557
i:50	107083.3214843546
i:100	98929.5906409481
i:150	96118.9419577005
i:200	94908.36293006336
i:250	94905.89710951279
i:300	94775.6353449297
i:350	93591.77077656961
i:400	93591.77077656961
i:450	93568.08687280351
i:500	93518.67633755784
i:550	93508.71825812466
i:600	93507.2255551634
i:650	93424.57392930295
best: 93265.62937558605
routes: [0, 31, 39, 40, 35, 36, 37, 38, 34, 33, 32, 28, 30, 29, 27, 25, 26, 23, 24, 21, 22, 16, 13, 11, 12, 14, 15, 18, 17, 19, 20, 0, 43, 45, 44, 46, 49, 50, 48, 47, 42, 41, 86, 84, 83, 85, 82, 81, 87, 88, 89, 90, 9, 10, 7, 8, 2, 1, 3, 6, 5, 4, 0, 92, 91, 93, 94, 97, 95, 96, 99, 98, 100, 69, 70, 65, 66, 67, 68, 64, 63, 61, 62, 0, 54, 55, 57, 60, 56, 52, 51, 53, 59, 58, 79, 80, 77, 74, 71, 72, 73, 75, 78, 76, 0]
Elapsed time: 323.249799489975

i:0	149855.03392749003
i:50	112080.38948321031
i:100	105618.28652719076
i:150	103413.07295484167
i:200	103413.07295484167
i:250	103413.07295484167
i:300	103413.07295484167
i:350	103413.07295484167
i:400	103413.07295484167
i:450	103413.07295484167
i:500	103413.07295484167
i:550	103413.07295484167
i:600	103413.07295484167
i:650	103413.07295484167
best: 100758.66900282173
routes: [0, 91, 92, 93, 95, 99, 100, 96, 94, 97, 98, 63, 64, 61, 62, 65, 68, 67, 69, 70, 66, 31, 39, 38, 37, 40, 35, 36, 32, 33, 34, 0, 76, 74, 71, 72, 73, 75, 77, 79, 80, 78, 56, 59, 60, 58, 53, 51, 52, 57, 55, 54, 8, 2, 5, 7, 9, 10, 6, 3, 1, 4, 0, 90, 84, 86, 83, 82, 81, 87, 85, 89, 88, 41, 44, 45, 43, 42, 46, 49, 50, 47, 48, 25, 28, 30, 23, 26, 21, 27, 29, 24, 22, 0, 11, 15, 17, 14, 18, 16, 19, 20, 12, 13, 0]
Elapsed time: 394.2641487121582

i:0	152332.31171901326
i:50	99900.25791936478
i:100	96837.75709420505
i:150	94748.69549470516
i:200	93988.12511753287
i:250	93349.13926850316
i:300	93340.40000975823
i:350	92923.14766122456
i:400	92923.14766122456
i:450	92761.38083471544
i:500	92551.68831242138
i:550	92248.57588729264
i:600	91716.57422035193
i:650	91520.18656831767
best: 91520.18656831767
routes: [0, 91, 92, 93, 94, 95, 96, 99, 100, 97, 98, 69, 70, 67, 68, 66, 62, 61, 63, 65, 64, 31, 39, 40, 35, 36, 37, 38, 34, 33, 32, 0, 21, 22, 23, 24, 26, 25, 27, 29, 30, 28, 20, 19, 17, 18, 15, 14, 12, 11, 13, 16, 0, 76, 77, 74, 71, 72, 73, 75, 78, 80, 79, 58, 52, 51, 53, 56, 59, 60, 57, 55, 54, 0, 43, 44, 46, 49, 50, 48, 47, 45, 42, 41, 87, 88, 89, 90, 84, 83, 82, 81, 85, 86, 9, 7, 8, 2, 1, 3, 6, 10, 5, 4, 0]
Elapsed time: 324.99964690208435

i:0	142609.18749809676
i:50	111404.32681642969
i:100	110860.67630421715
i:150	105349.22362280892
i:200	98219.30586838417
i:250	94797.35278343463
i:300	93301.89234897908
i:350	93291.84198653411
i:400	93291.84198653411
i:450	93210.81111436749
i:500	93094.62083780665
i:550	93039.68540383173
i:600	93015.68431771602
i:650	91888.04810685923
best: 91888.04810685923
routes: [0, 100, 99, 98, 97, 94, 95, 96, 93, 91, 92, 70, 69, 67, 68, 65, 64, 61, 62, 63, 66, 0, 54, 52, 51, 53, 56, 55, 57, 59, 60, 58, 76, 74, 71, 72, 73, 75, 78, 77, 79, 80, 2, 8, 7, 9, 10, 5, 6, 3, 1, 4, 0, 90, 84, 86, 89, 87, 81, 82, 83, 85, 88, 41, 42, 43, 45, 47, 44, 46, 49, 50, 48, 14, 12, 11, 13, 15, 17, 19, 20, 18, 16, 0, 31, 39, 40, 35, 36, 37, 38, 34, 33, 32, 21, 23, 22, 25, 27, 29, 30, 28, 26, 24, 0]
Elapsed time: 330.8165371417999

i:0	142577.21437437413
i:50	101999.2206601149
i:100	96301.40605845726
i:150	95503.7499149194
i:200	95322.97110932475
i:250	95014.96008639527
i:300	94735.81370230761
i:350	94376.6077398267
i:400	94109.10756003426
i:450	93705.88320799511
i:500	93598.18734436338
i:550	93214.59180328295
i:600	92825.58009336221
i:650	92812.98424077894
best: 92795.13346863989
routes: [0, 93, 95, 97, 98, 99, 100, 96, 94, 91, 92, 61, 62, 63, 64, 65, 68, 67, 69, 70, 66, 0, 54, 55, 56, 52, 51, 53, 58, 60, 57, 59, 76, 79, 77, 74, 71, 73, 72, 75, 78, 80, 0, 4, 1, 2, 3, 6, 5, 10, 7, 8, 9, 43, 48, 47, 49, 50, 46, 44, 45, 42, 41, 88, 87, 81, 82, 83, 85, 86, 89, 90, 84, 0, 31, 39, 38, 34, 33, 32, 37, 40, 35, 36, 30, 28, 29, 27, 26, 24, 21, 23, 25, 22, 13, 11, 12, 14, 15, 17, 19, 20, 18, 16, 0]
Elapsed time: 330.4120845794678

i:0	153168.81380538433
i:50	108833.23178739438
i:100	101842.90577553303
i:150	96854.33775288741
i:200	95179.54673654537
i:250	94351.96998223095
i:300	94111.45241509189
i:350	93348.37402461922
i:400	93144.80675464903
i:450	93144.80675464903
i:500	93144.80675464903
i:550	93144.80675464903
i:600	93144.80675464903
i:650	93142.54251950915
best: 93076.17999903392
routes: [0, 52, 51, 53, 55, 54, 56, 57, 59, 60, 58, 76, 74, 71, 72, 73, 75, 78, 77, 79, 80, 0, 96, 95, 100, 92, 91, 93, 94, 98, 97, 99, 69, 70, 67, 68, 65, 66, 63, 64, 61, 62, 0, 33, 34, 31, 39, 38, 40, 35, 36, 37, 32, 30, 28, 27, 29, 25, 26, 24, 21, 23, 22, 20, 19, 17, 18, 15, 14, 12, 11, 13, 16, 0, 4, 5, 10, 6, 3, 1, 2, 8, 7, 9, 90, 86, 89, 84, 83, 85, 82, 81, 87, 88, 41, 42, 43, 45, 47, 44, 46, 49, 50, 48, 0]
Elapsed time: 295.71898126602173

mean: 93305.56979311294
std: 2549.309736833702
mean-time: 328.72633669376376
std-time: 26.2925992695621