i:0	63908.81641544261
i:50	48647.23018652058
i:100	48565.487078964885
i:150	48521.68937267692
i:200	47743.502757253984
i:250	47682.08930407162
i:300	47365.819628104975
i:350	47182.03746404589
i:400	47135.97256015173
i:450	47135.97256015173
i:500	47135.97256015173
i:550	47135.97256015173
i:600	47135.97256015173
i:650	47135.97256015173
best: 47135.97256015173
routes: [0, 23, 24, 26, 29, 30, 28, 27, 25, 22, 21, 48, 47, 41, 42, 43, 45, 49, 50, 46, 44, 9, 7, 8, 2, 1, 3, 6, 10, 5, 4, 0, 11, 12, 13, 15, 17, 19, 20, 18, 16, 14, 31, 32, 33, 34, 35, 38, 37, 36, 39, 40, 0]
Elapsed time: 153.3709099292755

i:0	62623.274550120725
i:50	50133.12652427612
i:100	49031.1885308384
i:150	48465.63812511336
i:200	48460.63613201468
i:250	48421.63421134265
i:300	48167.52842432944
i:350	48143.00405212612
i:400	48123.75536667765
i:450	48044.77974288866
i:500	47386.64420763632
i:550	47386.64420763632
i:600	47386.64420763632
i:650	47386.64420763632
best: 47386.64420763632
routes: [0, 4, 1, 2, 3, 6, 5, 10, 7, 8, 9, 50, 44, 46, 49, 45, 43, 42, 41, 47, 48, 21, 24, 25, 27, 26, 29, 30, 28, 23, 22, 0, 12, 13, 15, 17, 19, 20, 18, 16, 14, 11, 31, 32, 33, 34, 35, 38, 37, 36, 39, 40, 0]
Elapsed time: 178.67451763153076

i:0	62425.05730307323
i:50	51384.65095762669
i:100	49956.69775071247
i:150	49519.32728393462
i:200	49419.7069762605
i:250	49224.94546690212
i:300	48532.08322430518
i:350	48521.29797951757
i:400	48521.29797951757
i:450	48521.29797951757
i:500	48106.30590977205
i:550	48106.30590977205
i:600	48106.30590977205
i:650	48106.30590977205
best: 47581.726159062586
routes: [0, 4, 5, 10, 6, 3, 1, 2, 8, 7, 9, 50, 44, 46, 49, 45, 43, 42, 41, 47, 48, 21, 22, 23, 28, 27, 25, 24, 26, 29, 30, 0, 11, 12, 13, 15, 17, 19, 20, 18, 16, 14, 31, 32, 33, 34, 35, 38, 37, 36, 39, 40, 0]
Elapsed time: 175.42962861061096

i:0	62229.297066013154
i:50	50601.96869350891
i:100	49826.74980916725
i:150	49522.154313292136
i:200	49354.938048036536
i:250	48785.95575467209
i:300	48785.95575467209
i:350	48563.58546853598
i:400	48563.58546853598
i:450	48563.58546853598
i:500	48563.58546853598
i:550	48357.90519143795
i:600	47983.59280658826
i:650	47659.18298962017
best: 47659.18298962017
routes: [0, 50, 44, 46, 49, 45, 43, 42, 41, 47, 48, 21, 22, 23, 25, 24, 26, 29, 30, 27, 28, 15, 16, 17, 19, 20, 18, 14, 11, 13, 12, 0, 4, 5, 10, 9, 7, 8, 6, 3, 2, 1, 39, 40, 36, 37, 38, 35, 34, 33, 31, 32, 0]
Elapsed time: 173.8977129459381

i:0	67474.86354143766
i:50	48417.65940709767
i:100	48218.91180628138
i:150	47961.88092707201
i:200	47546.34116246915
i:250	46372.71089077444
i:300	46372.71089077444
i:350	46372.71089077444
i:400	46372.71089077444
i:450	46372.71089077444
i:500	46313.90401641336
i:550	46313.90401641336
i:600	46266.07849080073
i:650	46266.07849080073
best: 46266.07849080073
routes: [0, 23, 22, 25, 26, 29, 30, 28, 27, 24, 21, 48, 47, 41, 42, 43, 45, 46, 49, 50, 44, 9, 10, 7, 8, 2, 1, 3, 6, 5, 4, 0, 11, 13, 12, 15, 17, 19, 20, 18, 16, 14, 39, 40, 36, 37, 38, 35, 34, 33, 31, 32, 0]
Elapsed time: 164.4389681816101

i:0	65453.779625127085
i:50	49181.32892362078
i:100	47984.1870493052
i:150	47626.806749689116
i:200	47425.8125137812
i:250	46863.19243458923
i:300	46691.76928510975
i:350	46645.70438121559
i:400	46645.70438121559
i:450	46179.184458577554
i:500	46179.184458577554
i:550	46179.184458577554
i:600	46179.184458577554
i:650	46179.184458577554
best: 46179.184458577554
routes: [0, 11, 13, 12, 16, 15, 17, 19, 20, 18, 14, 39, 40, 36, 37, 38, 35, 34, 33, 31, 32, 0, 23, 22, 25, 27, 29, 30, 28, 26, 24, 21, 48, 47, 41, 42, 43, 45, 49, 50, 46, 44, 8, 7, 9, 10, 5, 6, 2, 1, 3, 4, 0]
Elapsed time: 189.48854732513428

i:0	70251.62787405978
i:50	48782.70806276193
i:100	47898.28643719798
i:150	47688.04544316925
i:200	47034.41913877132
i:250	47034.41913877132
i:300	47029.44061183676
i:350	47016.813855469605
i:400	46812.11655263319
i:450	46403.04551545257
i:500	46357.36554979309
i:550	46357.36554979309
i:600	46357.36554979309
i:650	46357.36554979309
best: 46357.36554979309
routes: [0, 12, 13, 15, 17, 19, 20, 18, 16, 14, 11, 39, 40, 36, 37, 38, 35, 34, 33, 31, 32, 0, 23, 22, 25, 27, 29, 30, 28, 26, 24, 21, 48, 47, 41, 42, 43, 45, 46, 49, 50, 44, 9, 7, 8, 2, 1, 3, 6, 10, 5, 4, 0]
Elapsed time: 192.1146490573883

i:0	65475.46020911266
i:50	49988.548574198634
i:100	48766.6947013124
i:150	48696.83509296217
i:200	47858.336610824044
i:250	47779.36098703506
i:300	47434.85073148535
i:350	47434.85073148535
i:400	47434.85073148535
i:450	47434.85073148535
i:500	47434.85073148535
i:550	47434.85073148535
i:600	47434.85073148535
i:650	47434.85073148535
best: 47434.85073148535
routes: [0, 23, 25, 24, 26, 29, 30, 28, 27, 22, 21, 49, 50, 44, 43, 42, 41, 47, 48, 45, 46, 8, 7, 9, 10, 5, 6, 2, 1, 3, 4, 0, 12, 13, 15, 17, 19, 20, 18, 16, 14, 11, 31, 32, 33, 34, 35, 38, 37, 36, 39, 40, 0]
Elapsed time: 156.07918548583984

i:0	64436.37863390324
i:50	49460.37790298754
i:100	48360.629712215276
i:150	48288.57560755196
i:200	47635.85678734399
i:250	47635.85678734399
i:300	47635.85678734399
i:350	47635.85678734399
i:400	47635.85678734399
i:450	47635.85678734399
i:500	47366.00604501724
i:550	47040.67732443622
i:600	46790.32260122573
i:650	46790.32260122573
best: 46421.80826664534
routes: [0, 4, 1, 2, 3, 6, 5, 10, 7, 8, 9, 50, 44, 46, 49, 45, 43, 42, 41, 47, 48, 21, 24, 22, 23, 25, 27, 26, 29, 30, 28, 0, 11, 13, 12, 15, 17, 19, 20, 18, 16, 14, 39, 40, 36, 37, 38, 35, 34, 33, 31, 32, 0]
Elapsed time: 181.71979427337646

i:0	61615.380728629054
i:50	49182.686844639335
i:100	48989.10559662859
i:150	48276.79086977002
i:200	48276.79086977002
i:250	48276.79086977002
i:300	48276.79086977002
i:350	48276.79086977002
i:400	48246.2218898983
i:450	48246.2218898983
i:500	48236.88010576177
i:550	47902.11339104906
i:600	47902.11339104906
i:650	47902.11339104906
best: 47902.11339104906
routes: [0, 23, 27, 29, 30, 28, 26, 24, 25, 22, 21, 47, 48, 49, 50, 44, 43, 42, 41, 45, 46, 9, 7, 8, 2, 1, 3, 6, 10, 5, 4, 0, 11, 12, 13, 15, 17, 19, 20, 18, 16, 14, 31, 32, 33, 34, 35, 38, 37, 36, 39, 40, 0]
Elapsed time: 170.64747500419617

mean: 47032.492680482195
std: 623.9326451074488
mean-time: 173.58613884449005
std-time: 12.244146114564572