i:0	286998.80684797664
i:50	64928.26482140536
i:100	64928.26482140536
i:150	64928.26482140536
i:200	64928.26482140536
i:250	64928.26482140536
i:300	64928.26482140536
i:350	64928.26482140536
i:400	64928.26482140536
i:450	64928.26482140536
i:500	64928.26482140536
i:550	64928.26482140536
i:600	64928.26482140536
i:650	64928.26482140536
best: 64928.26482140536
routes: [0, 49, 50, 48, 47, 46, 34, 35, 33, 32, 31, 40, 38, 37, 39, 36, 28, 27, 29, 30, 26, 0, 8, 7, 9, 10, 6, 24, 25, 23, 22, 21, 41, 42, 45, 43, 44, 2, 4, 5, 3, 1, 0, 13, 14, 11, 12, 15, 20, 18, 17, 19, 16, 0]
Elapsed time: 37.10535407066345

i:0	90144.07548760515
i:50	67726.95765207484
i:100	67726.95765207484
i:150	67726.95765207484
i:200	67529.12283560513
i:250	67529.12283560513
i:300	67529.12283560513
i:350	67529.12283560513
i:400	67529.12283560513
i:450	67529.12283560513
i:500	67529.12283560513
i:550	67529.12283560513
i:600	67529.12283560513
i:650	67529.12283560513
best: 67529.12283560513
routes: [0, 8, 7, 9, 10, 6, 25, 23, 22, 24, 21, 45, 43, 41, 42, 44, 3, 1, 2, 4, 5, 0, 49, 50, 48, 47, 46, 33, 31, 32, 34, 35, 40, 38, 37, 39, 36, 28, 27, 29, 30, 26, 0, 14, 13, 12, 15, 11, 18, 17, 20, 19, 16, 0]
Elapsed time: 35.26534032821655

i:0	82016.84785986577
i:50	64650.33613130462
i:100	64650.33613130462
i:150	64650.33613130462
i:200	64650.33613130462
i:250	64650.33613130462
i:300	64650.33613130462
i:350	64650.33613130462
i:400	64650.33613130462
i:450	64650.33613130462
i:500	64650.33613130462
i:550	64650.33613130462
i:600	64650.33613130462
i:650	64650.33613130462
best: 64650.33613130462
routes: [0, 26, 28, 27, 29, 30, 39, 36, 38, 37, 40, 32, 34, 35, 33, 31, 50, 49, 48, 47, 46, 0, 4, 3, 1, 2, 5, 44, 43, 45, 41, 42, 21, 22, 24, 25, 23, 6, 8, 7, 9, 10, 0, 12, 15, 13, 14, 11, 18, 17, 20, 19, 16, 0]
Elapsed time: 37.00499677658081

i:0	89812.84678561948
i:50	65296.48851933799
i:100	65296.48851933799
i:150	65296.48851933799
i:200	65296.48851933799
i:250	65296.48851933799
i:300	65296.48851933799
i:350	65296.48851933799
i:400	65296.48851933799
i:450	65296.48851933799
i:500	65296.48851933799
i:550	65296.48851933799
i:600	65296.48851933799
i:650	65296.48851933799
best: 65296.48851933799
routes: [0, 8, 7, 9, 10, 6, 23, 24, 21, 22, 25, 41, 42, 45, 43, 44, 5, 3, 4, 1, 2, 0, 49, 50, 48, 47, 46, 34, 35, 33, 32, 31, 40, 38, 37, 39, 36, 28, 27, 29, 30, 26, 0, 13, 14, 11, 12, 15, 20, 18, 17, 19, 16, 0]
Elapsed time: 36.2641236782074

i:0	86373.7393001283
i:50	65517.2474272563
i:100	65517.2474272563
i:150	65517.2474272563
i:200	65517.2474272563
i:250	65517.2474272563
i:300	65517.2474272563
i:350	65517.2474272563
i:400	65517.2474272563
i:450	65517.2474272563
i:500	65517.2474272563
i:550	65517.2474272563
i:600	65517.2474272563
i:650	65517.2474272563
best: 65517.2474272563
routes: [0, 26, 28, 27, 29, 30, 39, 36, 38, 37, 40, 33, 34, 31, 32, 35, 50, 49, 48, 47, 46, 0, 8, 7, 9, 10, 6, 24, 25, 23, 22, 21, 44, 43, 45, 41, 42, 5, 3, 1, 2, 4, 0, 11, 12, 15, 13, 14, 20, 18, 17, 19, 16, 0]
Elapsed time: 39.160308599472046

i:0	93627.2577631255
i:50	65512.82377093767
i:100	65512.82377093767
i:150	65512.82377093767
i:200	65512.82377093767
i:250	65512.82377093767
i:300	65512.82377093767
i:350	65512.82377093767
i:400	65512.82377093767
i:450	65512.82377093767
i:500	65512.82377093767
i:550	65512.82377093767
i:600	65512.82377093767
i:650	65512.82377093767
best: 65512.82377093767
routes: [0, 49, 50, 48, 47, 46, 34, 35, 33, 32, 31, 40, 38, 37, 39, 36, 29, 30, 28, 27, 26, 0, 4, 5, 3, 1, 2, 44, 43, 45, 41, 42, 25, 23, 21, 22, 24, 9, 10, 8, 7, 6, 0, 12, 15, 13, 14, 11, 18, 17, 20, 19, 16, 0]
Elapsed time: 37.93744993209839

i:0	294203.86339384405
i:50	65006.28763853248
i:100	65006.28763853248
i:150	65006.28763853248
i:200	65006.28763853248
i:250	65006.28763853248
i:300	65006.28763853248
i:350	65006.28763853248
i:400	65006.28763853248
i:450	65006.28763853248
i:500	65006.28763853248
i:550	65006.28763853248
i:600	65006.28763853248
i:650	65006.28763853248
best: 65006.28763853248
routes: [0, 26, 28, 27, 29, 30, 39, 36, 38, 37, 40, 31, 32, 34, 35, 33, 50, 49, 48, 47, 46, 0, 3, 1, 2, 4, 5, 44, 43, 45, 41, 42, 21, 22, 24, 25, 23, 6, 8, 7, 9, 10, 0, 12, 15, 13, 14, 11, 18, 17, 20, 19, 16, 0]
Elapsed time: 36.46487522125244

i:0	498911.99488084327
i:50	66881.09482784668
i:100	66250.93224884634
i:150	66250.93224884634
i:200	66250.93224884634
i:250	66250.93224884634
i:300	66250.93224884634
i:350	66250.93224884634
i:400	66250.93224884634
i:450	66250.93224884634
i:500	66250.93224884634
i:550	66250.93224884634
i:600	66250.93224884634
i:650	66250.93224884634
best: 66250.93224884634
routes: [0, 26, 28, 27, 29, 30, 39, 36, 38, 37, 40, 33, 34, 31, 32, 35, 50, 49, 48, 47, 46, 0, 4, 5, 3, 1, 2, 44, 43, 42, 45, 41, 24, 21, 22, 25, 23, 6, 8, 7, 9, 10, 0, 12, 15, 13, 14, 11, 18, 17, 20, 19, 16, 0]
Elapsed time: 37.362383127212524

i:0	89130.5576767255
i:50	65893.9170635017
i:100	65893.9170635017
i:150	65263.75448450136
i:200	65263.75448450136
i:250	65263.75448450136
i:300	65263.75448450136
i:350	65263.75448450136
i:400	65263.75448450136
i:450	65263.75448450136
i:500	65263.75448450136
i:550	65263.75448450136
i:600	65263.75448450136
i:650	65263.75448450136
best: 65263.75448450136
routes: [0, 26, 28, 27, 29, 30, 39, 36, 38, 37, 40, 31, 32, 34, 35, 33, 50, 49, 48, 47, 46, 0, 4, 3, 1, 2, 5, 44, 43, 42, 45, 41, 24, 25, 23, 21, 22, 9, 10, 8, 7, 6, 0, 11, 12, 15, 13, 14, 20, 18, 17, 19, 16, 0]
Elapsed time: 38.99756741523743

i:0	85540.19247560619
i:50	66505.91088947683
i:100	65977.58492379403
i:150	65977.58492379403
i:200	65977.58492379403
i:250	65977.58492379403
i:300	65977.58492379403
i:350	65977.58492379403
i:400	65977.58492379403
i:450	65977.58492379403
i:500	65977.58492379403
i:550	65977.58492379403
i:600	65977.58492379403
i:650	65977.58492379403
best: 65977.58492379403
routes: [0, 1, 2, 4, 3, 5, 6, 8, 7, 10, 9, 25, 23, 22, 24, 21, 44, 43, 45, 41, 42, 0, 26, 28, 27, 29, 30, 39, 36, 38, 37, 40, 32, 34, 35, 33, 31, 50, 49, 48, 47, 46, 0, 13, 14, 11, 12, 15, 20, 18, 17, 19, 16, 0]
Elapsed time: 35.200358867645264

mean: 65593.28428015212
std: 788.197881487214
mean-time: 37.07627580165863
std-time: 1.2921266218999292