i:0	80745.60460026143
i:50	61532.510746186825
i:100	61532.510746186825
i:150	61532.510746186825
i:200	61532.510746186825
i:250	61532.510746186825
i:300	61532.510746186825
i:350	61532.510746186825
i:400	61532.510746186825
i:450	61532.510746186825
i:500	61532.510746186825
i:550	61532.510746186825
i:600	61532.510746186825
i:650	61532.510746186825
best: 61532.510746186825
routes: [0, 26, 28, 27, 29, 30, 39, 36, 38, 37, 40, 33, 34, 35, 32, 31, 50, 49, 48, 47, 46, 0, 44, 43, 45, 42, 41, 21, 24, 23, 25, 22, 6, 8, 7, 9, 10, 12, 11, 14, 13, 15, 20, 18, 17, 19, 16, 0, 4, 5, 3, 1, 2, 0]
Elapsed time: 46.596898794174194

i:0	82618.33271355613
i:50	62229.71962975213
i:100	59819.711243800906
i:150	59819.711243800906
i:200	59819.711243800906
i:250	59819.711243800906
i:300	59819.711243800906
i:350	59819.711243800906
i:400	59819.711243800906
i:450	59819.711243800906
i:500	59819.711243800906
i:550	59819.711243800906
i:600	59819.711243800906
i:650	59819.711243800906
best: 59029.52707356955
routes: [0, 49, 50, 48, 47, 46, 33, 34, 35, 32, 31, 40, 38, 37, 39, 36, 29, 30, 28, 27, 26, 0, 16, 20, 17, 19, 18, 11, 14, 13, 12, 15, 8, 7, 9, 10, 6, 23, 25, 22, 24, 21, 41, 42, 45, 43, 44, 1, 2, 5, 3, 4, 0]
Elapsed time: 105.57894897460938

i:0	96060.54014309727
i:50	58186.42457846354
i:100	58186.42457846354
i:150	58186.42457846354
i:200	58186.42457846354
i:250	58186.42457846354
i:300	58186.42457846354
i:350	58186.42457846354
i:400	58186.42457846354
i:450	58186.42457846354
i:500	58186.42457846354
i:550	58173.611438460764
i:600	58173.611438460764
i:650	58173.611438460764
best: 58173.611438460764
routes: [0, 49, 50, 48, 47, 46, 33, 34, 35, 32, 31, 40, 38, 37, 39, 36, 29, 30, 28, 27, 26, 0, 16, 20, 17, 19, 18, 11, 14, 13, 15, 12, 8, 7, 9, 10, 6, 23, 25, 22, 24, 21, 41, 42, 45, 43, 44, 5, 3, 2, 1, 4, 0]
Elapsed time: 55.07413101196289

i:0	83195.57960918178
i:50	62193.865248161106
i:100	62185.22068421654
i:150	62185.22068421654
i:200	62185.22068421654
i:250	62185.22068421654
i:300	62185.22068421654
i:350	62185.22068421654
i:400	62185.22068421654
i:450	62185.22068421654
i:500	62185.22068421654
i:550	62185.22068421654
i:600	62185.22068421654
i:650	62185.22068421654
best: 62185.22068421654
routes: [0, 26, 28, 27, 29, 30, 39, 36, 38, 37, 40, 33, 34, 35, 32, 31, 50, 49, 48, 47, 46, 0, 8, 7, 9, 10, 6, 23, 25, 22, 24, 21, 41, 42, 45, 43, 44, 11, 14, 13, 12, 15, 20, 18, 17, 19, 16, 0, 4, 5, 3, 1, 2, 0]
Elapsed time: 47.24404191970825

i:0	74672.5326002032
i:50	61888.803768872465
i:100	61637.11639922848
i:150	61253.15699286558
i:200	61253.15699286558
i:250	61253.15699286558
i:300	61253.15699286558
i:350	61253.15699286558
i:400	61253.15699286558
i:450	61253.15699286558
i:500	61253.15699286558
i:550	61253.15699286558
i:600	61253.15699286558
i:650	61253.15699286558
best: 61253.15699286558
routes: [0, 26, 28, 27, 29, 30, 39, 36, 38, 37, 40, 33, 34, 35, 32, 31, 50, 49, 48, 47, 46, 1, 2, 5, 3, 4, 0, 8, 7, 9, 10, 6, 23, 25, 22, 24, 21, 41, 42, 45, 43, 44, 11, 14, 13, 12, 15, 20, 18, 17, 19, 16, 0]
Elapsed time: 55.86612057685852

i:0	79437.66069849204
i:50	58173.611438460764
i:100	58173.611438460764
i:150	58173.611438460764
i:200	58173.611438460764
i:250	58173.611438460764
i:300	58173.611438460764
i:350	58173.611438460764
i:400	58173.611438460764
i:450	58173.611438460764
i:500	58173.611438460764
i:550	58173.611438460764
i:600	58173.611438460764
i:650	58173.611438460764
best: 58173.611438460764
routes: [0, 49, 50, 48, 47, 46, 33, 34, 35, 32, 31, 40, 38, 37, 39, 36, 29, 30, 28, 27, 26, 0, 16, 20, 17, 19, 18, 11, 14, 13, 15, 12, 8, 7, 9, 10, 6, 23, 25, 22, 24, 21, 41, 42, 45, 43, 44, 5, 3, 2, 1, 4, 0]
Elapsed time: 50.779475927352905

i:0	84416.70605764887
i:50	59597.97060556449
i:100	59597.97060556449
i:150	59597.97060556449
i:200	59541.67599600241
i:250	59541.67599600241
i:300	59541.67599600241
i:350	59541.67599600241
i:400	59541.67599600241
i:450	59541.67599600241
i:500	59541.67599600241
i:550	59541.67599600241
i:600	59541.67599600241
i:650	59541.67599600241
best: 59541.67599600241
routes: [0, 49, 50, 48, 47, 46, 33, 34, 35, 32, 31, 40, 38, 37, 39, 36, 29, 30, 28, 27, 26, 1, 2, 5, 3, 4, 0, 44, 43, 45, 42, 41, 21, 24, 23, 25, 22, 6, 8, 7, 9, 10, 12, 11, 14, 13, 15, 20, 18, 17, 19, 16, 0]
Elapsed time: 46.79631185531616

i:0	79405.11344017011
i:50	60051.100804307425
i:100	60051.100804307425
i:150	59982.87658683659
i:200	59982.87658683659
i:250	59982.87658683659
i:300	59982.87658683659
i:350	59982.87658683659
i:400	59982.87658683659
i:450	59982.87658683659
i:500	59982.87658683659
i:550	59980.846356896334
i:600	59980.846356896334
i:650	59980.846356896334
best: 59980.846356896334
routes: [0, 27, 26, 28, 30, 29, 39, 36, 38, 37, 40, 31, 32, 34, 33, 35, 50, 49, 47, 46, 48, 0, 4, 5, 3, 1, 2, 44, 43, 45, 41, 42, 21, 24, 25, 23, 22, 6, 8, 7, 9, 10, 12, 11, 14, 13, 15, 20, 18, 17, 19, 16, 0]
Elapsed time: 44.41585850715637

i:0	80458.52823026082
i:50	64054.14519045311
i:100	64054.14519045311
i:150	64054.14519045311
i:200	64054.14519045311
i:250	64054.14519045311
i:300	64054.14519045311
i:350	64054.14519045311
i:400	64054.14519045311
i:450	64054.14519045311
i:500	64054.14519045311
i:550	64054.14519045311
i:600	64054.14519045311
i:650	64054.14519045311
best: 64054.14519045311
routes: [0, 26, 28, 27, 29, 30, 39, 36, 38, 37, 40, 33, 34, 35, 32, 31, 50, 49, 48, 47, 46, 0, 8, 7, 9, 10, 6, 23, 25, 22, 24, 21, 41, 42, 45, 43, 44, 5, 3, 2, 1, 4, 0, 16, 20, 19, 18, 17, 14, 13, 15, 12, 11, 0]
Elapsed time: 45.45496964454651

i:0	85218.92786711831
i:50	60883.73035325523
i:100	60360.824732694266
i:150	60360.824732694266
i:200	60360.824732694266
i:250	60360.824732694266
i:300	60360.824732694266
i:350	60360.824732694266
i:400	60360.824732694266
i:450	60360.824732694266
i:500	60360.824732694266
i:550	60360.824732694266
i:600	60360.824732694266
i:650	60360.824732694266
best: 60360.824732694266
routes: [0, 49, 50, 48, 47, 46, 33, 34, 35, 32, 31, 40, 38, 37, 39, 36, 29, 30, 28, 27, 26, 1, 2, 5, 3, 4, 0, 23, 25, 22, 24, 21, 41, 42, 45, 43, 44, 6, 8, 7, 9, 10, 12, 11, 14, 13, 15, 20, 18, 17, 19, 16, 0]
Elapsed time: 52.54423785209656

mean: 60428.51306498062
std: 1767.706710123111
mean-time: 55.035099506378174
std-time: 17.274305084370262