i:0	67716.73382523435
i:50	52818.377395039
i:100	50587.69511231713
i:150	50436.51659026365
i:200	50283.53387654066
i:250	50283.53387654066
i:300	50283.53387654066
i:350	50283.53387654066
i:400	50060.54149720874
i:450	50060.54149720874
i:500	50060.54149720874
i:550	49871.35454838968
i:600	49787.048061836096
i:650	49787.048061836096
best: 49787.048061836096
routes: [0, 23, 24, 26, 29, 30, 28, 27, 25, 22, 21, 49, 50, 44, 43, 42, 41, 47, 48, 45, 46, 0, 4, 3, 6, 5, 10, 9, 7, 8, 2, 1, 31, 32, 33, 34, 35, 38, 36, 37, 39, 40, 0, 11, 13, 12, 15, 17, 19, 20, 18, 16, 14, 0]
Elapsed time: 162.90984582901

i:0	70886.1705682993
i:50	51697.42241398983
i:100	51396.00076193496
i:150	51020.821110884484
i:200	50606.91158787235
i:250	49745.31622615749
i:300	49745.31622615749
i:350	49745.31622615749
i:400	49745.31622615749
i:450	49745.31622615749
i:500	49745.31622615749
i:550	49745.31622615749
i:600	49745.31622615749
i:650	49745.31622615749
best: 49745.31622615749
routes: [0, 23, 24, 26, 29, 30, 28, 27, 25, 22, 21, 48, 47, 41, 42, 43, 45, 46, 49, 50, 44, 0, 4, 3, 6, 5, 10, 7, 9, 8, 2, 1, 31, 32, 33, 34, 35, 37, 38, 36, 39, 40, 0, 11, 13, 15, 17, 19, 20, 18, 16, 14, 12, 0]
Elapsed time: 148.6996991634369

i:0	67468.1309131705
i:50	52354.72559637788
i:100	50810.43173698877
i:150	50472.55524528326
i:200	50153.76499016426
i:250	50074.315277443005
i:300	50074.315277443005
i:350	50074.315277443005
i:400	50074.315277443005
i:450	50074.315277443005
i:500	50074.315277443005
i:550	50074.315277443005
i:600	50074.315277443005
i:650	50074.315277443005
best: 50074.315277443005
routes: [0, 4, 3, 6, 5, 10, 9, 7, 8, 2, 1, 31, 32, 33, 34, 35, 38, 36, 37, 39, 40, 0, 50, 46, 49, 44, 43, 45, 42, 41, 47, 48, 21, 22, 23, 25, 24, 26, 29, 30, 27, 28, 0, 11, 13, 15, 17, 19, 20, 18, 16, 14, 12, 0]
Elapsed time: 145.94979572296143

i:0	70698.31735127975
i:50	52153.076738928896
i:100	50879.5265668308
i:150	49827.70199426109
i:200	49827.70199426109
i:250	49827.70199426109
i:300	49827.70199426109
i:350	49827.70199426109
i:400	49561.53341777653
i:450	49561.53341777653
i:500	49561.53341777653
i:550	49561.53341777653
i:600	49561.53341777653
i:650	49550.50222060289
best: 49415.52266611011
routes: [0, 4, 3, 6, 5, 10, 9, 7, 8, 2, 1, 31, 32, 33, 34, 35, 38, 36, 37, 39, 40, 0, 23, 22, 25, 27, 29, 30, 28, 26, 24, 21, 47, 48, 45, 42, 41, 43, 44, 46, 49, 50, 0, 11, 13, 12, 15, 17, 19, 20, 18, 16, 14, 0]
Elapsed time: 153.56548428535461

i:0	69122.93228764468
i:50	52114.48597160647
i:100	51663.5445683119
i:150	51542.40934151391
i:200	51051.00438875098
i:250	51051.00438875098
i:300	51051.00438875098
i:350	51051.00438875098
i:400	51051.00438875098
i:450	50763.60968514771
i:500	50763.60968514771
i:550	50763.60968514771
i:600	50763.60968514771
i:650	50135.2355383995
best: 49557.51513409946
routes: [0, 23, 22, 25, 27, 29, 30, 28, 26, 24, 21, 48, 47, 41, 42, 43, 45, 46, 49, 50, 44, 0, 4, 1, 3, 6, 5, 10, 9, 7, 8, 2, 31, 32, 33, 34, 35, 38, 36, 37, 39, 40, 0, 11, 13, 12, 15, 17, 19, 20, 18, 16, 14, 0]
Elapsed time: 151.63943147659302

i:0	66611.82455561758
i:50	53284.99865855072
i:100	51318.67209693807
i:150	49905.31035845655
i:200	49510.85521500505
i:250	49413.96521570395
i:300	49413.96521570395
i:350	49413.96521570395
i:400	49413.96521570395
i:450	49184.82595722317
i:500	49184.82595722317
i:550	49184.82595722317
i:600	49184.82595722317
i:650	49184.82595722317
best: 49184.82595722317
routes: [0, 11, 13, 12, 16, 15, 17, 19, 20, 18, 14, 39, 40, 36, 37, 38, 35, 34, 33, 31, 32, 0, 23, 24, 26, 29, 30, 28, 27, 25, 22, 21, 48, 47, 41, 42, 43, 45, 46, 49, 50, 44, 0, 1, 2, 8, 7, 9, 10, 5, 6, 3, 4, 0]
Elapsed time: 150.8534095287323

i:0	66132.21825650151
i:50	52844.423525841885
i:100	51923.0938192506
i:150	51379.76116524868
i:200	50991.97035180325
i:250	50921.22870782737
i:300	50446.43475880803
i:350	50395.107530635476
i:400	49977.16362287452
i:450	49760.19643120139
i:500	49760.19643120139
i:550	49760.19643120139
i:600	49760.19643120139
i:650	49335.75652295374
best: 49335.75652295374
routes: [0, 11, 13, 12, 15, 17, 19, 20, 18, 16, 14, 39, 40, 36, 37, 38, 35, 34, 33, 31, 32, 0, 23, 24, 26, 29, 30, 28, 27, 25, 22, 21, 47, 48, 45, 42, 41, 43, 44, 46, 49, 50, 0, 4, 3, 6, 5, 10, 9, 7, 8, 2, 1, 0]
Elapsed time: 171.21622610092163

i:0	65180.224580267946
i:50	52730.99345991115
i:100	52332.241831844454
i:150	51976.20853432544
i:200	51832.006682875974
i:250	51832.006682875974
i:300	51548.101735735494
i:350	50968.19196693718
i:400	50575.19355377443
i:450	50575.19355377443
i:500	50408.39308520476
i:550	50408.39308520476
i:600	50408.39308520476
i:650	50408.39308520476
best: 50408.39308520476
routes: [0, 50, 49, 45, 46, 44, 43, 42, 41, 47, 48, 21, 25, 24, 26, 29, 30, 27, 28, 23, 22, 0, 4, 3, 6, 5, 10, 9, 7, 8, 2, 1, 31, 32, 33, 34, 35, 38, 36, 37, 39, 40, 0, 11, 13, 12, 15, 17, 19, 20, 18, 16, 14, 0]
Elapsed time: 163.12110304832458

i:0	66832.18920785654
i:50	53317.92094328787
i:100	52249.68319737086
i:150	51032.142778952875
i:200	50186.25115097047
i:250	49710.60120908121
i:300	49710.60120908121
i:350	49710.60120908121
i:400	49710.60120908121
i:450	49710.60120908121
i:500	49664.921243421726
i:550	49664.921243421726
i:600	49460.68418543286
i:650	49460.68418543286
best: 49460.68418543286
routes: [0, 12, 13, 15, 17, 19, 20, 18, 16, 14, 11, 39, 40, 36, 37, 38, 35, 34, 33, 31, 32, 0, 23, 24, 26, 29, 30, 28, 27, 25, 22, 21, 48, 47, 41, 42, 43, 45, 46, 49, 50, 44, 0, 1, 3, 6, 2, 8, 7, 9, 10, 5, 4, 0]
Elapsed time: 157.6898922920227

i:0	69674.9324406637
i:50	52776.10980890856
i:100	52113.98911556687
i:150	51747.17428029566
i:200	51288.03287415077
i:250	50731.758935756494
i:300	50576.49254532468
i:350	50574.691967788574
i:400	50495.24225506733
i:450	50495.24225506733
i:500	50495.24225506733
i:550	50495.24225506733
i:600	50495.24225506733
i:650	50495.24225506733
best: 50495.24225506733
routes: [0, 50, 46, 49, 44, 43, 45, 42, 41, 47, 48, 21, 25, 24, 26, 29, 30, 27, 28, 23, 22, 0, 4, 5, 10, 9, 7, 8, 6, 3, 2, 1, 31, 32, 33, 34, 35, 37, 38, 36, 39, 40, 0, 11, 13, 12, 15, 17, 19, 20, 18, 16, 14, 0]
Elapsed time: 164.76400184631348

mean: 49746.4619371528
std: 426.4933408919644
mean-time: 157.04088892936707
std-time: 7.775271042565675