i:0	83659.21050293789
i:50	65725.39915373031
i:100	65628.48965613337
i:150	65623.78748569087
i:200	65623.78748569087
i:250	65623.78748569087
i:300	65623.78748569087
i:350	65623.78748569087
i:400	65623.78748569087
i:450	65623.78748569087
i:500	65623.78748569087
i:550	65623.78748569087
i:600	65623.78748569087
i:650	65623.78748569087
best: 65623.78748569087
routes: [0, 23, 24, 21, 22, 25, 7, 9, 8, 10, 6, 14, 11, 12, 15, 13, 17, 16, 20, 19, 18, 0, 1, 2, 5, 3, 4, 43, 45, 41, 42, 44, 27, 26, 30, 29, 28, 39, 40, 38, 37, 36, 0, 33, 31, 32, 34, 35, 47, 49, 48, 50, 46, 0]
Elapsed time: 36.246349573135376

i:0	298649.0602880593
i:50	67331.85849271188
i:100	67331.85849271188
i:150	67331.85849271188
i:200	67331.85849271188
i:250	66981.4375389383
i:300	66981.4375389383
i:350	66981.4375389383
i:400	66981.4375389383
i:450	66981.4375389383
i:500	66981.4375389383
i:550	66981.4375389383
i:600	66981.4375389383
i:650	66981.4375389383
best: 66981.4375389383
routes: [0, 43, 42, 44, 45, 41, 27, 26, 30, 29, 28, 39, 40, 38, 37, 36, 0, 13, 11, 12, 14, 15, 17, 16, 20, 19, 18, 50, 49, 48, 47, 46, 35, 33, 31, 32, 34, 0, 1, 2, 4, 3, 5, 23, 24, 21, 22, 25, 7, 9, 8, 10, 6, 0]
Elapsed time: 38.49388790130615

i:0	300741.6022707625
i:50	67755.09759374052
i:100	67755.09759374052
i:150	67755.09759374052
i:200	67755.09759374052
i:250	67755.09759374052
i:300	67755.09759374052
i:350	67755.09759374052
i:400	67413.37101852012
i:450	67413.37101852012
i:500	67413.37101852012
i:550	67413.37101852012
i:600	67413.37101852012
i:650	67413.37101852012
best: 67413.37101852012
routes: [0, 43, 42, 44, 45, 41, 27, 26, 30, 29, 28, 39, 40, 38, 37, 36, 3, 4, 5, 1, 2, 0, 21, 22, 24, 25, 23, 8, 7, 9, 10, 6, 11, 12, 14, 13, 15, 17, 16, 20, 19, 18, 0, 46, 48, 47, 49, 50, 35, 33, 31, 32, 34, 0]
Elapsed time: 34.927878618240356

i:0	87311.2722669646
i:50	65896.74095273053
i:100	65896.74095273053
i:150	65896.74095273053
i:200	65896.74095273053
i:250	65896.74095273053
i:300	65896.74095273053
i:350	65896.74095273053
i:400	65896.74095273053
i:450	65896.74095273053
i:500	65896.74095273053
i:550	65896.74095273053
i:600	65896.74095273053
i:650	65896.74095273053
best: 65896.74095273053
routes: [0, 46, 48, 47, 49, 50, 34, 31, 32, 35, 33, 40, 38, 37, 39, 36, 28, 27, 29, 30, 26, 0, 3, 4, 5, 1, 2, 45, 43, 41, 42, 44, 24, 21, 22, 25, 23, 7, 9, 8, 10, 6, 0, 19, 18, 17, 20, 16, 15, 13, 12, 14, 11, 0]
Elapsed time: 35.46830201148987

i:0	285598.17755221896
i:50	66754.61207689365
i:100	66059.89051362999
i:150	65538.18401101032
i:200	65538.18401101032
i:250	65538.18401101032
i:300	65538.18401101032
i:350	65538.18401101032
i:400	65538.18401101032
i:450	65538.18401101032
i:500	65538.18401101032
i:550	65538.18401101032
i:600	65538.18401101032
i:650	65538.18401101032
best: 65538.18401101032
routes: [0, 3, 4, 5, 1, 2, 45, 43, 41, 42, 44, 27, 29, 30, 26, 28, 39, 40, 38, 37, 36, 0, 24, 21, 22, 25, 23, 7, 9, 8, 10, 6, 14, 15, 13, 12, 11, 17, 16, 20, 19, 18, 0, 46, 48, 47, 49, 50, 34, 35, 33, 31, 32, 0]
Elapsed time: 40.89713001251221

i:0	88025.69192978078
i:50	65216.991114595905
i:100	65216.991114595905
i:150	65216.991114595905
i:200	65216.991114595905
i:250	65216.991114595905
i:300	65216.991114595905
i:350	65216.991114595905
i:400	65216.991114595905
i:450	65216.991114595905
i:500	65216.991114595905
i:550	65216.991114595905
i:600	65216.991114595905
i:650	65216.991114595905
best: 65216.991114595905
routes: [0, 13, 15, 11, 12, 14, 6, 10, 8, 7, 9, 25, 23, 24, 21, 22, 4, 3, 5, 1, 2, 0, 17, 16, 20, 19, 18, 34, 35, 33, 32, 31, 48, 47, 49, 50, 46, 0, 45, 43, 42, 44, 41, 27, 29, 30, 26, 28, 39, 40, 38, 37, 36, 0]
Elapsed time: 38.75403881072998

i:0	299215.2740038308
i:50	63248.33105337417
i:100	62988.67536340753
i:150	62988.67536340753
i:200	62988.67536340753
i:250	62988.67536340753
i:300	62988.67536340753
i:350	62988.67536340753
i:400	62988.67536340753
i:450	62988.67536340753
i:500	62988.67536340753
i:550	62988.67536340753
i:600	62988.67536340753
i:650	62988.67536340753
best: 62988.67536340753
routes: [0, 46, 48, 47, 49, 50, 34, 35, 33, 32, 31, 40, 38, 37, 39, 36, 28, 27, 29, 30, 26, 0, 6, 10, 8, 7, 9, 24, 25, 23, 22, 21, 43, 44, 45, 41, 42, 4, 3, 5, 1, 2, 0, 19, 18, 17, 20, 16, 15, 13, 14, 11, 12, 0]
Elapsed time: 40.34434700012207

i:0	81719.00532510623
i:50	66751.60465239026
i:100	66430.96610762645
i:150	66229.8981497706
i:200	66225.1959793281
i:250	66225.1959793281
i:300	66225.1959793281
i:350	66225.1959793281
i:400	66225.1959793281
i:450	66225.1959793281
i:500	66225.1959793281
i:550	66225.1959793281
i:600	66225.1959793281
i:650	66225.1959793281
best: 66225.1959793281
routes: [0, 3, 4, 5, 1, 2, 45, 43, 41, 42, 44, 27, 29, 30, 26, 28, 39, 40, 38, 37, 36, 0, 23, 24, 21, 22, 25, 7, 9, 8, 10, 6, 12, 14, 15, 13, 11, 17, 16, 20, 19, 18, 0, 33, 31, 32, 34, 35, 47, 49, 48, 50, 46, 0]
Elapsed time: 38.68867301940918

i:0	296790.2196489321
i:50	64440.16363482286
i:100	64440.16363482286
i:150	64440.16363482286
i:200	64440.16363482286
i:250	64440.16363482286
i:300	64440.16363482286
i:350	64440.16363482286
i:400	64440.16363482286
i:450	64440.16363482286
i:500	64440.16363482286
i:550	64440.16363482286
i:600	64394.28080845674
i:650	64394.28080845674
best: 64394.28080845674
routes: [0, 19, 18, 17, 20, 16, 15, 13, 12, 14, 11, 6, 10, 8, 7, 9, 25, 23, 24, 21, 22, 0, 5, 1, 2, 4, 3, 45, 43, 44, 41, 42, 39, 40, 38, 37, 36, 29, 30, 28, 27, 26, 0, 46, 48, 47, 49, 50, 34, 35, 33, 31, 32, 0]
Elapsed time: 39.85573482513428

i:0	97593.0180167516
i:50	64416.39135672044
i:100	62676.64347871792
i:150	62676.64347871792
i:200	62676.64347871792
i:250	62676.64347871792
i:300	62676.64347871792
i:350	62676.64347871792
i:400	62676.64347871792
i:450	62676.64347871792
i:500	62676.64347871792
i:550	62676.64347871792
i:600	62676.64347871792
i:650	62676.64347871792
best: 62676.64347871792
routes: [0, 46, 48, 47, 49, 50, 34, 35, 33, 32, 31, 40, 38, 37, 39, 36, 28, 27, 29, 30, 26, 0, 3, 4, 5, 1, 2, 45, 43, 44, 41, 42, 24, 21, 22, 25, 23, 7, 9, 8, 10, 6, 0, 19, 18, 17, 20, 16, 15, 13, 11, 12, 14, 0]
Elapsed time: 40.46177864074707

mean: 65295.53077513962
std: 1473.718615809786
mean-time: 38.413812041282654
std-time: 2.0467171654204974