i:0	85214.12039888072
i:50	60507.9380553431
i:100	56636.570754158936
i:150	56636.570754158936
i:200	56636.570754158936
i:250	56636.570754158936
i:300	56636.570754158936
i:350	56636.570754158936
i:400	56636.570754158936
i:450	56636.570754158936
i:500	56636.570754158936
i:550	56636.570754158936
i:600	56636.570754158936
i:650	56636.570754158936
best: 56636.570754158936
routes: [0, 27, 29, 30, 26, 28, 39, 37, 36, 38, 40, 33, 32, 31, 34, 35, 48, 47, 49, 50, 46, 0, 19, 18, 17, 20, 16, 15, 13, 11, 12, 14, 6, 10, 9, 8, 7, 23, 25, 22, 24, 21, 43, 42, 45, 41, 44, 4, 3, 2, 5, 1, 0]
Elapsed time: 49.0397093296051

i:0	81337.57137543273
i:50	57113.7900521698
i:100	57072.78406852952
i:150	57072.78406852952
i:200	57072.78406852952
i:250	57072.78406852952
i:300	57072.78406852952
i:350	57072.78406852952
i:400	57072.78406852952
i:450	57072.78406852952
i:500	57072.78406852952
i:550	57072.78406852952
i:600	57072.78406852952
i:650	57072.78406852952
best: 57072.78406852952
routes: [0, 46, 50, 47, 49, 48, 34, 35, 33, 31, 32, 19, 18, 17, 20, 16, 15, 14, 13, 11, 12, 8, 7, 9, 10, 6, 0, 2, 5, 1, 4, 3, 39, 40, 38, 37, 36, 28, 30, 29, 27, 26, 45, 41, 44, 43, 42, 21, 24, 25, 23, 22, 0]
Elapsed time: 48.63028287887573

i:0	86104.26434144648
i:50	55456.913886177965
i:100	55456.913886177965
i:150	55456.913886177965
i:200	55456.913886177965
i:250	55456.913886177965
i:300	55437.71757652944
i:350	55437.71757652944
i:400	55360.07004981037
i:450	55279.38363316345
i:500	55279.38363316345
i:550	55279.38363316345
i:600	55279.38363316345
i:650	55279.38363316345
best: 55279.38363316345
routes: [0, 19, 18, 17, 20, 16, 15, 13, 11, 12, 14, 6, 10, 9, 8, 7, 25, 23, 24, 21, 22, 4, 3, 5, 2, 1, 0, 45, 41, 44, 43, 42, 27, 26, 30, 29, 28, 39, 40, 38, 37, 36, 33, 32, 31, 34, 35, 48, 47, 49, 50, 46, 0]
Elapsed time: 48.48820686340332

i:0	91667.0469285268
i:50	54481.181572381785
i:100	54481.181572381785
i:150	54481.181572381785
i:200	54481.181572381785
i:250	54481.181572381785
i:300	54481.181572381785
i:350	54481.181572381785
i:400	54481.181572381785
i:450	54481.181572381785
i:500	54481.181572381785
i:550	54481.181572381785
i:600	54481.181572381785
i:650	54481.181572381785
best: 54481.181572381785
routes: [0, 45, 41, 44, 43, 42, 27, 26, 30, 29, 28, 39, 40, 38, 37, 36, 33, 32, 31, 34, 35, 48, 47, 49, 50, 46, 0, 19, 18, 17, 20, 16, 15, 13, 11, 12, 14, 6, 8, 10, 9, 7, 23, 25, 22, 21, 24, 5, 1, 4, 3, 2, 0]
Elapsed time: 43.208611726760864

i:0	76344.8942528329
i:50	54673.89895120451
i:100	54673.89895120451
i:150	54673.89895120451
i:200	54673.89895120451
i:250	54673.89895120451
i:300	54673.89895120451
i:350	54673.89895120451
i:400	54673.89895120451
i:450	54673.89895120451
i:500	54673.89895120451
i:550	54673.89895120451
i:600	54673.89895120451
i:650	54673.89895120451
best: 54673.89895120451
routes: [0, 46, 48, 47, 49, 50, 34, 35, 33, 32, 31, 40, 38, 37, 39, 36, 28, 30, 29, 27, 26, 3, 4, 5, 1, 2, 0, 45, 41, 44, 43, 42, 21, 24, 25, 23, 22, 7, 9, 8, 10, 6, 11, 12, 14, 13, 15, 17, 16, 20, 19, 18, 0]
Elapsed time: 47.04065799713135

i:0	86007.66000222915
i:50	56465.19902481754
i:100	55024.50798951213
i:150	55024.50798951213
i:200	55024.50798951213
i:250	55024.50798951213
i:300	55024.50798951213
i:350	55024.50798951213
i:400	55024.50798951213
i:450	55024.50798951213
i:500	55024.50798951213
i:550	55024.50798951213
i:600	55024.50798951213
i:650	55024.50798951213
best: 55024.50798951213
routes: [0, 46, 48, 47, 49, 50, 34, 35, 33, 32, 31, 40, 38, 37, 39, 36, 28, 30, 29, 27, 26, 0, 19, 18, 17, 20, 16, 15, 13, 11, 12, 14, 6, 10, 9, 8, 7, 23, 25, 22, 24, 21, 43, 42, 45, 41, 44, 4, 3, 2, 5, 1, 0]
Elapsed time: 49.87872934341431

i:0	76883.79237224531
i:50	56274.92331433577
i:100	56274.92331433577
i:150	56274.92331433577
i:200	56274.92331433577
i:250	56274.92331433577
i:300	56274.92331433577
i:350	56274.92331433577
i:400	56274.92331433577
i:450	56274.92331433577
i:500	56274.92331433577
i:550	56274.92331433577
i:600	56274.92331433577
i:650	56274.92331433577
best: 56274.92331433577
routes: [0, 6, 8, 10, 9, 7, 23, 25, 22, 24, 21, 45, 41, 44, 43, 42, 39, 40, 38, 37, 36, 28, 30, 29, 27, 26, 3, 4, 5, 1, 2, 0, 46, 48, 47, 49, 50, 34, 35, 33, 31, 32, 19, 18, 17, 20, 16, 15, 13, 11, 12, 14, 0]
Elapsed time: 46.862316846847534

i:0	84160.7985184209
i:50	56185.45217975074
i:100	55855.39675718882
i:150	55722.765345580076
i:200	55722.765345580076
i:250	55722.765345580076
i:300	55722.765345580076
i:350	55722.765345580076
i:400	55722.765345580076
i:450	55722.765345580076
i:500	55722.765345580076
i:550	55722.765345580076
i:600	55722.765345580076
i:650	55722.765345580076
best: 55722.765345580076
routes: [0, 45, 41, 44, 43, 42, 21, 24, 25, 23, 22, 7, 9, 8, 10, 6, 11, 12, 14, 13, 15, 20, 19, 18, 17, 16, 0, 46, 48, 47, 49, 50, 34, 35, 33, 32, 31, 40, 38, 37, 39, 36, 28, 30, 29, 27, 26, 3, 4, 5, 1, 2, 0]
Elapsed time: 55.363348722457886

i:0	81880.44180818173
i:50	57695.59076716218
i:100	57360.76870977439
i:150	57360.76870977439
i:200	57360.76870977439
i:250	55872.25756906613
i:300	55861.89001453895
i:350	55861.89001453895
i:400	55861.89001453895
i:450	55861.89001453895
i:500	55861.89001453895
i:550	55861.89001453895
i:600	55861.89001453895
i:650	55861.89001453895
best: 55858.300824931284
routes: [0, 45, 41, 44, 43, 42, 21, 24, 23, 25, 22, 7, 9, 8, 10, 6, 14, 11, 12, 15, 13, 16, 20, 17, 19, 18, 0, 46, 50, 47, 49, 48, 34, 35, 33, 32, 31, 40, 38, 37, 39, 36, 28, 30, 29, 27, 26, 3, 4, 5, 1, 2, 0]
Elapsed time: 56.60760712623596

i:0	79237.21718767234
i:50	56438.39514356859
i:100	56438.39514356859
i:150	56438.39514356859
i:200	56438.39514356859
i:250	56438.39514356859
i:300	56438.39514356859
i:350	56438.39514356859
i:400	56438.39514356859
i:450	56438.39514356859
i:500	56438.39514356859
i:550	56438.39514356859
i:600	56438.39514356859
i:650	56438.39514356859
best: 56438.39514356859
routes: [0, 39, 40, 38, 37, 36, 28, 30, 29, 27, 26, 45, 41, 44, 43, 42, 21, 24, 25, 23, 22, 5, 1, 4, 3, 2, 0, 46, 48, 47, 49, 50, 34, 35, 33, 31, 32, 19, 18, 17, 20, 16, 15, 13, 11, 12, 14, 8, 7, 9, 10, 6, 0]
Elapsed time: 49.388511180877686

mean: 55746.2711597366
std: 825.4236244372388
mean-time: 49.45079820156097
std-time: 3.736414021975715