i:0	71718.60425296662
i:50	52410.89203230556
i:100	51554.4859663416
i:150	50883.80356496246
i:200	48977.88168633744
i:250	48360.33832400033
i:300	47866.470438510456
i:350	47866.470438510456
i:400	47774.41897438904
i:450	47774.41897438904
i:500	47774.41897438904
i:550	47774.41897438904
i:600	47774.41897438904
i:650	47774.41897438904
best: 47774.41897438904
routes: [0, 21, 22, 23, 26, 25, 24, 27, 29, 30, 28, 36, 39, 37, 34, 31, 32, 33, 35, 38, 40, 0, 41, 42, 43, 44, 45, 46, 47, 48, 49, 50, 11, 19, 18, 20, 15, 16, 17, 12, 13, 14, 0, 1, 2, 3, 5, 4, 7, 9, 10, 8, 6, 0]
Elapsed time: 157.73299646377563

i:0	67986.69680586054
i:50	49520.741895492894
i:100	48214.9708496197
i:150	48068.76731128256
i:200	48068.76731128256
i:250	48068.76731128256
i:300	47958.86507502209
i:350	47958.86507502209
i:400	47958.86507502209
i:450	47958.86507502209
i:500	47958.86507502209
i:550	47958.86507502209
i:600	47958.86507502209
i:650	47958.86507502209
best: 47958.86507502209
routes: [0, 21, 22, 23, 26, 25, 24, 27, 29, 30, 28, 36, 39, 37, 34, 31, 32, 33, 35, 38, 40, 0, 41, 42, 43, 44, 45, 46, 47, 48, 49, 50, 11, 13, 14, 18, 19, 20, 15, 16, 17, 12, 0, 1, 2, 3, 5, 4, 7, 9, 10, 8, 6, 0]
Elapsed time: 138.62525534629822

i:0	66557.94240730802
i:50	52538.13430428757
i:100	51839.79996676606
i:150	51036.337318315826
i:200	50058.726378907464
i:250	49617.60673492115
i:300	48443.019537557906
i:350	48356.7678246483
i:400	48260.674564742534
i:450	48135.46305395925
i:500	47416.23666547685
i:550	47416.23666547685
i:600	47416.23666547685
i:650	47416.23666547685
best: 47416.23666547685
routes: [0, 21, 22, 23, 26, 24, 25, 27, 29, 30, 28, 36, 34, 31, 32, 33, 35, 38, 37, 39, 40, 0, 41, 42, 43, 44, 45, 46, 47, 48, 49, 50, 11, 19, 18, 20, 15, 16, 17, 12, 13, 14, 0, 1, 2, 3, 5, 4, 7, 9, 10, 8, 6, 0]
Elapsed time: 176.28871965408325

i:0	65381.65406053487
i:50	49574.007280599806
i:100	49157.26492270245
i:150	48599.12625534709
i:200	48412.84579164554
i:250	48412.84579164554
i:300	48255.09307550436
i:350	48123.78456433768
i:400	48123.78456433768
i:450	48123.78456433768
i:500	48123.78456433768
i:550	48123.78456433768
i:600	48123.78456433768
i:650	48123.78456433768
best: 48123.78456433768
routes: [0, 13, 12, 17, 15, 16, 20, 19, 18, 14, 11, 50, 49, 47, 48, 46, 45, 44, 43, 41, 42, 0, 21, 22, 23, 26, 24, 25, 27, 29, 30, 28, 36, 34, 31, 32, 33, 35, 38, 37, 39, 40, 0, 1, 2, 3, 5, 4, 7, 9, 10, 8, 6, 0]
Elapsed time: 146.5940387248993

i:0	62942.731248427364
i:50	48784.256841800365
i:100	48351.34808347002
i:150	48177.69627003274
i:200	47874.51737041521
i:250	47874.51737041521
i:300	47874.51737041521
i:350	47874.51737041521
i:400	47874.51737041521
i:450	47874.51737041521
i:500	47874.51737041521
i:550	47874.51737041521
i:600	47874.51737041521
i:650	47874.51737041521
best: 47874.51737041521
routes: [0, 21, 22, 23, 26, 24, 25, 27, 29, 30, 28, 39, 40, 36, 37, 34, 31, 32, 33, 35, 38, 0, 41, 42, 43, 44, 45, 46, 47, 48, 49, 50, 11, 19, 18, 20, 15, 16, 17, 12, 13, 14, 0, 1, 2, 3, 5, 4, 7, 9, 10, 8, 6, 0]
Elapsed time: 126.74488854408264

i:0	68908.28884777348
i:50	50207.1186215951
i:100	49506.74195786403
i:150	49280.29682871316
i:200	49112.41690072728
i:250	48964.07663432416
i:300	48964.07663432416
i:350	48964.07663432416
i:400	48964.07663432416
i:450	48660.89773470663
i:500	48660.89773470663
i:550	48660.89773470663
i:600	48660.89773470663
i:650	48660.89773470663
best: 48660.89773470663
routes: [0, 13, 14, 12, 17, 15, 16, 20, 19, 18, 11, 50, 49, 47, 48, 46, 45, 44, 43, 41, 42, 0, 21, 22, 23, 26, 24, 25, 27, 29, 30, 28, 39, 40, 36, 37, 34, 31, 32, 33, 35, 38, 0, 1, 2, 3, 5, 4, 7, 9, 10, 8, 6, 0]
Elapsed time: 150.88704705238342

i:0	65013.00853723254
i:50	51580.83875199501
i:100	51044.51435965851
i:150	50768.38635561052
i:200	50424.74950299847
i:250	50386.92292157133
i:300	50197.774636314374
i:350	50197.774636314374
i:400	50197.774636314374
i:450	50197.774636314374
i:500	50197.774636314374
i:550	49940.87978353848
i:600	49762.1694753275
i:650	49762.1694753275
best: 49762.1694753275
routes: [0, 36, 34, 31, 32, 33, 35, 38, 37, 39, 40, 28, 30, 29, 27, 24, 25, 26, 23, 21, 22, 0, 13, 12, 17, 15, 16, 20, 19, 18, 14, 11, 50, 49, 47, 48, 46, 45, 44, 43, 41, 42, 0, 1, 2, 3, 5, 4, 7, 9, 10, 8, 6, 0]
Elapsed time: 159.0325038433075

i:0	70045.53423918673
i:50	48886.77226229764
i:100	48100.38547918343
i:150	47990.483242922965
i:200	47915.33310903329
i:250	47814.9199245776
i:300	47774.41897438904
i:350	47774.41897438904
i:400	47774.41897438904
i:450	47774.41897438904
i:500	47774.41897438904
i:550	47774.41897438904
i:600	47774.41897438904
i:650	47774.41897438904
best: 47774.41897438904
routes: [0, 21, 22, 23, 26, 25, 24, 27, 29, 30, 28, 36, 39, 37, 34, 31, 32, 33, 35, 38, 40, 0, 41, 42, 43, 44, 45, 46, 47, 48, 49, 50, 11, 19, 18, 20, 15, 16, 17, 12, 13, 14, 0, 1, 2, 3, 5, 4, 7, 9, 10, 8, 6, 0]
Elapsed time: 150.4477972984314

i:0	70781.97352703418
i:50	50343.27520157452
i:100	49967.88092217781
i:150	49482.9669756796
i:200	49340.13396567927
i:250	49327.86163528895
i:300	49327.86163528895
i:350	49327.86163528895
i:400	49327.86163528895
i:450	49327.86163528895
i:500	49327.86163528895
i:550	49327.86163528895
i:600	49327.86163528895
i:650	49327.86163528895
best: 49327.86163528895
routes: [0, 40, 36, 37, 34, 31, 32, 33, 35, 38, 39, 28, 30, 29, 27, 24, 25, 26, 23, 21, 22, 0, 41, 42, 43, 44, 45, 46, 47, 48, 49, 50, 11, 19, 18, 20, 15, 16, 17, 12, 13, 14, 0, 1, 2, 3, 5, 4, 7, 9, 10, 8, 6, 0]
Elapsed time: 148.67774963378906

i:0	67046.58311079869
i:50	49629.05697588427
i:100	48768.73312373242
i:150	48225.17373788118
i:200	48143.573388565324
i:250	48051.52192444391
i:300	48051.52192444391
i:350	48051.52192444391
i:400	48051.52192444391
i:450	47916.58535120144
i:500	47916.58535120144
i:550	47916.58535120144
i:600	47916.58535120144
i:650	47916.58535120144
best: 47916.58535120144
routes: [0, 21, 22, 23, 26, 24, 25, 27, 29, 30, 28, 36, 31, 32, 33, 35, 38, 34, 37, 39, 40, 0, 41, 42, 43, 44, 45, 47, 48, 46, 49, 50, 11, 19, 20, 15, 16, 17, 18, 14, 13, 12, 0, 1, 2, 3, 5, 4, 7, 9, 10, 8, 6, 0]
Elapsed time: 140.50449800491333

mean: 48258.97558205544
std: 715.3203408492543
mean-time: 149.5535494565964
std-time: 12.669549463958322