i:0	64133.27835922966
i:50	48997.20923627779
i:100	48294.72222573239
i:150	47521.60604717239
i:200	47521.60604717239
i:250	47186.33377150503
i:300	47186.33377150503
i:350	47186.33377150503
i:400	47186.33377150503
i:450	47186.33377150503
i:500	47186.33377150503
i:550	47186.33377150503
i:600	47186.33377150503
i:650	47186.33377150503
best: 47186.33377150503
routes: [0, 39, 40, 37, 38, 35, 33, 32, 31, 34, 36, 28, 30, 29, 27, 26, 25, 24, 22, 23, 21, 41, 42, 43, 44, 45, 47, 48, 49, 50, 46, 0, 11, 19, 18, 17, 20, 15, 16, 14, 13, 12, 10, 9, 7, 8, 5, 4, 2, 1, 3, 6, 0]
Elapsed time: 131.8704183101654

i:0	70119.27392817712
i:50	48403.00044127031
i:100	47859.26186569096
i:150	47678.94167724355
i:200	46903.89923899958
i:250	46755.06842511811
i:300	46726.02163296779
i:350	46620.78935631305
i:400	46474.839332738986
i:450	46333.48294638131
i:500	46123.458423811375
i:550	46123.458423811375
i:600	45997.92576727354
i:650	45997.92576727354
best: 45997.92576727354
routes: [0, 41, 42, 43, 44, 45, 47, 48, 49, 50, 46, 21, 22, 23, 26, 24, 25, 27, 29, 30, 28, 39, 37, 36, 34, 31, 32, 33, 35, 38, 40, 0, 11, 19, 18, 17, 20, 15, 16, 14, 13, 12, 6, 3, 1, 2, 4, 5, 7, 9, 10, 8, 0]
Elapsed time: 194.69220781326294

i:0	62562.98282579733
i:50	48453.66849682323
i:100	47606.49687502059
i:150	47320.30176204718
i:200	47263.271073318465
i:250	47251.7728309127
i:300	47202.9028507069
i:350	47202.9028507069
i:400	47043.57888854752
i:450	46612.750069469956
i:500	46612.750069469956
i:550	46612.750069469956
i:600	46612.750069469956
i:650	46612.750069469956
best: 46529.73611891682
routes: [0, 41, 43, 45, 48, 50, 49, 47, 46, 44, 42, 21, 22, 23, 26, 24, 25, 27, 29, 30, 28, 39, 37, 36, 34, 31, 32, 33, 35, 38, 40, 0, 3, 1, 2, 4, 5, 7, 9, 10, 8, 6, 15, 16, 17, 20, 19, 18, 11, 14, 13, 12, 0]
Elapsed time: 204.3435091972351

i:0	63625.97435698561
i:50	49206.191838930594
i:100	48294.62093110118
i:150	47864.849533907895
i:200	47724.08890658371
i:250	47585.36702669553
i:300	47585.36702669553
i:350	47585.36702669553
i:400	47585.36702669553
i:450	47585.36702669553
i:500	47585.36702669553
i:550	47585.36702669553
i:600	47585.36702669553
i:650	47585.36702669553
best: 47585.36702669553
routes: [0, 39, 40, 38, 35, 33, 32, 31, 34, 37, 36, 28, 30, 29, 27, 25, 26, 23, 21, 22, 24, 1, 2, 4, 7, 9, 10, 8, 5, 3, 6, 0, 13, 12, 17, 16, 15, 20, 19, 18, 14, 11, 50, 49, 48, 47, 46, 45, 44, 43, 41, 42, 0]
Elapsed time: 156.68033170700073

i:0	73519.42167029905
i:50	50414.25892234223
i:100	47776.82382979647
i:150	47416.06476645834
i:200	47292.719134463165
i:250	47056.28220190932
i:300	46867.3498036301
i:350	46820.053334956196
i:400	46510.16597228754
i:450	46392.42115491366
i:500	46205.17829476052
i:550	46205.17829476052
i:600	46205.17829476052
i:650	46164.761535326266
best: 46164.761535326266
routes: [0, 42, 41, 43, 44, 45, 47, 48, 49, 50, 46, 11, 19, 20, 15, 16, 17, 18, 14, 13, 12, 8, 5, 2, 3, 1, 4, 7, 9, 10, 6, 0, 21, 22, 23, 26, 24, 25, 27, 29, 30, 28, 36, 34, 31, 32, 33, 35, 38, 37, 39, 40, 0]
Elapsed time: 183.36679792404175

i:0	65603.70817702486
i:50	50169.56149946489
i:100	47629.98048695993
i:150	47274.16348295269
i:200	47225.17635013348
i:250	46903.51168360631
i:300	46658.88635527941
i:350	46637.80603444963
i:400	46343.449088721434
i:450	46343.449088721434
i:500	46343.449088721434
i:550	46343.449088721434
i:600	46343.449088721434
i:650	46343.449088721434
best: 46343.449088721434
routes: [0, 21, 22, 23, 26, 24, 25, 27, 29, 30, 28, 40, 38, 35, 33, 32, 31, 34, 36, 37, 39, 41, 42, 43, 44, 45, 47, 48, 49, 50, 46, 0, 11, 14, 13, 18, 19, 20, 16, 15, 17, 12, 3, 1, 2, 4, 5, 7, 9, 10, 8, 6, 0]
Elapsed time: 174.6080551147461

i:0	65083.433225160086
i:50	50793.840357446636
i:100	50164.02201919413
i:150	49810.09211687229
i:200	49642.72064482428
i:250	49424.71906184515
i:300	49375.03779578583
i:350	49373.77816818575
i:400	49373.77816818575
i:450	48910.89345658285
i:500	48910.89345658285
i:550	48910.89345658285
i:600	47799.425432085394
i:650	47426.09895726722
best: 47248.202151498175
routes: [0, 43, 45, 47, 48, 49, 50, 46, 44, 41, 42, 40, 39, 34, 31, 32, 33, 35, 38, 37, 36, 29, 30, 28, 23, 21, 22, 26, 27, 25, 24, 0, 11, 14, 13, 12, 19, 18, 17, 20, 15, 16, 8, 4, 2, 1, 3, 5, 7, 9, 10, 6, 0]
Elapsed time: 202.40841555595398

i:0	67685.63569581645
i:50	48912.618766282976
i:100	48314.23532032037
i:150	47790.108477853384
i:200	47247.814606487445
i:250	47074.2074504638
i:300	47074.2074504638
i:350	47074.2074504638
i:400	46824.245446722125
i:450	46427.69701529683
i:500	46427.69701529683
i:550	46427.69701529683
i:600	46427.69701529683
i:650	46427.69701529683
best: 46427.69701529683
routes: [0, 21, 22, 23, 26, 24, 25, 27, 29, 30, 28, 39, 40, 37, 36, 34, 31, 32, 33, 35, 38, 41, 42, 43, 44, 45, 47, 48, 49, 50, 46, 0, 11, 19, 20, 15, 16, 17, 18, 14, 13, 12, 10, 9, 7, 8, 5, 4, 2, 1, 3, 6, 0]
Elapsed time: 161.32599115371704

i:0	73895.81881640338
i:50	48861.43914491985
i:100	47955.327817836675
i:150	47776.03408812173
i:200	47491.716995612194
i:250	47044.56675862758
i:300	47044.133934909
i:350	47029.715442313
i:400	46901.82865178265
i:450	46658.24269285823
i:500	46658.24269285823
i:550	46617.7625309632
i:600	46617.7625309632
i:650	46617.7625309632
best: 46617.7625309632
routes: [0, 21, 22, 23, 26, 24, 25, 27, 29, 30, 28, 39, 40, 38, 35, 33, 32, 31, 34, 37, 36, 41, 42, 43, 44, 45, 47, 48, 49, 50, 46, 0, 11, 14, 13, 18, 19, 20, 16, 15, 17, 12, 3, 1, 2, 4, 7, 9, 10, 8, 5, 6, 0]
Elapsed time: 188.21039867401123

i:0	66880.24116818624
i:50	49048.76533058591
i:100	48604.44474372102
i:150	47473.137268293925
i:200	47021.89594945512
i:250	46588.03032051728
i:300	46511.65209307619
i:350	46493.80132093715
i:400	46493.80132093715
i:450	46493.80132093715
i:500	46493.80132093715
i:550	46493.80132093715
i:600	46493.80132093715
i:650	46493.80132093715
best: 46493.80132093715
routes: [0, 21, 22, 23, 26, 24, 25, 27, 29, 30, 28, 39, 37, 36, 34, 31, 32, 33, 35, 38, 40, 1, 3, 2, 4, 5, 7, 9, 10, 8, 6, 0, 13, 14, 12, 17, 16, 15, 20, 19, 18, 11, 50, 49, 48, 47, 46, 45, 44, 43, 41, 42, 0]
Elapsed time: 164.23505353927612

mean: 46659.50363271339
std: 486.1540852896362
mean-time: 176.17411789894103
std-time: 21.74756425489516