i:0	121218.36819743688
i:50	80487.57499946315
i:100	79881.98165869304
i:150	79466.46968031373
i:200	77786.12733660158
i:250	77703.58064738775
i:300	76928.2249626982
i:350	72912.20173016272
i:400	71814.43792077604
i:450	71352.67628719151
i:500	71338.45583602684
i:550	71326.47549239351
i:600	70987.53316078422
i:650	70554.31291209589
best: 70501.59256311695
routes: [0, 51, 52, 53, 56, 54, 55, 57, 59, 60, 58, 76, 77, 74, 71, 72, 73, 75, 78, 79, 80, 61, 62, 63, 64, 65, 68, 67, 66, 69, 70, 0, 4, 1, 3, 5, 10, 6, 2, 8, 7, 9, 43, 42, 41, 45, 44, 46, 49, 50, 47, 48, 14, 12, 11, 13, 15, 17, 19, 20, 18, 16, 0, 31, 34, 33, 37, 36, 35, 40, 39, 38, 32, 21, 23, 22, 25, 27, 29, 30, 28, 26, 24, 0]
Elapsed time: 286.0116939544678

i:0	112099.39771858064
i:50	81592.84736105736
i:100	80974.29672862355
i:150	80387.59260027666
i:200	79257.12246703295
i:250	78222.17357004278
i:300	77634.00448015405
i:350	77634.00448015405
i:400	77564.18604158895
i:450	77564.18604158895
i:500	77564.18604158895
i:550	77564.18604158895
i:600	77564.18604158895
i:650	77564.18604158895
best: 77564.18604158895
routes: [0, 31, 33, 34, 39, 40, 36, 35, 37, 38, 32, 24, 21, 23, 22, 26, 25, 27, 29, 30, 28, 20, 19, 17, 18, 15, 14, 12, 11, 13, 16, 0, 4, 5, 6, 10, 9, 7, 8, 2, 3, 1, 51, 52, 53, 56, 59, 60, 58, 57, 55, 54, 41, 42, 43, 45, 44, 46, 49, 50, 47, 48, 0, 76, 77, 74, 71, 72, 73, 75, 78, 79, 80, 61, 62, 63, 64, 65, 68, 67, 66, 69, 70, 0]
Elapsed time: 249.43120169639587

i:0	128450.99682021029
i:50	86657.2223937051
i:100	82025.73476673297
i:150	78477.87137307198
i:200	77003.05574940026
i:250	76754.32437205619
i:300	76130.54844118471
i:350	76049.51756901809
i:400	75493.93745169099
i:450	75262.91142589701
i:500	75255.17679813704
i:550	75255.17679813704
i:600	75255.17679813704
i:650	75255.17679813704
best: 75255.17679813704
routes: [0, 79, 80, 78, 75, 73, 72, 71, 74, 77, 76, 59, 60, 58, 52, 51, 53, 56, 57, 55, 54, 0, 61, 62, 63, 64, 65, 68, 67, 66, 69, 70, 31, 39, 40, 35, 36, 37, 38, 34, 33, 32, 21, 23, 25, 27, 29, 30, 28, 26, 24, 22, 0, 4, 1, 3, 5, 6, 2, 8, 7, 9, 10, 43, 45, 42, 41, 44, 46, 49, 50, 47, 48, 14, 12, 11, 13, 15, 17, 19, 20, 18, 16, 0]
Elapsed time: 253.10112714767456

i:0	121689.51490709536
i:50	83952.27307530977
i:100	81725.03043227196
i:150	80604.79933155184
i:200	80113.23289532348
i:250	79487.05337443014
i:300	78889.30113033071
i:350	77539.94362985066
i:400	77506.39328038598
i:450	76883.9190123739
i:500	76710.83911271588
i:550	76627.46209649339
i:600	76066.24384421814
i:650	76066.24384421814
best: 76066.24384421814
routes: [0, 79, 80, 78, 75, 73, 72, 71, 74, 77, 76, 58, 56, 54, 55, 57, 59, 60, 53, 51, 52, 0, 61, 62, 63, 64, 65, 68, 67, 66, 69, 70, 31, 39, 40, 35, 36, 37, 38, 34, 33, 32, 24, 21, 23, 25, 27, 29, 30, 28, 26, 22, 0, 11, 12, 14, 13, 15, 18, 16, 20, 19, 17, 48, 45, 47, 49, 50, 46, 44, 41, 42, 43, 9, 10, 5, 6, 7, 8, 2, 1, 3, 4, 0]
Elapsed time: 272.81744360923767

i:0	117425.63771354646
i:50	88041.58914946008
i:100	81163.28599772012
i:150	78562.5290450359
i:200	78343.0770162302
i:250	78190.77265752305
i:300	78032.73172436684
i:350	77900.46864446434
i:400	77703.3279344265
i:450	77703.3279344265
i:500	77549.34776848278
i:550	77549.34776848278
i:600	77549.34776848278
i:650	77549.34776848278
best: 77549.34776848278
routes: [0, 21, 23, 25, 27, 29, 30, 28, 26, 24, 22, 16, 13, 15, 17, 19, 20, 18, 14, 12, 11, 43, 45, 47, 49, 50, 48, 46, 44, 41, 42, 0, 4, 1, 2, 3, 6, 5, 10, 9, 7, 8, 80, 78, 75, 73, 72, 71, 74, 76, 77, 79, 58, 56, 52, 51, 53, 60, 59, 57, 55, 54, 0, 33, 32, 38, 39, 40, 35, 36, 37, 34, 31, 69, 70, 64, 62, 61, 63, 65, 68, 67, 66, 0]
Elapsed time: 239.40645909309387

i:0	117339.31572047627
i:50	88214.0145267531
i:100	82819.97844742314
i:150	77985.76160739441
i:200	77902.11253181605
i:250	77567.00349131635
i:300	76905.68282880948
i:350	76386.8977558722
i:400	76386.8977558722
i:450	76070.64728144676
i:500	76052.79650930772
i:550	76052.79650930772
i:600	75221.2459759651
i:650	74773.1360032997
best: 74773.1360032997
routes: [0, 61, 62, 63, 64, 65, 68, 67, 66, 69, 70, 31, 39, 40, 35, 36, 37, 38, 34, 33, 32, 0, 43, 48, 47, 45, 42, 41, 44, 46, 49, 50, 14, 12, 11, 13, 15, 17, 19, 20, 18, 16, 25, 27, 29, 30, 28, 26, 24, 21, 23, 22, 0, 79, 80, 78, 75, 73, 72, 71, 74, 77, 76, 58, 60, 59, 57, 56, 53, 51, 52, 55, 54, 8, 7, 9, 10, 5, 6, 2, 1, 3, 4, 0]
Elapsed time: 280.92802834510803

i:0	114882.80922342841
i:50	76872.6505363413
i:100	74590.16915773228
i:150	74329.2000759631
i:200	73540.53940319325
i:250	73134.85773326489
i:300	72735.45214117374
i:350	72597.3326349608
i:400	72153.11417548772
i:450	72153.11417548772
i:500	72153.11417548772
i:550	72153.11417548772
i:600	72153.11417548772
i:650	72153.11417548772
best: 72153.11417548772
routes: [0, 51, 52, 53, 56, 54, 55, 57, 59, 60, 58, 78, 75, 73, 72, 71, 74, 76, 77, 79, 80, 61, 62, 63, 64, 65, 68, 67, 66, 69, 70, 0, 31, 34, 33, 38, 39, 40, 36, 35, 37, 32, 21, 23, 25, 27, 29, 30, 28, 26, 24, 22, 13, 11, 12, 14, 15, 17, 19, 20, 18, 16, 0, 4, 5, 10, 6, 3, 1, 2, 8, 7, 9, 43, 45, 47, 48, 49, 50, 46, 44, 41, 42, 0]
Elapsed time: 234.27823853492737

i:0	117779.28023212367
i:50	84280.14616070586
i:100	79565.25665213948
i:150	79061.05761116292
i:200	78810.58044790174
i:250	78267.52096223804
i:300	78219.70377056516
i:350	78129.95386822219
i:400	77977.72426495509
i:450	77910.60441297811
i:500	77910.60441297811
i:550	77364.77973352549
i:600	77364.77973352549
i:650	77364.77973352549
best: 77341.97066086224
routes: [0, 21, 24, 23, 22, 25, 27, 29, 30, 28, 26, 16, 20, 19, 17, 18, 15, 14, 12, 13, 11, 43, 48, 47, 45, 42, 41, 44, 46, 49, 50, 0, 32, 37, 36, 35, 40, 39, 38, 33, 34, 31, 69, 70, 66, 67, 68, 61, 62, 63, 65, 64, 0, 4, 5, 6, 2, 1, 3, 8, 7, 10, 9, 79, 80, 77, 78, 75, 73, 72, 71, 74, 76, 59, 60, 58, 52, 51, 53, 56, 57, 55, 54, 0]
Elapsed time: 270.13416862487793

i:0	123566.46257392332
i:50	87498.71170684265
i:100	86101.94180808566
i:150	85745.54561678678
i:200	84698.88370450435
i:250	84601.50056509515
i:300	84277.54288494885
i:350	81102.64412981708
i:400	79644.2515807726
i:450	72456.73657437126
i:500	71692.52953434797
i:550	71177.05119832137
i:600	71075.22768725375
i:650	70192.4614777025
best: 70187.45948460382
routes: [0, 51, 52, 53, 56, 54, 55, 57, 59, 60, 58, 76, 77, 74, 71, 72, 73, 75, 78, 79, 80, 61, 62, 63, 64, 65, 68, 67, 66, 69, 70, 0, 4, 1, 2, 3, 6, 5, 10, 8, 7, 9, 43, 48, 47, 45, 42, 41, 44, 46, 49, 50, 17, 19, 20, 18, 15, 14, 12, 11, 13, 16, 0, 31, 34, 33, 32, 38, 39, 40, 37, 36, 35, 30, 28, 27, 29, 25, 26, 24, 21, 23, 22, 0]
Elapsed time: 287.51085448265076

i:0	121405.78464632746
i:50	81487.70221779053
i:100	73010.17630725296
i:150	72115.2432748185
i:200	71898.60434875249
i:250	71802.51645000264
i:300	71678.78650363986
i:350	71532.00212236987
i:400	71504.73405358364
i:450	70913.09768885018
i:500	70884.58325530787
i:550	70884.58325530787
i:600	70822.76394073576
i:650	70822.76394073576
best: 70635.52108058262
routes: [0, 4, 1, 2, 3, 6, 5, 10, 7, 8, 9, 43, 42, 41, 44, 45, 47, 48, 46, 49, 50, 17, 19, 20, 18, 15, 14, 12, 11, 13, 16, 0, 51, 52, 53, 56, 54, 55, 57, 59, 60, 58, 79, 77, 76, 74, 71, 72, 73, 75, 78, 80, 61, 62, 63, 64, 65, 68, 67, 66, 69, 70, 0, 33, 34, 31, 39, 38, 37, 40, 35, 36, 32, 24, 21, 23, 25, 27, 29, 30, 28, 26, 22, 0]
Elapsed time: 262.3021719455719

mean: 74202.774842038
std: 2898.387144172312
mean-time: 263.5921387434006
std-time: 18.054606652783903