i:0	121904.88638573186
i:50	86661.45134889356
i:100	84200.67643185088
i:150	83121.3129932039
i:200	82965.97961851413
i:250	82452.15281234634
i:300	81804.1405187522
i:350	81513.40496194921
i:400	80644.70511009755
i:450	80470.68652557452
i:500	80470.68652557452
i:550	80470.68652557452
i:600	80470.68652557452
i:650	80470.68652557452
best: 80467.54767152162
routes: [0, 51, 52, 53, 56, 55, 54, 57, 59, 60, 58, 76, 79, 77, 74, 71, 72, 73, 75, 78, 80, 0, 43, 48, 47, 45, 42, 41, 44, 46, 49, 50, 12, 11, 13, 15, 14, 17, 19, 20, 18, 16, 0, 4, 3, 6, 5, 10, 9, 7, 8, 2, 1, 61, 62, 63, 64, 65, 68, 66, 67, 69, 70, 0, 31, 34, 33, 32, 37, 38, 39, 40, 35, 36, 30, 28, 29, 27, 25, 26, 24, 21, 23, 22, 0]
Elapsed time: 242.1366286277771

i:0	131606.8968947256
i:50	83526.88700735934
i:100	82024.66178495983
i:150	81583.91571169376
i:200	81246.11834147
i:250	81246.11834147
i:300	81246.11834147
i:350	81246.11834147
i:400	81246.11834147
i:450	81246.11834147
i:500	81246.11834147
i:550	81246.11834147
i:600	81246.11834147
i:650	81246.11834147
best: 81246.11834147
routes: [0, 51, 52, 53, 56, 54, 55, 57, 59, 60, 58, 76, 77, 74, 71, 72, 73, 75, 78, 79, 80, 0, 4, 3, 6, 5, 10, 9, 7, 8, 2, 1, 61, 63, 65, 68, 67, 69, 70, 66, 64, 62, 0, 13, 15, 18, 16, 20, 19, 17, 14, 12, 11, 43, 41, 44, 46, 49, 50, 48, 47, 45, 42, 0, 31, 39, 38, 37, 40, 35, 36, 34, 33, 32, 28, 30, 29, 27, 25, 26, 24, 21, 23, 22, 0]
Elapsed time: 199.17561435699463

i:0	123689.78650818951
i:50	86954.99450252808
i:100	84665.35022030697
i:150	83449.33193452748
i:200	83367.34429734712
i:250	83067.0644812159
i:300	83002.44487420251
i:350	83002.44487420251
i:400	83002.44487420251
i:450	83002.44487420251
i:500	83002.44487420251
i:550	83002.44487420251
i:600	83002.44487420251
i:650	83002.44487420251
best: 83002.44487420251
routes: [0, 21, 22, 23, 24, 26, 25, 29, 27, 28, 30, 35, 36, 37, 40, 39, 38, 31, 34, 33, 32, 0, 11, 13, 16, 20, 18, 15, 14, 12, 17, 19, 49, 50, 46, 44, 41, 42, 43, 45, 47, 48, 0, 80, 76, 77, 74, 71, 72, 73, 75, 78, 79, 58, 60, 59, 57, 54, 55, 56, 53, 51, 52, 0, 4, 3, 6, 5, 10, 7, 9, 8, 2, 1, 61, 62, 63, 64, 65, 67, 68, 66, 69, 70, 0]
Elapsed time: 206.72938442230225

i:0	130111.34043017685
i:50	88873.64605367657
i:100	86222.22321679576
i:150	84351.1455752408
i:200	83316.80704436076
i:250	82830.23641540005
i:300	82361.19928585246
i:350	81989.48181155245
i:400	81989.48181155245
i:450	81898.18589171467
i:500	81751.02076064884
i:550	81684.64549989226
i:600	81675.31400462393
i:650	81675.31400462393
best: 81447.31379464177
routes: [0, 43, 45, 42, 41, 44, 46, 49, 50, 47, 48, 14, 12, 11, 13, 15, 17, 19, 20, 18, 16, 0, 80, 76, 77, 74, 71, 72, 73, 75, 78, 79, 58, 60, 59, 57, 54, 55, 56, 53, 51, 52, 0, 4, 5, 10, 7, 9, 8, 2, 6, 3, 1, 61, 62, 63, 64, 65, 68, 66, 67, 69, 70, 0, 31, 39, 38, 37, 40, 35, 36, 34, 33, 32, 28, 30, 29, 27, 25, 26, 24, 21, 23, 22, 0]
Elapsed time: 243.15605688095093

i:0	126604.6240217649
i:50	90165.07206505284
i:100	86617.31712500626
i:150	86350.60320310185
i:200	85980.98741312455
i:250	85753.8923747769
i:300	85313.5939759275
i:350	84308.49112175786
i:400	83838.99736624715
i:450	83838.99736624713
i:500	83750.8248287423
i:550	83499.34080258186
i:600	83499.34080258186
i:650	83499.34080258186
best: 83499.34080258186
routes: [0, 4, 5, 6, 10, 9, 7, 8, 2, 3, 1, 61, 65, 68, 67, 69, 70, 66, 64, 63, 62, 0, 76, 74, 71, 72, 73, 75, 78, 77, 79, 80, 58, 60, 59, 57, 54, 55, 56, 53, 51, 52, 0, 31, 39, 38, 37, 40, 35, 36, 34, 33, 32, 21, 23, 22, 25, 27, 29, 30, 28, 26, 24, 0, 13, 14, 17, 19, 20, 18, 16, 15, 12, 11, 43, 45, 46, 49, 50, 48, 47, 44, 41, 42, 0]
Elapsed time: 237.98651480674744

i:0	117032.53664261667
i:50	87476.14427526621
i:100	84581.21671777732
i:150	82526.05319694272
i:200	82096.92960611619
i:250	81927.33499819858
i:300	81700.32541767797
i:350	81414.304843232
i:400	81095.89965964422
i:450	81095.89965964422
i:500	80878.93246797107
i:550	80878.93246797107
i:600	80539.02140655872
i:650	80539.02140655872
best: 80539.02140655872
routes: [0, 4, 3, 6, 5, 10, 9, 7, 8, 2, 1, 61, 62, 63, 64, 65, 68, 66, 67, 69, 70, 0, 13, 15, 18, 16, 20, 19, 17, 14, 12, 11, 43, 41, 44, 46, 49, 50, 48, 47, 45, 42, 0, 51, 52, 53, 56, 54, 55, 57, 59, 60, 58, 79, 80, 76, 77, 74, 71, 72, 73, 75, 78, 0, 31, 34, 33, 32, 38, 39, 40, 37, 35, 36, 30, 28, 27, 29, 25, 26, 24, 21, 23, 22, 0]
Elapsed time: 230.49270796775818

i:0	132764.80574409667
i:50	85421.46615815467
i:100	82671.31942920906
i:150	82166.32003176726
i:200	81738.93351725416
i:250	81497.98697564217
i:300	81470.49373818663
i:350	81461.84600076554
i:400	81461.84600076554
i:450	81461.84600076554
i:500	81461.84600076554
i:550	81461.84600076554
i:600	81205.39139408484
i:650	81185.196863801
best: 81185.196863801
routes: [0, 43, 45, 42, 41, 44, 46, 49, 50, 47, 48, 14, 15, 17, 19, 20, 18, 16, 13, 11, 12, 0, 51, 52, 53, 56, 59, 60, 58, 57, 55, 54, 2, 1, 3, 6, 7, 8, 9, 10, 5, 4, 0, 69, 70, 66, 67, 68, 65, 64, 63, 62, 61, 80, 79, 77, 74, 71, 72, 73, 75, 78, 76, 0, 31, 33, 34, 39, 40, 36, 35, 37, 38, 32, 21, 23, 22, 25, 26, 27, 29, 30, 28, 24, 0]
Elapsed time: 221.442462682724

i:0	125685.26327398916
i:50	87494.68914225759
i:100	86367.43981573982
i:150	85724.98434905299
i:200	85667.04896327645
i:250	85173.64812662422
i:300	85037.55012040831
i:350	84956.5192482417
i:400	84946.47730339853
i:450	84534.57436030003
i:500	84463.83271632413
i:550	84436.67786266969
i:600	84348.4211735685
i:650	84181.61841299623
best: 84181.61841299623
routes: [0, 31, 39, 40, 36, 35, 37, 38, 34, 33, 32, 28, 30, 29, 27, 25, 26, 24, 21, 23, 22, 0, 4, 5, 6, 10, 9, 7, 8, 2, 3, 1, 61, 62, 63, 66, 69, 70, 67, 68, 65, 64, 0, 71, 72, 73, 75, 78, 77, 74, 76, 79, 80, 58, 59, 60, 56, 57, 55, 54, 53, 51, 52, 0, 43, 45, 47, 49, 50, 48, 46, 44, 41, 42, 11, 12, 13, 15, 14, 17, 19, 20, 18, 16, 0]
Elapsed time: 253.4766058921814

i:0	122714.58873467108
i:50	86061.64617427904
i:100	83764.66074320681
i:150	82584.24815281664
i:200	81987.04402399209
i:250	81409.66306744283
i:300	81096.07173810285
i:350	81075.87720781902
i:400	81011.25760080563
i:450	81011.25760080563
i:500	80956.32659661557
i:550	80897.31557959519
i:600	80897.31557959519
i:650	80897.31557959519
best: 80897.31557959519
routes: [0, 51, 52, 53, 56, 55, 54, 57, 59, 60, 58, 79, 77, 80, 76, 74, 71, 72, 73, 75, 78, 0, 21, 22, 23, 24, 26, 25, 29, 27, 28, 30, 35, 36, 37, 40, 39, 38, 31, 34, 33, 32, 0, 43, 45, 42, 41, 44, 46, 49, 50, 47, 48, 14, 15, 17, 19, 20, 18, 16, 13, 11, 12, 0, 4, 5, 10, 9, 7, 8, 6, 3, 2, 1, 61, 62, 63, 64, 65, 67, 68, 66, 69, 70, 0]
Elapsed time: 237.34660243988037

i:0	128773.49464962636
i:50	88446.14543239196
i:100	87431.35561098822
i:150	83827.56035772635
i:200	82828.61888080863
i:250	82730.48730287378
i:300	82409.16569541562
i:350	82104.1964109099
i:400	82104.1964109099
i:450	82057.36759741884
i:500	81919.18659354895
i:550	81686.14665628207
i:600	81686.14665628207
i:650	81686.14665628207
best: 81686.14665628207
routes: [0, 51, 52, 53, 56, 54, 55, 57, 59, 60, 58, 79, 80, 76, 77, 74, 71, 72, 73, 75, 78, 0, 13, 14, 17, 19, 20, 18, 16, 15, 12, 11, 43, 45, 46, 49, 50, 48, 47, 44, 41, 42, 0, 31, 39, 38, 40, 35, 36, 37, 34, 33, 32, 21, 23, 25, 27, 29, 30, 28, 26, 24, 22, 0, 4, 3, 6, 5, 10, 9, 7, 8, 2, 1, 69, 70, 66, 67, 68, 65, 64, 63, 61, 62, 0]
Elapsed time: 230.7979645729065

mean: 81815.2064403651
std: 1224.984900337158
mean-time: 230.27405426502227
std-time: 15.982214468770799