i:0	117564.31218536223
i:50	81947.78115094878
i:100	79660.79075557044
i:150	78290.44929722385
i:200	78072.44771424471
i:250	78072.44771424471
i:300	78002.9595920939
i:350	77884.52979776867
i:400	77884.52979776867
i:450	77810.00521902685
i:500	77406.06860676172
i:550	77406.06860676172
i:600	77406.06860676172
i:650	77406.06860676172
best: 77406.06860676172
routes: [0, 4, 5, 6, 7, 8, 2, 3, 1, 73, 74, 75, 76, 77, 80, 79, 78, 25, 28, 27, 32, 30, 29, 31, 26, 0, 70, 68, 67, 69, 65, 66, 71, 72, 33, 34, 35, 39, 38, 36, 37, 40, 15, 16, 13, 12, 10, 9, 11, 14, 21, 23, 24, 22, 20, 17, 19, 18, 0, 54, 55, 56, 53, 52, 51, 50, 49, 64, 61, 59, 58, 57, 63, 60, 62, 48, 46, 47, 45, 44, 43, 41, 42, 0]
Elapsed time: 202.9013774394989

i:0	122990.7531899483
i:50	86548.75766477833
i:100	85357.15592505656
i:150	81095.53765568047
i:200	80479.06277362382
i:250	79382.91936883112
i:300	79382.91936883112
i:350	79359.95343624776
i:400	79267.85241400605
i:450	79267.85241400605
i:500	78962.69684838253
i:550	78611.33139533957
i:600	78131.07803435437
i:650	78131.07803435437
best: 78131.07803435437
routes: [0, 72, 71, 65, 66, 69, 67, 70, 68, 60, 63, 64, 61, 59, 58, 57, 62, 48, 46, 47, 45, 44, 43, 41, 42, 0, 54, 55, 56, 53, 52, 51, 50, 49, 73, 74, 75, 76, 77, 80, 79, 78, 25, 32, 30, 29, 31, 28, 27, 26, 17, 19, 18, 21, 23, 24, 22, 20, 0, 9, 10, 12, 11, 14, 16, 13, 15, 40, 39, 37, 38, 36, 33, 34, 35, 7, 8, 2, 1, 3, 6, 5, 4, 0]
Elapsed time: 239.0852279663086

i:0	121112.78996937549
i:50	90145.5650458727
i:100	85017.1062669338
i:150	82447.99629003477
i:200	81066.33601841415
i:250	80680.72283893694
i:300	80679.16014304607
i:350	79695.12380418771
i:400	79695.12380418771
i:450	79625.46759929508
i:500	79625.46759929508
i:550	79625.46759929508
i:600	79625.46759929508
i:650	79625.46759929508
best: 79625.46759929508
routes: [0, 60, 63, 64, 61, 59, 58, 57, 62, 48, 42, 41, 43, 46, 47, 45, 44, 8, 7, 5, 6, 2, 1, 3, 4, 0, 73, 74, 75, 76, 77, 79, 78, 80, 54, 55, 56, 53, 52, 51, 49, 50, 25, 27, 26, 30, 29, 31, 32, 28, 0, 70, 68, 67, 66, 69, 65, 71, 72, 33, 36, 38, 39, 37, 34, 35, 40, 12, 10, 9, 11, 13, 15, 16, 14, 18, 17, 19, 21, 23, 24, 22, 20, 0]
Elapsed time: 226.7981116771698

i:0	126181.80698078094
i:50	90337.78161782814
i:100	79827.1236533837
i:150	76729.22888380445
i:200	75671.99461707
i:250	75348.31375477248
i:300	75256.49284950455
i:350	74876.01641598955
i:400	74876.01641598955
i:450	74876.01641598955
i:500	74876.01641598955
i:550	74876.01641598955
i:600	74876.01641598955
i:650	74876.01641598955
best: 74876.01641598955
routes: [0, 35, 40, 39, 38, 36, 37, 34, 33, 72, 71, 65, 66, 69, 67, 68, 70, 7, 8, 2, 1, 3, 6, 5, 4, 0, 54, 55, 56, 53, 52, 51, 50, 49, 64, 61, 59, 58, 57, 63, 60, 62, 48, 46, 47, 45, 44, 43, 41, 42, 0, 73, 74, 75, 76, 77, 80, 79, 78, 25, 28, 27, 26, 32, 31, 30, 29, 24, 23, 21, 22, 20, 17, 19, 18, 14, 16, 13, 15, 12, 11, 9, 10, 0]
Elapsed time: 212.72709035873413

i:0	121509.65981957366
i:50	86993.83996380283
i:100	77119.43167767047
i:150	76260.71810166865
i:200	75750.28550006959
i:250	75065.70606247017
i:300	74906.00115335223
i:350	74906.00115335223
i:400	74906.00115335223
i:450	74906.00115335223
i:500	74906.00115335223
i:550	74906.00115335223
i:600	74906.00115335223
i:650	74906.00115335223
best: 74906.00115335223
routes: [0, 41, 42, 43, 46, 44, 45, 47, 48, 63, 62, 60, 58, 57, 59, 61, 64, 50, 49, 51, 52, 53, 55, 56, 54, 0, 11, 14, 16, 13, 15, 12, 10, 9, 35, 40, 39, 38, 36, 37, 34, 33, 72, 71, 65, 66, 69, 67, 68, 70, 7, 8, 2, 1, 3, 6, 5, 4, 0, 17, 19, 18, 21, 23, 24, 22, 20, 27, 26, 30, 29, 31, 32, 28, 25, 80, 79, 78, 76, 77, 75, 73, 74, 0]
Elapsed time: 208.50623989105225

i:0	117509.68874295871
i:50	89935.22808243331
i:100	88476.69034881973
i:150	80404.77012270698
i:200	80114.85268295457
i:250	79601.59679247205
i:300	79497.08357030082
i:350	79497.08357030082
i:400	79497.08357030082
i:450	79385.16954397403
i:500	79346.39141548745
i:550	79274.61918751671
i:600	79189.03726201932
i:650	79189.03726201932
best: 79189.03726201932
routes: [0, 79, 77, 78, 80, 74, 73, 75, 76, 51, 52, 49, 50, 53, 55, 56, 54, 25, 27, 26, 30, 29, 31, 32, 28, 0, 17, 19, 18, 20, 22, 24, 23, 21, 14, 11, 13, 15, 16, 12, 10, 9, 35, 34, 37, 40, 39, 38, 36, 33, 72, 71, 65, 66, 69, 67, 70, 68, 0, 4, 5, 6, 7, 8, 3, 1, 2, 60, 63, 64, 61, 59, 58, 57, 62, 48, 46, 47, 45, 44, 43, 41, 42, 0]
Elapsed time: 227.8184654712677

i:0	118047.65800714315
i:50	86786.53264303782
i:100	80676.7691311831
i:150	77430.7305039186
i:200	76602.83951985912
i:250	76286.96521891742
i:300	75854.42483532087
i:350	75757.41320649431
i:400	75560.85081537477
i:450	75560.85081537477
i:500	75437.9135493973
i:550	74998.78491273004
i:600	74998.78491273004
i:650	74998.78491273004
best: 74998.78491273004
routes: [0, 11, 14, 16, 13, 15, 12, 10, 9, 35, 40, 39, 38, 36, 37, 34, 33, 72, 71, 65, 66, 69, 67, 68, 70, 7, 8, 2, 1, 3, 6, 5, 4, 0, 41, 42, 43, 46, 44, 45, 47, 48, 64, 61, 59, 58, 57, 63, 60, 62, 50, 49, 51, 52, 53, 55, 56, 54, 0, 73, 74, 75, 76, 77, 80, 79, 78, 25, 27, 28, 32, 30, 29, 31, 26, 24, 23, 21, 22, 20, 17, 19, 18, 0]
Elapsed time: 239.2651538848877

i:0	117325.34987441376
i:50	82799.96446089624
i:100	79809.55059554511
i:150	79431.428727118
i:200	78996.7196728489
i:250	78622.5996206293
i:300	78356.81817847902
i:350	78322.62407546214
i:400	78322.62407546214
i:450	78322.62407546214
i:500	78322.62407546214
i:550	78322.62407546214
i:600	78121.94577796364
i:650	78121.94577796364
best: 78121.94577796364
routes: [0, 35, 34, 33, 36, 38, 39, 37, 40, 15, 12, 10, 9, 11, 13, 16, 14, 18, 17, 19, 20, 22, 21, 23, 24, 30, 29, 31, 32, 25, 28, 27, 26, 0, 70, 68, 67, 69, 72, 71, 65, 66, 57, 58, 60, 59, 61, 64, 63, 62, 48, 46, 47, 45, 44, 43, 41, 42, 0, 4, 3, 5, 6, 7, 8, 2, 1, 73, 74, 75, 76, 77, 79, 78, 80, 54, 55, 56, 53, 52, 51, 49, 50, 0]
Elapsed time: 214.05145263671875

i:0	114944.19870725505
i:50	91466.9072039075
i:100	86930.86089919829
i:150	80906.359158269
i:200	80098.1607360359
i:250	79747.17525195633
i:300	79428.54260379389
i:350	79395.54454360723
i:400	79317.07870756897
i:450	79151.91472495273
i:500	78966.8611961973
i:550	78771.78864686991
i:600	78771.78864686991
i:650	78725.66832811217
best: 78725.66832811217
routes: [0, 11, 14, 16, 13, 15, 12, 10, 9, 40, 39, 38, 36, 37, 35, 34, 33, 72, 71, 65, 66, 69, 67, 70, 68, 0, 41, 42, 43, 46, 47, 45, 44, 48, 60, 63, 64, 61, 59, 58, 57, 62, 7, 8, 2, 1, 3, 6, 5, 4, 0, 73, 74, 75, 77, 80, 79, 78, 76, 50, 49, 51, 52, 53, 55, 56, 54, 25, 28, 27, 32, 30, 29, 31, 26, 17, 19, 18, 21, 23, 24, 22, 20, 0]
Elapsed time: 238.09547972679138

i:0	115939.81539105534
i:50	89900.1263795688
i:100	88743.60799855851
i:150	88743.60799855851
i:200	88743.60799855851
i:250	88743.60799855851
i:300	85589.7561173246
i:350	81532.96616564918
i:400	80913.25844000472
i:450	79610.43893394263
i:500	78604.76655514947
i:550	78473.20819889646
i:600	78253.82438826222
i:650	78253.82438826222
best: 78253.82438826222
routes: [0, 73, 74, 75, 77, 80, 79, 78, 76, 50, 49, 51, 52, 53, 55, 56, 54, 25, 28, 27, 32, 30, 29, 31, 26, 0, 70, 67, 69, 72, 71, 65, 66, 68, 60, 63, 64, 61, 59, 58, 57, 62, 48, 42, 41, 43, 46, 47, 45, 44, 0, 4, 5, 6, 3, 1, 2, 8, 7, 35, 34, 33, 36, 38, 39, 37, 40, 12, 10, 9, 11, 13, 15, 16, 14, 21, 23, 24, 22, 20, 17, 19, 18, 0]
Elapsed time: 278.3149240016937

mean: 77423.38924788403
std: 1733.389087734821
mean-time: 228.7563523054123
std-time: 20.776968839625823