i:0	139099.5441028854
i:50	90091.57552180553
i:100	88740.702245572
i:150	88063.676329093
i:200	88063.676329093
i:250	87740.40389687
i:300	87569.40417250086
i:350	87569.40417250086
i:400	87404.72881840481
i:450	87404.72881840481
i:500	87404.72881840481
i:550	87404.72881840481
i:600	87404.72881840481
i:650	87404.72881840481
best: 87404.72881840481
routes: [0, 41, 42, 43, 46, 44, 45, 47, 48, 64, 61, 59, 58, 57, 63, 60, 62, 0, 25, 28, 27, 32, 31, 30, 29, 26, 24, 23, 21, 22, 20, 17, 19, 18, 0, 4, 3, 1, 2, 7, 8, 6, 5, 9, 11, 10, 12, 13, 15, 16, 14, 0, 75, 77, 80, 79, 78, 76, 73, 74, 50, 49, 51, 52, 53, 55, 56, 54, 0, 35, 40, 39, 38, 36, 37, 34, 33, 71, 72, 69, 67, 65, 66, 70, 68, 0]
Elapsed time: 182.045480966568

i:0	118489.23612228374
i:50	94512.75274445479
i:100	88246.0469362784
i:150	87252.70684297712
i:200	87077.94417918174
i:250	87077.94417918174
i:300	87077.94417918174
i:350	87073.9712310452
i:400	86739.83234591794
i:450	86739.83234591794
i:500	86739.83234591794
i:550	86739.83234591794
i:600	86739.83234591794
i:650	86739.83234591794
best: 86739.83234591794
routes: [0, 41, 42, 43, 46, 44, 45, 47, 48, 64, 61, 59, 58, 57, 63, 60, 62, 0, 73, 74, 75, 77, 80, 79, 78, 76, 54, 55, 56, 53, 50, 49, 51, 52, 0, 4, 3, 1, 2, 7, 8, 6, 5, 9, 11, 10, 12, 13, 15, 16, 14, 0, 25, 28, 27, 26, 32, 31, 30, 29, 24, 23, 21, 22, 20, 17, 19, 18, 0, 35, 40, 39, 38, 36, 37, 34, 33, 71, 72, 69, 67, 65, 66, 70, 68, 0]
Elapsed time: 178.1082947254181

i:0	127207.62941289025
i:50	93981.79480850275
i:100	88742.0493224411
i:150	88293.29002811716
i:200	88293.29002811716
i:250	88104.05108628851
i:300	88104.05108628851
i:350	88104.05108628851
i:400	88104.05108628851
i:450	88104.05108628851
i:500	88104.05108628851
i:550	88104.05108628851
i:600	88104.05108628851
i:650	88104.05108628851
best: 88104.05108628851
routes: [0, 73, 74, 75, 76, 77, 80, 79, 78, 54, 55, 56, 53, 50, 49, 51, 52, 0, 41, 42, 43, 46, 44, 45, 47, 48, 64, 61, 59, 58, 57, 63, 60, 62, 0, 9, 11, 14, 13, 15, 16, 12, 10, 5, 7, 8, 6, 2, 1, 3, 4, 0, 35, 40, 39, 38, 36, 37, 34, 33, 71, 72, 69, 67, 65, 66, 70, 68, 0, 25, 27, 28, 26, 32, 31, 30, 29, 24, 23, 22, 21, 18, 17, 19, 20, 0]
Elapsed time: 178.70037961006165

i:0	117339.3734026589
i:50	92933.67999632207
i:100	89761.6378988617
i:150	89725.41792655482
i:200	89633.22424168108
i:250	89633.22424168108
i:300	89633.22424168108
i:350	89486.5307918422
i:400	89408.40232531446
i:450	89333.94495778206
i:500	89060.3387899566
i:550	88406.14472664741
i:600	88406.14472664741
i:650	87654.99514633835
best: 87654.99514633835
routes: [0, 73, 74, 75, 76, 77, 80, 79, 78, 54, 55, 56, 53, 50, 49, 51, 52, 0, 35, 40, 39, 37, 38, 36, 34, 33, 69, 67, 65, 66, 71, 72, 70, 68, 0, 41, 42, 43, 46, 44, 45, 47, 48, 64, 61, 59, 58, 57, 63, 60, 62, 0, 4, 3, 1, 2, 7, 8, 6, 5, 9, 11, 10, 12, 13, 15, 16, 14, 0, 25, 28, 31, 30, 29, 32, 27, 26, 24, 23, 21, 22, 20, 17, 19, 18, 0]
Elapsed time: 187.03440737724304

i:0	123299.6034931268
i:50	95455.70768467072
i:100	91457.66166952543
i:150	89224.62482400093
i:200	89027.9221633357
i:250	89027.9221633357
i:300	88862.35898675438
i:350	88862.35898675438
i:400	88862.35898675438
i:450	88862.35898675438
i:500	88498.66477655558
i:550	88323.90211276017
i:600	88323.90211276017
i:650	88279.44184934351
best: 88030.6544445715
routes: [0, 17, 19, 18, 21, 22, 20, 23, 24, 30, 29, 31, 32, 25, 28, 27, 26, 0, 64, 61, 59, 58, 57, 63, 60, 62, 48, 43, 41, 42, 46, 47, 45, 44, 0, 4, 1, 3, 2, 7, 8, 6, 5, 9, 11, 10, 12, 13, 15, 16, 14, 0, 73, 74, 75, 77, 80, 79, 78, 76, 54, 55, 56, 53, 50, 49, 51, 52, 0, 35, 40, 39, 38, 36, 37, 34, 33, 71, 72, 69, 67, 65, 66, 70, 68, 0]
Elapsed time: 194.48646473884583

i:0	121759.8302909316
i:50	94660.12001645981
i:100	90228.80627274957
i:150	88164.39043419503
i:200	88068.5321590406
i:250	88068.5321590406
i:300	88068.5321590406
i:350	88068.5321590406
i:400	88068.5321590406
i:450	88068.5321590406
i:500	88068.5321590406
i:550	88068.5321590406
i:600	88068.5321590406
i:650	88068.5321590406
best: 88068.5321590406
routes: [0, 35, 34, 33, 36, 38, 39, 37, 40, 15, 16, 13, 12, 10, 9, 11, 14, 0, 73, 74, 75, 76, 77, 80, 79, 78, 54, 55, 56, 53, 50, 49, 51, 52, 0, 25, 28, 27, 32, 31, 30, 29, 26, 24, 23, 21, 22, 20, 17, 19, 18, 0, 4, 1, 2, 3, 5, 6, 7, 8, 68, 67, 69, 72, 71, 65, 66, 70, 0, 41, 42, 43, 46, 44, 45, 47, 48, 63, 64, 61, 59, 58, 57, 62, 60, 0]
Elapsed time: 182.03003001213074

i:0	121721.38418599582
i:50	95933.61949232618
i:100	93445.66906492974
i:150	90919.3345054803
i:200	90143.55137746072
i:250	89768.1351531883
i:300	89668.75963970755
i:350	89668.75963970755
i:400	89668.75963970755
i:450	89668.75963970755
i:500	89668.75963970755
i:550	89668.75963970755
i:600	89668.75963970755
i:650	89668.75963970755
best: 89668.75963970755
routes: [0, 4, 5, 6, 3, 1, 2, 8, 7, 70, 68, 67, 69, 72, 71, 65, 66, 0, 17, 19, 18, 21, 24, 23, 22, 20, 26, 30, 29, 31, 32, 27, 28, 25, 0, 11, 14, 13, 15, 16, 12, 10, 9, 35, 34, 33, 36, 38, 39, 37, 40, 0, 73, 74, 75, 76, 77, 80, 79, 78, 54, 55, 56, 53, 50, 49, 51, 52, 0, 60, 58, 57, 59, 61, 64, 63, 62, 48, 46, 47, 45, 44, 43, 41, 42, 0]
Elapsed time: 185.21019577980042

i:0	127750.71213169702
i:50	95035.46192855171
i:100	92140.3163858082
i:150	89214.84237859272
i:200	88515.05883890466
i:250	88461.57258646232
i:300	88461.57258646232
i:350	88461.57258646232
i:400	88318.92325992655
i:450	88078.68070851294
i:500	88078.68070851294
i:550	87948.86989537602
i:600	87948.86989537602
i:650	87948.86989537602
best: 87864.28994770788
routes: [0, 73, 74, 75, 76, 77, 80, 79, 78, 54, 55, 56, 53, 50, 49, 51, 52, 0, 60, 58, 57, 59, 61, 64, 63, 62, 48, 46, 47, 45, 44, 43, 41, 42, 0, 35, 40, 39, 38, 36, 37, 34, 33, 71, 72, 69, 67, 65, 66, 70, 68, 0, 4, 3, 1, 2, 7, 8, 6, 5, 9, 11, 10, 12, 13, 15, 16, 14, 0, 25, 27, 28, 26, 32, 31, 30, 29, 24, 23, 22, 21, 18, 17, 19, 20, 0]
Elapsed time: 189.3051438331604

i:0	129172.3335508208
i:50	96826.86155874864
i:100	92297.4969511096
i:150	88995.88266513789
i:200	88159.94168782906
i:250	88031.59208643853
i:300	87856.82942264312
i:350	87856.82942264312
i:400	87856.82942264312
i:450	87856.82942264312
i:500	87856.82942264312
i:550	87856.82942264312
i:600	87429.00734285601
i:650	87429.00734285601
best: 87393.57693314308
routes: [0, 73, 74, 75, 77, 80, 79, 78, 76, 54, 55, 56, 53, 50, 49, 51, 52, 0, 35, 40, 39, 38, 36, 37, 34, 33, 71, 72, 69, 67, 65, 66, 70, 68, 0, 41, 42, 43, 46, 44, 45, 47, 48, 63, 64, 61, 59, 58, 57, 62, 60, 0, 4, 3, 1, 2, 7, 8, 6, 5, 9, 11, 10, 12, 13, 15, 16, 14, 0, 25, 28, 27, 32, 31, 30, 29, 26, 24, 23, 22, 21, 20, 17, 19, 18, 0]
Elapsed time: 188.090678691864

i:0	126476.33884857252
i:50	90590.51041012286
i:100	89729.49822837244
i:150	89729.49822837244
i:200	89495.44134044995
i:250	89495.44134044995
i:300	89495.44134044995
i:350	89324.44161608079
i:400	89324.44161608079
i:450	89324.44161608079
i:500	89324.44161608079
i:550	89158.87843949947
i:600	89007.91191394086
i:650	88681.12124058779
best: 88681.12124058779
routes: [0, 17, 19, 18, 21, 22, 20, 23, 24, 30, 29, 31, 32, 25, 28, 27, 26, 0, 4, 1, 2, 3, 5, 6, 7, 8, 68, 67, 69, 72, 71, 65, 66, 70, 0, 35, 34, 33, 36, 38, 39, 37, 40, 15, 16, 13, 12, 10, 9, 11, 14, 0, 73, 74, 75, 76, 77, 80, 79, 78, 50, 49, 51, 52, 53, 55, 56, 54, 0, 41, 42, 43, 46, 44, 45, 47, 48, 64, 61, 59, 58, 57, 63, 60, 62, 0]
Elapsed time: 179.5067994594574

mean: 87961.0541761708
std: 754.8208322048195
mean-time: 184.45178751945497
std-time: 5.04145983938661