60.0 0.933109861012
430.344827586 0.89482807819
800.689655172 0.853587653592
1171.03448276 0.80894040562
1541.37931034 0.768002716782
1911.72413793 0.735233165033
2282.06896552 0.703733291228
2652.4137931 0.662048131666
3022.75862069 0.636786025071
3393.10344828 0.60630490943
3763.44827586 0.586626362131
4133.79310345 0.559092747471
4504.13793103 0.54543547193
4874.48275862 0.518651935673
5244.82758621 0.499258808853
5615.17241379 0.475921710218
5985.51724138 0.470983780968
6355.86206897 0.444106321805
6726.20689655 0.438691949306
7096.55172414 0.425503314411
7466.89655172 0.406437819155
7837.24137931 0.3915398531
8207.5862069 0.380872762711
8577.93103448 0.375006763522
8948.27586207 0.367153756041
9318.62068966 0.355776521758
9688.96551724 0.339417569907
10059.3103448 0.336827823317
10429.6551724 0.321237517866
10800.0 0.32067372039
