i:0	144588.09062343085
i:50	110039.88286928073
i:100	105982.33116031237
i:150	95437.06218039781
i:200	95437.06218039781
i:250	95437.06218039781
i:300	95437.06218039781
i:350	95437.06218039781
i:400	95437.06218039781
i:450	95437.06218039781
i:500	95437.06218039781
i:550	95437.06218039781
i:600	95437.06218039781
i:650	95437.06218039781
best: 95437.06218039781
routes: [0, 79, 80, 76, 77, 74, 71, 72, 73, 75, 78, 58, 59, 60, 56, 52, 51, 53, 57, 55, 54, 0, 11, 12, 14, 17, 18, 15, 19, 20, 16, 13, 22, 23, 26, 25, 27, 29, 30, 28, 24, 21, 32, 31, 39, 40, 35, 36, 37, 38, 33, 34, 0, 4, 6, 2, 1, 5, 10, 3, 7, 8, 9, 90, 84, 83, 82, 81, 87, 85, 86, 89, 88, 41, 42, 43, 45, 47, 44, 46, 49, 50, 48, 0, 96, 99, 100, 97, 98, 95, 94, 93, 91, 92, 61, 62, 63, 66, 69, 70, 67, 68, 65, 64, 0]
Elapsed time: 118.86287450790405

i:0	148002.386904566
i:50	107714.55596190666
i:100	105834.04122550733
i:150	96553.73935880465
i:200	88160.58971565565
i:250	88160.58971565565
i:300	88160.58971565565
i:350	88160.58971565565
i:400	88160.58971565565
i:450	88160.58971565565
i:500	88160.58971565565
i:550	88160.58971565565
i:600	88160.58971565565
i:650	88160.58971565565
best: 88160.58971565565
routes: [0, 89, 88, 85, 86, 90, 84, 83, 82, 81, 87, 41, 43, 47, 49, 50, 46, 44, 42, 45, 48, 11, 14, 15, 18, 17, 19, 20, 16, 13, 12, 0, 4, 1, 2, 5, 10, 9, 7, 6, 3, 8, 54, 52, 51, 53, 56, 55, 57, 59, 60, 58, 76, 75, 78, 73, 72, 71, 74, 77, 79, 80, 0, 93, 95, 94, 92, 91, 97, 98, 99, 100, 96, 61, 62, 63, 64, 65, 68, 66, 67, 69, 70, 31, 39, 40, 35, 36, 37, 38, 34, 33, 32, 21, 23, 22, 25, 27, 29, 30, 28, 26, 24, 0]
Elapsed time: 140.32453799247742

i:0	144715.22895533734
i:50	105910.68481542886
i:100	95164.66889767384
i:150	91352.5615318245
i:200	91317.73747495111
i:250	91317.73747495111
i:300	91317.73747495111
i:350	91317.73747495111
i:400	91317.73747495111
i:450	91317.73747495111
i:500	91317.73747495111
i:550	91317.73747495111
i:600	91317.73747495111
i:650	91317.73747495111
best: 91317.73747495111
routes: [0, 1, 2, 8, 7, 6, 3, 4, 5, 10, 9, 90, 86, 89, 84, 83, 85, 82, 81, 87, 88, 41, 42, 43, 45, 47, 44, 46, 49, 50, 48, 0, 80, 76, 71, 72, 73, 75, 74, 77, 78, 79, 58, 59, 60, 56, 57, 55, 54, 53, 51, 52, 0, 100, 96, 99, 97, 98, 95, 94, 93, 91, 92, 61, 62, 63, 64, 65, 67, 68, 66, 69, 70, 31, 39, 40, 35, 36, 37, 38, 34, 33, 32, 24, 25, 27, 29, 30, 28, 26, 21, 23, 22, 0, 15, 18, 20, 19, 17, 14, 12, 11, 13, 16, 0]
Elapsed time: 107.71528387069702

i:0	149628.31539728324
i:50	104756.39381498867
i:100	94580.32580966262
i:150	91577.91537060514
i:200	91560.0645984661
i:250	91560.0645984661
i:300	91560.0645984661
i:350	91560.0645984661
i:400	91560.0645984661
i:450	91560.0645984661
i:500	91560.0645984661
i:550	91560.0645984661
i:600	91560.0645984661
i:650	91560.0645984661
best: 91560.0645984661
routes: [0, 4, 1, 2, 3, 6, 5, 10, 7, 8, 9, 89, 85, 88, 87, 81, 82, 83, 84, 86, 90, 41, 42, 43, 45, 44, 46, 49, 50, 47, 48, 11, 13, 12, 14, 15, 17, 19, 20, 18, 16, 0, 21, 22, 23, 24, 26, 25, 27, 29, 30, 28, 33, 34, 31, 39, 38, 37, 40, 35, 36, 32, 0, 76, 74, 71, 72, 73, 75, 78, 77, 80, 79, 58, 59, 60, 53, 51, 52, 56, 57, 55, 54, 0, 96, 99, 100, 98, 95, 97, 94, 93, 91, 92, 61, 62, 63, 64, 65, 68, 66, 67, 69, 70, 0]
Elapsed time: 114.1622953414917

i:0	148181.00069496798
i:50	103786.39287040435
i:100	101631.30454968271
i:150	97144.57142843211
i:200	90294.0169044697
i:250	90294.0169044697
i:300	90294.0169044697
i:350	90294.0169044697
i:400	90294.0169044697
i:450	90294.0169044697
i:500	90294.0169044697
i:550	90294.0169044697
i:600	90294.0169044697
i:650	90294.0169044697
best: 90294.0169044697
routes: [0, 92, 91, 95, 94, 96, 93, 97, 98, 99, 100, 69, 70, 66, 67, 68, 65, 64, 63, 61, 62, 31, 38, 37, 36, 35, 40, 39, 34, 33, 32, 0, 80, 78, 74, 71, 72, 73, 75, 76, 77, 79, 60, 59, 57, 58, 56, 53, 51, 52, 55, 54, 9, 2, 1, 3, 8, 7, 10, 5, 6, 4, 0, 89, 90, 84, 86, 81, 82, 83, 85, 87, 88, 41, 43, 42, 45, 44, 46, 49, 50, 47, 48, 11, 13, 16, 15, 12, 14, 17, 19, 20, 18, 25, 26, 27, 29, 30, 28, 24, 21, 23, 22, 0]
Elapsed time: 142.40570259094238

i:0	146971.76940233592
i:50	110560.47706322436
i:100	102734.81693869756
i:150	93790.77862893946
i:200	93790.77862893946
i:250	93790.77862893946
i:300	93790.77862893946
i:350	93790.77862893946
i:400	93790.77862893946
i:450	93790.77862893946
i:500	93790.77862893946
i:550	93790.77862893946
i:600	93790.77862893946
i:650	93790.77862893946
best: 93790.77862893946
routes: [0, 91, 92, 93, 96, 95, 94, 97, 99, 100, 98, 61, 62, 63, 69, 70, 67, 68, 66, 65, 64, 0, 54, 53, 51, 52, 56, 55, 57, 59, 58, 60, 76, 74, 71, 72, 73, 75, 78, 77, 79, 80, 0, 4, 1, 8, 2, 3, 10, 5, 6, 7, 9, 90, 84, 86, 83, 82, 81, 87, 85, 89, 88, 41, 44, 46, 49, 50, 48, 47, 45, 43, 42, 0, 31, 34, 33, 38, 39, 40, 36, 35, 37, 32, 21, 23, 25, 27, 29, 30, 28, 26, 24, 22, 16, 11, 13, 15, 18, 20, 19, 17, 14, 12, 0]
Elapsed time: 120.49801564216614

i:0	150929.72314574302
i:50	107438.52042765109
i:100	93139.23599161691
i:150	89271.91708006994
i:200	89271.91708006994
i:250	88699.1887143723
i:300	88699.1887143723
i:350	88699.1887143723
i:400	88699.1887143723
i:450	88699.1887143723
i:500	88699.1887143723
i:550	88699.1887143723
i:600	88699.1887143723
i:650	88699.1887143723
best: 88699.1887143723
routes: [0, 51, 55, 57, 54, 52, 53, 56, 59, 60, 58, 79, 74, 71, 72, 73, 75, 78, 77, 80, 76, 0, 96, 94, 92, 91, 93, 95, 97, 99, 100, 98, 69, 70, 66, 67, 68, 65, 62, 61, 63, 64, 31, 39, 40, 35, 36, 37, 38, 34, 33, 32, 21, 23, 22, 25, 27, 29, 30, 28, 26, 24, 0, 83, 82, 81, 87, 88, 85, 89, 90, 84, 86, 41, 42, 43, 45, 44, 46, 49, 50, 47, 48, 14, 12, 11, 13, 15, 17, 19, 20, 18, 16, 4, 5, 6, 3, 1, 2, 8, 7, 9, 10, 0]
Elapsed time: 113.54960703849792

i:0	141212.75740982476
i:50	108918.46516287903
i:100	94592.14719986611
i:150	91767.91633129236
i:200	91767.91633129236
i:250	91767.91633129236
i:300	91767.91633129236
i:350	91767.91633129236
i:400	91767.91633129236
i:450	91767.91633129236
i:500	91749.43143162072
i:550	91749.43143162072
i:600	91749.43143162072
i:650	91749.43143162072
best: 91749.43143162072
routes: [0, 91, 92, 93, 94, 95, 96, 99, 100, 97, 98, 66, 67, 68, 65, 62, 61, 63, 64, 69, 70, 0, 54, 55, 56, 53, 52, 51, 57, 59, 60, 58, 76, 77, 74, 71, 72, 73, 75, 78, 79, 80, 0, 4, 1, 2, 7, 5, 3, 8, 6, 10, 9, 90, 86, 89, 84, 83, 85, 82, 81, 87, 88, 41, 42, 43, 45, 47, 44, 46, 49, 50, 48, 14, 12, 11, 13, 15, 17, 19, 20, 18, 16, 0, 31, 34, 33, 37, 36, 35, 40, 39, 38, 32, 30, 28, 27, 29, 25, 26, 24, 21, 23, 22, 0]
Elapsed time: 111.58529543876648

i:0	148267.71021434432
i:50	110879.2003494354
i:100	94623.80291546069
i:150	84774.2531591727
i:200	84756.14611251968
i:250	84756.14611251968
i:300	84756.14611251968
i:350	84756.14611251968
i:400	84756.14611251968
i:450	84756.14611251968
i:500	84756.14611251968
i:550	84756.14611251968
i:600	84756.14611251968
i:650	84756.14611251968
best: 84756.14611251968
routes: [0, 51, 52, 53, 56, 54, 55, 57, 59, 60, 58, 71, 72, 73, 75, 78, 77, 74, 76, 79, 80, 8, 7, 9, 10, 5, 6, 2, 1, 3, 4, 0, 21, 24, 26, 27, 29, 30, 28, 25, 23, 22, 16, 13, 11, 12, 14, 15, 18, 20, 19, 17, 43, 42, 45, 47, 49, 50, 48, 46, 44, 41, 89, 90, 86, 84, 83, 85, 82, 81, 87, 88, 0, 33, 38, 39, 40, 35, 36, 37, 32, 34, 31, 69, 70, 66, 67, 68, 65, 64, 63, 62, 61, 91, 92, 93, 94, 95, 97, 98, 99, 100, 96, 0]
Elapsed time: 112.3974449634552

i:0	153387.676717906
i:50	110032.72952448667
i:100	99184.37083839318
i:150	90232.59480166141
i:200	90232.59480166141
i:250	90232.59480166141
i:300	90232.59480166141
i:350	90232.59480166141
i:400	90232.59480166141
i:450	90232.59480166141
i:500	90232.59480166141
i:550	90232.59480166141
i:600	90232.59480166141
i:650	90232.59480166141
best: 90232.59480166141
routes: [0, 4, 1, 2, 3, 6, 5, 10, 7, 8, 9, 90, 84, 83, 85, 82, 81, 87, 88, 86, 89, 41, 42, 43, 45, 44, 46, 49, 50, 47, 48, 0, 52, 51, 53, 56, 54, 55, 57, 59, 60, 58, 76, 77, 74, 71, 72, 73, 75, 78, 79, 80, 0, 11, 12, 14, 15, 13, 16, 20, 18, 17, 19, 22, 23, 21, 24, 26, 25, 29, 27, 28, 30, 35, 36, 37, 40, 39, 38, 31, 34, 33, 32, 0, 61, 62, 63, 64, 65, 68, 66, 67, 70, 69, 98, 97, 99, 100, 96, 95, 94, 93, 91, 92, 0]
Elapsed time: 116.1093738079071

i:0	145043.49140290837
i:50	111418.82269187785
i:100	102427.94724253965
i:150	92985.19481288802
i:200	92985.19481288802
i:250	92985.19481288802
i:300	92985.19481288802
i:350	92985.19481288802
i:400	92985.19481288802
i:450	92985.19481288802
i:500	92985.19481288802
i:550	92985.19481288802
i:600	92985.19481288802
i:650	92985.19481288802
best: 92985.19481288802
routes: [0, 43, 42, 45, 44, 46, 49, 50, 47, 48, 41, 88, 87, 81, 82, 83, 85, 86, 89, 90, 84, 9, 10, 7, 8, 2, 1, 3, 6, 5, 4, 0, 71, 72, 73, 75, 78, 80, 79, 77, 74, 76, 58, 60, 59, 57, 55, 52, 51, 53, 56, 54, 0, 96, 99, 100, 97, 94, 92, 91, 93, 95, 98, 69, 70, 67, 68, 66, 65, 64, 63, 61, 62, 31, 37, 36, 35, 40, 39, 38, 34, 33, 32, 0, 21, 24, 26, 27, 29, 30, 28, 25, 23, 22, 16, 13, 15, 18, 20, 19, 17, 14, 11, 12, 0]
Elapsed time: 117.55172634124756

i:0	141415.63519722398
i:50	102808.04460790144
i:100	95423.01020048308
i:150	93149.79144267848
i:200	84201.67160999648
i:250	84000.74313702567
i:300	84000.74313702567
i:350	84000.74313702567
i:400	84000.74313702567
i:450	84000.74313702567
i:500	84000.74313702567
i:550	84000.74313702567
i:600	84000.74313702567
i:650	84000.74313702567
best: 84000.74313702567
routes: [0, 51, 52, 53, 56, 55, 54, 57, 59, 60, 58, 76, 79, 77, 74, 71, 72, 73, 75, 78, 80, 61, 62, 63, 64, 65, 67, 68, 66, 69, 70, 0, 92, 91, 93, 94, 96, 95, 97, 98, 99, 100, 32, 33, 34, 31, 39, 38, 37, 40, 35, 36, 30, 28, 27, 29, 25, 26, 24, 21, 23, 22, 14, 12, 11, 13, 15, 17, 19, 20, 18, 16, 0, 90, 89, 85, 86, 84, 83, 82, 81, 87, 88, 41, 42, 43, 45, 44, 46, 49, 50, 47, 48, 10, 9, 7, 8, 2, 1, 3, 6, 5, 4, 0]
Elapsed time: 109.59780740737915

i:0	135198.91198816267
i:50	106645.97850132817
i:100	104147.24741973587
i:150	101795.22088799371
i:200	97447.69614643746
i:250	97447.69614643746
i:300	97447.69614643746
i:350	97447.69614643746
i:400	97447.69614643746
i:450	97447.69614643746
i:500	97447.69614643746
i:550	97447.69614643746
i:600	97447.69614643746
i:650	97447.69614643746
best: 97447.69614643746
routes: [0, 1, 3, 5, 6, 7, 8, 9, 10, 4, 2, 84, 89, 90, 86, 83, 85, 82, 81, 87, 88, 41, 43, 45, 47, 49, 50, 48, 46, 44, 42, 16, 15, 17, 19, 20, 18, 14, 13, 11, 12, 0, 32, 33, 34, 37, 36, 35, 40, 39, 38, 31, 93, 92, 91, 95, 97, 99, 100, 98, 94, 96, 69, 70, 66, 67, 68, 61, 63, 65, 64, 62, 0, 54, 55, 59, 60, 58, 56, 53, 52, 51, 57, 76, 71, 74, 72, 73, 75, 77, 79, 80, 78, 0, 21, 22, 27, 28, 30, 29, 25, 26, 23, 24, 0]
Elapsed time: 162.7777316570282

i:0	150540.3720065108
i:50	110814.1359919438
i:100	106530.44977352329
i:150	100440.88651641631
i:200	96367.74215760332
i:250	95102.20591708773
i:300	95102.20591708773
i:350	95102.20591708773
i:400	95102.20591708773
i:450	95102.20591708773
i:500	95102.20591708773
i:550	95102.20591708773
i:600	95102.20591708773
i:650	95102.20591708773
best: 95102.20591708773
routes: [0, 4, 5, 10, 6, 3, 1, 2, 8, 7, 9, 84, 83, 85, 82, 81, 87, 88, 86, 89, 90, 41, 44, 42, 43, 45, 46, 49, 50, 47, 48, 14, 17, 19, 20, 16, 13, 11, 12, 15, 18, 0, 31, 34, 33, 37, 36, 35, 40, 39, 38, 32, 30, 25, 24, 21, 23, 29, 27, 28, 26, 22, 0, 51, 52, 56, 54, 55, 57, 59, 60, 53, 58, 79, 80, 77, 75, 78, 73, 72, 71, 74, 76, 0, 96, 99, 100, 98, 97, 93, 92, 91, 95, 94, 61, 62, 63, 64, 65, 68, 67, 69, 70, 66, 0]
Elapsed time: 150.36458277702332

i:0	147026.18131411416
i:50	109990.39816336634
i:100	97155.6441423407
i:150	95145.30274765239
i:200	95145.30274765239
i:250	95145.30274765239
i:300	95145.30274765239
i:350	95145.30274765239
i:400	95145.30274765239
i:450	95145.30274765239
i:500	95145.30274765239
i:550	95145.30274765239
i:600	95145.30274765239
i:650	95145.30274765239
best: 95145.30274765239
routes: [0, 91, 92, 93, 94, 96, 99, 97, 98, 95, 100, 69, 70, 67, 68, 66, 65, 64, 63, 61, 62, 51, 53, 56, 59, 60, 58, 57, 55, 54, 52, 0, 4, 7, 8, 9, 10, 5, 6, 1, 3, 2, 76, 71, 72, 73, 75, 78, 74, 77, 79, 80, 0, 90, 89, 84, 85, 86, 83, 82, 81, 87, 88, 41, 44, 46, 49, 50, 47, 48, 45, 42, 43, 12, 11, 13, 15, 14, 17, 19, 20, 18, 16, 0, 21, 24, 26, 25, 27, 29, 30, 28, 22, 23, 36, 35, 37, 40, 39, 38, 31, 34, 33, 32, 0]
Elapsed time: 113.44898390769958

i:0	159540.33643290907
i:50	112394.71994781114
i:100	97706.80314110743
i:150	92225.18966702913
i:200	92225.18966702913
i:250	92225.18966702913
i:300	92225.18966702913
i:350	92225.18966702913
i:400	92225.18966702913
i:450	92225.18966702913
i:500	92225.18966702913
i:550	92225.18966702913
i:600	92225.18966702913
i:650	92225.18966702913
best: 92225.18966702913
routes: [0, 96, 99, 100, 97, 98, 95, 94, 93, 91, 92, 69, 70, 67, 68, 66, 65, 64, 63, 61, 62, 31, 34, 39, 38, 37, 40, 35, 36, 33, 32, 0, 21, 24, 23, 25, 27, 29, 30, 28, 26, 22, 16, 20, 19, 17, 18, 15, 14, 13, 11, 12, 0, 76, 77, 74, 71, 72, 73, 75, 78, 80, 79, 58, 57, 59, 60, 56, 53, 51, 52, 55, 54, 9, 7, 8, 2, 1, 3, 6, 10, 5, 4, 0, 43, 48, 47, 49, 50, 46, 44, 45, 42, 41, 88, 87, 81, 82, 83, 85, 86, 89, 90, 84, 0]
Elapsed time: 116.4188597202301

i:0	155126.5285485406
i:50	111673.71157158085
i:100	106290.32745441396
i:150	86754.16409845308
i:200	86491.70371910892
i:250	86491.70371910892
i:300	86491.70371910892
i:350	86491.70371910892
i:400	86491.70371910892
i:450	86491.70371910892
i:500	86491.70371910892
i:550	86491.70371910892
i:600	86491.70371910892
i:650	86491.70371910892
best: 86491.70371910892
routes: [0, 92, 91, 93, 94, 95, 98, 99, 97, 100, 96, 69, 70, 67, 68, 66, 65, 64, 63, 61, 62, 79, 77, 74, 71, 72, 73, 75, 78, 80, 76, 0, 1, 3, 2, 8, 7, 9, 10, 5, 6, 4, 11, 13, 12, 14, 15, 17, 19, 20, 18, 16, 22, 21, 23, 26, 25, 27, 29, 30, 28, 24, 32, 33, 34, 31, 39, 40, 35, 36, 37, 38, 0, 43, 48, 47, 49, 50, 46, 44, 45, 42, 41, 88, 87, 81, 82, 83, 85, 86, 89, 90, 84, 59, 60, 58, 56, 57, 55, 54, 53, 51, 52, 0]
Elapsed time: 116.63491725921631

i:0	142254.4726890405
i:50	107025.15407646632
i:100	97090.24984935722
i:150	85192.24353883165
i:200	85192.24353883165
i:250	85192.24353883165
i:300	85192.24353883165
i:350	85192.24353883165
i:400	85192.24353883165
i:450	85192.24353883165
i:500	85192.24353883165
i:550	85192.24353883165
i:600	85192.24353883165
i:650	85192.24353883165
best: 85192.24353883165
routes: [0, 51, 52, 53, 56, 54, 55, 57, 59, 60, 58, 76, 74, 71, 72, 73, 75, 78, 77, 79, 80, 91, 92, 93, 94, 95, 97, 98, 99, 100, 96, 0, 21, 23, 22, 25, 27, 29, 30, 28, 26, 24, 35, 36, 37, 40, 39, 38, 32, 33, 34, 31, 69, 70, 66, 67, 68, 65, 64, 63, 61, 62, 0, 4, 1, 7, 9, 10, 6, 5, 3, 2, 8, 89, 90, 84, 83, 85, 82, 81, 87, 88, 86, 41, 44, 46, 49, 50, 48, 47, 45, 42, 43, 11, 13, 12, 14, 17, 19, 20, 18, 15, 16, 0]
Elapsed time: 110.17288899421692

i:0	145298.86444037125
i:50	101354.69650073785
i:100	94730.40021001526
i:150	93437.05926766944
i:200	93437.05926766944
i:250	93437.05926766944
i:300	93437.05926766944
i:350	93437.05926766944
i:400	93437.05926766944
i:450	93437.05926766944
i:500	93437.05926766944
i:550	93437.05926766944
i:600	93437.05926766944
i:650	93437.05926766944
best: 93437.05926766944
routes: [0, 96, 97, 99, 100, 92, 91, 93, 94, 95, 98, 61, 62, 63, 69, 70, 66, 67, 68, 65, 64, 0, 54, 55, 56, 52, 53, 51, 57, 59, 60, 58, 79, 80, 77, 78, 75, 72, 73, 71, 74, 76, 0, 4, 5, 10, 6, 2, 1, 3, 8, 7, 9, 90, 86, 89, 84, 83, 85, 82, 81, 87, 88, 41, 42, 43, 45, 44, 46, 49, 50, 47, 48, 0, 31, 34, 33, 32, 38, 39, 40, 37, 35, 36, 30, 28, 27, 29, 25, 26, 24, 21, 23, 22, 16, 13, 11, 12, 14, 15, 17, 19, 20, 18, 0]
Elapsed time: 106.35435056686401

i:0	146651.3612077798
i:50	107716.03918650773
i:100	102166.74738465511
i:150	88666.46370333595
i:200	88632.9550634095
i:250	88632.9550634095
i:300	88632.9550634095
i:350	88632.9550634095
i:400	88632.9550634095
i:450	88632.9550634095
i:500	88632.9550634095
i:550	88632.9550634095
i:600	88632.9550634095
i:650	88632.9550634095
best: 88632.9550634095
routes: [0, 61, 62, 63, 64, 65, 68, 66, 67, 70, 69, 95, 94, 92, 91, 93, 96, 97, 98, 99, 100, 31, 34, 39, 40, 35, 36, 37, 38, 33, 32, 0, 71, 72, 73, 75, 78, 80, 79, 77, 74, 76, 58, 60, 59, 57, 55, 52, 51, 53, 56, 54, 9, 7, 8, 2, 1, 3, 6, 10, 5, 4, 0, 90, 87, 81, 82, 83, 84, 86, 89, 85, 88, 41, 42, 45, 47, 44, 46, 49, 50, 48, 43, 11, 13, 12, 14, 15, 17, 19, 20, 18, 16, 22, 21, 23, 27, 29, 30, 28, 25, 26, 24, 0]
Elapsed time: 119.79619908332825

mean: 90832.89522900968
std: 3721.1275796857876
mean-time: 121.03642394542695
std-time: 14.969180070665013