i:0	156140.64141279977
i:50	116855.83970754777
i:100	112451.76472102388
i:150	108251.85296977728
i:200	107847.29713839671
i:250	107847.29713839671
i:300	107847.29713839671
i:350	107847.29713839671
i:400	107847.29713839671
i:450	107847.29713839671
i:500	107847.29713839671
i:550	107847.29713839671
i:600	107847.29713839671
i:650	107847.29713839671
best: 107847.29713839671
routes: [0, 43, 42, 41, 44, 45, 47, 46, 49, 50, 48, 0, 91, 92, 93, 94, 95, 96, 97, 98, 99, 100, 31, 33, 34, 38, 39, 40, 35, 36, 37, 32, 0, 61, 62, 63, 69, 70, 66, 67, 68, 65, 64, 0, 21, 23, 25, 27, 29, 30, 28, 26, 24, 22, 0, 13, 11, 12, 14, 15, 17, 19, 20, 18, 16, 0, 4, 3, 6, 5, 10, 9, 7, 8, 2, 1, 0, 90, 86, 89, 88, 87, 81, 82, 85, 83, 84, 0, 74, 71, 72, 73, 75, 78, 77, 76, 79, 80, 58, 52, 51, 53, 56, 59, 60, 57, 55, 54, 0]
Elapsed time: 115.58239388465881

i:0	155364.66630259732
i:50	115477.76259120034
i:100	109832.8575911491
i:150	104384.9902130159
i:200	103964.04825371897
i:250	103964.04825371897
i:300	103964.04825371895
i:350	103964.04825371895
i:400	103964.04825371895
i:450	103964.04825371895
i:500	103964.04825371895
i:550	103964.04825371895
i:600	103964.04825371895
i:650	103964.04825371895
best: 103964.04825371895
routes: [0, 86, 84, 83, 82, 81, 87, 88, 85, 89, 90, 0, 91, 92, 93, 94, 95, 96, 97, 98, 99, 100, 31, 39, 38, 40, 35, 36, 37, 32, 33, 34, 0, 69, 70, 66, 67, 68, 65, 64, 63, 61, 62, 0, 43, 41, 44, 46, 49, 50, 48, 47, 45, 42, 0, 1, 3, 2, 8, 7, 9, 10, 5, 6, 4, 0, 51, 53, 52, 54, 55, 57, 56, 59, 60, 58, 79, 77, 76, 74, 71, 72, 73, 75, 78, 80, 0, 21, 23, 22, 25, 27, 29, 30, 28, 26, 24, 0, 13, 11, 12, 14, 15, 17, 19, 20, 18, 16, 0]
Elapsed time: 118.88658571243286

i:0	159387.30476639816
i:50	114980.10314292797
i:100	109464.33673224457
i:150	105702.05508080078
i:200	105629.91513311453
i:250	105629.91513311453
i:300	105629.91513311453
i:350	105629.91513311453
i:400	105629.91513311453
i:450	105629.91513311453
i:500	105629.91513311453
i:550	105629.91513311453
i:600	105629.91513311453
i:650	105629.91513311453
best: 105629.91513311453
routes: [0, 76, 74, 71, 72, 73, 75, 78, 77, 79, 80, 58, 60, 59, 57, 56, 55, 54, 53, 51, 52, 0, 61, 62, 63, 64, 65, 68, 67, 66, 69, 70, 0, 43, 42, 41, 44, 45, 47, 46, 49, 50, 48, 0, 3, 6, 5, 10, 9, 7, 8, 2, 1, 4, 0, 84, 83, 82, 81, 87, 88, 85, 86, 89, 90, 0, 91, 92, 93, 94, 95, 96, 97, 98, 99, 100, 31, 33, 34, 38, 39, 40, 35, 36, 37, 32, 0, 21, 22, 23, 24, 26, 25, 27, 29, 30, 28, 0, 13, 11, 12, 14, 15, 18, 17, 19, 20, 16, 0]
Elapsed time: 108.41740822792053

i:0	146435.133619797
i:50	118544.43074955331
i:100	114336.51888138015
i:150	108976.82833023978
i:200	108456.07655356848
i:250	108456.07655356848
i:300	108456.07655356848
i:350	108456.07655356848
i:400	108456.07655356848
i:450	108456.07655356848
i:500	108456.07655356848
i:550	108456.07655356846
i:600	108456.07655356846
i:650	108456.07655356846
best: 108456.07655356846
routes: [0, 76, 77, 74, 71, 72, 73, 75, 78, 80, 79, 58, 60, 59, 57, 56, 55, 54, 53, 51, 52, 0, 61, 62, 63, 65, 68, 67, 69, 70, 66, 64, 0, 11, 15, 17, 19, 20, 18, 16, 13, 14, 12, 0, 5, 6, 10, 9, 7, 8, 2, 1, 3, 4, 0, 91, 92, 93, 94, 95, 96, 97, 98, 99, 100, 31, 34, 33, 32, 39, 38, 37, 40, 35, 36, 0, 43, 45, 42, 41, 44, 46, 49, 50, 47, 48, 0, 90, 86, 89, 88, 87, 81, 82, 85, 83, 84, 0, 21, 25, 27, 29, 30, 28, 26, 24, 23, 22, 0]
Elapsed time: 119.00127220153809

i:0	158184.36712643347
i:50	116504.43442623128
i:100	112849.86185769124
i:150	108568.2217623573
i:200	107974.3921181319
i:250	107974.3921181319
i:300	107729.05315419343
i:350	107729.05315419343
i:400	107729.05315419343
i:450	107729.05315419343
i:500	107729.05315419343
i:550	107729.05315419343
i:600	107729.05315419343
i:650	107729.05315419343
best: 107729.05315419343
routes: [0, 21, 22, 23, 24, 26, 25, 27, 29, 30, 28, 0, 80, 76, 79, 77, 78, 75, 73, 72, 71, 74, 58, 60, 59, 57, 56, 55, 54, 53, 51, 52, 0, 69, 70, 66, 67, 68, 65, 64, 63, 61, 62, 0, 89, 85, 88, 87, 81, 82, 83, 84, 86, 90, 0, 43, 48, 47, 49, 50, 46, 45, 44, 41, 42, 0, 91, 92, 93, 94, 95, 96, 97, 98, 99, 100, 31, 39, 40, 35, 36, 37, 38, 34, 33, 32, 0, 11, 13, 15, 18, 16, 20, 19, 17, 14, 12, 0, 1, 3, 6, 2, 8, 7, 9, 10, 5, 4, 0]
Elapsed time: 112.30128741264343

i:0	153223.16466245067
i:50	115993.42914630291
i:100	112357.37037495805
i:150	109502.6461219698
i:200	109502.6461219698
i:250	109502.6461219698
i:300	109502.6461219698
i:350	109502.6461219698
i:400	109502.6461219698
i:450	109502.6461219698
i:500	109502.6461219698
i:550	109502.6461219698
i:600	109502.6461219698
i:650	109502.6461219698
best: 109502.6461219698
routes: [0, 43, 41, 44, 46, 49, 50, 48, 47, 45, 42, 0, 61, 63, 65, 69, 70, 66, 67, 68, 64, 62, 0, 76, 77, 74, 71, 72, 73, 75, 78, 80, 79, 58, 56, 52, 51, 53, 60, 59, 57, 55, 54, 0, 13, 15, 18, 16, 20, 19, 17, 14, 11, 12, 0, 21, 25, 27, 29, 30, 28, 26, 24, 23, 22, 0, 84, 86, 85, 83, 82, 81, 87, 88, 89, 90, 0, 91, 92, 93, 94, 95, 96, 97, 98, 99, 100, 31, 33, 34, 39, 40, 35, 36, 37, 38, 32, 0, 1, 2, 8, 7, 9, 10, 5, 6, 3, 4, 0]
Elapsed time: 105.89933323860168

i:0	154116.3182023666
i:50	119684.29194099044
i:100	112527.62340851959
i:150	106326.3623270412
i:200	105581.51952906969
i:250	105581.51952906969
i:300	105581.51952906969
i:350	105581.51952906969
i:400	105581.51952906969
i:450	105581.51952906969
i:500	105581.51952906969
i:550	105581.51952906969
i:600	105581.51952906969
i:650	105581.51952906969
best: 105581.51952906969
routes: [0, 84, 83, 85, 82, 81, 87, 88, 86, 89, 90, 0, 21, 23, 25, 27, 29, 30, 28, 26, 24, 22, 0, 69, 70, 66, 67, 68, 65, 64, 63, 61, 62, 0, 13, 11, 12, 14, 15, 17, 19, 20, 18, 16, 0, 43, 42, 41, 44, 45, 47, 46, 49, 50, 48, 0, 91, 92, 93, 94, 95, 96, 97, 98, 99, 100, 31, 39, 38, 40, 35, 36, 37, 32, 33, 34, 0, 1, 2, 8, 7, 9, 10, 5, 6, 3, 4, 0, 76, 77, 74, 71, 72, 73, 75, 78, 80, 79, 58, 59, 60, 52, 51, 53, 56, 57, 55, 54, 0]
Elapsed time: 117.94337344169617

i:0	156348.40443705826
i:50	119029.92296972118
i:100	113609.52726153964
i:150	110117.54505814555
i:200	108961.00491811862
i:250	108961.00491811862
i:300	108961.00491811862
i:350	108961.00491811862
i:400	108961.00491811862
i:450	108961.00491811862
i:500	108961.00491811862
i:550	108961.00491811862
i:600	108961.00491811862
i:650	108961.00491811862
best: 108943.15414597957
routes: [0, 61, 63, 66, 69, 70, 67, 68, 65, 64, 62, 0, 21, 24, 27, 29, 30, 28, 26, 25, 23, 22, 0, 43, 48, 47, 49, 50, 46, 45, 44, 41, 42, 0, 51, 52, 53, 56, 54, 55, 57, 59, 60, 58, 79, 77, 76, 74, 71, 72, 73, 75, 78, 80, 0, 13, 11, 12, 14, 15, 17, 19, 20, 18, 16, 35, 36, 37, 40, 39, 38, 31, 34, 33, 32, 0, 1, 3, 2, 8, 7, 9, 10, 5, 6, 4, 0, 90, 89, 85, 88, 87, 81, 82, 83, 86, 84, 0, 91, 92, 93, 94, 95, 97, 98, 99, 100, 96, 0]
Elapsed time: 113.58929252624512

i:0	152992.43716950162
i:50	118271.56164675695
i:100	110683.08525732814
i:150	105190.07473135614
i:200	104782.3255508212
i:250	104782.3255508212
i:300	104782.3255508212
i:350	104782.3255508212
i:400	104782.3255508212
i:450	104782.3255508212
i:500	104782.3255508212
i:550	104782.3255508212
i:600	104782.3255508212
i:650	104782.3255508212
best: 104782.3255508212
routes: [0, 43, 45, 47, 49, 50, 48, 46, 44, 41, 42, 0, 84, 83, 85, 82, 81, 87, 88, 86, 89, 90, 0, 51, 53, 52, 54, 55, 56, 57, 59, 60, 58, 79, 80, 77, 78, 75, 73, 72, 71, 74, 76, 0, 1, 3, 6, 2, 8, 7, 9, 10, 5, 4, 0, 91, 92, 93, 94, 95, 96, 97, 98, 99, 100, 31, 39, 40, 35, 36, 37, 38, 34, 33, 32, 0, 21, 25, 27, 29, 30, 28, 26, 24, 23, 22, 0, 61, 62, 63, 64, 65, 68, 67, 66, 69, 70, 0, 13, 11, 12, 14, 15, 17, 19, 20, 18, 16, 0]
Elapsed time: 123.79593992233276

i:0	152191.2557073035
i:50	119741.29667317754
i:100	113192.53951629913
i:150	107217.15994027739
i:200	107176.32972803198
i:250	107176.32972803198
i:300	107176.32972803198
i:350	107176.32972803198
i:400	107176.32972803198
i:450	107176.32972803198
i:500	107176.32972803198
i:550	107176.32972803198
i:600	107176.32972803198
i:650	107176.32972803198
best: 107176.32972803198
routes: [0, 21, 23, 25, 27, 29, 30, 28, 26, 24, 22, 0, 90, 89, 88, 87, 81, 82, 83, 85, 86, 84, 0, 43, 47, 49, 50, 46, 44, 41, 42, 45, 48, 0, 80, 76, 79, 77, 78, 75, 73, 72, 71, 74, 58, 60, 59, 57, 56, 55, 54, 53, 51, 52, 0, 61, 62, 63, 64, 65, 68, 67, 66, 69, 70, 0, 1, 3, 2, 8, 7, 9, 10, 5, 6, 4, 0, 33, 34, 32, 37, 36, 35, 40, 39, 38, 31, 100, 96, 99, 97, 98, 95, 94, 93, 91, 92, 0, 13, 11, 12, 14, 15, 17, 19, 20, 18, 16, 0]
Elapsed time: 108.74246501922607

i:0	158985.25307932723
i:50	121030.40259821841
i:100	112914.39512045174
i:150	106712.91156204526
i:200	106712.91156204525
i:250	106712.91156204525
i:300	106712.91156204525
i:350	106712.91156204525
i:400	106712.91156204525
i:450	106712.91156204525
i:500	106712.91156204525
i:550	106712.91156204525
i:600	106712.91156204525
i:650	106712.91156204525
best: 106712.91156204525
routes: [0, 21, 23, 25, 27, 29, 30, 28, 26, 24, 22, 0, 11, 13, 16, 20, 19, 17, 18, 15, 14, 12, 0, 1, 3, 2, 8, 7, 9, 10, 5, 6, 4, 0, 43, 42, 45, 47, 49, 50, 48, 41, 44, 46, 0, 33, 34, 38, 39, 40, 36, 35, 37, 32, 31, 100, 99, 97, 98, 96, 95, 94, 93, 91, 92, 0, 90, 86, 89, 85, 88, 87, 81, 82, 83, 84, 0, 61, 62, 63, 64, 65, 68, 67, 66, 69, 70, 0, 51, 52, 53, 56, 54, 55, 57, 59, 60, 58, 78, 75, 73, 72, 71, 74, 76, 77, 79, 80, 0]
Elapsed time: 110.03626489639282

i:0	149358.6546401935
i:50	117152.72494902958
i:100	111668.65630734785
i:150	107288.7913533511
i:200	107133.12428126452
i:250	107133.12428126452
i:300	107133.12428126452
i:350	107133.12428126452
i:400	107133.12428126452
i:450	107133.12428126452
i:500	107133.12428126452
i:550	107133.12428126452
i:600	107133.12428126452
i:650	107133.12428126452
best: 107133.12428126452
routes: [0, 11, 13, 16, 20, 19, 17, 18, 15, 14, 12, 0, 21, 23, 22, 25, 26, 27, 29, 30, 28, 24, 0, 43, 48, 47, 49, 50, 46, 45, 44, 41, 42, 0, 33, 32, 37, 36, 35, 40, 39, 38, 34, 31, 100, 99, 98, 97, 96, 95, 94, 93, 91, 92, 0, 90, 84, 86, 89, 85, 83, 82, 81, 87, 88, 0, 61, 62, 63, 64, 65, 68, 67, 66, 69, 70, 0, 79, 80, 78, 74, 71, 72, 73, 75, 77, 76, 59, 60, 58, 52, 51, 53, 56, 57, 55, 54, 0, 1, 2, 8, 7, 9, 10, 5, 6, 3, 4, 0]
Elapsed time: 113.54201436042786

i:0	156774.09705920692
i:50	117371.07015118153
i:100	114819.75301828272
i:150	107126.0304668723
i:200	106921.5126120022
i:250	106921.5126120022
i:300	106921.5126120022
i:350	106921.5126120022
i:400	106921.5126120022
i:450	106921.5126120022
i:500	106921.5126120022
i:550	106921.5126120022
i:600	106921.5126120022
i:650	106921.5126120022
best: 106921.5126120022
routes: [0, 71, 72, 73, 75, 78, 80, 79, 77, 74, 76, 58, 60, 59, 57, 56, 55, 54, 53, 51, 52, 0, 21, 23, 22, 25, 27, 29, 30, 28, 26, 24, 0, 90, 84, 86, 89, 85, 83, 82, 81, 87, 88, 0, 13, 11, 12, 14, 15, 18, 17, 19, 20, 16, 0, 43, 45, 42, 41, 44, 46, 49, 50, 47, 48, 0, 61, 62, 63, 64, 65, 68, 67, 66, 69, 70, 0, 37, 36, 35, 40, 39, 38, 32, 33, 34, 31, 100, 99, 98, 97, 96, 95, 94, 93, 91, 92, 0, 4, 1, 3, 6, 5, 10, 9, 7, 8, 2, 0]
Elapsed time: 109.27063727378845

i:0	152833.1191515663
i:50	116591.28345542517
i:100	111259.77759913445
i:150	105678.1836143127
i:200	105543.20405981992
i:250	105543.20405981992
i:300	105543.20405981992
i:350	105543.20405981992
i:400	105543.20405981992
i:450	105543.20405981992
i:500	105543.20405981992
i:550	105543.20405981992
i:600	105543.20405981992
i:650	105543.20405981992
best: 105543.20405981992
routes: [0, 13, 11, 12, 14, 15, 17, 19, 20, 18, 16, 0, 4, 1, 3, 6, 5, 10, 9, 7, 8, 2, 0, 90, 86, 89, 88, 87, 81, 82, 85, 83, 84, 0, 21, 24, 26, 25, 27, 29, 30, 28, 23, 22, 0, 43, 42, 41, 44, 45, 47, 46, 49, 50, 48, 0, 79, 80, 77, 78, 75, 73, 72, 71, 74, 76, 58, 60, 59, 57, 56, 53, 51, 52, 55, 54, 0, 61, 62, 63, 64, 65, 68, 67, 66, 69, 70, 0, 91, 92, 93, 94, 95, 96, 97, 98, 99, 100, 31, 33, 32, 37, 36, 35, 40, 39, 38, 34, 0]
Elapsed time: 109.87999153137207

i:0	160765.94723317187
i:50	115080.25734274645
i:100	110284.57159453238
i:150	105540.01264794273
i:200	105196.59553904764
i:250	105196.59553904764
i:300	105196.59553904764
i:350	105196.59553904764
i:400	105196.59553904764
i:450	105196.59553904764
i:500	105196.59553904764
i:550	105196.59553904764
i:600	105196.59553904764
i:650	105196.59553904764
best: 105196.59553904764
routes: [0, 69, 70, 66, 67, 68, 65, 64, 63, 61, 62, 0, 43, 45, 47, 49, 50, 48, 46, 44, 41, 42, 0, 13, 11, 12, 14, 15, 17, 19, 20, 18, 16, 0, 5, 6, 10, 9, 7, 8, 2, 1, 3, 4, 0, 21, 23, 22, 25, 27, 29, 30, 28, 26, 24, 0, 51, 52, 53, 56, 54, 55, 57, 59, 60, 58, 79, 77, 76, 74, 71, 72, 73, 75, 78, 80, 0, 88, 87, 81, 82, 83, 85, 86, 89, 90, 84, 0, 39, 38, 37, 40, 35, 36, 32, 33, 34, 31, 100, 99, 98, 97, 96, 95, 94, 93, 91, 92, 0]
Elapsed time: 111.02564549446106

i:0	154960.1147872753
i:50	115862.65416758085
i:100	112125.31022288215
i:150	104784.1545526495
i:200	104373.41732100816
i:250	104373.41732100816
i:300	104373.41732100816
i:350	104373.41732100816
i:400	104373.41732100816
i:450	104373.41732100816
i:500	104373.41732100816
i:550	104373.41732100816
i:600	104373.41732100816
i:650	104373.41732100816
best: 104373.41732100816
routes: [0, 89, 90, 84, 83, 82, 81, 87, 88, 85, 86, 0, 91, 92, 93, 94, 95, 96, 97, 98, 99, 100, 31, 33, 34, 38, 39, 40, 35, 36, 37, 32, 0, 21, 23, 22, 25, 27, 29, 30, 28, 26, 24, 0, 51, 52, 53, 56, 54, 55, 57, 59, 60, 58, 76, 74, 71, 72, 73, 75, 78, 77, 79, 80, 0, 43, 48, 46, 49, 50, 47, 45, 44, 41, 42, 0, 61, 62, 63, 64, 65, 68, 67, 66, 69, 70, 0, 13, 11, 12, 14, 15, 17, 19, 20, 18, 16, 0, 1, 3, 2, 8, 7, 9, 10, 5, 6, 4, 0]
Elapsed time: 112.38335275650024

i:0	157727.97309239447
i:50	116211.052937852
i:100	111004.2383098347
i:150	104728.47286664069
i:200	104224.1488118928
i:250	104224.1488118928
i:300	104224.1488118928
i:350	104224.1488118928
i:400	104224.1488118928
i:450	104224.1488118928
i:500	104224.1488118928
i:550	104224.1488118928
i:600	104224.1488118928
i:650	104224.1488118928
best: 104224.1488118928
routes: [0, 51, 52, 53, 56, 54, 55, 57, 59, 60, 58, 76, 74, 71, 72, 73, 75, 78, 77, 79, 80, 0, 69, 70, 66, 67, 68, 65, 64, 63, 61, 62, 0, 21, 24, 23, 22, 25, 27, 29, 30, 28, 26, 0, 89, 88, 87, 81, 82, 85, 83, 84, 86, 90, 0, 43, 45, 42, 41, 44, 46, 49, 50, 47, 48, 0, 91, 92, 93, 94, 95, 96, 97, 98, 99, 100, 31, 33, 34, 38, 39, 40, 35, 36, 37, 32, 0, 13, 11, 12, 14, 15, 18, 17, 19, 20, 16, 0, 1, 2, 8, 7, 9, 10, 5, 6, 3, 4, 0]
Elapsed time: 114.52145004272461

i:0	159415.13137742708
i:50	117215.3478898128
i:100	111030.4891936068
i:150	106274.63298715981
i:200	105940.52911366125
i:250	105940.52911366125
i:300	105940.52911366125
i:350	105940.52911366125
i:400	105940.52911366125
i:450	105940.52911366125
i:500	105940.52911366125
i:550	105940.52911366125
i:600	105940.52911366125
i:650	105940.52911366125
best: 105940.52911366125
routes: [0, 21, 22, 23, 24, 26, 25, 27, 29, 30, 28, 0, 1, 3, 6, 2, 8, 7, 9, 10, 5, 4, 0, 51, 53, 52, 54, 55, 57, 56, 59, 60, 58, 76, 77, 74, 71, 72, 73, 75, 78, 79, 80, 0, 69, 70, 66, 67, 68, 65, 64, 63, 61, 62, 0, 90, 84, 86, 89, 85, 83, 82, 81, 87, 88, 0, 33, 34, 32, 37, 36, 35, 40, 39, 38, 31, 100, 99, 98, 97, 96, 95, 94, 93, 91, 92, 0, 43, 48, 47, 49, 50, 46, 45, 44, 41, 42, 0, 13, 11, 12, 14, 15, 18, 17, 19, 20, 16, 0]
Elapsed time: 108.2616753578186

i:0	158456.56292396772
i:50	117586.46621654485
i:100	112978.35403314825
i:150	105590.96992789765
i:200	105590.96992789765
i:250	105590.96992789765
i:300	105590.96992789765
i:350	105590.96992789765
i:400	105590.96992789765
i:450	105590.96992789765
i:500	105590.96992789765
i:550	105590.96992789765
i:600	105590.96992789765
i:650	105590.96992789765
best: 105590.96992789765
routes: [0, 79, 80, 78, 75, 73, 72, 71, 74, 77, 76, 58, 56, 52, 51, 53, 60, 59, 57, 55, 54, 0, 69, 70, 66, 67, 68, 65, 64, 63, 61, 62, 0, 13, 11, 12, 14, 17, 19, 20, 18, 15, 16, 0, 21, 23, 22, 25, 27, 29, 30, 28, 26, 24, 0, 43, 42, 41, 44, 45, 47, 46, 49, 50, 48, 0, 4, 3, 6, 5, 10, 9, 7, 8, 2, 1, 0, 86, 84, 83, 82, 81, 87, 88, 85, 89, 90, 0, 91, 92, 93, 94, 95, 96, 97, 98, 99, 100, 31, 33, 34, 38, 39, 40, 35, 36, 37, 32, 0]
Elapsed time: 100.2254433631897

i:0	159915.71721735384
i:50	115374.19848873961
i:100	111243.80606700949
i:150	108007.59385211639
i:200	107487.96057495648
i:250	107487.96057495648
i:300	107487.96057495648
i:350	107487.96057495648
i:400	107487.96057495648
i:450	107487.96057495648
i:500	107487.96057495648
i:550	107487.96057495648
i:600	107487.96057495648
i:650	107487.96057495648
best: 107487.96057495648
routes: [0, 43, 48, 46, 49, 50, 47, 45, 44, 41, 42, 0, 91, 92, 93, 94, 95, 96, 97, 98, 99, 100, 31, 39, 38, 37, 40, 35, 36, 32, 33, 34, 0, 84, 83, 82, 81, 87, 88, 85, 86, 89, 90, 0, 76, 77, 74, 71, 72, 73, 75, 78, 80, 79, 58, 52, 51, 53, 56, 59, 60, 57, 55, 54, 0, 5, 6, 10, 9, 7, 8, 2, 1, 3, 4, 0, 21, 25, 26, 27, 29, 30, 28, 24, 23, 22, 0, 61, 62, 63, 64, 65, 68, 67, 66, 69, 70, 0, 11, 14, 17, 19, 20, 18, 15, 12, 13, 16, 0]
Elapsed time: 114.92074394226074

mean: 106436.83695562303
std: 1558.0769902148322
mean-time: 112.41132853031158
std-time: 5.1498529081415105