i:0	150861.42682699522
i:50	109546.84603711864
i:100	104433.40221546065
i:150	95276.56861638874
i:200	95266.4435272628
i:250	95266.4435272628
i:300	95266.4435272628
i:350	95266.4435272628
i:400	95266.4435272628
i:450	95266.4435272628
i:500	95266.4435272628
i:550	95266.4435272628
i:600	95266.4435272628
i:650	95266.4435272628
best: 95266.4435272628
routes: [0, 31, 34, 33, 38, 39, 40, 36, 35, 37, 32, 24, 21, 23, 22, 25, 27, 29, 30, 28, 26, 0, 54, 57, 55, 59, 60, 58, 56, 52, 51, 53, 79, 80, 76, 77, 74, 71, 72, 73, 75, 78, 7, 8, 2, 1, 3, 6, 9, 10, 5, 4, 0, 90, 84, 89, 88, 87, 81, 82, 83, 85, 86, 41, 42, 44, 46, 49, 50, 43, 45, 47, 48, 12, 11, 13, 15, 14, 17, 19, 20, 18, 16, 0, 91, 94, 95, 97, 99, 100, 98, 96, 93, 92, 61, 63, 66, 69, 70, 67, 68, 65, 64, 62, 0]
Elapsed time: 119.56718945503235

i:0	145723.47036646522
i:50	108647.11452953456
i:100	98681.65030691164
i:150	92885.93621285993
i:200	92253.57358946487
i:250	92253.57358946487
i:300	92253.57358946487
i:350	92253.57358946487
i:400	92253.57358946487
i:450	92253.57358946487
i:500	92253.57358946487
i:550	92253.57358946487
i:600	92253.57358946487
i:650	92253.57358946487
best: 92253.57358946487
routes: [0, 4, 5, 6, 3, 1, 2, 8, 7, 10, 9, 90, 84, 86, 89, 85, 82, 83, 81, 87, 88, 41, 42, 43, 45, 44, 46, 49, 50, 47, 48, 0, 54, 55, 57, 59, 60, 58, 56, 52, 51, 53, 76, 71, 72, 73, 75, 78, 74, 77, 79, 80, 0, 31, 39, 40, 35, 36, 37, 38, 34, 33, 32, 30, 28, 27, 29, 25, 26, 24, 21, 23, 22, 16, 13, 11, 12, 14, 15, 17, 19, 20, 18, 0, 91, 92, 93, 94, 95, 97, 98, 99, 100, 96, 63, 69, 70, 66, 67, 68, 65, 64, 61, 62, 0]
Elapsed time: 115.07102656364441

i:0	148488.68008057136
i:50	110579.64993948682
i:100	104495.44015875609
i:150	87684.35799072201
i:200	87621.17390064703
i:250	87621.17390064703
i:300	87621.17390064703
i:350	87621.17390064703
i:400	87621.17390064703
i:450	87621.17390064703
i:500	87621.17390064703
i:550	87621.17390064703
i:600	87621.17390064703
i:650	87621.17390064703
best: 87621.17390064703
routes: [0, 92, 91, 93, 99, 100, 97, 98, 95, 94, 96, 69, 70, 67, 68, 66, 65, 64, 63, 62, 61, 79, 80, 78, 77, 74, 71, 72, 73, 75, 76, 0, 31, 34, 38, 39, 40, 35, 36, 37, 33, 32, 30, 28, 24, 21, 23, 22, 25, 29, 27, 26, 16, 13, 11, 12, 15, 18, 20, 19, 17, 14, 0, 43, 48, 47, 49, 50, 46, 44, 45, 42, 41, 88, 87, 81, 82, 83, 85, 86, 89, 90, 84, 54, 55, 57, 59, 60, 58, 56, 53, 51, 52, 0, 4, 3, 6, 5, 10, 9, 7, 8, 2, 1, 0]
Elapsed time: 120.69090938568115

i:0	139950.89159459135
i:50	105677.69682912264
i:100	93369.59822898271
i:150	89636.07096619361
i:200	89605.89623496636
i:250	89605.89623496636
i:300	89605.89623496636
i:350	89605.89623496636
i:400	89605.89623496636
i:450	89605.89623496636
i:500	89605.89623496636
i:550	89605.89623496636
i:600	89605.89623496636
i:650	89605.89623496636
best: 89605.89623496636
routes: [0, 51, 52, 53, 56, 54, 55, 57, 59, 60, 58, 79, 80, 76, 77, 74, 71, 72, 73, 75, 78, 2, 1, 3, 6, 7, 8, 9, 10, 5, 4, 0, 91, 92, 93, 94, 95, 96, 99, 100, 97, 98, 61, 62, 63, 64, 65, 66, 67, 68, 69, 70, 0, 90, 86, 84, 83, 85, 82, 81, 87, 89, 88, 41, 42, 43, 45, 44, 46, 49, 50, 47, 48, 14, 12, 11, 13, 15, 17, 19, 20, 18, 16, 0, 31, 34, 33, 32, 38, 39, 40, 37, 35, 36, 30, 29, 27, 28, 26, 25, 22, 23, 21, 24, 0]
Elapsed time: 111.9806342124939

i:0	133903.0180029296
i:50	104822.48288597682
i:100	100595.12096159485
i:150	92634.60883140925
i:200	92634.60883140925
i:250	92634.60883140925
i:300	92634.60883140925
i:350	92634.60883140925
i:400	92634.60883140925
i:450	92634.60883140925
i:500	92634.60883140925
i:550	92634.60883140925
i:600	92634.60883140925
i:650	92634.60883140925
best: 92634.60883140925
routes: [0, 91, 92, 93, 94, 95, 96, 99, 97, 100, 98, 69, 70, 66, 67, 68, 65, 62, 63, 64, 61, 79, 77, 74, 71, 72, 73, 75, 78, 80, 76, 0, 4, 5, 6, 10, 9, 7, 8, 3, 1, 2, 51, 53, 52, 55, 57, 59, 60, 58, 56, 54, 90, 86, 89, 85, 88, 87, 81, 82, 83, 84, 0, 31, 34, 39, 40, 36, 35, 37, 38, 33, 32, 13, 11, 12, 14, 15, 18, 16, 20, 19, 17, 48, 46, 49, 50, 47, 45, 44, 41, 43, 42, 0, 21, 23, 22, 25, 26, 27, 29, 30, 28, 24, 0]
Elapsed time: 115.2102439403534

i:0	142562.8601016147
i:50	111047.08191806966
i:100	108549.93844066878
i:150	94883.77417847974
i:200	94849.33076862036
i:250	94849.33076862036
i:300	94849.33076862036
i:350	94849.33076862036
i:400	94849.33076862036
i:450	94849.33076862036
i:500	94849.33076862036
i:550	94849.33076862036
i:600	94849.33076862036
i:650	94849.33076862036
best: 94849.33076862036
routes: [0, 94, 96, 95, 97, 99, 98, 100, 92, 91, 93, 64, 65, 68, 67, 69, 70, 66, 63, 61, 62, 0, 51, 52, 53, 56, 57, 55, 54, 58, 59, 60, 79, 77, 80, 75, 78, 73, 72, 71, 74, 76, 0, 43, 45, 44, 46, 49, 50, 48, 47, 42, 41, 86, 84, 83, 82, 81, 87, 88, 85, 89, 90, 9, 10, 7, 8, 2, 1, 3, 6, 5, 4, 0, 31, 39, 40, 35, 36, 37, 38, 34, 33, 32, 30, 28, 27, 29, 25, 26, 24, 21, 23, 22, 16, 13, 11, 12, 14, 15, 17, 19, 20, 18, 0]
Elapsed time: 122.73518705368042

i:0	143792.65946355375
i:50	109958.06362381499
i:100	103839.1014034904
i:150	90394.97986698436
i:200	90394.97986698436
i:250	90394.97986698436
i:300	90394.97986698436
i:350	90394.97986698436
i:400	90394.97986698436
i:450	90394.97986698436
i:500	90394.97986698436
i:550	90394.97986698436
i:600	90394.97986698436
i:650	90394.97986698436
best: 90394.97986698436
routes: [0, 31, 34, 33, 38, 39, 40, 36, 35, 37, 32, 21, 24, 26, 25, 27, 29, 30, 28, 23, 22, 16, 20, 19, 17, 18, 15, 14, 13, 11, 12, 0, 91, 92, 93, 96, 94, 97, 99, 100, 95, 98, 69, 70, 67, 68, 66, 65, 64, 63, 61, 62, 0, 43, 42, 45, 47, 49, 50, 48, 46, 44, 41, 89, 85, 88, 87, 81, 82, 83, 84, 86, 90, 9, 7, 8, 2, 1, 3, 6, 10, 5, 4, 0, 54, 52, 51, 53, 58, 56, 55, 57, 59, 60, 76, 74, 71, 72, 73, 75, 78, 77, 79, 80, 0]
Elapsed time: 121.84266924858093

i:0	149009.47719971728
i:50	98789.09989881824
i:100	94887.27877408036
i:150	93108.12439280964
i:200	93108.12439280964
i:250	93108.12439280964
i:300	93108.12439280964
i:350	93108.12439280964
i:400	93108.12439280964
i:450	93108.12439280964
i:500	93108.12439280964
i:550	93108.12439280964
i:600	93108.12439280964
i:650	93108.12439280964
best: 93108.12439280964
routes: [0, 100, 96, 99, 95, 94, 92, 91, 93, 97, 98, 69, 70, 66, 67, 68, 62, 61, 63, 65, 64, 0, 51, 52, 53, 56, 54, 55, 60, 58, 57, 59, 76, 71, 74, 72, 73, 75, 78, 77, 79, 80, 0, 4, 10, 5, 6, 3, 1, 2, 8, 7, 9, 90, 86, 84, 83, 82, 81, 87, 85, 89, 88, 41, 42, 43, 45, 44, 46, 49, 50, 47, 48, 0, 31, 39, 40, 35, 36, 37, 38, 34, 33, 32, 26, 25, 27, 29, 30, 28, 24, 21, 23, 22, 13, 11, 12, 14, 15, 17, 19, 20, 18, 16, 0]
Elapsed time: 108.2632896900177

i:0	152283.65688129634
i:50	107983.3136495228
i:100	104598.67476035864
i:150	93001.62446185072
i:200	92935.76432331606
i:250	92935.76432331606
i:300	92935.76432331606
i:350	92935.76432331606
i:400	92935.76432331606
i:450	92935.76432331606
i:500	92935.76432331606
i:550	92935.76432331606
i:600	92935.76432331606
i:650	92935.76432331606
best: 92935.76432331606
routes: [0, 91, 92, 93, 95, 97, 98, 99, 100, 96, 94, 61, 62, 63, 64, 65, 68, 67, 69, 70, 66, 0, 76, 77, 79, 80, 74, 71, 72, 73, 75, 78, 53, 51, 52, 55, 57, 59, 60, 58, 56, 54, 0, 31, 34, 33, 38, 39, 40, 35, 36, 37, 32, 24, 26, 25, 27, 29, 30, 28, 21, 23, 22, 16, 13, 11, 12, 15, 18, 20, 19, 17, 14, 0, 43, 42, 45, 44, 46, 49, 50, 47, 48, 41, 88, 87, 81, 82, 83, 85, 86, 89, 90, 84, 8, 7, 9, 10, 5, 6, 2, 1, 3, 4, 0]
Elapsed time: 120.30256986618042

i:0	134658.06880997558
i:50	112174.5267390284
i:100	104056.63560872764
i:150	95093.12155691952
i:200	95086.88655272101
i:250	95086.88655272101
i:300	95086.88655272101
i:350	95086.88655272101
i:400	95086.88655272101
i:450	95086.88655272101
i:500	95086.88655272101
i:550	95086.88655272101
i:600	95086.88655272101
i:650	95086.88655272101
best: 95086.88655272101
routes: [0, 13, 15, 18, 16, 20, 19, 17, 14, 12, 11, 43, 48, 46, 49, 50, 47, 45, 44, 42, 41, 84, 83, 82, 81, 87, 88, 85, 86, 89, 90, 0, 94, 92, 91, 93, 95, 99, 100, 96, 97, 98, 61, 69, 70, 66, 67, 68, 65, 62, 63, 64, 0, 51, 52, 53, 56, 60, 59, 54, 55, 57, 58, 79, 80, 76, 71, 72, 73, 75, 78, 77, 74, 8, 7, 9, 10, 5, 6, 2, 1, 3, 4, 0, 21, 23, 22, 25, 27, 29, 30, 28, 26, 24, 32, 33, 34, 31, 39, 40, 35, 36, 37, 38, 0]
Elapsed time: 116.74915909767151

i:0	146148.40568531633
i:50	106721.0207931487
i:100	100919.69458898285
i:150	90833.18701823587
i:200	90833.18701823587
i:250	90833.18701823587
i:300	90833.18701823587
i:350	90833.18701823587
i:400	90833.18701823587
i:450	90833.18701823587
i:500	90833.18701823587
i:550	90833.18701823587
i:600	90833.18701823587
i:650	90833.18701823587
best: 90833.18701823587
routes: [0, 97, 92, 91, 93, 95, 94, 99, 100, 98, 96, 69, 70, 66, 67, 68, 65, 64, 63, 61, 62, 0, 32, 33, 34, 31, 39, 38, 37, 40, 36, 35, 30, 28, 27, 29, 25, 26, 24, 21, 23, 22, 16, 15, 18, 20, 19, 17, 14, 13, 11, 12, 0, 4, 1, 2, 3, 6, 5, 10, 7, 8, 9, 90, 84, 83, 82, 81, 87, 85, 86, 89, 88, 41, 43, 45, 47, 49, 50, 48, 46, 44, 42, 0, 51, 52, 53, 56, 54, 55, 57, 59, 60, 58, 79, 80, 76, 77, 74, 71, 72, 73, 75, 78, 0]
Elapsed time: 110.28375172615051

i:0	149115.618449422
i:50	108325.36722467601
i:100	105052.96432505778
i:150	97779.74661991098
i:200	93366.23159250611
i:250	93366.23159250611
i:300	93366.23159250611
i:350	93366.23159250611
i:400	93366.23159250611
i:450	93366.23159250611
i:500	93366.23159250611
i:550	93366.23159250611
i:600	93366.23159250611
i:650	93366.23159250611
best: 93366.23159250611
routes: [0, 91, 92, 93, 94, 95, 96, 99, 100, 97, 98, 61, 62, 63, 65, 68, 67, 69, 70, 66, 64, 31, 34, 33, 32, 37, 36, 35, 40, 39, 38, 0, 79, 80, 77, 78, 75, 72, 73, 71, 74, 76, 58, 60, 59, 57, 52, 51, 53, 56, 55, 54, 2, 1, 3, 4, 5, 6, 7, 8, 9, 10, 0, 43, 42, 45, 47, 49, 50, 48, 46, 44, 41, 88, 87, 81, 82, 83, 85, 86, 89, 90, 84, 11, 13, 15, 18, 16, 20, 19, 17, 14, 12, 0, 21, 22, 23, 24, 26, 25, 27, 29, 30, 28, 0]
Elapsed time: 127.45786881446838

i:0	151402.97315175625
i:50	104389.83275394331
i:100	95890.52154782081
i:150	93356.86132813338
i:200	93356.86132813338
i:250	93356.86132813338
i:300	93356.86132813338
i:350	93356.86132813338
i:400	93356.86132813338
i:450	93356.86132813338
i:500	93356.86132813338
i:550	93356.86132813338
i:600	93356.86132813338
i:650	93356.86132813338
best: 93356.86132813338
routes: [0, 91, 92, 93, 94, 95, 97, 98, 99, 100, 96, 61, 62, 63, 66, 69, 70, 67, 68, 65, 64, 0, 32, 33, 34, 31, 39, 38, 37, 40, 36, 35, 30, 28, 27, 29, 25, 26, 24, 21, 23, 22, 16, 20, 19, 17, 14, 12, 11, 13, 15, 18, 0, 79, 80, 77, 78, 75, 72, 73, 71, 74, 76, 58, 59, 60, 56, 53, 51, 52, 55, 57, 54, 0, 4, 3, 1, 2, 8, 6, 5, 10, 7, 9, 43, 45, 44, 46, 49, 50, 48, 47, 42, 41, 88, 87, 81, 82, 83, 85, 86, 89, 90, 84, 0]
Elapsed time: 111.183748960495

i:0	142078.38545698364
i:50	110675.21673484724
i:100	110326.64123476515
i:150	93731.5175592128
i:200	92544.96464491171
i:250	92544.96464491171
i:300	92544.96464491171
i:350	92544.96464491171
i:400	92544.96464491171
i:450	92544.96464491171
i:500	92544.96464491171
i:550	92544.96464491171
i:600	92544.96464491171
i:650	92544.96464491171
best: 92544.96464491171
routes: [0, 51, 53, 56, 59, 60, 57, 55, 54, 52, 58, 76, 74, 71, 72, 73, 75, 78, 77, 79, 80, 0, 31, 37, 36, 35, 40, 39, 38, 34, 33, 32, 28, 30, 29, 27, 25, 26, 24, 21, 23, 22, 20, 19, 17, 18, 15, 14, 12, 11, 13, 16, 0, 91, 92, 93, 94, 95, 97, 98, 99, 100, 96, 61, 63, 66, 69, 70, 67, 68, 65, 64, 62, 0, 43, 42, 45, 47, 49, 50, 48, 46, 44, 41, 90, 86, 89, 88, 87, 81, 82, 83, 85, 84, 9, 10, 5, 6, 7, 8, 2, 1, 3, 4, 0]
Elapsed time: 121.93912649154663

i:0	142155.91875503154
i:50	110071.5856846131
i:100	104509.01314242567
i:150	90920.08084817158
i:200	90920.08084817158
i:250	90920.08084817158
i:300	90920.08084817158
i:350	90920.08084817158
i:400	90920.08084817158
i:450	90920.08084817158
i:500	90920.08084817158
i:550	90920.08084817158
i:600	90920.08084817158
i:650	90920.08084817158
best: 90920.08084817158
routes: [0, 21, 23, 25, 27, 29, 30, 28, 26, 24, 22, 13, 11, 12, 14, 15, 17, 19, 20, 18, 16, 0, 76, 77, 74, 71, 72, 73, 75, 78, 80, 79, 58, 56, 54, 55, 57, 59, 60, 53, 51, 52, 0, 33, 32, 39, 38, 37, 40, 35, 36, 34, 31, 100, 99, 94, 92, 91, 93, 95, 96, 97, 98, 69, 70, 66, 67, 68, 65, 64, 63, 61, 62, 0, 4, 5, 6, 3, 1, 2, 8, 7, 10, 9, 90, 86, 89, 84, 83, 85, 82, 81, 87, 88, 41, 44, 46, 49, 50, 47, 45, 42, 43, 48, 0]
Elapsed time: 113.2345039844513

i:0	151354.3985804997
i:50	107784.67234875214
i:100	98858.60683606732
i:150	90237.00471136822
i:200	90237.00471136822
i:250	90237.00471136822
i:300	90237.00471136822
i:350	90237.00471136822
i:400	90237.00471136822
i:450	90237.00471136822
i:500	90237.00471136822
i:550	90237.00471136822
i:600	90237.00471136822
i:650	90237.00471136822
best: 90237.00471136822
routes: [0, 93, 95, 96, 97, 99, 100, 98, 94, 91, 92, 61, 62, 63, 64, 65, 68, 66, 67, 69, 70, 31, 34, 33, 32, 37, 36, 35, 40, 39, 38, 0, 78, 73, 75, 72, 71, 74, 76, 77, 79, 80, 58, 59, 60, 56, 57, 55, 54, 53, 51, 52, 2, 1, 3, 8, 7, 9, 10, 5, 6, 4, 0, 13, 15, 14, 17, 19, 20, 18, 16, 12, 11, 48, 46, 49, 50, 47, 45, 44, 43, 42, 41, 87, 81, 82, 83, 85, 88, 86, 89, 90, 84, 0, 21, 23, 22, 25, 27, 29, 30, 28, 26, 24, 0]
Elapsed time: 106.25383639335632

i:0	144956.0612258125
i:50	106723.65132164155
i:100	102799.15341672243
i:150	92784.82827283803
i:200	92737.1158517121
i:250	92737.1158517121
i:300	92737.1158517121
i:350	92737.1158517121
i:400	92737.1158517121
i:450	92737.1158517121
i:500	92737.1158517121
i:550	92737.1158517121
i:600	92737.1158517121
i:650	92737.1158517121
best: 92737.1158517121
routes: [0, 99, 98, 97, 95, 94, 92, 91, 93, 96, 100, 69, 70, 66, 67, 68, 65, 64, 63, 61, 62, 0, 80, 76, 77, 74, 71, 72, 73, 75, 78, 79, 53, 51, 52, 57, 59, 60, 58, 56, 55, 54, 0, 31, 39, 38, 37, 40, 35, 36, 34, 33, 32, 28, 30, 29, 27, 25, 26, 24, 21, 23, 22, 13, 11, 12, 14, 17, 19, 20, 18, 15, 16, 0, 1, 2, 8, 9, 7, 6, 3, 4, 5, 10, 43, 42, 45, 46, 49, 50, 48, 47, 44, 41, 88, 85, 87, 81, 82, 83, 84, 86, 89, 90, 0]
Elapsed time: 116.69920682907104

i:0	146953.5020241805
i:50	106883.41151887467
i:100	95211.47673612718
i:150	93594.71925125891
i:200	93594.71925125891
i:250	93594.71925125891
i:300	93594.71925125891
i:350	93594.71925125891
i:400	93594.71925125891
i:450	93594.71925125891
i:500	93594.71925125891
i:550	93594.71925125891
i:600	93594.71925125891
i:650	93594.71925125891
best: 93594.71925125891
routes: [0, 79, 80, 71, 72, 73, 75, 78, 77, 74, 76, 58, 54, 55, 57, 59, 60, 56, 53, 51, 52, 0, 4, 1, 2, 3, 7, 8, 6, 5, 10, 9, 43, 42, 45, 48, 47, 49, 50, 46, 44, 41, 88, 87, 81, 82, 83, 85, 86, 89, 90, 84, 0, 93, 92, 91, 94, 95, 96, 99, 100, 97, 98, 61, 63, 66, 69, 70, 67, 68, 65, 64, 62, 0, 31, 34, 33, 32, 38, 39, 37, 40, 36, 35, 30, 28, 27, 29, 25, 26, 24, 21, 23, 22, 20, 19, 17, 18, 15, 14, 12, 11, 13, 16, 0]
Elapsed time: 110.95456027984619

i:0	140451.75158656496
i:50	109937.24172223112
i:100	96223.20380608921
i:150	94942.16122757128
i:200	94942.16122757128
i:250	94942.16122757128
i:300	94942.16122757128
i:350	94942.16122757128
i:400	94942.16122757128
i:450	94942.16122757128
i:500	94942.16122757128
i:550	94942.16122757128
i:600	94942.16122757128
i:650	94942.16122757128
best: 94942.16122757128
routes: [0, 1, 2, 8, 7, 10, 6, 3, 4, 5, 9, 86, 84, 81, 82, 83, 85, 87, 88, 89, 90, 41, 42, 43, 45, 47, 44, 46, 49, 50, 48, 0, 11, 12, 15, 18, 20, 19, 17, 14, 13, 16, 25, 27, 29, 30, 28, 26, 23, 22, 21, 24, 32, 33, 34, 31, 39, 40, 35, 36, 37, 38, 0, 76, 74, 71, 72, 73, 75, 78, 77, 80, 79, 58, 60, 59, 57, 55, 52, 51, 53, 56, 54, 0, 100, 99, 97, 98, 95, 94, 96, 93, 91, 92, 61, 62, 63, 66, 69, 70, 67, 68, 65, 64, 0]
Elapsed time: 108.97680306434631

i:0	150179.51390554575
i:50	105090.69359435498
i:100	94961.21957249173
i:150	91950.54024517589
i:200	91755.1874366063
i:250	91755.1874366063
i:300	91755.1874366063
i:350	91755.1874366063
i:400	91755.1874366063
i:450	91755.1874366063
i:500	91755.1874366063
i:550	91755.1874366063
i:600	91755.1874366063
i:650	91755.1874366063
best: 91755.1874366063
routes: [0, 55, 54, 52, 51, 53, 56, 57, 59, 60, 58, 79, 77, 71, 72, 73, 75, 78, 74, 76, 80, 0, 4, 6, 2, 3, 1, 5, 10, 8, 7, 9, 90, 84, 83, 87, 81, 82, 85, 86, 89, 88, 41, 44, 46, 49, 50, 48, 47, 45, 43, 42, 0, 91, 92, 93, 94, 95, 96, 99, 100, 97, 98, 61, 62, 63, 64, 65, 67, 68, 66, 69, 70, 31, 33, 32, 37, 36, 35, 40, 39, 38, 34, 0, 21, 24, 23, 25, 27, 29, 30, 28, 26, 22, 13, 11, 12, 14, 15, 17, 19, 20, 18, 16, 0]
Elapsed time: 106.60527920722961

mean: 92402.21479493387
std: 1956.75022926666
mean-time: 115.30007821321487
std-time: 5.871959127086281