i:0	84251.5621038042
i:50	58912.34000259041
i:100	58912.34000259041
i:150	58912.34000259041
i:200	58912.34000259041
i:250	58912.34000259041
i:300	58912.34000259041
i:350	58912.34000259041
i:400	58912.34000259041
i:450	58912.34000259041
i:500	58912.34000259041
i:550	58912.34000259041
i:600	58912.34000259041
i:650	58912.34000259041
best: 58912.34000259041
routes: [0, 26, 28, 27, 29, 30, 39, 36, 38, 37, 40, 33, 34, 35, 32, 31, 50, 49, 48, 47, 46, 0, 16, 20, 19, 18, 17, 11, 14, 13, 15, 12, 8, 7, 9, 10, 6, 23, 25, 22, 24, 21, 41, 42, 45, 43, 44, 5, 3, 2, 1, 4, 0]
Elapsed time: 20.778157472610474

i:0	84357.92279813564
i:50	61027.79860796832
i:100	61027.79860796832
i:150	61027.79860796832
i:200	61027.79860796832
i:250	61027.79860796832
i:300	61027.79860796832
i:350	61027.79860796832
i:400	61027.79860796832
i:450	61027.79860796832
i:500	61027.79860796832
i:550	61027.79860796832
i:600	61027.79860796832
i:650	61027.79860796832
best: 61027.79860796832
routes: [0, 49, 50, 48, 47, 46, 33, 34, 35, 32, 31, 40, 38, 37, 39, 36, 29, 30, 27, 26, 28, 2, 5, 3, 1, 4, 0, 8, 7, 9, 10, 6, 23, 22, 24, 25, 21, 41, 42, 45, 43, 44, 11, 14, 13, 12, 15, 20, 18, 17, 19, 16, 0]
Elapsed time: 24.347549200057983

i:0	81887.51370033348
i:50	59640.08470341972
i:100	59597.97060556449
i:150	59597.97060556449
i:200	59597.97060556449
i:250	59597.97060556449
i:300	59597.97060556449
i:350	59597.97060556449
i:400	59597.97060556449
i:450	59597.97060556449
i:500	59597.97060556449
i:550	59597.97060556449
i:600	59597.97060556449
i:650	59597.97060556449
best: 59597.97060556449
routes: [0, 49, 50, 48, 47, 46, 33, 34, 35, 32, 31, 40, 38, 37, 39, 36, 29, 30, 28, 27, 26, 1, 2, 5, 3, 4, 0, 44, 43, 45, 42, 41, 21, 24, 23, 25, 22, 6, 8, 7, 9, 10, 12, 15, 13, 14, 11, 18, 17, 20, 19, 16, 0]
Elapsed time: 23.96266531944275

i:0	94309.1069276429
i:50	60693.65032787749
i:100	60693.65032787749
i:150	60693.65032787749
i:200	60693.65032787749
i:250	60693.65032787749
i:300	60693.65032787749
i:350	60693.65032787749
i:400	60693.65032787749
i:450	60693.65032787749
i:500	60693.65032787749
i:550	60693.65032787749
i:600	60693.65032787749
i:650	60693.65032787749
best: 60693.65032787749
routes: [0, 8, 7, 9, 10, 6, 23, 25, 22, 24, 21, 41, 42, 45, 43, 44, 39, 40, 38, 37, 36, 29, 30, 28, 27, 26, 0, 4, 5, 3, 2, 1, 31, 32, 34, 35, 33, 50, 49, 48, 47, 46, 11, 14, 13, 12, 15, 20, 18, 17, 19, 16, 0]
Elapsed time: 20.742785215377808

i:0	85265.21047564852
i:50	60194.38593403212
i:100	60194.38593403212
i:150	60194.38593403212
i:200	60194.38593403212
i:250	60194.38593403212
i:300	60194.38593403212
i:350	60194.38593403212
i:400	60194.38593403212
i:450	60194.38593403212
i:500	60194.38593403212
i:550	60194.38593403212
i:600	60194.38593403212
i:650	60194.38593403212
best: 60194.38593403212
routes: [0, 49, 50, 48, 47, 46, 33, 34, 35, 32, 31, 40, 38, 37, 39, 36, 29, 30, 28, 27, 26, 1, 2, 5, 3, 4, 0, 8, 7, 9, 10, 6, 23, 25, 22, 24, 21, 41, 42, 45, 43, 44, 11, 14, 13, 12, 15, 20, 18, 17, 19, 16, 0]
Elapsed time: 26.427189350128174

i:0	81992.40991539444
i:50	61968.72178431391
i:100	61968.72178431391
i:150	61968.72178431391
i:200	61968.72178431391
i:250	61968.72178431391
i:300	61968.72178431391
i:350	61968.72178431391
i:400	61968.72178431391
i:450	61968.72178431391
i:500	61968.72178431391
i:550	61968.72178431391
i:600	61968.72178431391
i:650	61968.72178431391
best: 61968.72178431391
routes: [0, 26, 28, 27, 29, 30, 39, 36, 38, 37, 40, 31, 32, 35, 33, 34, 50, 49, 48, 47, 46, 0, 11, 14, 13, 15, 12, 8, 7, 9, 10, 6, 23, 22, 24, 25, 21, 41, 42, 45, 43, 44, 5, 3, 2, 1, 4, 0, 18, 17, 20, 19, 16, 0]
Elapsed time: 19.435191869735718

i:0	82949.72226957252
i:50	60600.447054835866
i:100	60600.447054835866
i:150	60600.447054835866
i:200	60600.447054835866
i:250	60600.447054835866
i:300	60600.447054835866
i:350	60600.447054835866
i:400	60600.447054835866
i:450	60600.447054835866
i:500	60600.447054835866
i:550	60600.447054835866
i:600	60600.447054835866
i:650	60600.447054835866
best: 60600.447054835866
routes: [0, 26, 28, 27, 29, 30, 39, 36, 38, 37, 40, 33, 34, 35, 32, 31, 50, 49, 48, 47, 46, 1, 2, 5, 3, 4, 0, 44, 43, 45, 42, 41, 21, 24, 23, 25, 22, 6, 8, 7, 9, 10, 12, 11, 14, 13, 15, 20, 18, 17, 19, 16, 0]
Elapsed time: 21.259317874908447

i:0	85462.73698286361
i:50	59763.51026271304
i:100	59763.51026271304
i:150	59763.51026271304
i:200	59763.51026271304
i:250	59763.51026271304
i:300	59763.51026271304
i:350	59763.51026271304
i:400	59763.51026271304
i:450	59763.51026271304
i:500	59763.51026271304
i:550	59763.51026271304
i:600	59763.51026271304
i:650	59763.51026271304
best: 59763.51026271304
routes: [0, 23, 25, 22, 24, 21, 41, 42, 45, 43, 44, 39, 40, 38, 37, 36, 29, 30, 28, 27, 26, 0, 50, 49, 48, 47, 46, 31, 32, 35, 33, 34, 16, 18, 17, 19, 20, 15, 13, 14, 11, 12, 8, 7, 9, 10, 6, 5, 3, 2, 1, 4, 0]
Elapsed time: 22.258695602416992

i:0	84843.98673228001
i:50	60233.66303344623
i:100	60212.104634622556
i:150	60212.104634622556
i:200	60212.104634622556
i:250	60212.104634622556
i:300	60212.104634622556
i:350	60212.104634622556
i:400	60212.104634622556
i:450	60212.104634622556
i:500	60212.104634622556
i:550	60212.104634622556
i:600	60212.104634622556
i:650	60212.104634622556
best: 60212.104634622556
routes: [0, 26, 28, 27, 29, 30, 39, 36, 38, 37, 40, 33, 34, 35, 32, 31, 47, 49, 46, 48, 50, 0, 4, 5, 3, 1, 2, 44, 43, 45, 41, 42, 21, 24, 25, 23, 22, 6, 8, 7, 9, 10, 12, 11, 14, 13, 15, 20, 18, 17, 19, 16, 0]
Elapsed time: 27.849363565444946

i:0	93902.00025430546
i:50	60437.39154896407
i:100	59469.999350977305
i:150	59469.999350977305
i:200	59469.999350977305
i:250	59469.999350977305
i:300	59469.999350977305
i:350	59469.999350977305
i:400	59469.999350977305
i:450	59469.999350977305
i:500	59469.999350977305
i:550	59469.999350977305
i:600	59469.999350977305
i:650	59469.999350977305
best: 59469.999350977305
routes: [0, 26, 28, 27, 29, 30, 39, 37, 36, 38, 40, 33, 34, 35, 32, 31, 50, 49, 48, 47, 46, 0, 18, 17, 20, 19, 16, 11, 14, 13, 15, 12, 8, 7, 9, 10, 6, 23, 25, 22, 24, 21, 41, 42, 45, 43, 44, 5, 3, 2, 1, 4, 0]
Elapsed time: 27.49501872062683

i:0	83206.34144709821
i:50	61727.6928728109
i:100	61727.6928728109
i:150	61727.6928728109
i:200	61727.6928728109
i:250	61727.6928728109
i:300	61727.6928728109
i:350	61727.6928728109
i:400	61727.6928728109
i:450	61727.6928728109
i:500	61727.6928728109
i:550	61727.6928728109
i:600	61727.6928728109
i:650	61727.6928728109
best: 61727.6928728109
routes: [0, 26, 28, 27, 29, 30, 39, 36, 38, 37, 40, 33, 34, 35, 32, 31, 49, 50, 48, 47, 46, 0, 11, 14, 13, 15, 12, 8, 7, 9, 10, 6, 23, 25, 22, 24, 21, 41, 42, 45, 43, 44, 5, 3, 2, 1, 4, 0, 18, 17, 20, 19, 16, 0]
Elapsed time: 20.342556953430176

i:0	84321.11369764981
i:50	61253.15699286558
i:100	61253.15699286558
i:150	61253.15699286558
i:200	61253.15699286558
i:250	61253.15699286558
i:300	61253.15699286558
i:350	61253.15699286558
i:400	61253.15699286558
i:450	61253.15699286558
i:500	61253.15699286558
i:550	61253.15699286558
i:600	61253.15699286558
i:650	61253.15699286558
best: 61253.15699286558
routes: [0, 26, 28, 27, 29, 30, 39, 36, 38, 37, 40, 33, 34, 35, 32, 31, 50, 49, 48, 47, 46, 1, 2, 5, 3, 4, 0, 8, 7, 9, 10, 6, 23, 25, 22, 24, 21, 41, 42, 45, 43, 44, 11, 14, 13, 12, 15, 20, 18, 17, 19, 16, 0]
Elapsed time: 22.90092182159424

i:0	82312.6638334598
i:50	58528.924641529404
i:100	58528.924641529404
i:150	58528.924641529404
i:200	58528.924641529404
i:250	58528.924641529404
i:300	58528.924641529404
i:350	58528.924641529404
i:400	58528.924641529404
i:450	58528.924641529404
i:500	58528.924641529404
i:550	58528.924641529404
i:600	58528.924641529404
i:650	58528.924641529404
best: 58528.924641529404
routes: [0, 26, 28, 27, 29, 30, 39, 36, 38, 37, 40, 33, 34, 35, 32, 31, 50, 49, 48, 47, 46, 0, 16, 20, 17, 19, 18, 11, 14, 13, 15, 12, 8, 7, 9, 10, 6, 23, 25, 22, 24, 21, 41, 42, 45, 43, 44, 5, 3, 2, 1, 4, 0]
Elapsed time: 19.63837695121765

i:0	84883.55733741791
i:50	58550.38234547674
i:100	58550.38234547674
i:150	58550.38234547674
i:200	58550.38234547674
i:250	58550.38234547674
i:300	58550.38234547674
i:350	58550.38234547674
i:400	58550.38234547674
i:450	58550.38234547674
i:500	58550.38234547674
i:550	58550.38234547674
i:600	58550.38234547674
i:650	58550.38234547674
best: 58550.38234547674
routes: [0, 26, 28, 27, 29, 30, 39, 36, 38, 37, 40, 31, 32, 34, 35, 33, 50, 49, 48, 47, 46, 0, 16, 18, 17, 19, 20, 15, 13, 14, 11, 12, 8, 7, 9, 10, 6, 23, 25, 22, 24, 21, 41, 42, 45, 43, 44, 5, 3, 2, 1, 4, 0]
Elapsed time: 20.86506748199463

i:0	87494.69900492002
i:50	61347.894234914216
i:100	61347.894234914216
i:150	61347.894234914216
i:200	61347.894234914216
i:250	60865.12408836557
i:300	60214.92001173194
i:350	60214.92001173194
i:400	60214.92001173194
i:450	60214.92001173194
i:500	60214.92001173194
i:550	60214.92001173194
i:600	60214.92001173194
i:650	60214.92001173194
best: 60214.92001173194
routes: [0, 26, 28, 27, 29, 30, 39, 36, 38, 37, 40, 33, 34, 35, 32, 31, 50, 49, 48, 47, 46, 2, 5, 3, 1, 4, 0, 16, 20, 17, 19, 18, 11, 14, 13, 15, 12, 8, 7, 9, 10, 6, 23, 25, 22, 24, 21, 41, 42, 45, 43, 44, 0]
Elapsed time: 31.608914852142334

i:0	88411.46989392614
i:50	59964.99299032066
i:100	59964.99299032066
i:150	58743.86297477424
i:200	58173.611438460764
i:250	58173.611438460764
i:300	58173.611438460764
i:350	58173.611438460764
i:400	58173.611438460764
i:450	58173.611438460764
i:500	58173.611438460764
i:550	58173.611438460764
i:600	58173.611438460764
i:650	58173.611438460764
best: 58173.611438460764
routes: [0, 49, 50, 48, 47, 46, 33, 34, 35, 32, 31, 40, 38, 37, 39, 36, 29, 30, 28, 27, 26, 0, 16, 20, 17, 19, 18, 11, 14, 13, 15, 12, 8, 7, 9, 10, 6, 23, 25, 22, 24, 21, 41, 42, 45, 43, 44, 5, 3, 2, 1, 4, 0]
Elapsed time: 30.464643001556396

i:0	86696.07522942271
i:50	62298.36577091781
i:100	62298.36577091781
i:150	62298.36577091781
i:200	62298.36577091781
i:250	62298.36577091781
i:300	62298.36577091781
i:350	62298.36577091781
i:400	62298.36577091781
i:450	62298.36577091781
i:500	62298.36577091781
i:550	62298.36577091781
i:600	62298.36577091781
i:650	62298.36577091781
best: 62298.36577091781
routes: [0, 27, 26, 28, 30, 29, 39, 36, 38, 37, 40, 33, 34, 35, 32, 31, 50, 49, 48, 47, 46, 0, 44, 43, 45, 42, 41, 21, 22, 24, 25, 23, 6, 8, 7, 9, 10, 12, 15, 13, 14, 11, 18, 17, 20, 19, 16, 0, 4, 5, 3, 1, 2, 0]
Elapsed time: 22.17439103126526

i:0	83387.04192767772
i:50	59597.97060556449
i:100	59597.97060556449
i:150	59597.97060556449
i:200	59597.97060556449
i:250	59597.97060556449
i:300	59597.97060556449
i:350	59597.97060556449
i:400	59597.97060556449
i:450	59597.97060556449
i:500	59597.97060556449
i:550	59597.97060556449
i:600	59597.97060556449
i:650	59597.97060556449
best: 59597.97060556449
routes: [0, 49, 50, 48, 47, 46, 33, 34, 35, 32, 31, 40, 38, 37, 39, 36, 29, 30, 28, 27, 26, 1, 2, 5, 3, 4, 0, 44, 43, 45, 42, 41, 21, 24, 23, 25, 22, 6, 8, 7, 9, 10, 12, 15, 13, 14, 11, 18, 17, 20, 19, 16, 0]
Elapsed time: 23.595280647277832

i:0	82653.6458158724
i:50	60070.93089237574
i:100	60070.93089237574
i:150	60070.93089237574
i:200	60070.93089237574
i:250	60070.93089237574
i:300	60070.93089237574
i:350	60070.93089237574
i:400	60070.93089237574
i:450	60070.93089237574
i:500	60070.93089237574
i:550	60070.93089237574
i:600	60070.93089237574
i:650	60070.93089237574
best: 60070.93089237574
routes: [0, 26, 28, 27, 29, 30, 38, 37, 40, 39, 36, 33, 34, 35, 32, 31, 49, 50, 48, 47, 46, 0, 4, 5, 3, 1, 2, 44, 43, 45, 41, 42, 21, 24, 25, 23, 22, 6, 8, 7, 9, 10, 12, 11, 14, 13, 15, 20, 18, 17, 19, 16, 0]
Elapsed time: 21.143874883651733

i:0	76687.09598271294
i:50	59569.94683851533
i:100	59569.94683851533
i:150	59569.94683851533
i:200	59569.94683851533
i:250	59569.94683851533
i:300	59569.94683851533
i:350	59569.94683851533
i:400	59569.94683851533
i:450	59569.94683851533
i:500	59569.94683851533
i:550	59569.94683851533
i:600	59569.94683851533
i:650	59569.94683851533
best: 59569.94683851533
routes: [0, 49, 50, 48, 47, 46, 33, 34, 35, 32, 31, 40, 38, 37, 39, 36, 29, 30, 28, 27, 26, 1, 2, 5, 3, 4, 0, 44, 43, 45, 42, 41, 21, 24, 23, 25, 22, 6, 8, 7, 9, 10, 15, 13, 12, 11, 14, 20, 18, 17, 19, 16, 0]
Elapsed time: 22.314560890197754

mean: 60121.34154878721
std: 1119.8311576061144
mean-time: 23.480226135253908
std-time: 3.446969515907751