i:0	67397.91966312264
i:50	48167.00062885987
i:100	47015.67921966208
i:150	46422.32138568009
i:200	46422.32138568009
i:250	46422.32138568009
i:300	46422.32138568009
i:350	46422.32138568009
i:400	46422.32138568009
i:450	46422.32138568009
i:500	46422.32138568009
i:550	46422.32138568009
i:600	46422.32138568009
i:650	46422.32138568009
best: 46422.32138568009
routes: [0, 23, 22, 25, 27, 29, 30, 28, 26, 24, 21, 47, 41, 42, 43, 45, 48, 46, 49, 50, 44, 9, 10, 7, 8, 2, 1, 3, 6, 5, 4, 0, 12, 13, 15, 17, 19, 20, 18, 16, 14, 11, 39, 40, 36, 37, 38, 35, 34, 33, 31, 32, 0]
Elapsed time: 58.59955906867981

i:0	63828.371075258205
i:50	50438.55860059995
i:100	50109.08818078828
i:150	49985.1513384605
i:200	49985.1513384605
i:250	49985.1513384605
i:300	49985.1513384605
i:350	49985.1513384605
i:400	49985.1513384605
i:450	49985.1513384605
i:500	49985.1513384605
i:550	49985.1513384605
i:600	49985.1513384605
i:650	49985.1513384605
best: 49985.1513384605
routes: [0, 4, 5, 10, 6, 2, 9, 7, 8, 3, 1, 31, 32, 33, 34, 35, 37, 38, 39, 40, 36, 0, 11, 13, 15, 18, 16, 14, 12, 17, 20, 19, 23, 22, 25, 27, 29, 30, 28, 26, 24, 21, 48, 47, 41, 42, 43, 45, 46, 49, 50, 44, 0]
Elapsed time: 61.490803241729736

i:0	65877.6256367997
i:50	50639.30049779227
i:100	48325.50005352558
i:150	46881.07592775395
i:200	46881.07592775395
i:250	46881.07592775395
i:300	46881.07592775395
i:350	46881.07592775395
i:400	46881.07592775395
i:450	46881.07592775395
i:500	46881.07592775395
i:550	46881.07592775395
i:600	46881.07592775395
i:650	46881.07592775395
best: 46881.07592775395
routes: [0, 11, 12, 13, 15, 17, 19, 20, 18, 16, 14, 31, 32, 33, 34, 35, 38, 37, 36, 39, 40, 0, 23, 22, 25, 27, 29, 30, 28, 26, 24, 21, 48, 47, 41, 42, 43, 45, 46, 49, 50, 44, 8, 7, 9, 10, 5, 6, 2, 1, 3, 4, 0]
Elapsed time: 61.3219780921936

i:0	69022.13177583944
i:50	49531.24252657799
i:100	48139.93210828761
i:150	46960.43203102966
i:200	46960.43203102966
i:250	46960.43203102966
i:300	46960.43203102966
i:350	46960.43203102966
i:400	46960.43203102966
i:450	46960.43203102966
i:500	46960.43203102966
i:550	46960.43203102966
i:600	46960.43203102966
i:650	46960.43203102966
best: 46960.43203102966
routes: [0, 4, 1, 2, 3, 6, 5, 10, 7, 8, 9, 50, 44, 46, 49, 45, 43, 42, 41, 47, 48, 21, 22, 23, 25, 24, 26, 29, 30, 27, 28, 0, 12, 13, 15, 17, 19, 20, 18, 16, 14, 11, 31, 32, 33, 34, 35, 38, 37, 36, 39, 40, 0]
Elapsed time: 59.73914384841919

i:0	61484.828530804734
i:50	48660.243434657255
i:100	46797.10095695681
i:150	46355.362835171516
i:200	46355.362835171516
i:250	46355.362835171516
i:300	46355.362835171516
i:350	46355.362835171516
i:400	46355.362835171516
i:450	46355.362835171516
i:500	46355.362835171516
i:550	46355.362835171516
i:600	46355.362835171516
i:650	46355.362835171516
best: 46355.362835171516
routes: [0, 23, 22, 25, 27, 29, 30, 28, 26, 24, 21, 48, 47, 41, 42, 45, 43, 44, 46, 49, 50, 9, 7, 8, 2, 1, 3, 6, 10, 5, 4, 0, 11, 13, 12, 16, 15, 17, 19, 20, 18, 14, 39, 40, 36, 37, 38, 35, 34, 33, 31, 32, 0]
Elapsed time: 56.628467321395874

i:0	61896.16612722061
i:50	50863.41567142039
i:100	48562.54698608257
i:150	47199.27073471717
i:200	47199.27073471717
i:250	47199.27073471717
i:300	47199.27073471717
i:350	47199.27073471717
i:400	47199.27073471717
i:450	47199.27073471717
i:500	47199.27073471717
i:550	47199.27073471717
i:600	47199.27073471717
i:650	47199.27073471717
best: 47199.27073471717
routes: [0, 4, 5, 10, 6, 3, 1, 2, 8, 7, 9, 50, 44, 46, 49, 45, 43, 42, 41, 47, 48, 21, 22, 23, 25, 27, 24, 26, 29, 30, 28, 0, 12, 13, 15, 17, 19, 20, 18, 16, 14, 11, 31, 32, 33, 34, 35, 38, 37, 36, 39, 40, 0]
Elapsed time: 59.823532819747925

i:0	66672.89530974613
i:50	49293.24439453725
i:100	47365.62573458564
i:150	46727.63813049202
i:200	46700.311154252646
i:250	46700.311154252646
i:300	46700.311154252646
i:350	46700.311154252646
i:400	46700.311154252646
i:450	46700.311154252646
i:500	46700.311154252646
i:550	46700.311154252646
i:600	46700.311154252646
i:650	46700.311154252646
best: 46700.311154252646
routes: [0, 23, 22, 25, 27, 29, 30, 28, 26, 24, 21, 49, 50, 46, 44, 43, 45, 42, 41, 47, 48, 9, 8, 2, 1, 3, 6, 7, 10, 5, 4, 0, 11, 13, 12, 15, 17, 19, 20, 18, 16, 14, 39, 40, 36, 37, 38, 35, 34, 33, 31, 32, 0]
Elapsed time: 57.62703824043274

i:0	66987.0122249757
i:50	48813.11529758241
i:100	46654.14348457804
i:150	46355.4457461701
i:200	46355.4457461701
i:250	46355.4457461701
i:300	46355.4457461701
i:350	46355.4457461701
i:400	46355.4457461701
i:450	46355.4457461701
i:500	46355.4457461701
i:550	46355.4457461701
i:600	46355.4457461701
i:650	46355.4457461701
best: 46355.4457461701
routes: [0, 4, 1, 2, 3, 6, 5, 10, 7, 8, 9, 50, 44, 46, 49, 45, 43, 42, 41, 47, 48, 21, 22, 23, 25, 27, 24, 26, 29, 30, 28, 0, 11, 13, 12, 15, 17, 19, 20, 18, 16, 14, 39, 40, 36, 37, 38, 35, 34, 33, 31, 32, 0]
Elapsed time: 57.42314147949219

i:0	66217.43685251339
i:50	51805.62190408536
i:100	48908.378932398
i:150	47844.02090373779
i:200	47844.02090373779
i:250	47844.02090373779
i:300	47844.02090373779
i:350	47844.02090373779
i:400	47844.02090373779
i:450	47844.02090373779
i:500	47844.02090373779
i:550	47844.02090373779
i:600	47844.02090373779
i:650	47844.02090373779
best: 47844.02090373779
routes: [0, 4, 3, 6, 5, 10, 9, 7, 8, 2, 1, 39, 40, 36, 37, 38, 35, 34, 33, 31, 32, 0, 50, 46, 44, 43, 42, 41, 47, 48, 45, 49, 21, 22, 23, 25, 24, 26, 29, 30, 27, 28, 15, 17, 19, 20, 18, 16, 14, 11, 13, 12, 0]
Elapsed time: 61.689459562301636

i:0	65885.9684856563
i:50	49213.43144138402
i:100	47376.607514913165
i:150	47019.938918406726
i:200	47019.938918406726
i:250	47019.938918406726
i:300	47019.938918406726
i:350	47019.938918406726
i:400	47019.938918406726
i:450	47019.938918406726
i:500	47019.938918406726
i:550	47019.938918406726
i:600	47019.938918406726
i:650	47019.938918406726
best: 47019.938918406726
routes: [0, 23, 22, 25, 27, 29, 30, 28, 26, 24, 21, 48, 47, 41, 42, 45, 43, 44, 46, 49, 50, 9, 10, 5, 6, 7, 8, 2, 1, 3, 4, 0, 12, 13, 15, 17, 19, 20, 18, 16, 14, 11, 31, 32, 33, 34, 35, 38, 37, 36, 39, 40, 0]
Elapsed time: 61.099733114242554

i:0	66943.23420891291
i:50	50198.11755210771
i:100	47913.08003627138
i:150	47655.54823300471
i:200	47655.54823300471
i:250	47655.54823300471
i:300	47655.54823300471
i:350	47655.54823300471
i:400	47655.54823300471
i:450	47655.54823300471
i:500	47655.54823300471
i:550	47655.54823300471
i:600	47655.54823300471
i:650	47655.54823300471
best: 47655.54823300471
routes: [0, 50, 44, 46, 45, 43, 42, 41, 47, 49, 48, 21, 22, 23, 25, 24, 26, 29, 30, 27, 28, 9, 7, 8, 2, 1, 3, 6, 10, 5, 4, 0, 11, 13, 12, 16, 15, 17, 19, 20, 18, 14, 39, 40, 36, 37, 38, 35, 34, 33, 31, 32, 0]
Elapsed time: 61.185821533203125

i:0	65068.93297911356
i:50	50267.998887786816
i:100	49382.12133211125
i:150	48640.875213744774
i:200	48640.875213744774
i:250	48640.875213744774
i:300	48640.875213744774
i:350	48640.875213744774
i:400	48640.875213744774
i:450	48640.875213744774
i:500	48640.875213744774
i:550	48640.875213744774
i:600	48640.875213744774
i:650	48640.875213744774
best: 48640.875213744774
routes: [0, 11, 14, 16, 15, 17, 19, 20, 18, 13, 12, 23, 22, 25, 27, 28, 29, 30, 26, 24, 21, 49, 50, 44, 43, 42, 41, 47, 48, 45, 46, 0, 4, 3, 6, 5, 10, 9, 7, 8, 2, 1, 31, 33, 35, 38, 37, 39, 40, 36, 34, 32, 0]
Elapsed time: 61.34572720527649

i:0	64626.37438151586
i:50	50255.7783649451
i:100	49303.5896013963
i:150	49039.02535556221
i:200	49039.02535556221
i:250	49039.02535556221
i:300	49039.02535556221
i:350	49039.02535556221
i:400	49039.02535556221
i:450	49039.02535556221
i:500	49039.02535556221
i:550	49039.02535556221
i:600	49039.02535556221
i:650	49039.02535556221
best: 49039.02535556221
routes: [0, 11, 17, 19, 20, 18, 15, 16, 12, 13, 14, 39, 40, 37, 38, 36, 35, 33, 34, 31, 32, 0, 4, 3, 6, 1, 7, 8, 2, 10, 5, 9, 49, 50, 44, 46, 45, 43, 42, 41, 47, 48, 21, 22, 23, 25, 24, 26, 29, 30, 27, 28, 0]
Elapsed time: 63.17267441749573

i:0	68222.66815502677
i:50	50389.751308806146
i:100	47959.878258922414
i:150	46058.652586581906
i:200	46058.652586581906
i:250	46058.652586581906
i:300	46058.652586581906
i:350	46058.652586581906
i:400	46058.652586581906
i:450	46058.652586581906
i:500	46058.652586581906
i:550	46058.652586581906
i:600	46058.652586581906
i:650	46058.652586581906
best: 46058.652586581906
routes: [0, 4, 1, 2, 3, 6, 5, 10, 7, 8, 9, 50, 44, 46, 49, 45, 43, 42, 41, 47, 48, 21, 22, 23, 25, 24, 26, 29, 30, 27, 28, 0, 11, 13, 12, 15, 17, 19, 20, 18, 16, 14, 39, 40, 36, 37, 38, 35, 34, 33, 31, 32, 0]
Elapsed time: 63.934170722961426

i:0	69954.60554624858
i:50	48243.69656012942
i:100	47216.75686673164
i:150	47135.919052413825
i:200	47135.919052413825
i:250	47135.919052413825
i:300	47135.919052413825
i:350	47135.919052413825
i:400	47135.919052413825
i:450	47135.919052413825
i:500	47135.919052413825
i:550	47135.919052413825
i:600	47135.919052413825
i:650	47135.919052413825
best: 47135.919052413825
routes: [0, 12, 15, 17, 19, 20, 18, 16, 14, 13, 11, 31, 32, 33, 34, 35, 38, 37, 36, 39, 40, 0, 23, 24, 26, 29, 30, 28, 27, 25, 22, 21, 48, 47, 41, 42, 43, 45, 46, 49, 50, 44, 9, 10, 7, 8, 2, 1, 3, 6, 5, 4, 0]
Elapsed time: 61.86958575248718

i:0	61619.5792683818
i:50	47978.594621874654
i:100	47426.3497226464
i:150	47382.0226334346
i:200	47382.0226334346
i:250	47382.0226334346
i:300	47382.0226334346
i:350	47382.0226334346
i:400	47382.0226334346
i:450	47382.0226334346
i:500	47382.0226334346
i:550	47382.0226334346
i:600	47382.0226334346
i:650	47382.0226334346
best: 47382.0226334346
routes: [0, 4, 1, 2, 3, 6, 5, 10, 7, 8, 9, 50, 44, 46, 49, 45, 43, 42, 41, 47, 48, 21, 24, 26, 29, 30, 28, 27, 25, 23, 22, 0, 11, 13, 12, 15, 16, 17, 19, 20, 18, 14, 31, 32, 33, 34, 35, 38, 37, 36, 39, 40, 0]
Elapsed time: 59.86202883720398

i:0	70836.1385268589
i:50	50547.18615382438
i:100	46620.60798818257
i:150	46058.652586581906
i:200	46058.652586581906
i:250	46058.652586581906
i:300	46058.652586581906
i:350	46058.652586581906
i:400	46058.652586581906
i:450	46058.652586581906
i:500	46058.652586581906
i:550	46058.652586581906
i:600	46058.652586581906
i:650	46058.652586581906
best: 46058.652586581906
routes: [0, 4, 1, 2, 3, 6, 5, 10, 7, 8, 9, 50, 44, 46, 49, 45, 43, 42, 41, 47, 48, 21, 22, 23, 25, 24, 26, 29, 30, 27, 28, 0, 11, 13, 12, 15, 17, 19, 20, 18, 16, 14, 39, 40, 36, 37, 38, 35, 34, 33, 31, 32, 0]
Elapsed time: 62.07567548751831

i:0	68607.97642371559
i:50	48726.680605724294
i:100	47096.94156996853
i:150	46991.71823193935
i:200	46991.71823193935
i:250	46991.71823193935
i:300	46991.71823193935
i:350	46991.71823193935
i:400	46991.71823193935
i:450	46991.71823193935
i:500	46991.71823193935
i:550	46991.71823193935
i:600	46991.71823193935
i:650	46991.71823193935
best: 46991.71823193935
routes: [0, 4, 1, 2, 3, 6, 5, 10, 7, 8, 9, 50, 44, 46, 49, 45, 43, 42, 41, 47, 48, 21, 22, 23, 25, 24, 26, 29, 30, 27, 28, 0, 11, 12, 13, 15, 17, 19, 20, 18, 16, 14, 31, 32, 33, 34, 35, 38, 37, 36, 39, 40, 0]
Elapsed time: 60.13766956329346

i:0	63817.054452072334
i:50	49380.301589501396
i:100	48245.30335332823
i:150	47008.93837328505
i:200	47008.93837328505
i:250	47008.93837328505
i:300	47008.93837328505
i:350	47008.93837328505
i:400	47008.93837328505
i:450	47008.93837328505
i:500	47008.93837328505
i:550	47008.93837328505
i:600	47008.93837328505
i:650	47008.93837328505
best: 47008.93837328505
routes: [0, 4, 3, 1, 2, 8, 6, 5, 10, 7, 9, 50, 44, 46, 49, 45, 43, 42, 41, 47, 48, 21, 22, 23, 25, 24, 26, 29, 30, 27, 28, 0, 11, 12, 13, 15, 17, 19, 20, 18, 16, 14, 31, 32, 33, 34, 35, 38, 37, 36, 39, 40, 0]
Elapsed time: 62.04021644592285

i:0	65395.38468707546
i:50	51672.45189374359
i:100	47724.99664528164
i:150	47078.4344874828
i:200	47078.4344874828
i:250	47078.4344874828
i:300	47078.4344874828
i:350	47078.4344874828
i:400	47078.4344874828
i:450	47078.4344874828
i:500	47078.4344874828
i:550	47078.4344874828
i:600	47078.4344874828
i:650	47078.4344874828
best: 47078.4344874828
routes: [0, 4, 1, 2, 3, 6, 5, 10, 7, 8, 9, 50, 44, 46, 49, 45, 43, 42, 41, 47, 48, 21, 23, 24, 26, 29, 30, 28, 27, 25, 22, 0, 11, 12, 13, 14, 16, 15, 17, 19, 20, 18, 39, 40, 36, 37, 38, 35, 34, 33, 31, 32, 0]
Elapsed time: 62.42164444923401

mean: 47238.65588647056
std: 975.1292309031761
mean-time: 60.67440356016159
std-time: 1.8876643668095219