i:0	297832.43699660193
i:50	67001.14852621222
i:100	67001.14852621222
i:150	67001.14852621222
i:200	67001.14852621222
i:250	67001.14852621222
i:300	67001.14852621222
i:350	67001.14852621222
i:400	67001.14852621222
i:450	67001.14852621222
i:500	67001.14852621222
i:550	67001.14852621222
i:600	67001.14852621222
i:650	67001.14852621222
best: 67001.14852621222
routes: [0, 26, 28, 27, 29, 30, 39, 36, 38, 37, 40, 31, 32, 34, 35, 33, 50, 49, 48, 47, 46, 0, 1, 2, 4, 3, 5, 44, 43, 45, 41, 42, 23, 25, 21, 22, 24, 9, 10, 8, 7, 6, 0, 16, 20, 19, 18, 17, 14, 15, 13, 12, 11, 0]
Elapsed time: 16.66490077972412

i:0	106234.21140645508
i:50	67440.3116902152
i:100	67440.3116902152
i:150	67440.3116902152
i:200	67440.3116902152
i:250	67440.3116902152
i:300	67440.3116902152
i:350	67440.3116902152
i:400	67440.3116902152
i:450	67440.3116902152
i:500	67440.3116902152
i:550	67440.3116902152
i:600	67440.3116902152
i:650	67440.3116902152
best: 67440.3116902152
routes: [0, 49, 50, 48, 47, 46, 33, 34, 31, 32, 35, 40, 38, 37, 39, 36, 29, 30, 28, 27, 26, 0, 8, 7, 9, 10, 6, 24, 25, 23, 22, 21, 44, 43, 45, 41, 42, 5, 3, 2, 4, 1, 0, 12, 15, 13, 14, 11, 18, 17, 20, 19, 16, 0]
Elapsed time: 20.935770273208618

i:0	95334.02647539102
i:50	69422.62455245672
i:100	69422.62455245672
i:150	69422.62455245672
i:200	69422.62455245672
i:250	69422.62455245672
i:300	69422.62455245672
i:350	69422.62455245672
i:400	69422.62455245672
i:450	69422.62455245672
i:500	69422.62455245672
i:550	69422.62455245672
i:600	69422.62455245672
i:650	69422.62455245672
best: 69422.62455245672
routes: [0, 29, 30, 26, 28, 27, 39, 36, 38, 37, 40, 33, 31, 32, 34, 35, 50, 49, 48, 47, 46, 0, 44, 43, 42, 45, 41, 24, 25, 23, 21, 22, 6, 8, 7, 9, 10, 5, 3, 1, 2, 4, 0, 12, 15, 13, 14, 11, 17, 19, 18, 20, 16, 0]
Elapsed time: 21.229597330093384

i:0	86512.94122486904
i:50	65165.83279287178
i:100	65165.83279287178
i:150	65165.83279287178
i:200	65165.83279287178
i:250	65165.83279287178
i:300	65165.83279287178
i:350	65165.83279287178
i:400	65165.83279287178
i:450	65165.83279287178
i:500	65165.83279287178
i:550	65165.83279287178
i:600	65165.83279287178
i:650	65165.83279287178
best: 65165.83279287178
routes: [0, 1, 2, 4, 3, 5, 44, 43, 45, 41, 42, 24, 25, 23, 21, 22, 9, 10, 8, 7, 6, 0, 26, 28, 27, 29, 30, 39, 36, 38, 37, 40, 32, 34, 35, 33, 31, 50, 49, 48, 47, 46, 0, 11, 12, 15, 13, 14, 20, 18, 17, 19, 16, 0]
Elapsed time: 21.018371105194092

i:0	285377.9246554977
i:50	65866.43106052619
i:100	65866.43106052619
i:150	65866.43106052619
i:200	65866.43106052619
i:250	65866.43106052619
i:300	65866.43106052619
i:350	65866.43106052619
i:400	65866.43106052619
i:450	65866.43106052619
i:500	65866.43106052619
i:550	65866.43106052619
i:600	65866.43106052619
i:650	65866.43106052619
best: 65866.43106052619
routes: [0, 8, 7, 9, 10, 6, 25, 23, 22, 24, 21, 41, 42, 45, 43, 44, 1, 2, 5, 3, 4, 0, 49, 50, 48, 47, 46, 33, 31, 32, 34, 35, 40, 38, 37, 39, 36, 29, 30, 28, 27, 26, 0, 14, 13, 12, 15, 11, 18, 17, 20, 19, 16, 0]
Elapsed time: 17.830347299575806

i:0	86781.90130681885
i:50	66906.6378919668
i:100	66906.6378919668
i:150	66906.6378919668
i:200	66906.6378919668
i:250	66906.6378919668
i:300	66906.6378919668
i:350	66906.6378919668
i:400	66906.6378919668
i:450	66906.6378919668
i:500	66906.6378919668
i:550	66906.6378919668
i:600	66906.6378919668
i:650	66906.6378919668
best: 66906.6378919668
routes: [0, 6, 8, 7, 10, 9, 24, 25, 23, 22, 21, 45, 43, 41, 42, 44, 5, 3, 4, 1, 2, 0, 49, 50, 48, 47, 46, 33, 34, 31, 32, 35, 40, 38, 37, 39, 36, 29, 30, 28, 27, 26, 0, 14, 13, 12, 15, 11, 18, 17, 20, 19, 16, 0]
Elapsed time: 21.655964851379395

i:0	300432.42074951145
i:50	66605.70930866
i:100	66605.70930866
i:150	66605.70930866
i:200	66605.70930866
i:250	66605.70930866
i:300	66605.70930866
i:350	66605.70930866
i:400	66605.70930866
i:450	66605.70930866
i:500	66605.70930866
i:550	66605.70930866
i:600	66605.70930866
i:650	66605.70930866
best: 66605.70930866
routes: [0, 26, 28, 27, 29, 30, 39, 36, 38, 37, 40, 33, 34, 31, 32, 35, 50, 49, 48, 47, 46, 0, 4, 3, 1, 2, 5, 44, 43, 45, 41, 42, 24, 25, 23, 21, 22, 9, 10, 8, 7, 6, 0, 16, 18, 17, 19, 20, 14, 15, 13, 12, 11, 0]
Elapsed time: 20.574014902114868

i:0	92977.77727148174
i:50	65184.40630533114
i:100	65184.40630533114
i:150	65184.40630533114
i:200	65184.40630533114
i:250	65184.40630533114
i:300	65184.40630533114
i:350	65184.40630533114
i:400	65184.40630533114
i:450	65184.40630533114
i:500	65184.40630533114
i:550	65184.40630533114
i:600	65184.40630533114
i:650	65184.40630533114
best: 65184.40630533114
routes: [0, 49, 50, 48, 47, 46, 31, 32, 34, 33, 35, 40, 38, 37, 39, 36, 29, 30, 28, 27, 26, 0, 3, 1, 2, 4, 5, 6, 8, 7, 10, 9, 24, 25, 23, 22, 21, 45, 43, 41, 42, 44, 0, 11, 12, 15, 13, 14, 20, 18, 17, 19, 16, 0]
Elapsed time: 19.35754632949829

i:0	293415.55096397933
i:50	69681.18923307884
i:100	69213.12808812971
i:150	69213.12808812971
i:200	69213.12808812971
i:250	69213.12808812971
i:300	69213.12808812971
i:350	69213.12808812971
i:400	69213.12808812971
i:450	69213.12808812971
i:500	69213.12808812971
i:550	69213.12808812971
i:600	69213.12808812971
i:650	69213.12808812971
best: 69213.12808812971
routes: [0, 1, 2, 4, 3, 5, 6, 8, 7, 9, 10, 15, 13, 12, 14, 11, 19, 18, 17, 20, 16, 0, 29, 30, 27, 26, 28, 40, 38, 37, 39, 36, 33, 31, 32, 34, 35, 49, 50, 47, 46, 48, 0, 25, 23, 24, 21, 22, 41, 42, 45, 43, 44, 0]
Elapsed time: 21.447551488876343

i:0	84460.87126529263
i:50	67081.6458218127
i:100	67081.6458218127
i:150	67081.6458218127
i:200	67081.6458218127
i:250	67081.6458218127
i:300	67081.6458218127
i:350	67081.6458218127
i:400	67081.6458218127
i:450	67081.6458218127
i:500	67081.6458218127
i:550	67081.6458218127
i:600	67081.6458218127
i:650	67081.6458218127
best: 67081.6458218127
routes: [0, 49, 50, 48, 47, 46, 31, 32, 34, 33, 35, 40, 38, 37, 39, 36, 29, 30, 28, 27, 26, 0, 4, 3, 1, 2, 5, 44, 43, 42, 45, 41, 24, 21, 22, 25, 23, 6, 8, 7, 9, 10, 0, 16, 20, 19, 18, 17, 13, 15, 11, 12, 14, 0]
Elapsed time: 18.538373231887817

i:0	94576.95256213774
i:50	66268.97218925007
i:100	66268.97218925007
i:150	66268.97218925007
i:200	66268.97218925007
i:250	66268.97218925007
i:300	66268.97218925007
i:350	66268.97218925007
i:400	66268.97218925007
i:450	66268.97218925007
i:500	66268.97218925007
i:550	66268.97218925007
i:600	66268.97218925007
i:650	66268.97218925007
best: 66268.97218925007
routes: [0, 3, 1, 2, 4, 5, 6, 8, 7, 10, 9, 25, 23, 22, 24, 21, 44, 43, 45, 41, 42, 0, 49, 50, 48, 47, 46, 34, 35, 33, 32, 31, 40, 38, 37, 39, 36, 29, 30, 28, 27, 26, 0, 12, 15, 13, 14, 11, 18, 17, 20, 19, 16, 0]
Elapsed time: 21.168874502182007

i:0	85098.41064049945
i:50	64300.04636166939
i:100	64300.04636166939
i:150	64300.04636166939
i:200	64300.04636166939
i:250	64300.04636166939
i:300	64300.04636166939
i:350	64300.04636166939
i:400	64300.04636166939
i:450	64300.04636166939
i:500	64300.04636166939
i:550	64300.04636166939
i:600	64300.04636166939
i:650	64300.04636166939
best: 64300.04636166939
routes: [0, 4, 5, 3, 1, 2, 44, 43, 45, 41, 42, 21, 22, 24, 25, 23, 6, 8, 7, 9, 10, 0, 26, 28, 27, 29, 30, 39, 36, 38, 37, 40, 33, 34, 31, 32, 35, 50, 49, 48, 47, 46, 0, 13, 14, 11, 12, 15, 20, 18, 17, 19, 16, 0]
Elapsed time: 17.09634494781494

i:0	85503.28723149626
i:50	65294.084316716355
i:100	65294.084316716355
i:150	65294.084316716355
i:200	65294.084316716355
i:250	65294.084316716355
i:300	65294.084316716355
i:350	65294.084316716355
i:400	65294.084316716355
i:450	65294.084316716355
i:500	65294.084316716355
i:550	65294.084316716355
i:600	65294.084316716355
i:650	65294.084316716355
best: 65294.084316716355
routes: [0, 26, 28, 27, 29, 30, 39, 36, 38, 37, 40, 33, 34, 31, 32, 35, 50, 49, 48, 47, 46, 0, 4, 5, 3, 1, 2, 44, 43, 42, 45, 41, 24, 21, 22, 25, 23, 6, 8, 7, 9, 10, 0, 11, 12, 15, 13, 14, 20, 18, 17, 19, 16, 0]
Elapsed time: 20.96545696258545

i:0	82240.23979953703
i:50	65903.65271021862
i:100	65903.65271021862
i:150	65903.65271021862
i:200	65903.65271021862
i:250	65903.65271021862
i:300	65903.65271021862
i:350	65903.65271021862
i:400	65903.65271021862
i:450	65903.65271021862
i:500	65903.65271021862
i:550	65903.65271021862
i:600	65903.65271021862
i:650	65903.65271021862
best: 65903.65271021862
routes: [0, 49, 50, 48, 47, 46, 34, 35, 33, 32, 31, 40, 38, 37, 39, 36, 29, 30, 28, 27, 26, 0, 8, 7, 9, 10, 6, 24, 25, 23, 22, 21, 44, 43, 45, 41, 42, 1, 2, 5, 3, 4, 0, 16, 18, 17, 19, 20, 14, 15, 13, 12, 11, 0]
Elapsed time: 16.786131143569946

i:0	291076.50480824115
i:50	65852.90674164273
i:100	65852.90674164273
i:150	65852.90674164273
i:200	65852.90674164273
i:250	65852.90674164273
i:300	65852.90674164273
i:350	65852.90674164273
i:400	65852.90674164273
i:450	65852.90674164273
i:500	65852.90674164273
i:550	65852.90674164273
i:600	65852.90674164273
i:650	65852.90674164273
best: 65852.90674164273
routes: [0, 4, 1, 2, 5, 3, 44, 43, 45, 41, 42, 24, 25, 23, 21, 22, 9, 10, 8, 7, 6, 0, 26, 28, 27, 29, 30, 39, 36, 38, 37, 40, 33, 34, 31, 32, 35, 50, 49, 48, 47, 46, 0, 11, 12, 15, 13, 14, 20, 18, 17, 19, 16, 0]
Elapsed time: 18.417996406555176

i:0	83887.07072927913
i:50	65478.15853075861
i:100	65315.5312596867
i:150	65315.5312596867
i:200	65315.5312596867
i:250	65315.5312596867
i:300	65315.5312596867
i:350	65315.5312596867
i:400	65315.5312596867
i:450	65315.5312596867
i:500	65315.5312596867
i:550	65315.5312596867
i:600	65315.5312596867
i:650	65315.5312596867
best: 65315.5312596867
routes: [0, 4, 5, 3, 1, 2, 44, 43, 42, 45, 41, 24, 21, 22, 25, 23, 6, 8, 7, 9, 10, 0, 49, 50, 48, 47, 46, 34, 35, 33, 32, 31, 40, 38, 37, 39, 36, 29, 30, 28, 27, 26, 0, 12, 15, 13, 14, 11, 18, 17, 20, 19, 16, 0]
Elapsed time: 18.676470279693604

i:0	84565.32624430035
i:50	65250.21778759951
i:100	65250.21778759951
i:150	65250.21778759951
i:200	65250.21778759951
i:250	65250.21778759951
i:300	65250.21778759951
i:350	65250.21778759951
i:400	65250.21778759951
i:450	65250.21778759951
i:500	65250.21778759951
i:550	65250.21778759951
i:600	65250.21778759951
i:650	65250.21778759951
best: 65250.21778759951
routes: [0, 26, 28, 27, 29, 30, 39, 36, 38, 37, 40, 31, 32, 34, 35, 33, 50, 49, 48, 47, 46, 0, 4, 5, 3, 1, 2, 44, 43, 45, 41, 42, 25, 23, 21, 22, 24, 9, 10, 8, 7, 6, 0, 11, 12, 15, 13, 14, 20, 19, 18, 17, 16, 0]
Elapsed time: 16.120542526245117

i:0	88350.5209874881
i:50	67878.27989285851
i:100	67878.27989285851
i:150	67878.27989285851
i:200	67878.27989285851
i:250	67878.27989285851
i:300	67878.27989285851
i:350	67878.27989285851
i:400	67878.27989285851
i:450	67878.27989285851
i:500	67878.27989285851
i:550	67878.27989285851
i:600	67878.27989285851
i:650	67878.27989285851
best: 67878.27989285851
routes: [0, 26, 28, 27, 29, 30, 39, 36, 38, 37, 40, 33, 31, 32, 34, 35, 50, 49, 48, 47, 46, 0, 4, 1, 2, 5, 3, 44, 43, 42, 45, 41, 24, 25, 23, 21, 22, 6, 8, 7, 9, 10, 0, 14, 13, 12, 15, 11, 18, 17, 20, 19, 16, 0]
Elapsed time: 24.23669195175171

i:0	87097.57118937928
i:50	64756.07781008165
i:100	64756.07781008165
i:150	64756.07781008165
i:200	64756.07781008165
i:250	64756.07781008165
i:300	64756.07781008165
i:350	64756.07781008165
i:400	64756.07781008165
i:450	64756.07781008165
i:500	64756.07781008165
i:550	64756.07781008165
i:600	64756.07781008165
i:650	64756.07781008165
best: 64756.07781008165
routes: [0, 26, 28, 27, 29, 30, 39, 36, 38, 37, 40, 32, 34, 35, 33, 31, 50, 49, 48, 47, 46, 0, 6, 10, 9, 8, 7, 24, 25, 23, 22, 21, 41, 42, 45, 43, 44, 2, 4, 5, 3, 1, 0, 11, 12, 15, 13, 14, 20, 18, 17, 19, 16, 0]
Elapsed time: 15.5734543800354

i:0	89998.0420607389
i:50	66464.90790334626
i:100	66464.90790334626
i:150	66464.90790334626
i:200	66464.90790334626
i:250	66464.90790334626
i:300	66464.90790334626
i:350	66464.90790334626
i:400	66464.90790334626
i:450	66464.90790334626
i:500	66464.90790334626
i:550	66464.90790334626
i:600	66464.90790334626
i:650	66464.90790334626
best: 66464.90790334626
routes: [0, 23, 24, 25, 21, 22, 45, 43, 41, 42, 44, 39, 40, 38, 37, 36, 29, 30, 28, 27, 26, 0, 48, 47, 49, 50, 46, 31, 32, 35, 33, 34, 16, 18, 17, 19, 20, 15, 13, 12, 14, 11, 0, 4, 3, 1, 2, 5, 9, 10, 8, 7, 6, 0]
Elapsed time: 60.748711824417114

mean: 66358.62765056262
std: 1343.3965565725853
mean-time: 21.45215562582016
std-time: 9.282135019618105