i:0	68093.98221045594
i:50	52956.19555492941
i:100	49545.82730737368
i:150	49370.52855066538
i:200	49370.52855066538
i:250	49370.52855066538
i:300	49370.52855066538
i:350	49370.52855066538
i:400	49370.52855066538
i:450	49370.52855066538
i:500	49370.52855066538
i:550	49370.52855066538
i:600	49370.52855066538
i:650	49370.52855066538
best: 49370.52855066538
routes: [0, 12, 15, 17, 19, 20, 18, 16, 14, 13, 11, 39, 40, 36, 37, 38, 35, 34, 33, 31, 32, 0, 23, 24, 26, 29, 30, 28, 27, 25, 22, 21, 48, 47, 41, 42, 43, 45, 46, 49, 50, 44, 0, 1, 2, 8, 7, 9, 10, 5, 6, 3, 4, 0]
Elapsed time: 52.97359895706177

i:0	67973.09442415106
i:50	52471.79327144004
i:100	51484.8528174477
i:150	51406.49647691297
i:200	51406.49647691297
i:250	51406.49647691297
i:300	51406.49647691297
i:350	51406.49647691297
i:400	51406.49647691297
i:450	51406.49647691297
i:500	51406.49647691297
i:550	51406.49647691297
i:600	51406.49647691297
i:650	51406.49647691297
best: 51406.49647691297
routes: [0, 50, 44, 43, 42, 41, 47, 45, 46, 49, 48, 21, 24, 26, 29, 30, 27, 25, 22, 23, 28, 0, 4, 3, 6, 5, 10, 9, 7, 8, 2, 1, 31, 33, 35, 38, 37, 39, 40, 36, 34, 32, 0, 11, 13, 12, 15, 17, 19, 20, 18, 16, 14, 0]
Elapsed time: 48.5820996761322

i:0	69573.78442087624
i:50	52687.95292108852
i:100	50415.02842386526
i:150	49890.12425031761
i:200	49890.12425031761
i:250	49890.12425031761
i:300	49890.12425031761
i:350	49890.12425031761
i:400	49890.12425031761
i:450	49890.12425031761
i:500	49890.12425031761
i:550	49890.12425031761
i:600	49890.12425031761
i:650	49890.12425031761
best: 49890.12425031761
routes: [0, 12, 15, 17, 19, 20, 18, 16, 14, 13, 11, 39, 40, 36, 37, 38, 35, 34, 33, 31, 32, 0, 23, 24, 26, 29, 30, 28, 27, 25, 22, 21, 46, 44, 43, 42, 41, 47, 48, 45, 49, 50, 0, 3, 6, 5, 10, 9, 7, 8, 2, 1, 4, 0]
Elapsed time: 52.76843452453613

i:0	65305.873053954114
i:50	50581.23344660099
i:100	49875.78073334586
i:150	49766.10594306074
i:200	49766.10594306074
i:250	49766.10594306074
i:300	49766.10594306074
i:350	49766.10594306074
i:400	49766.10594306074
i:450	49766.10594306074
i:500	49766.10594306074
i:550	49766.10594306074
i:600	49766.10594306074
i:650	49766.10594306074
best: 49766.10594306074
routes: [0, 4, 5, 6, 7, 10, 9, 8, 2, 3, 1, 31, 32, 33, 34, 35, 38, 36, 37, 39, 40, 0, 23, 24, 26, 29, 30, 28, 27, 25, 22, 21, 48, 47, 41, 42, 43, 45, 46, 49, 50, 44, 0, 11, 13, 15, 17, 19, 20, 18, 16, 14, 12, 0]
Elapsed time: 52.686771631240845

i:0	68226.41061147733
i:50	53424.73485464585
i:100	51165.23650609376
i:150	51165.23650609376
i:200	51165.23650609376
i:250	51165.23650609376
i:300	51165.23650609376
i:350	51165.23650609376
i:400	51165.23650609376
i:450	51165.23650609376
i:500	51165.23650609376
i:550	51165.23650609376
i:600	51165.23650609376
i:650	51165.23650609376
best: 51165.23650609376
routes: [0, 4, 3, 2, 8, 7, 9, 10, 5, 6, 1, 31, 32, 33, 35, 38, 37, 39, 40, 36, 34, 0, 50, 46, 49, 44, 43, 45, 42, 41, 47, 48, 21, 22, 23, 25, 24, 26, 29, 30, 27, 28, 0, 11, 13, 12, 15, 17, 19, 20, 18, 16, 14, 0]
Elapsed time: 48.707515001297

i:0	65818.30680401766
i:50	53542.96672419736
i:100	52489.85309917726
i:150	51297.314678902185
i:200	51297.314678902185
i:250	51297.314678902185
i:300	51297.314678902185
i:350	51297.314678902185
i:400	51297.314678902185
i:450	51297.314678902185
i:500	51297.314678902185
i:550	51297.314678902185
i:600	51297.314678902185
i:650	51297.314678902185
best: 51297.314678902185
routes: [0, 23, 22, 25, 27, 29, 30, 28, 26, 24, 21, 47, 41, 42, 43, 45, 48, 46, 49, 50, 44, 0, 4, 3, 8, 7, 9, 10, 5, 6, 2, 1, 31, 35, 38, 37, 39, 40, 36, 34, 33, 32, 0, 11, 13, 15, 17, 19, 20, 18, 16, 14, 12, 0]
Elapsed time: 55.835383892059326

i:0	65918.59216377797
i:50	51970.92071324613
i:100	49678.86818644896
i:150	49338.95712503661
i:200	49338.95712503661
i:250	49338.95712503661
i:300	49338.95712503661
i:350	49338.95712503661
i:400	49338.95712503661
i:450	49338.95712503661
i:500	49338.95712503661
i:550	49338.95712503661
i:600	49338.95712503661
i:650	49338.95712503661
best: 49338.95712503661
routes: [0, 23, 24, 26, 29, 30, 28, 27, 25, 22, 21, 48, 47, 41, 42, 43, 45, 46, 49, 50, 44, 0, 4, 3, 6, 5, 10, 9, 7, 8, 2, 1, 31, 32, 33, 34, 35, 38, 36, 37, 39, 40, 0, 11, 13, 12, 15, 17, 19, 20, 18, 16, 14, 0]
Elapsed time: 52.876205921173096

i:0	67106.24911419992
i:50	53814.30308675142
i:100	52056.76651265229
i:150	51954.94709819497
i:200	51954.94709819497
i:250	51954.94709819497
i:300	51954.94709819497
i:350	51954.94709819497
i:400	51954.94709819497
i:450	51954.94709819497
i:500	51954.94709819497
i:550	51954.94709819497
i:600	51954.94709819497
i:650	51954.94709819497
best: 51954.94709819497
routes: [0, 50, 46, 49, 44, 43, 45, 42, 41, 47, 48, 21, 22, 23, 28, 27, 25, 24, 26, 29, 30, 0, 4, 3, 8, 7, 9, 10, 5, 6, 2, 1, 31, 32, 33, 35, 38, 37, 39, 40, 36, 34, 0, 11, 13, 15, 17, 19, 20, 18, 16, 14, 12, 0]
Elapsed time: 53.477540731430054

i:0	66352.14025161986
i:50	53678.78381832662
i:100	50632.84112224501
i:150	50410.684001552596
i:200	50410.684001552596
i:250	50410.684001552596
i:300	50410.684001552596
i:350	50410.684001552596
i:400	50410.684001552596
i:450	50410.684001552596
i:500	50410.684001552596
i:550	50410.684001552596
i:600	50410.684001552596
i:650	50410.684001552596
best: 50410.684001552596
routes: [0, 4, 3, 6, 5, 10, 9, 7, 8, 2, 1, 31, 32, 33, 34, 35, 38, 36, 37, 39, 40, 0, 50, 46, 49, 44, 43, 45, 42, 41, 47, 48, 21, 22, 23, 28, 27, 25, 24, 26, 29, 30, 0, 11, 13, 12, 15, 17, 19, 20, 18, 16, 14, 0]
Elapsed time: 51.83929920196533

i:0	72049.71628733349
i:50	51715.41464479821
i:100	50771.11905002788
i:150	50166.223877829754
i:200	50166.223877829754
i:250	50166.223877829754
i:300	50166.223877829754
i:350	50166.223877829754
i:400	50166.223877829754
i:450	50166.223877829754
i:500	50166.223877829754
i:550	50166.223877829754
i:600	50166.223877829754
i:650	50166.223877829754
best: 50166.223877829754
routes: [0, 50, 46, 44, 43, 45, 42, 41, 47, 49, 48, 21, 22, 23, 25, 24, 26, 29, 30, 27, 28, 0, 1, 3, 4, 6, 5, 10, 9, 7, 8, 2, 31, 32, 33, 34, 35, 38, 36, 37, 39, 40, 0, 11, 13, 12, 15, 17, 19, 20, 18, 16, 14, 0]
Elapsed time: 51.77265644073486

i:0	66277.34534167941
i:50	51432.31353548182
i:100	49839.07167656279
i:150	49839.07167656279
i:200	49839.07167656279
i:250	49839.07167656279
i:300	49839.07167656279
i:350	49839.07167656279
i:400	49839.07167656279
i:450	49839.07167656279
i:500	49839.07167656279
i:550	49839.07167656279
i:600	49839.07167656279
i:650	49839.07167656279
best: 49839.07167656279
routes: [0, 12, 13, 15, 17, 19, 20, 18, 16, 14, 11, 39, 40, 36, 37, 38, 35, 34, 33, 31, 32, 0, 23, 22, 25, 27, 29, 30, 28, 26, 24, 21, 49, 45, 48, 47, 41, 42, 43, 44, 46, 50, 0, 4, 3, 6, 5, 10, 9, 7, 8, 2, 1, 0]
Elapsed time: 50.13127875328064

i:0	71437.57209451086
i:50	51333.12619604173
i:100	50655.29108675072
i:150	49988.41213452292
i:200	49988.41213452292
i:250	49988.41213452292
i:300	49988.41213452292
i:350	49988.41213452292
i:400	49988.41213452292
i:450	49988.41213452292
i:500	49988.41213452292
i:550	49988.41213452292
i:600	49988.41213452292
i:650	49988.41213452292
best: 49988.41213452292
routes: [0, 4, 3, 6, 5, 10, 9, 7, 8, 2, 1, 31, 32, 33, 34, 35, 38, 36, 37, 39, 40, 0, 50, 46, 44, 43, 45, 42, 41, 47, 49, 48, 21, 22, 23, 25, 24, 26, 29, 30, 27, 28, 0, 11, 13, 12, 15, 17, 19, 20, 18, 16, 14, 0]
Elapsed time: 51.743759632110596

i:0	68397.8920438996
i:50	52395.65264585502
i:100	50287.24571456055
i:150	49876.30302776195
i:200	49876.30302776195
i:250	49876.30302776195
i:300	49876.30302776195
i:350	49876.30302776195
i:400	49876.30302776195
i:450	49876.30302776195
i:500	49876.30302776195
i:550	49876.30302776195
i:600	49876.30302776195
i:650	49876.30302776195
best: 49876.30302776195
routes: [0, 11, 13, 12, 15, 17, 19, 20, 18, 16, 14, 39, 40, 36, 37, 38, 35, 34, 33, 31, 32, 0, 50, 44, 46, 49, 47, 41, 42, 43, 45, 48, 21, 22, 23, 25, 24, 26, 29, 30, 27, 28, 0, 3, 6, 5, 10, 9, 7, 8, 2, 1, 4, 0]
Elapsed time: 53.85972261428833

i:0	70810.30835482411
i:50	50843.545810462456
i:100	49455.02895860062
i:150	49114.65008331442
i:200	49114.65008331442
i:250	49114.65008331442
i:300	49114.65008331442
i:350	49114.65008331442
i:400	49114.65008331442
i:450	49114.65008331442
i:500	49114.65008331442
i:550	49114.65008331442
i:600	49114.65008331442
i:650	49114.65008331442
best: 49114.65008331442
routes: [0, 23, 24, 26, 29, 30, 28, 27, 25, 22, 21, 48, 47, 41, 42, 43, 45, 46, 49, 50, 44, 0, 11, 13, 12, 15, 17, 19, 20, 18, 16, 14, 39, 40, 36, 37, 38, 35, 34, 33, 31, 32, 0, 1, 3, 2, 8, 7, 9, 10, 5, 6, 4, 0]
Elapsed time: 52.6441125869751

i:0	68769.82821280176
i:50	51333.50593525397
i:100	49350.46966170824
i:150	49304.789696048756
i:200	49304.789696048756
i:250	49304.789696048756
i:300	49304.789696048756
i:350	49304.789696048756
i:400	49304.789696048756
i:450	49304.789696048756
i:500	49304.789696048756
i:550	49304.789696048756
i:600	49304.789696048756
i:650	49304.789696048756
best: 49304.789696048756
routes: [0, 23, 22, 25, 27, 29, 30, 28, 26, 24, 21, 48, 47, 41, 42, 43, 45, 46, 49, 50, 44, 0, 4, 3, 6, 5, 10, 9, 7, 8, 2, 1, 31, 32, 33, 34, 35, 38, 36, 37, 39, 40, 0, 11, 13, 12, 15, 17, 19, 20, 18, 16, 14, 0]
Elapsed time: 54.10331606864929

i:0	64562.9796798974
i:50	51992.92045766482
i:100	50361.094751050274
i:150	50036.175683608235
i:200	50036.175683608235
i:250	50036.175683608235
i:300	50036.175683608235
i:350	50036.175683608235
i:400	50036.175683608235
i:450	50036.175683608235
i:500	50036.175683608235
i:550	50036.175683608235
i:600	50036.175683608235
i:650	50036.175683608235
best: 50036.175683608235
routes: [0, 23, 24, 26, 29, 30, 28, 27, 25, 22, 21, 49, 50, 46, 45, 48, 47, 41, 42, 43, 44, 0, 4, 5, 6, 7, 10, 9, 8, 2, 3, 1, 31, 32, 33, 34, 35, 38, 36, 37, 39, 40, 0, 11, 13, 12, 15, 17, 19, 20, 18, 16, 14, 0]
Elapsed time: 52.6329185962677

i:0	66916.07542268072
i:50	52686.55965003777
i:100	51011.86203996335
i:150	50480.86957110974
i:200	50480.86957110974
i:250	50480.86957110974
i:300	50480.86957110974
i:350	50480.86957110974
i:400	50480.86957110974
i:450	50480.86957110974
i:500	50480.86957110974
i:550	50480.86957110974
i:600	50480.86957110974
i:650	50480.86957110974
best: 50480.86957110974
routes: [0, 12, 13, 15, 17, 19, 20, 18, 16, 14, 11, 39, 40, 36, 37, 38, 35, 34, 33, 31, 32, 0, 23, 22, 25, 24, 26, 29, 30, 27, 28, 21, 47, 48, 49, 50, 44, 43, 42, 41, 45, 46, 0, 3, 6, 5, 10, 9, 7, 8, 2, 1, 4, 0]
Elapsed time: 51.544188499450684

i:0	66693.92538147628
i:50	52890.48955939646
i:100	52042.909977930256
i:150	50909.51561849631
i:200	50909.51561849631
i:250	50909.51561849631
i:300	50909.51561849631
i:350	50909.51561849631
i:400	50909.51561849631
i:450	50909.51561849631
i:500	50909.51561849631
i:550	50909.51561849631
i:600	50909.51561849631
i:650	50909.51561849631
best: 50909.51561849631
routes: [0, 50, 44, 43, 42, 41, 45, 46, 49, 47, 48, 21, 24, 26, 29, 30, 27, 25, 22, 23, 28, 0, 11, 12, 13, 14, 16, 15, 17, 19, 20, 18, 39, 40, 36, 37, 38, 35, 34, 33, 31, 32, 0, 5, 10, 9, 7, 8, 2, 1, 3, 6, 4, 0]
Elapsed time: 47.80552291870117

i:0	64436.694960572655
i:50	51847.04046549302
i:100	50055.13899108728
i:150	49887.3882982481
i:200	49887.3882982481
i:250	49887.3882982481
i:300	49887.3882982481
i:350	49887.3882982481
i:400	49887.3882982481
i:450	49887.3882982481
i:500	49887.3882982481
i:550	49887.3882982481
i:600	49887.3882982481
i:650	49887.3882982481
best: 49887.3882982481
routes: [0, 23, 22, 25, 27, 29, 30, 28, 26, 24, 21, 47, 48, 45, 42, 41, 43, 44, 46, 49, 50, 0, 4, 5, 6, 10, 7, 9, 8, 2, 1, 3, 31, 32, 33, 34, 35, 38, 36, 37, 39, 40, 0, 11, 13, 15, 17, 19, 20, 18, 16, 14, 12, 0]
Elapsed time: 51.132108211517334

i:0	67374.41788539775
i:50	50239.02532128236
i:100	49911.70992587446
i:150	49502.63888869382
i:200	49502.63888869382
i:250	49502.63888869382
i:300	49502.63888869382
i:350	49502.63888869382
i:400	49502.63888869382
i:450	49502.63888869382
i:500	49502.63888869382
i:550	49502.63888869382
i:600	49502.63888869382
i:650	49502.63888869382
best: 49502.63888869382
routes: [0, 23, 22, 25, 27, 29, 30, 28, 26, 24, 21, 47, 41, 42, 43, 45, 48, 46, 49, 50, 44, 0, 11, 13, 12, 16, 15, 17, 19, 20, 18, 14, 39, 40, 36, 37, 38, 35, 34, 33, 31, 32, 0, 1, 3, 6, 2, 8, 7, 9, 10, 5, 4, 0]
Elapsed time: 48.03555130958557

mean: 50185.32165934668
std: 770.6672370688749
mean-time: 51.75759925842285
std-time: 2.0931216634570595