i:0	68682.94712466757
i:50	50372.41330384797
i:100	50000.63684371467
i:150	49890.7346074542
i:200	49890.7346074542
i:250	49890.7346074542
i:300	49890.7346074542
i:350	49890.7346074542
i:400	49890.7346074542
i:450	49890.7346074542
i:500	49890.7346074542
i:550	49890.7346074542
i:600	49890.7346074542
i:650	49890.7346074542
best: 49890.7346074542
routes: [0, 24, 25, 27, 29, 30, 26, 22, 21, 23, 28, 36, 31, 32, 33, 35, 38, 34, 37, 39, 40, 0, 13, 12, 17, 15, 16, 20, 19, 18, 14, 11, 50, 49, 47, 48, 46, 45, 44, 43, 41, 42, 0, 1, 2, 3, 5, 4, 7, 9, 10, 8, 6, 0]
Elapsed time: 51.04039120674133

i:0	72465.8541903003
i:50	51684.26186209103
i:100	50635.560588642504
i:150	50492.69509405742
i:200	50492.69509405742
i:250	50492.69509405742
i:300	50492.69509405742
i:350	50492.69509405742
i:400	50492.69509405742
i:450	50492.69509405742
i:500	50492.69509405742
i:550	50492.69509405742
i:600	50492.69509405742
i:650	50492.69509405742
best: 50492.69509405742
routes: [0, 12, 18, 19, 20, 15, 16, 17, 13, 14, 11, 50, 49, 47, 48, 46, 45, 44, 43, 41, 42, 0, 36, 34, 31, 32, 33, 35, 38, 37, 39, 40, 28, 30, 29, 27, 24, 25, 26, 23, 21, 22, 0, 3, 5, 8, 6, 10, 9, 7, 4, 1, 2, 0]
Elapsed time: 53.6321496963501

i:0	69371.16851284294
i:50	49221.609087195495
i:100	47686.64378676013
i:150	47646.14283657158
i:200	47646.14283657158
i:250	47646.14283657158
i:300	47646.14283657158
i:350	47646.14283657158
i:400	47646.14283657158
i:450	47646.14283657158
i:500	47646.14283657158
i:550	47646.14283657158
i:600	47646.14283657158
i:650	47646.14283657158
best: 47646.14283657158
routes: [0, 21, 22, 23, 26, 24, 25, 27, 29, 30, 28, 36, 37, 34, 31, 32, 33, 35, 38, 39, 40, 0, 41, 42, 43, 44, 45, 46, 47, 48, 49, 50, 11, 19, 18, 20, 15, 16, 17, 12, 13, 14, 0, 1, 2, 3, 5, 4, 7, 9, 10, 8, 6, 0]
Elapsed time: 53.27843737602234

i:0	69544.39099748473
i:50	50032.89669773049
i:100	49554.30950011957
i:150	49387.35184344392
i:200	49387.35184344392
i:250	49387.35184344392
i:300	49387.35184344392
i:350	49387.35184344392
i:400	49387.35184344392
i:450	49387.35184344392
i:500	49387.35184344392
i:550	49387.35184344392
i:600	49387.35184344392
i:650	49387.35184344392
best: 49387.35184344392
routes: [0, 41, 42, 43, 44, 45, 46, 47, 48, 49, 50, 11, 19, 18, 20, 15, 16, 17, 12, 13, 14, 0, 36, 37, 34, 31, 32, 33, 35, 38, 40, 39, 28, 29, 30, 26, 27, 25, 24, 23, 21, 22, 0, 1, 2, 3, 5, 4, 7, 9, 10, 8, 6, 0]
Elapsed time: 51.026623010635376

i:0	64605.75849490886
i:50	51257.69204915021
i:100	49757.97485746891
i:150	48774.477547541326
i:200	48774.477547541326
i:250	48774.477547541326
i:300	48774.477547541326
i:350	48774.477547541326
i:400	48774.477547541326
i:450	48774.477547541326
i:500	48774.477547541326
i:550	48774.477547541326
i:600	48774.477547541326
i:650	48774.477547541326
best: 48774.477547541326
routes: [0, 21, 22, 23, 26, 25, 24, 27, 29, 30, 28, 36, 39, 37, 34, 31, 32, 33, 35, 38, 40, 0, 13, 14, 12, 17, 15, 16, 20, 19, 18, 11, 50, 49, 47, 48, 46, 45, 44, 43, 41, 42, 0, 1, 3, 5, 8, 6, 10, 9, 7, 4, 2, 0]
Elapsed time: 50.67850732803345

i:0	75396.58068772664
i:50	50301.022424082745
i:100	49686.290401555896
i:150	49543.472484757855
i:200	49543.472484757855
i:250	49543.472484757855
i:300	49543.472484757855
i:350	49543.472484757855
i:400	49543.472484757855
i:450	49543.472484757855
i:500	49543.472484757855
i:550	49543.472484757855
i:600	49543.472484757855
i:650	49543.472484757855
best: 49543.472484757855
routes: [0, 21, 22, 23, 26, 24, 25, 27, 29, 30, 28, 39, 37, 34, 36, 31, 32, 33, 35, 38, 40, 0, 11, 14, 13, 18, 19, 20, 16, 15, 17, 12, 6, 10, 9, 7, 8, 5, 4, 3, 1, 2, 0, 46, 49, 50, 47, 48, 45, 44, 43, 41, 42, 0]
Elapsed time: 52.755500078201294

i:0	76215.83806482013
i:50	49039.6022059215
i:100	47549.93659613144
i:150	47549.93659613144
i:200	47549.93659613144
i:250	47549.93659613144
i:300	47549.93659613144
i:350	47549.93659613144
i:400	47549.93659613144
i:450	47549.93659613144
i:500	47549.93659613144
i:550	47549.93659613144
i:600	47549.93659613144
i:650	47549.93659613144
best: 47549.93659613144
routes: [0, 21, 22, 23, 26, 24, 25, 27, 29, 30, 28, 36, 37, 34, 31, 32, 33, 35, 38, 39, 40, 0, 41, 42, 43, 44, 45, 46, 47, 48, 49, 50, 11, 19, 20, 15, 16, 17, 18, 14, 13, 12, 0, 1, 2, 3, 5, 4, 7, 9, 10, 8, 6, 0]
Elapsed time: 52.162938594818115

i:0	69647.3653326204
i:50	49610.849042914786
i:100	47412.08188915814
i:150	47320.03042503672
i:200	47320.03042503672
i:250	47320.03042503672
i:300	47320.03042503672
i:350	47320.03042503672
i:400	47320.03042503672
i:450	47320.03042503672
i:500	47320.03042503672
i:550	47320.03042503672
i:600	47320.03042503672
i:650	47320.03042503672
best: 47320.03042503672
routes: [0, 41, 42, 43, 44, 45, 46, 47, 48, 49, 50, 11, 19, 20, 15, 16, 17, 18, 14, 13, 12, 0, 21, 22, 23, 26, 24, 25, 27, 29, 30, 28, 36, 34, 31, 32, 33, 35, 38, 37, 39, 40, 0, 1, 2, 3, 5, 4, 7, 9, 10, 8, 6, 0]
Elapsed time: 54.27201199531555

i:0	65030.2588603265
i:50	49805.39738505298
i:100	49065.268466124166
i:150	48958.41533602654
i:200	48958.41533602654
i:250	48958.41533602654
i:300	48958.41533602654
i:350	48958.41533602654
i:400	48958.41533602654
i:450	48958.41533602654
i:500	48958.41533602654
i:550	48958.41533602654
i:600	48958.41533602654
i:650	48958.41533602654
best: 48958.41533602654
routes: [0, 36, 34, 31, 32, 33, 35, 38, 37, 39, 40, 28, 30, 29, 27, 24, 25, 26, 23, 21, 22, 0, 41, 42, 43, 44, 45, 46, 47, 48, 49, 50, 11, 19, 20, 15, 16, 17, 18, 14, 13, 12, 0, 1, 2, 3, 5, 4, 7, 9, 10, 8, 6, 0]
Elapsed time: 54.15344738960266

i:0	73793.7330175242
i:50	50697.701607531984
i:100	49474.09510304157
i:150	48740.30382143688
i:200	48740.30382143688
i:250	48740.30382143688
i:300	48740.30382143688
i:350	48740.30382143688
i:400	48740.30382143688
i:450	48740.30382143688
i:500	48740.30382143688
i:550	48740.30382143688
i:600	48740.30382143688
i:650	48740.30382143688
best: 48740.30382143688
routes: [0, 41, 42, 43, 44, 45, 46, 47, 48, 49, 50, 11, 13, 14, 18, 19, 20, 15, 16, 17, 12, 0, 21, 22, 23, 26, 24, 25, 27, 29, 30, 28, 31, 32, 33, 35, 38, 37, 34, 36, 39, 40, 0, 1, 2, 3, 5, 4, 7, 9, 10, 8, 6, 0]
Elapsed time: 55.692786693573

i:0	65312.66754436928
i:50	50762.14458920685
i:100	49643.25029752175
i:150	48652.10364532303
i:200	48652.10364532303
i:250	48652.10364532303
i:300	48652.10364532303
i:350	48652.10364532303
i:400	48652.10364532303
i:450	48652.10364532303
i:500	48652.10364532303
i:550	48652.10364532303
i:600	48652.10364532303
i:650	48652.10364532303
best: 48652.10364532303
routes: [0, 19, 18, 17, 20, 15, 16, 12, 13, 14, 11, 50, 49, 47, 48, 46, 45, 44, 43, 41, 42, 0, 21, 22, 23, 26, 24, 25, 27, 29, 30, 28, 36, 34, 31, 32, 33, 35, 38, 37, 39, 40, 0, 1, 3, 5, 8, 6, 10, 9, 7, 4, 2, 0]
Elapsed time: 54.56195592880249

i:0	73297.36421042948
i:50	51093.71173695703
i:100	49175.722442864884
i:150	49175.722442864884
i:200	49175.722442864884
i:250	49175.722442864884
i:300	49175.722442864884
i:350	49175.722442864884
i:400	49175.722442864884
i:450	49175.722442864884
i:500	49175.722442864884
i:550	49175.722442864884
i:600	49175.722442864884
i:650	49175.722442864884
best: 49175.722442864884
routes: [0, 11, 14, 13, 18, 19, 20, 16, 15, 17, 12, 6, 10, 9, 7, 8, 5, 4, 3, 1, 2, 0, 21, 22, 23, 26, 24, 25, 27, 29, 30, 28, 36, 34, 31, 32, 33, 35, 38, 37, 39, 40, 0, 46, 49, 50, 47, 48, 45, 44, 43, 41, 42, 0]
Elapsed time: 53.0770697593689

i:0	67762.97167654062
i:50	51413.63352091083
i:100	50523.944057329536
i:150	49606.341021888926
i:200	49606.341021888926
i:250	49606.341021888926
i:300	49606.341021888926
i:350	49606.341021888926
i:400	49606.341021888926
i:450	49606.341021888926
i:500	49606.341021888926
i:550	49606.341021888926
i:600	49606.341021888926
i:650	49606.341021888926
best: 49606.341021888926
routes: [0, 41, 42, 43, 44, 45, 46, 47, 48, 49, 50, 11, 13, 14, 18, 19, 20, 15, 16, 17, 12, 0, 36, 34, 31, 32, 33, 35, 38, 37, 39, 40, 28, 30, 29, 27, 22, 21, 23, 26, 25, 24, 0, 1, 2, 3, 5, 4, 7, 9, 10, 8, 6, 0]
Elapsed time: 52.6289176940918

i:0	63482.955658541636
i:50	50804.389887479076
i:100	47778.31112997508
i:150	47778.31112997508
i:200	47778.31112997508
i:250	47778.31112997508
i:300	47778.31112997508
i:350	47778.31112997508
i:400	47778.31112997508
i:450	47778.31112997508
i:500	47778.31112997508
i:550	47778.31112997508
i:600	47778.31112997508
i:650	47778.31112997508
best: 47778.31112997508
routes: [0, 41, 42, 43, 44, 45, 46, 47, 48, 49, 50, 11, 19, 20, 15, 16, 17, 18, 14, 13, 12, 0, 21, 22, 23, 26, 24, 25, 27, 29, 30, 28, 39, 40, 36, 37, 34, 31, 32, 33, 35, 38, 0, 1, 2, 3, 5, 4, 7, 9, 10, 8, 6, 0]
Elapsed time: 52.04696083068848

i:0	67604.79661838274
i:50	51525.26633344874
i:100	49859.64720941163
i:150	49859.64720941163
i:200	49859.64720941163
i:250	49859.64720941163
i:300	49859.64720941163
i:350	49859.64720941163
i:400	49859.64720941163
i:450	49859.64720941163
i:500	49859.64720941163
i:550	49859.64720941163
i:600	49859.64720941163
i:650	49859.64720941163
best: 49859.64720941163
routes: [0, 39, 40, 36, 37, 34, 31, 32, 33, 35, 38, 28, 30, 29, 27, 22, 21, 23, 26, 25, 24, 0, 41, 42, 43, 44, 45, 46, 47, 48, 49, 50, 11, 19, 20, 15, 16, 17, 18, 14, 13, 12, 0, 1, 2, 3, 5, 4, 7, 9, 10, 8, 6, 0]
Elapsed time: 52.071523666381836

i:0	67435.58574557392
i:50	49143.318264810296
i:100	47549.93659613144
i:150	47549.93659613144
i:200	47549.93659613144
i:250	47549.93659613144
i:300	47549.93659613144
i:350	47549.93659613144
i:400	47549.93659613144
i:450	47549.93659613144
i:500	47549.93659613144
i:550	47549.93659613144
i:600	47549.93659613144
i:650	47549.93659613144
best: 47549.93659613144
routes: [0, 41, 42, 43, 44, 45, 46, 47, 48, 49, 50, 11, 19, 20, 15, 16, 17, 18, 14, 13, 12, 0, 21, 22, 23, 26, 24, 25, 27, 29, 30, 28, 36, 37, 34, 31, 32, 33, 35, 38, 39, 40, 0, 1, 2, 3, 5, 4, 7, 9, 10, 8, 6, 0]
Elapsed time: 52.46394109725952

i:0	71108.10901891575
i:50	48832.1777425487
i:100	47416.23666547685
i:150	47416.23666547685
i:200	47416.23666547685
i:250	47416.23666547685
i:300	47416.23666547685
i:350	47416.23666547685
i:400	47416.23666547685
i:450	47416.23666547685
i:500	47416.23666547685
i:550	47416.23666547685
i:600	47416.23666547685
i:650	47416.23666547685
best: 47416.23666547685
routes: [0, 21, 22, 23, 26, 24, 25, 27, 29, 30, 28, 36, 34, 31, 32, 33, 35, 38, 37, 39, 40, 0, 41, 42, 43, 44, 45, 46, 47, 48, 49, 50, 11, 19, 18, 20, 15, 16, 17, 12, 13, 14, 0, 1, 2, 3, 5, 4, 7, 9, 10, 8, 6, 0]
Elapsed time: 52.93585753440857

i:0	67348.26919111682
i:50	49853.171508954234
i:100	48555.857720803826
i:150	48555.857720803826
i:200	48555.857720803826
i:250	48555.857720803826
i:300	48555.857720803826
i:350	48555.857720803826
i:400	48555.857720803826
i:450	48555.857720803826
i:500	48555.857720803826
i:550	48555.857720803826
i:600	48555.857720803826
i:650	48555.857720803826
best: 48555.857720803826
routes: [0, 41, 42, 43, 44, 45, 46, 47, 48, 49, 50, 11, 19, 18, 20, 15, 16, 17, 12, 13, 14, 0, 21, 22, 23, 26, 24, 25, 27, 29, 30, 28, 31, 32, 33, 35, 38, 37, 34, 36, 39, 40, 0, 1, 2, 3, 5, 4, 7, 9, 10, 8, 6, 0]
Elapsed time: 53.65669345855713

i:0	75916.88950121884
i:50	51509.7789701881
i:100	50175.63501715745
i:150	49740.307945904155
i:200	49740.307945904155
i:250	49740.307945904155
i:300	49740.307945904155
i:350	49740.307945904155
i:400	49740.307945904155
i:450	49740.307945904155
i:500	49740.307945904155
i:550	49740.307945904155
i:600	49740.307945904155
i:650	49740.307945904155
best: 49740.307945904155
routes: [0, 40, 36, 37, 34, 31, 32, 33, 35, 38, 39, 28, 29, 30, 26, 27, 25, 24, 23, 21, 22, 0, 41, 42, 43, 44, 45, 46, 47, 48, 49, 50, 11, 13, 14, 18, 19, 20, 15, 16, 17, 12, 0, 1, 2, 3, 5, 4, 7, 9, 10, 8, 6, 0]
Elapsed time: 53.941853046417236

i:0	66807.080690818
i:50	51656.82496230072
i:100	50770.76156632409
i:150	50639.4530551574
i:200	50639.4530551574
i:250	50639.4530551574
i:300	50639.4530551574
i:350	50639.4530551574
i:400	50639.4530551574
i:450	50639.4530551574
i:500	50639.4530551574
i:550	50639.4530551574
i:600	50639.4530551574
i:650	50639.4530551574
best: 50639.4530551574
routes: [0, 36, 31, 32, 33, 35, 38, 34, 37, 39, 40, 28, 29, 30, 26, 27, 25, 24, 23, 21, 22, 0, 13, 12, 17, 15, 16, 20, 19, 18, 14, 11, 50, 49, 47, 48, 46, 45, 44, 43, 41, 42, 0, 1, 3, 5, 8, 6, 10, 9, 7, 4, 2, 0]
Elapsed time: 51.897634744644165

mean: 48863.873901269755
std: 1019.0554041392843
mean-time: 52.89876005649567
std-time: 1.2556768172682742