i:0	81973.813108761
i:50	66308.14910234997
i:100	66308.14910234997
i:150	66308.14910234997
i:200	66308.14910234997
i:250	66308.14910234997
i:300	66308.14910234997
i:350	66308.14910234997
i:400	66308.14910234997
i:450	66308.14910234997
i:500	66308.14910234997
i:550	66308.14910234997
i:600	66308.14910234997
i:650	66308.14910234997
best: 66308.14910234997
routes: [0, 3, 4, 5, 1, 2, 21, 22, 24, 25, 23, 7, 9, 8, 10, 6, 14, 15, 13, 11, 12, 0, 19, 18, 17, 16, 20, 34, 35, 33, 32, 31, 48, 47, 49, 50, 46, 0, 45, 43, 42, 44, 41, 27, 29, 30, 26, 28, 39, 40, 38, 37, 36, 0]
Elapsed time: 18.095547676086426

i:0	289506.60457282106
i:50	65075.5506752362
i:100	65075.5506752362
i:150	65075.5506752362
i:200	65075.5506752362
i:250	65075.5506752362
i:300	65075.5506752362
i:350	65075.5506752362
i:400	65075.5506752362
i:450	65075.5506752362
i:500	65075.5506752362
i:550	65075.5506752362
i:600	65075.5506752362
i:650	65075.5506752362
best: 65075.5506752362
routes: [0, 25, 23, 24, 21, 22, 7, 9, 8, 10, 6, 11, 12, 14, 13, 15, 17, 16, 20, 19, 18, 0, 1, 2, 4, 3, 5, 43, 42, 44, 45, 41, 27, 26, 30, 29, 28, 39, 40, 38, 37, 36, 0, 33, 31, 32, 34, 35, 47, 49, 48, 50, 46, 0]
Elapsed time: 14.487478256225586

i:0	78249.25314609444
i:50	63615.68059685521
i:100	63615.68059685521
i:150	63615.68059685521
i:200	63615.68059685521
i:250	63615.68059685521
i:300	63615.68059685521
i:350	63615.68059685521
i:400	63615.68059685521
i:450	63615.68059685521
i:500	63615.68059685521
i:550	63615.68059685521
i:600	63615.68059685521
i:650	63615.68059685521
best: 63615.68059685521
routes: [0, 46, 48, 47, 49, 50, 34, 35, 33, 32, 31, 40, 38, 37, 39, 36, 29, 30, 28, 27, 26, 0, 6, 10, 8, 7, 9, 25, 23, 24, 21, 22, 43, 42, 44, 45, 41, 3, 4, 5, 1, 2, 0, 19, 18, 17, 20, 16, 15, 13, 14, 11, 12, 0]
Elapsed time: 25.330394506454468

i:0	81613.75066226174
i:50	65415.62522939038
i:100	65415.62522939038
i:150	65415.62522939038
i:200	65415.62522939038
i:250	65415.62522939038
i:300	65415.62522939038
i:350	65415.62522939038
i:400	65415.62522939038
i:450	65415.62522939038
i:500	65415.62522939038
i:550	65415.62522939038
i:600	65415.62522939038
i:650	65415.62522939038
best: 65415.62522939038
routes: [0, 46, 48, 47, 49, 50, 34, 33, 31, 32, 35, 40, 38, 37, 39, 36, 28, 27, 29, 30, 26, 0, 6, 10, 8, 7, 9, 25, 23, 24, 21, 22, 43, 44, 45, 41, 42, 4, 3, 5, 1, 2, 0, 19, 18, 17, 20, 16, 15, 13, 12, 14, 11, 0]
Elapsed time: 24.491365909576416

i:0	81749.28025484156
i:50	68159.0251610665
i:100	68159.0251610665
i:150	68159.0251610665
i:200	68159.0251610665
i:250	68159.0251610665
i:300	68159.0251610665
i:350	68159.0251610665
i:400	68159.0251610665
i:450	68159.0251610665
i:500	68159.0251610665
i:550	68159.0251610665
i:600	68159.0251610665
i:650	68159.0251610665
best: 68159.0251610665
routes: [0, 27, 26, 28, 30, 29, 36, 38, 37, 39, 40, 33, 32, 34, 35, 31, 49, 50, 48, 47, 46, 0, 19, 18, 17, 20, 16, 15, 13, 12, 14, 11, 6, 10, 8, 7, 9, 25, 23, 24, 21, 22, 0, 45, 43, 41, 42, 44, 3, 5, 1, 2, 4, 0]
Elapsed time: 21.37583088874817

i:0	292073.6054755393
i:50	65599.13965513144
i:100	65599.13965513144
i:150	65599.13965513144
i:200	65599.13965513144
i:250	65599.13965513144
i:300	65599.13965513144
i:350	65599.13965513144
i:400	65599.13965513144
i:450	65599.13965513144
i:500	65599.13965513144
i:550	65599.13965513144
i:600	65599.13965513144
i:650	65599.13965513144
best: 65599.13965513144
routes: [0, 46, 48, 47, 49, 50, 34, 31, 32, 35, 33, 40, 38, 37, 39, 36, 29, 30, 28, 27, 26, 0, 6, 8, 7, 10, 9, 25, 23, 22, 24, 21, 43, 45, 41, 42, 44, 3, 5, 1, 2, 4, 0, 11, 12, 14, 13, 15, 16, 20, 19, 18, 17, 0]
Elapsed time: 19.567108869552612

i:0	80420.32555844406
i:50	63322.59340905119
i:100	63322.59340905119
i:150	63322.59340905119
i:200	63322.59340905119
i:250	63322.59340905119
i:300	63322.59340905119
i:350	63322.59340905119
i:400	63322.59340905119
i:450	63322.59340905119
i:500	63322.59340905119
i:550	63322.59340905119
i:600	63322.59340905119
i:650	63322.59340905119
best: 63322.59340905119
routes: [0, 5, 1, 2, 4, 3, 45, 43, 44, 41, 42, 21, 22, 24, 25, 23, 7, 9, 8, 10, 6, 0, 27, 29, 30, 26, 28, 39, 40, 38, 37, 36, 33, 31, 32, 34, 35, 48, 47, 49, 50, 46, 0, 19, 18, 17, 20, 16, 15, 13, 14, 11, 12, 0]
Elapsed time: 22.99637722969055

i:0	91318.02399146926
i:50	67485.47041289532
i:100	67485.47041289532
i:150	67485.47041289532
i:200	67485.47041289532
i:250	67485.47041289532
i:300	67485.47041289532
i:350	67485.47041289532
i:400	67485.47041289532
i:450	67485.47041289532
i:500	67485.47041289532
i:550	67485.47041289532
i:600	67485.47041289532
i:650	67485.47041289532
best: 67485.47041289532
routes: [0, 14, 15, 13, 11, 12, 10, 6, 8, 7, 9, 25, 23, 24, 21, 22, 4, 3, 2, 5, 1, 0, 46, 48, 47, 49, 50, 35, 33, 31, 32, 34, 19, 18, 17, 20, 16, 0, 45, 43, 41, 42, 44, 39, 40, 38, 37, 36, 28, 27, 29, 30, 26, 0]
Elapsed time: 22.898857593536377

i:0	86445.57688951388
i:50	65677.20336045833
i:100	65677.20336045833
i:150	65677.20336045833
i:200	65677.20336045833
i:250	65677.20336045833
i:300	65677.20336045833
i:350	65677.20336045833
i:400	65677.20336045833
i:450	65677.20336045833
i:500	65677.20336045833
i:550	65677.20336045833
i:600	65677.20336045833
i:650	65677.20336045833
best: 65677.20336045833
routes: [0, 1, 2, 4, 5, 3, 45, 43, 41, 42, 44, 23, 24, 21, 22, 25, 7, 9, 8, 10, 6, 0, 27, 29, 30, 26, 28, 39, 40, 38, 37, 36, 33, 31, 32, 34, 35, 50, 49, 48, 47, 46, 0, 19, 18, 17, 20, 16, 15, 13, 14, 11, 12, 0]
Elapsed time: 21.85310673713684

i:0	291701.3119069683
i:50	67158.5802999903
i:100	67158.5802999903
i:150	67158.5802999903
i:200	67158.5802999903
i:250	67158.5802999903
i:300	67158.5802999903
i:350	67158.5802999903
i:400	67158.5802999903
i:450	67158.5802999903
i:500	67158.5802999903
i:550	67158.5802999903
i:600	67158.5802999903
i:650	67158.5802999903
best: 67158.5802999903
routes: [0, 16, 20, 19, 18, 17, 15, 13, 11, 12, 14, 10, 6, 8, 7, 9, 23, 25, 21, 22, 24, 0, 1, 2, 5, 3, 4, 43, 42, 44, 45, 41, 39, 40, 38, 37, 36, 28, 27, 29, 30, 26, 0, 34, 33, 31, 32, 35, 50, 48, 47, 49, 46, 0]
Elapsed time: 15.296277523040771

i:0	95029.48747565044
i:50	66803.76384845549
i:100	66562.74915380077
i:150	66321.90676420537
i:200	66321.90676420537
i:250	66321.90676420537
i:300	66321.90676420537
i:350	66321.90676420537
i:400	66321.90676420537
i:450	66321.90676420537
i:500	66321.90676420537
i:550	66321.90676420537
i:600	66321.90676420537
i:650	66321.90676420537
best: 66321.90676420537
routes: [0, 46, 48, 47, 49, 50, 34, 35, 33, 31, 32, 27, 29, 30, 26, 28, 39, 40, 38, 37, 36, 0, 8, 7, 9, 10, 6, 23, 22, 24, 25, 21, 43, 45, 41, 42, 44, 3, 4, 5, 1, 2, 0, 19, 18, 17, 20, 16, 15, 13, 12, 14, 11, 0]
Elapsed time: 31.49575114250183

i:0	84003.90787923789
i:50	66365.13479438513
i:100	66365.13479438513
i:150	66365.13479438513
i:200	66365.13479438513
i:250	66365.13479438513
i:300	66365.13479438513
i:350	66365.13479438513
i:400	66365.13479438513
i:450	66365.13479438513
i:500	66365.13479438513
i:550	66365.13479438513
i:600	66365.13479438513
i:650	66365.13479438513
best: 66365.13479438513
routes: [0, 24, 21, 22, 25, 23, 7, 9, 8, 10, 6, 11, 12, 14, 13, 15, 16, 20, 19, 18, 17, 0, 3, 4, 5, 1, 2, 43, 42, 44, 45, 41, 27, 26, 30, 29, 28, 39, 40, 38, 37, 36, 0, 46, 48, 47, 49, 50, 34, 35, 33, 31, 32, 0]
Elapsed time: 22.65320873260498

i:0	93276.03364889402
i:50	66571.54958767282
i:100	66571.54958767282
i:150	66571.54958767282
i:200	66571.54958767282
i:250	66571.54958767282
i:300	66571.54958767282
i:350	66571.54958767282
i:400	66571.54958767282
i:450	66571.54958767282
i:500	66571.54958767282
i:550	66571.54958767282
i:600	66571.54958767282
i:650	66571.54958767282
best: 66571.54958767282
routes: [0, 45, 43, 42, 44, 41, 27, 29, 30, 26, 28, 39, 40, 38, 37, 36, 3, 4, 5, 1, 2, 0, 21, 22, 24, 25, 23, 7, 9, 8, 10, 6, 14, 11, 12, 15, 13, 17, 16, 20, 19, 18, 0, 33, 31, 32, 34, 35, 47, 49, 48, 50, 46, 0]
Elapsed time: 17.457478761672974

i:0	80240.33629256705
i:50	66251.28081172345
i:100	66251.28081172345
i:150	66251.28081172345
i:200	66251.28081172345
i:250	66251.28081172345
i:300	66251.28081172345
i:350	66251.28081172345
i:400	66251.28081172345
i:450	66251.28081172345
i:500	66251.28081172345
i:550	66251.28081172345
i:600	66251.28081172345
i:650	66251.28081172345
best: 66251.28081172345
routes: [0, 5, 1, 2, 4, 3, 44, 43, 45, 41, 42, 23, 24, 21, 22, 25, 8, 7, 9, 10, 6, 0, 27, 29, 30, 26, 28, 39, 40, 38, 37, 36, 33, 31, 32, 34, 35, 49, 48, 47, 46, 50, 0, 19, 18, 17, 20, 16, 14, 15, 13, 11, 12, 0]
Elapsed time: 41.11802363395691

i:0	289371.0860309239
i:50	66419.47663698363
i:100	66419.47663698363
i:150	66419.47663698363
i:200	66419.47663698363
i:250	66419.47663698363
i:300	66419.47663698363
i:350	66419.47663698363
i:400	66419.47663698363
i:450	66419.47663698363
i:500	66419.47663698363
i:550	66419.47663698363
i:600	66419.47663698363
i:650	66419.47663698363
best: 66419.47663698363
routes: [0, 43, 42, 44, 45, 41, 39, 40, 38, 37, 36, 28, 27, 29, 30, 26, 3, 5, 1, 2, 4, 0, 19, 18, 17, 20, 16, 15, 13, 11, 12, 14, 6, 10, 8, 7, 9, 25, 23, 24, 21, 22, 0, 33, 32, 34, 35, 31, 48, 47, 49, 50, 46, 0]
Elapsed time: 17.337055921554565

i:0	87489.38912048457
i:50	65427.738542380415
i:100	65427.738542380415
i:150	65427.738542380415
i:200	65427.738542380415
i:250	65427.738542380415
i:300	65427.738542380415
i:350	65427.738542380415
i:400	65427.738542380415
i:450	65427.738542380415
i:500	65427.738542380415
i:550	65427.738542380415
i:600	65427.738542380415
i:650	65427.738542380415
best: 65427.738542380415
routes: [0, 23, 24, 21, 22, 25, 7, 9, 8, 10, 6, 14, 11, 12, 15, 13, 17, 16, 20, 19, 18, 0, 5, 1, 2, 4, 3, 45, 43, 41, 42, 44, 27, 26, 30, 29, 28, 39, 40, 38, 37, 36, 0, 46, 48, 47, 49, 50, 35, 33, 31, 32, 34, 0]
Elapsed time: 16.33847403526306

i:0	88110.76479396538
i:50	67444.32924174117
i:100	67444.32924174117
i:150	67444.32924174117
i:200	67444.32924174117
i:250	67444.32924174117
i:300	67444.32924174117
i:350	67444.32924174117
i:400	67444.32924174117
i:450	67444.32924174117
i:500	67444.32924174117
i:550	67444.32924174117
i:600	67444.32924174117
i:650	67444.32924174117
best: 67444.32924174117
routes: [0, 27, 26, 28, 30, 29, 36, 38, 37, 39, 40, 33, 31, 32, 34, 35, 50, 49, 48, 47, 46, 0, 19, 18, 17, 20, 16, 15, 13, 14, 11, 12, 6, 10, 8, 7, 9, 23, 25, 21, 22, 24, 0, 45, 43, 44, 41, 42, 4, 5, 3, 1, 2, 0]
Elapsed time: 19.741193771362305

i:0	87479.46215944015
i:50	66209.61114252571
i:100	66209.61114252571
i:150	66209.61114252571
i:200	66209.61114252571
i:250	66209.61114252571
i:300	66209.61114252571
i:350	66209.61114252571
i:400	66209.61114252571
i:450	66209.61114252571
i:500	66209.61114252571
i:550	66209.61114252571
i:600	66209.61114252571
i:650	66209.61114252571
best: 66209.61114252571
routes: [0, 3, 5, 1, 2, 4, 45, 43, 42, 44, 41, 27, 26, 30, 29, 28, 39, 40, 38, 37, 36, 0, 25, 23, 24, 21, 22, 7, 9, 8, 10, 6, 14, 15, 13, 12, 11, 16, 20, 17, 19, 18, 0, 33, 32, 34, 35, 31, 48, 47, 49, 50, 46, 0]
Elapsed time: 18.670496702194214

i:0	299705.2666837197
i:50	64380.00380212946
i:100	64380.00380212946
i:150	64380.00380212946
i:200	64380.00380212946
i:250	64380.00380212946
i:300	64380.00380212946
i:350	64380.00380212946
i:400	64380.00380212946
i:450	64380.00380212946
i:500	64380.00380212946
i:550	64380.00380212946
i:600	64380.00380212946
i:650	64380.00380212946
best: 64380.00380212946
routes: [0, 46, 48, 47, 49, 50, 34, 35, 33, 32, 31, 40, 38, 37, 39, 36, 28, 27, 29, 30, 26, 0, 1, 2, 5, 3, 4, 43, 42, 44, 45, 41, 23, 24, 21, 22, 25, 7, 9, 8, 10, 6, 0, 19, 18, 17, 20, 16, 15, 13, 14, 11, 12, 0]
Elapsed time: 20.550856828689575

i:0	688682.9155921052
i:50	67924.94093334199
i:100	67924.94093334199
i:150	67924.94093334199
i:200	67924.94093334199
i:250	67924.94093334199
i:300	67924.94093334199
i:350	67924.94093334199
i:400	67924.94093334199
i:450	67924.94093334199
i:500	67924.94093334199
i:550	67924.94093334199
i:600	67924.94093334199
i:650	67924.94093334199
best: 67924.94093334199
routes: [0, 45, 43, 42, 44, 41, 27, 29, 30, 26, 28, 39, 40, 38, 37, 36, 3, 4, 5, 1, 2, 0, 33, 32, 34, 35, 31, 50, 49, 48, 47, 46, 19, 18, 17, 20, 16, 15, 13, 14, 11, 12, 0, 23, 24, 21, 22, 25, 8, 7, 9, 10, 6, 0]
Elapsed time: 16.783788919448853

mean: 66056.6495079757
std: 1267.785002966464
mean-time: 21.426933681964876
std-time: 5.964502023629571