i:0	81173.83751514438
i:50	60515.429610965584
i:100	59607.698526194916
i:150	59607.698526194916
i:200	59607.698526194916
i:250	59607.698526194916
i:300	59607.698526194916
i:350	59607.698526194916
i:400	59607.698526194916
i:450	59607.698526194916
i:500	59607.698526194916
i:550	59607.698526194916
i:600	59607.698526194916
i:650	59607.698526194916
best: 59607.698526194916
routes: [0, 49, 48, 47, 46, 50, 33, 31, 32, 34, 35, 40, 38, 37, 39, 36, 28, 30, 29, 27, 26, 0, 1, 2, 4, 5, 3, 45, 41, 44, 43, 42, 23, 25, 22, 21, 24, 9, 8, 7, 10, 6, 14, 15, 13, 12, 11, 17, 19, 18, 20, 16, 0]
Elapsed time: 33.41876769065857

i:0	79925.10407353853
i:50	56673.71795110876
i:100	56673.71795110876
i:150	56673.71795110876
i:200	56673.71795110876
i:250	56673.71795110876
i:300	56673.71795110876
i:350	56673.71795110876
i:400	56673.71795110876
i:450	56673.71795110876
i:500	56673.71795110876
i:550	56673.71795110876
i:600	56673.71795110876
i:650	56673.71795110876
best: 56673.71795110876
routes: [0, 19, 18, 17, 20, 16, 15, 13, 11, 12, 14, 6, 8, 7, 9, 10, 25, 23, 24, 21, 22, 5, 1, 4, 3, 2, 0, 45, 41, 44, 43, 42, 27, 26, 30, 29, 28, 39, 40, 38, 37, 36, 33, 32, 34, 35, 31, 48, 47, 49, 50, 46, 0]
Elapsed time: 23.99182629585266

i:0	81273.57610342852
i:50	60508.413090684524
i:100	57055.34444618889
i:150	57055.34444618889
i:200	57055.34444618889
i:250	57055.34444618889
i:300	57055.34444618889
i:350	57055.34444618889
i:400	57055.34444618889
i:450	57055.34444618889
i:500	57055.34444618889
i:550	57055.34444618889
i:600	56740.925472739735
i:650	56740.925472739735
best: 56740.925472739735
routes: [0, 50, 49, 47, 46, 48, 34, 35, 33, 32, 31, 39, 40, 38, 37, 36, 28, 30, 29, 27, 26, 3, 4, 5, 1, 2, 0, 45, 41, 44, 43, 42, 23, 22, 21, 24, 25, 7, 9, 8, 10, 6, 14, 15, 13, 12, 11, 17, 16, 20, 19, 18, 0]
Elapsed time: 57.210265159606934

i:0	79494.20985824164
i:50	54765.546386148155
i:100	54765.546386148155
i:150	54765.546386148155
i:200	54765.546386148155
i:250	54765.546386148155
i:300	54765.546386148155
i:350	54765.546386148155
i:400	54765.546386148155
i:450	54765.546386148155
i:500	54765.546386148155
i:550	54765.546386148155
i:600	54765.546386148155
i:650	54765.546386148155
best: 54765.546386148155
routes: [0, 46, 48, 47, 49, 50, 34, 35, 33, 32, 31, 40, 38, 37, 39, 36, 28, 30, 29, 27, 26, 0, 19, 18, 17, 20, 16, 15, 13, 11, 12, 14, 6, 8, 10, 9, 7, 23, 25, 22, 24, 21, 43, 42, 45, 41, 44, 4, 3, 2, 5, 1, 0]
Elapsed time: 23.79374098777771

i:0	86197.9666096062
i:50	54481.181572381785
i:100	54481.181572381785
i:150	54481.181572381785
i:200	54481.181572381785
i:250	54481.181572381785
i:300	54481.181572381785
i:350	54481.181572381785
i:400	54481.181572381785
i:450	54481.181572381785
i:500	54481.181572381785
i:550	54481.181572381785
i:600	54481.181572381785
i:650	54481.181572381785
best: 54481.181572381785
routes: [0, 45, 41, 44, 43, 42, 27, 26, 30, 29, 28, 39, 40, 38, 37, 36, 33, 32, 31, 34, 35, 48, 47, 49, 50, 46, 0, 19, 18, 17, 20, 16, 15, 13, 11, 12, 14, 6, 8, 10, 9, 7, 23, 25, 22, 21, 24, 5, 1, 4, 3, 2, 0]
Elapsed time: 24.01189088821411

i:0	83244.73808004468
i:50	57997.213336551766
i:100	57005.96815183312
i:150	57005.96815183312
i:200	57005.96815183312
i:250	57005.96815183312
i:300	57005.96815183312
i:350	57005.96815183312
i:400	57005.96815183312
i:450	57005.96815183312
i:500	57005.96815183312
i:550	57005.96815183312
i:600	57005.96815183312
i:650	57005.96815183312
best: 57005.96815183312
routes: [0, 19, 18, 20, 17, 16, 11, 12, 15, 13, 14, 9, 10, 6, 8, 7, 23, 25, 22, 21, 24, 5, 1, 4, 3, 2, 0, 46, 50, 47, 49, 48, 34, 35, 33, 32, 31, 40, 38, 37, 39, 36, 28, 30, 29, 27, 26, 45, 41, 44, 43, 42, 0]
Elapsed time: 28.07270336151123

i:0	78231.57192902386
i:50	54979.19454087426
i:100	54673.89895120451
i:150	54673.89895120451
i:200	54673.89895120451
i:250	54673.89895120451
i:300	54673.89895120451
i:350	54673.89895120451
i:400	54673.89895120451
i:450	54673.89895120451
i:500	54673.89895120451
i:550	54673.89895120451
i:600	54673.89895120451
i:650	54673.89895120451
best: 54673.89895120451
routes: [0, 46, 48, 47, 49, 50, 34, 35, 33, 32, 31, 40, 38, 37, 39, 36, 28, 30, 29, 27, 26, 3, 4, 5, 1, 2, 0, 45, 41, 44, 43, 42, 21, 24, 25, 23, 22, 7, 9, 8, 10, 6, 11, 12, 14, 13, 15, 17, 16, 20, 19, 18, 0]
Elapsed time: 19.1083505153656

i:0	81852.74097561071
i:50	54708.43299896906
i:100	54708.43299896906
i:150	54708.43299896906
i:200	54708.43299896906
i:250	54708.43299896906
i:300	54708.43299896906
i:350	54708.43299896906
i:400	54708.43299896906
i:450	54708.43299896906
i:500	54708.43299896906
i:550	54708.43299896906
i:600	54708.43299896906
i:650	54708.43299896906
best: 54708.43299896906
routes: [0, 46, 48, 47, 49, 50, 34, 35, 33, 32, 31, 40, 38, 37, 39, 36, 28, 30, 29, 27, 26, 3, 4, 5, 1, 2, 0, 45, 41, 44, 43, 42, 21, 24, 25, 23, 22, 7, 9, 8, 10, 6, 11, 12, 14, 13, 15, 16, 20, 17, 19, 18, 0]
Elapsed time: 22.172783613204956

i:0	82341.37595836695
i:50	55339.30203342144
i:100	55339.30203342144
i:150	55339.30203342144
i:200	55339.30203342144
i:250	55339.30203342144
i:300	55339.30203342144
i:350	55339.30203342144
i:400	55339.30203342144
i:450	55339.30203342144
i:500	55339.30203342144
i:550	55339.30203342144
i:600	55339.30203342144
i:650	55339.30203342144
best: 55339.30203342144
routes: [0, 46, 48, 47, 49, 50, 34, 35, 33, 32, 31, 40, 38, 37, 39, 36, 28, 30, 29, 27, 26, 45, 41, 44, 43, 42, 0, 19, 18, 17, 20, 16, 15, 13, 11, 12, 14, 6, 8, 10, 9, 7, 23, 25, 22, 21, 24, 5, 1, 4, 3, 2, 0]
Elapsed time: 24.36763858795166

i:0	78540.24214634534
i:50	55024.50798951213
i:100	55024.50798951213
i:150	55024.50798951213
i:200	55024.50798951213
i:250	55024.50798951213
i:300	55024.50798951213
i:350	55024.50798951213
i:400	55024.50798951213
i:450	55024.50798951213
i:500	55024.50798951213
i:550	55024.50798951213
i:600	55024.50798951213
i:650	55024.50798951213
best: 55024.50798951213
routes: [0, 46, 48, 47, 49, 50, 34, 35, 33, 32, 31, 40, 38, 37, 39, 36, 28, 30, 29, 27, 26, 0, 19, 18, 17, 20, 16, 15, 13, 11, 12, 14, 6, 10, 9, 8, 7, 23, 25, 22, 24, 21, 43, 42, 45, 41, 44, 4, 3, 2, 5, 1, 0]
Elapsed time: 23.03244638442993

i:0	86820.1600567867
i:50	55349.0696924849
i:100	55349.0696924849
i:150	55349.0696924849
i:200	55349.0696924849
i:250	55349.0696924849
i:300	55349.0696924849
i:350	55349.0696924849
i:400	55349.0696924849
i:450	55349.0696924849
i:500	55349.0696924849
i:550	55349.0696924849
i:600	55349.0696924849
i:650	55349.0696924849
best: 55349.0696924849
routes: [0, 45, 41, 44, 43, 42, 27, 26, 30, 29, 28, 36, 38, 37, 39, 40, 33, 32, 31, 34, 35, 48, 47, 49, 50, 46, 0, 1, 4, 3, 2, 5, 23, 25, 22, 21, 24, 8, 7, 9, 10, 6, 14, 13, 11, 12, 15, 17, 16, 20, 19, 18, 0]
Elapsed time: 26.018128633499146

i:0	73093.89051520337
i:50	54673.89895120451
i:100	54673.89895120451
i:150	54673.89895120451
i:200	54673.89895120451
i:250	54673.89895120451
i:300	54673.89895120451
i:350	54673.89895120451
i:400	54673.89895120451
i:450	54673.89895120451
i:500	54673.89895120451
i:550	54673.89895120451
i:600	54673.89895120451
i:650	54673.89895120451
best: 54673.89895120451
routes: [0, 46, 48, 47, 49, 50, 34, 35, 33, 32, 31, 40, 38, 37, 39, 36, 28, 30, 29, 27, 26, 3, 4, 5, 1, 2, 0, 45, 41, 44, 43, 42, 21, 24, 25, 23, 22, 7, 9, 8, 10, 6, 11, 12, 14, 13, 15, 17, 16, 20, 19, 18, 0]
Elapsed time: 21.95970630645752

i:0	82365.52065619962
i:50	55000.14830331542
i:100	55000.14830331542
i:150	55000.14830331542
i:200	55000.14830331542
i:250	55000.14830331542
i:300	55000.14830331542
i:350	55000.14830331542
i:400	55000.14830331542
i:450	55000.14830331542
i:500	55000.14830331542
i:550	55000.14830331542
i:600	55000.14830331542
i:650	55000.14830331542
best: 55000.14830331542
routes: [0, 1, 2, 4, 3, 5, 23, 25, 22, 21, 24, 7, 9, 8, 10, 6, 14, 13, 11, 12, 15, 17, 16, 20, 19, 18, 0, 45, 41, 44, 43, 42, 27, 26, 30, 29, 28, 39, 40, 38, 37, 36, 33, 32, 31, 34, 35, 48, 47, 49, 50, 46, 0]
Elapsed time: 23.185832500457764

i:0	77909.49625762147
i:50	54744.298683799796
i:100	54744.298683799796
i:150	54744.298683799796
i:200	54744.298683799796
i:250	54744.298683799796
i:300	54744.298683799796
i:350	54744.298683799796
i:400	54744.298683799796
i:450	54744.298683799796
i:500	54744.298683799796
i:550	54744.298683799796
i:600	54744.298683799796
i:650	54744.298683799796
best: 54744.298683799796
routes: [0, 46, 48, 47, 49, 50, 34, 35, 33, 32, 31, 40, 38, 37, 39, 36, 28, 30, 29, 27, 26, 3, 2, 4, 5, 1, 0, 45, 41, 44, 43, 42, 21, 24, 25, 23, 22, 7, 9, 8, 10, 6, 11, 12, 14, 13, 15, 17, 16, 20, 19, 18, 0]
Elapsed time: 20.241920232772827

i:0	81255.63294357622
i:50	55839.28015160914
i:100	55839.28015160914
i:150	55839.28015160914
i:200	55839.28015160914
i:250	55839.28015160914
i:300	55839.28015160914
i:350	55839.28015160914
i:400	55839.28015160914
i:450	55839.28015160914
i:500	55839.28015160914
i:550	55839.28015160914
i:600	55839.28015160914
i:650	55839.28015160914
best: 55839.28015160914
routes: [0, 45, 41, 44, 43, 42, 21, 24, 25, 23, 22, 8, 7, 9, 10, 6, 11, 12, 14, 13, 15, 17, 19, 18, 20, 16, 0, 46, 48, 47, 49, 50, 34, 35, 33, 32, 31, 40, 38, 37, 39, 36, 28, 30, 29, 27, 26, 3, 4, 5, 1, 2, 0]
Elapsed time: 25.68558120727539

i:0	79570.29197528912
i:50	57875.682596069375
i:100	57875.682596069375
i:150	57875.682596069375
i:200	57875.682596069375
i:250	57875.682596069375
i:300	57875.682596069375
i:350	57875.682596069375
i:400	57875.682596069375
i:450	57875.682596069375
i:500	57875.682596069375
i:550	57875.682596069375
i:600	57351.00337635492
i:650	57351.00337635492
best: 57351.00337635492
routes: [0, 46, 48, 47, 49, 50, 34, 35, 33, 32, 31, 39, 40, 38, 37, 36, 28, 30, 29, 27, 26, 45, 43, 42, 41, 44, 0, 19, 18, 17, 20, 16, 15, 13, 11, 12, 14, 8, 7, 9, 10, 6, 23, 25, 22, 21, 24, 5, 1, 4, 3, 2, 0]
Elapsed time: 52.914634466171265

i:0	77386.43996671075
i:50	55536.85656910564
i:100	55536.85656910564
i:150	55536.85656910564
i:200	55536.85656910564
i:250	55536.85656910564
i:300	55536.85656910564
i:350	55536.85656910564
i:400	55536.85656910564
i:450	55536.85656910564
i:500	55536.85656910564
i:550	55536.85656910564
i:600	55536.85656910564
i:650	55536.85656910564
best: 55536.85656910564
routes: [0, 46, 48, 47, 49, 50, 34, 35, 33, 32, 31, 40, 38, 37, 39, 36, 28, 30, 29, 27, 26, 45, 41, 44, 43, 42, 0, 1, 2, 4, 3, 5, 23, 25, 22, 21, 24, 7, 9, 8, 10, 6, 11, 12, 14, 13, 15, 17, 16, 20, 19, 18, 0]
Elapsed time: 24.55953359603882

i:0	83704.3794513511
i:50	55475.00875215894
i:100	55475.00875215894
i:150	55475.00875215894
i:200	55475.00875215894
i:250	55475.00875215894
i:300	55475.00875215894
i:350	55475.00875215894
i:400	55475.00875215894
i:450	55475.00875215894
i:500	55475.00875215894
i:550	55475.00875215894
i:600	55475.00875215894
i:650	55475.00875215894
best: 55475.00875215894
routes: [0, 19, 20, 18, 17, 16, 15, 13, 11, 12, 14, 6, 10, 9, 8, 7, 23, 25, 22, 21, 24, 5, 1, 4, 3, 2, 0, 45, 41, 44, 43, 42, 27, 26, 30, 29, 28, 39, 40, 38, 37, 36, 33, 32, 31, 34, 35, 48, 47, 49, 50, 46, 0]
Elapsed time: 23.723789930343628

i:0	81443.71259572521
i:50	54744.298683799796
i:100	54744.298683799796
i:150	54744.298683799796
i:200	54744.298683799796
i:250	54744.298683799796
i:300	54744.298683799796
i:350	54744.298683799796
i:400	54744.298683799796
i:450	54744.298683799796
i:500	54744.298683799796
i:550	54744.298683799796
i:600	54744.298683799796
i:650	54744.298683799796
best: 54744.298683799796
routes: [0, 46, 48, 47, 49, 50, 34, 35, 33, 32, 31, 40, 38, 37, 39, 36, 28, 30, 29, 27, 26, 3, 2, 4, 5, 1, 0, 45, 41, 44, 43, 42, 21, 24, 25, 23, 22, 7, 9, 8, 10, 6, 11, 12, 14, 13, 15, 17, 16, 20, 19, 18, 0]
Elapsed time: 21.154364347457886

i:0	84782.74512993904
i:50	54481.181572381785
i:100	54481.181572381785
i:150	54481.181572381785
i:200	54481.181572381785
i:250	54481.181572381785
i:300	54481.181572381785
i:350	54481.181572381785
i:400	54481.181572381785
i:450	54481.181572381785
i:500	54481.181572381785
i:550	54481.181572381785
i:600	54481.181572381785
i:650	54481.181572381785
best: 54481.181572381785
routes: [0, 45, 41, 44, 43, 42, 27, 26, 30, 29, 28, 39, 40, 38, 37, 36, 33, 32, 31, 34, 35, 48, 47, 49, 50, 46, 0, 19, 18, 17, 20, 16, 15, 13, 11, 12, 14, 6, 8, 10, 9, 7, 23, 25, 22, 21, 24, 5, 1, 4, 3, 2, 0]
Elapsed time: 24.44888925552368

mean: 55610.81123848642
std: 1257.575989878741
mean-time: 27.153639698028563
std-time: 9.768063840545658