i:0	61223.464363832434
i:50	49776.746378136755
i:100	48434.82149560067
i:150	47961.588126654664
i:200	47961.588126654664
i:250	47961.588126654664
i:300	47961.588126654664
i:350	47961.588126654664
i:400	47961.588126654664
i:450	47961.588126654664
i:500	47961.588126654664
i:550	47961.588126654664
i:600	47961.588126654664
i:650	47961.588126654664
best: 47961.588126654664
routes: [0, 40, 37, 36, 39, 38, 35, 33, 32, 31, 34, 28, 30, 29, 27, 26, 25, 24, 23, 21, 22, 0, 1, 2, 4, 3, 6, 5, 8, 7, 9, 10, 15, 16, 17, 20, 19, 18, 12, 13, 14, 11, 50, 49, 48, 47, 46, 45, 44, 43, 41, 42, 0]
Elapsed time: 61.791167974472046

i:0	71069.41811944295
i:50	48067.41746790636
i:100	47213.19470269921
i:150	46967.71274554601
i:200	46967.71274554601
i:250	46967.71274554601
i:300	46967.71274554601
i:350	46967.71274554601
i:400	46967.71274554601
i:450	46967.71274554601
i:500	46967.71274554601
i:550	46967.71274554601
i:600	46967.71274554601
i:650	46967.71274554601
best: 46967.71274554601
routes: [0, 41, 42, 43, 44, 45, 46, 49, 47, 48, 50, 11, 19, 20, 15, 16, 17, 18, 14, 13, 12, 10, 9, 7, 8, 5, 4, 2, 1, 3, 6, 0, 39, 37, 36, 34, 31, 32, 33, 35, 38, 40, 28, 30, 29, 27, 26, 23, 21, 22, 25, 24, 0]
Elapsed time: 58.215537309646606

i:0	66068.43195345334
i:50	47867.38300380211
i:100	46857.894168343
i:150	46383.040838523506
i:200	46383.040838523506
i:250	46383.040838523506
i:300	46383.040838523506
i:350	46383.040838523506
i:400	46383.040838523506
i:450	46383.040838523506
i:500	46383.040838523506
i:550	46383.040838523506
i:600	46383.040838523506
i:650	46383.040838523506
best: 46383.040838523506
routes: [0, 21, 22, 23, 26, 24, 25, 27, 29, 30, 28, 39, 40, 37, 36, 34, 31, 32, 33, 35, 38, 41, 42, 43, 44, 45, 47, 48, 49, 50, 46, 0, 11, 19, 20, 15, 16, 17, 18, 14, 13, 12, 10, 9, 7, 4, 2, 1, 3, 5, 8, 6, 0]
Elapsed time: 59.16357707977295

i:0	63782.114769242195
i:50	49998.13859804862
i:100	49011.81833424323
i:150	47140.162315194626
i:200	47140.162315194626
i:250	47140.162315194626
i:300	47140.162315194626
i:350	47140.162315194626
i:400	47140.162315194626
i:450	47140.162315194626
i:500	47140.162315194626
i:550	47140.162315194626
i:600	47140.162315194626
i:650	47140.162315194626
best: 47140.162315194626
routes: [0, 41, 42, 43, 44, 45, 46, 49, 50, 47, 48, 36, 34, 31, 32, 33, 35, 38, 37, 39, 40, 28, 30, 29, 27, 26, 23, 21, 22, 25, 24, 0, 11, 14, 13, 12, 18, 19, 20, 17, 15, 16, 9, 7, 4, 2, 1, 3, 5, 8, 10, 6, 0]
Elapsed time: 58.79815196990967

i:0	74500.4120373433
i:50	48205.00595115262
i:100	47503.45930270132
i:150	47259.32010414137
i:200	47259.32010414137
i:250	47259.32010414137
i:300	47259.32010414137
i:350	47259.32010414137
i:400	47259.32010414137
i:450	47259.32010414137
i:500	47259.32010414137
i:550	47259.32010414137
i:600	47259.32010414137
i:650	47259.32010414137
best: 47259.32010414137
routes: [0, 3, 1, 2, 4, 5, 7, 9, 10, 8, 6, 15, 16, 17, 20, 19, 18, 12, 13, 14, 11, 50, 49, 48, 47, 46, 45, 44, 43, 41, 42, 0, 39, 40, 37, 38, 35, 33, 32, 31, 34, 36, 28, 30, 29, 27, 26, 25, 24, 23, 21, 22, 0]
Elapsed time: 57.09547710418701

i:0	72207.02287010135
i:50	49362.73267835537
i:100	47990.706724295815
i:150	46417.92465447904
i:200	46417.92465447904
i:250	46417.92465447904
i:300	46417.92465447904
i:350	46417.92465447904
i:400	46417.92465447904
i:450	46417.92465447904
i:500	46417.92465447904
i:550	46417.92465447904
i:600	46417.92465447904
i:650	46417.92465447904
best: 46417.92465447904
routes: [0, 46, 49, 50, 47, 48, 45, 44, 43, 41, 42, 36, 37, 34, 31, 32, 33, 35, 38, 40, 39, 28, 30, 29, 27, 26, 23, 21, 22, 25, 24, 0, 11, 14, 13, 17, 16, 15, 20, 19, 18, 12, 6, 5, 8, 10, 9, 7, 4, 3, 1, 2, 0]
Elapsed time: 63.215672969818115

i:0	68011.57492395499
i:50	48557.67022217797
i:100	48081.07235730272
i:150	47202.5909449559
i:200	47202.5909449559
i:250	47202.5909449559
i:300	47202.5909449559
i:350	47202.5909449559
i:400	47202.5909449559
i:450	47202.5909449559
i:500	47202.5909449559
i:550	47202.5909449559
i:600	47202.5909449559
i:650	47202.5909449559
best: 47202.5909449559
routes: [0, 41, 42, 43, 44, 45, 46, 49, 47, 48, 50, 11, 19, 20, 15, 16, 17, 18, 14, 13, 12, 6, 1, 3, 5, 8, 10, 9, 7, 4, 2, 0, 39, 37, 36, 34, 31, 32, 33, 35, 38, 40, 28, 30, 29, 27, 26, 23, 21, 22, 25, 24, 0]
Elapsed time: 59.143447160720825

i:0	63902.76061447909
i:50	47876.49530350763
i:100	46288.586513798175
i:150	46032.92066355012
i:200	46032.92066355012
i:250	46032.92066355012
i:300	46032.92066355012
i:350	46032.92066355012
i:400	46032.92066355012
i:450	46032.92066355012
i:500	46032.92066355012
i:550	46032.92066355012
i:600	46032.92066355012
i:650	46032.92066355012
best: 46032.92066355012
routes: [0, 21, 22, 23, 26, 24, 25, 27, 29, 30, 28, 39, 37, 36, 34, 31, 32, 33, 35, 38, 40, 41, 42, 43, 44, 45, 47, 48, 49, 50, 46, 0, 11, 19, 20, 15, 16, 17, 18, 14, 13, 12, 10, 9, 7, 8, 5, 4, 2, 1, 3, 6, 0]
Elapsed time: 59.03859281539917

i:0	66500.1235051161
i:50	47098.78241785541
i:100	45735.22879869643
i:150	45483.321332648055
i:200	45483.321332648055
i:250	45483.321332648055
i:300	45483.321332648055
i:350	45483.321332648055
i:400	45483.321332648055
i:450	45483.321332648055
i:500	45483.321332648055
i:550	45483.321332648055
i:600	45483.321332648055
i:650	45483.321332648055
best: 45483.321332648055
routes: [0, 46, 49, 50, 47, 48, 45, 44, 43, 41, 42, 21, 22, 23, 26, 24, 25, 27, 29, 30, 28, 39, 40, 38, 35, 33, 32, 31, 34, 37, 36, 0, 11, 19, 20, 15, 16, 17, 18, 14, 13, 12, 10, 9, 7, 8, 5, 4, 2, 1, 3, 6, 0]
Elapsed time: 59.94499659538269

i:0	61220.45124347552
i:50	48723.38406553806
i:100	46426.78799935922
i:150	46155.028121892916
i:200	46155.028121892916
i:250	46155.028121892916
i:300	46155.028121892916
i:350	46155.028121892916
i:400	46155.028121892916
i:450	46155.028121892916
i:500	46155.028121892916
i:550	46155.028121892916
i:600	46155.028121892916
i:650	46155.028121892916
best: 46155.028121892916
routes: [0, 42, 41, 43, 44, 45, 46, 47, 48, 49, 50, 11, 19, 20, 16, 15, 17, 18, 14, 13, 12, 6, 1, 3, 5, 8, 10, 9, 7, 4, 2, 0, 21, 22, 23, 26, 24, 25, 27, 29, 30, 28, 36, 31, 32, 33, 35, 38, 34, 37, 39, 40, 0]
Elapsed time: 56.78032445907593

i:0	64226.75056569969
i:50	48174.20308919948
i:100	47249.635021936396
i:150	47209.13407174783
i:200	47209.13407174783
i:250	47209.13407174783
i:300	47209.13407174783
i:350	47209.13407174783
i:400	47209.13407174783
i:450	47209.13407174783
i:500	47209.13407174783
i:550	47209.13407174783
i:600	47209.13407174783
i:650	47209.13407174783
best: 47209.13407174783
routes: [0, 41, 42, 43, 44, 45, 46, 47, 48, 49, 50, 11, 19, 18, 17, 16, 15, 20, 14, 13, 12, 6, 5, 4, 7, 9, 10, 8, 3, 1, 2, 0, 36, 37, 34, 31, 32, 33, 35, 38, 40, 39, 28, 30, 29, 27, 26, 23, 21, 22, 25, 24, 0]
Elapsed time: 57.65872883796692

i:0	62364.651421336166
i:50	47710.19674133081
i:100	47090.73857327282
i:150	46467.68243638644
i:200	46467.68243638644
i:250	46467.68243638644
i:300	46467.68243638644
i:350	46467.68243638644
i:400	46467.68243638644
i:450	46467.68243638644
i:500	46467.68243638644
i:550	46467.68243638644
i:600	46467.68243638644
i:650	46467.68243638644
best: 46467.68243638644
routes: [0, 21, 22, 23, 26, 24, 25, 27, 29, 30, 28, 36, 31, 32, 33, 35, 38, 34, 37, 39, 40, 0, 3, 1, 2, 4, 5, 6, 10, 8, 7, 9, 15, 16, 17, 20, 19, 18, 12, 13, 14, 11, 50, 49, 48, 47, 46, 45, 44, 43, 41, 42, 0]
Elapsed time: 61.546499729156494

i:0	72203.15857960538
i:50	49241.55755628614
i:100	49059.63419812734
i:150	49012.87959351938
i:200	49012.87959351938
i:250	49012.87959351938
i:300	49012.87959351938
i:350	49012.87959351938
i:400	49012.87959351938
i:450	49012.87959351938
i:500	48472.62003125017
i:550	48472.62003125017
i:600	48472.62003125017
i:650	48472.62003125017
best: 48472.62003125017
routes: [0, 21, 22, 23, 26, 24, 25, 27, 29, 30, 28, 39, 34, 31, 32, 33, 35, 38, 40, 37, 36, 0, 50, 47, 48, 45, 46, 44, 42, 41, 43, 49, 11, 13, 14, 19, 18, 17, 20, 15, 16, 12, 3, 1, 2, 4, 5, 7, 9, 10, 8, 6, 0]
Elapsed time: 60.49452495574951

i:0	59719.36855104954
i:50	47803.44770718629
i:100	45908.67626703193
i:150	45426.51830481073
i:200	45426.51830481073
i:250	45426.51830481073
i:300	45426.51830481073
i:350	45426.51830481073
i:400	45426.51830481073
i:450	45426.51830481073
i:500	45426.51830481073
i:550	45426.51830481073
i:600	45426.51830481073
i:650	45426.51830481073
best: 45426.51830481073
routes: [0, 41, 42, 43, 44, 45, 46, 47, 48, 49, 50, 11, 13, 14, 18, 19, 20, 15, 16, 17, 12, 6, 5, 8, 10, 9, 7, 4, 3, 1, 2, 0, 21, 22, 23, 26, 24, 25, 27, 29, 30, 28, 39, 40, 38, 35, 33, 32, 31, 34, 37, 36, 0]
Elapsed time: 60.173189640045166

i:0	66809.97990468061
i:50	49027.88303891194
i:100	47414.4138591278
i:150	46597.63046781879
i:200	46597.63046781879
i:250	46597.63046781879
i:300	46597.63046781879
i:350	46597.63046781879
i:400	46597.63046781879
i:450	46597.63046781879
i:500	46597.63046781879
i:550	46597.63046781879
i:600	46597.63046781879
i:650	46597.63046781879
best: 46597.63046781879
routes: [0, 21, 22, 23, 26, 24, 25, 27, 29, 30, 28, 39, 37, 36, 34, 31, 32, 33, 35, 38, 40, 41, 42, 43, 44, 45, 47, 48, 49, 50, 46, 0, 11, 14, 18, 19, 20, 15, 16, 17, 13, 12, 6, 3, 1, 2, 4, 5, 7, 9, 10, 8, 0]
Elapsed time: 59.78999900817871

i:0	62906.108851489684
i:50	48246.13508733499
i:100	46830.2559879978
i:150	46674.9967327324
i:200	46674.9967327324
i:250	46674.9967327324
i:300	46674.9967327324
i:350	46674.9967327324
i:400	46674.9967327324
i:450	46674.9967327324
i:500	46674.9967327324
i:550	46674.9967327324
i:600	46674.9967327324
i:650	46674.9967327324
best: 46674.9967327324
routes: [0, 21, 22, 23, 26, 25, 24, 27, 29, 30, 28, 38, 35, 33, 32, 31, 34, 36, 37, 39, 40, 0, 1, 2, 3, 6, 10, 8, 5, 4, 7, 9, 15, 16, 17, 20, 19, 18, 12, 13, 14, 11, 50, 49, 48, 47, 46, 45, 44, 43, 41, 42, 0]
Elapsed time: 59.739786863327026

i:0	73127.15986741324
i:50	49616.42328333705
i:100	48143.89719286905
i:150	48121.39919009186
i:200	47845.186994589676
i:250	47845.186994589676
i:300	47845.186994589676
i:350	47845.186994589676
i:400	47845.186994589676
i:450	47845.186994589676
i:500	47845.186994589676
i:550	47845.186994589676
i:600	47845.186994589676
i:650	47845.186994589676
best: 47845.186994589676
routes: [0, 42, 41, 43, 45, 44, 46, 49, 48, 47, 50, 11, 19, 18, 14, 13, 12, 17, 20, 15, 16, 6, 5, 4, 7, 9, 10, 8, 3, 1, 2, 0, 36, 37, 34, 31, 32, 33, 35, 38, 40, 39, 28, 30, 29, 27, 26, 23, 21, 22, 25, 24, 0]
Elapsed time: 58.630359411239624

i:0	63657.183302731035
i:50	49725.740901123194
i:100	47008.52934040094
i:150	46455.862820768656
i:200	46455.862820768656
i:250	46455.862820768656
i:300	46455.862820768656
i:350	46455.862820768656
i:400	46455.862820768656
i:450	46455.862820768656
i:500	46455.862820768656
i:550	46455.862820768656
i:600	46455.862820768656
i:650	46455.862820768656
best: 46455.862820768656
routes: [0, 43, 45, 47, 48, 49, 50, 46, 44, 41, 42, 40, 39, 37, 38, 35, 33, 32, 31, 34, 36, 28, 30, 29, 27, 26, 23, 21, 22, 25, 24, 0, 11, 14, 13, 12, 17, 16, 15, 20, 19, 18, 6, 10, 9, 7, 8, 5, 4, 3, 1, 2, 0]
Elapsed time: 59.28732490539551

i:0	64727.22169674266
i:50	49397.67556391597
i:100	48754.0616797697
i:150	48696.39365250377
i:200	48696.39365250377
i:250	48696.39365250377
i:300	48696.39365250377
i:350	48696.39365250377
i:400	48696.39365250377
i:450	48628.155521648936
i:500	48628.155521648936
i:550	48628.155521648936
i:600	48628.155521648936
i:650	48628.155521648936
best: 48628.155521648936
routes: [0, 21, 23, 22, 24, 25, 26, 27, 29, 30, 28, 34, 31, 32, 33, 35, 38, 40, 39, 37, 36, 0, 50, 47, 45, 46, 43, 42, 41, 44, 49, 48, 11, 19, 20, 15, 16, 17, 18, 14, 13, 12, 6, 5, 4, 7, 9, 10, 8, 3, 1, 2, 0]
Elapsed time: 61.09822940826416

i:0	62662.382838530175
i:50	49456.0324332856
i:100	46840.55030767375
i:150	46427.864305587485
i:200	46427.864305587485
i:250	46427.864305587485
i:300	46427.864305587485
i:350	46427.864305587485
i:400	46427.864305587485
i:450	46427.864305587485
i:500	46427.864305587485
i:550	46427.864305587485
i:600	46427.864305587485
i:650	46427.864305587485
best: 46427.864305587485
routes: [0, 21, 22, 23, 26, 24, 25, 27, 29, 30, 28, 40, 38, 35, 33, 32, 31, 34, 36, 37, 39, 41, 42, 43, 44, 45, 47, 48, 49, 50, 46, 0, 11, 14, 13, 18, 19, 20, 16, 15, 17, 12, 10, 9, 7, 8, 5, 4, 2, 1, 3, 6, 0]
Elapsed time: 59.85647892951965

mean: 46860.46307674636
std: 853.2567264019327
mean-time: 59.573103356361386
std-time: 1.5421745283849069