i:0	116807.84778580954
i:50	80967.75281455477
i:100	75729.946472871
i:150	74501.258342433
i:200	74501.258342433
i:250	74501.258342433
i:300	74501.258342433
i:350	74501.258342433
i:400	74501.258342433
i:450	74501.258342433
i:500	74501.258342433
i:550	74501.258342433
i:600	74501.258342433
i:650	74501.258342433
best: 74501.258342433
routes: [0, 33, 32, 37, 36, 35, 40, 39, 38, 34, 31, 69, 70, 67, 68, 66, 65, 64, 63, 61, 62, 0, 51, 52, 53, 56, 55, 54, 57, 59, 60, 58, 76, 74, 71, 72, 73, 75, 78, 77, 79, 80, 2, 1, 3, 8, 7, 9, 10, 5, 6, 4, 0, 43, 48, 47, 45, 42, 41, 44, 46, 49, 50, 14, 12, 11, 13, 16, 15, 18, 17, 19, 20, 25, 27, 29, 30, 28, 26, 24, 21, 23, 22, 0]
Elapsed time: 85.16280245780945

i:0	121073.19621163982
i:50	80989.42191171985
i:100	77343.45923801666
i:150	76218.05280849562
i:200	76218.05280849562
i:250	76218.05280849562
i:300	76218.05280849562
i:350	76218.05280849562
i:400	76218.05280849562
i:450	76218.05280849562
i:500	76218.05280849562
i:550	76218.05280849562
i:600	76218.05280849562
i:650	76218.05280849562
best: 76218.05280849562
routes: [0, 61, 62, 64, 63, 65, 68, 66, 67, 69, 70, 31, 39, 38, 37, 40, 35, 36, 32, 33, 34, 0, 1, 2, 3, 4, 6, 5, 10, 9, 8, 7, 76, 77, 74, 71, 72, 73, 75, 78, 80, 79, 58, 59, 60, 56, 52, 51, 53, 57, 55, 54, 0, 43, 42, 41, 44, 45, 47, 46, 49, 50, 48, 14, 12, 11, 13, 15, 18, 17, 19, 20, 16, 22, 23, 25, 27, 29, 30, 28, 26, 24, 21, 0]
Elapsed time: 89.72885799407959

i:0	118106.37734044378
i:50	75652.58853664096
i:100	72824.55894979172
i:150	72013.3265561753
i:200	72013.3265561753
i:250	72013.3265561753
i:300	72013.3265561753
i:350	72013.3265561753
i:400	72013.3265561753
i:450	72013.3265561753
i:500	72013.3265561753
i:550	72013.3265561753
i:600	72013.3265561753
i:650	72013.3265561753
best: 72013.3265561753
routes: [0, 31, 33, 34, 39, 38, 40, 36, 35, 37, 32, 21, 23, 22, 26, 25, 27, 29, 30, 28, 24, 0, 51, 53, 52, 54, 55, 57, 56, 59, 60, 58, 76, 77, 74, 71, 72, 73, 75, 78, 79, 80, 61, 62, 63, 64, 65, 68, 67, 66, 69, 70, 0, 13, 15, 17, 19, 20, 18, 16, 14, 12, 11, 43, 45, 47, 49, 50, 48, 46, 44, 41, 42, 9, 10, 5, 6, 7, 8, 2, 1, 3, 4, 0]
Elapsed time: 89.65856981277466

i:0	120875.22885225821
i:50	81105.21184981526
i:100	77817.76364705848
i:150	76402.58674209064
i:200	76402.58674209064
i:250	76402.58674209064
i:300	76402.58674209064
i:350	76402.58674209064
i:400	76402.58674209064
i:450	76402.58674209064
i:500	76402.58674209064
i:550	76402.58674209064
i:600	76402.58674209064
i:650	76402.58674209064
best: 76402.58674209064
routes: [0, 54, 55, 57, 59, 60, 58, 51, 52, 53, 56, 74, 71, 72, 73, 75, 78, 77, 76, 79, 80, 0, 4, 1, 2, 3, 6, 5, 8, 7, 10, 9, 43, 41, 42, 45, 44, 46, 49, 50, 47, 48, 14, 12, 11, 13, 15, 17, 19, 20, 18, 16, 0, 61, 62, 63, 64, 65, 68, 67, 66, 69, 70, 31, 39, 38, 37, 36, 35, 40, 34, 33, 32, 21, 23, 25, 27, 29, 30, 28, 26, 24, 22, 0]
Elapsed time: 87.74346613883972

i:0	122432.25771303452
i:50	82483.8279305558
i:100	78406.65798575908
i:150	76459.63669318019
i:200	76459.63669318019
i:250	76459.63669318019
i:300	76459.63669318019
i:350	76459.63669318019
i:400	76459.63669318019
i:450	76459.63669318019
i:500	76459.63669318019
i:550	76459.63669318019
i:600	76459.63669318019
i:650	76459.63669318019
best: 76459.63669318019
routes: [0, 43, 42, 41, 44, 45, 47, 46, 49, 50, 48, 14, 12, 11, 13, 15, 18, 17, 19, 20, 16, 22, 21, 23, 26, 25, 27, 29, 30, 28, 24, 0, 67, 68, 64, 62, 61, 63, 65, 66, 69, 70, 31, 33, 32, 37, 36, 35, 40, 39, 38, 34, 0, 51, 52, 53, 56, 54, 55, 57, 59, 60, 58, 76, 74, 71, 72, 73, 75, 78, 77, 79, 80, 2, 8, 7, 9, 10, 5, 6, 3, 1, 4, 0]
Elapsed time: 88.9168930053711

i:0	118844.57855583548
i:50	82903.35690914007
i:100	77968.50357194614
i:150	76080.02433955939
i:200	76080.02433955939
i:250	76080.02433955939
i:300	76080.02433955939
i:350	76080.02433955939
i:400	76080.02433955939
i:450	76080.02433955939
i:500	76080.02433955939
i:550	76080.02433955939
i:600	76080.02433955939
i:650	76080.02433955939
best: 76080.02433955939
routes: [0, 33, 32, 38, 39, 40, 35, 36, 37, 34, 31, 69, 70, 67, 68, 66, 65, 63, 64, 61, 62, 0, 21, 24, 28, 30, 29, 27, 26, 25, 23, 22, 16, 13, 11, 12, 14, 15, 18, 20, 19, 17, 48, 45, 47, 49, 50, 46, 44, 41, 43, 42, 0, 79, 80, 78, 75, 73, 72, 71, 74, 77, 76, 58, 60, 59, 57, 56, 53, 51, 52, 55, 54, 2, 1, 3, 8, 7, 9, 10, 5, 6, 4, 0]
Elapsed time: 90.84874701499939

i:0	124832.85806633373
i:50	88283.50384319392
i:100	81155.59359437649
i:150	75964.98450455249
i:200	75964.98450455249
i:250	75964.98450455249
i:300	75964.98450455249
i:350	75964.98450455249
i:400	75964.98450455249
i:450	75964.98450455249
i:500	75964.98450455249
i:550	75964.98450455249
i:600	75964.98450455249
i:650	75964.98450455249
best: 75964.98450455249
routes: [0, 61, 62, 63, 64, 65, 68, 67, 66, 69, 70, 31, 39, 38, 37, 40, 35, 36, 32, 33, 34, 0, 79, 80, 77, 76, 74, 71, 72, 73, 75, 78, 58, 60, 59, 57, 56, 53, 51, 52, 55, 54, 2, 1, 3, 5, 10, 9, 7, 8, 6, 4, 0, 43, 45, 42, 41, 44, 46, 49, 50, 47, 48, 14, 12, 11, 13, 15, 18, 17, 19, 20, 16, 22, 23, 21, 24, 26, 25, 27, 29, 30, 28, 0]
Elapsed time: 92.51025319099426

i:0	120957.1312707417
i:50	85363.64013200159
i:100	76815.9112132405
i:150	75329.27596445422
i:200	75329.27596445422
i:250	75329.27596445422
i:300	75329.27596445422
i:350	75329.27596445422
i:400	75329.27596445422
i:450	75329.27596445422
i:500	75329.27596445422
i:550	75329.27596445422
i:600	75329.27596445422
i:650	75329.27596445422
best: 75329.27596445422
routes: [0, 33, 34, 39, 38, 37, 40, 35, 36, 32, 31, 69, 70, 66, 67, 68, 65, 64, 63, 61, 62, 0, 79, 80, 78, 75, 73, 72, 71, 74, 77, 76, 58, 60, 59, 57, 56, 53, 51, 52, 55, 54, 2, 1, 3, 8, 7, 9, 10, 5, 6, 4, 0, 43, 45, 42, 41, 44, 46, 49, 50, 47, 48, 12, 11, 13, 16, 15, 18, 14, 17, 19, 20, 29, 30, 28, 27, 25, 26, 24, 21, 23, 22, 0]
Elapsed time: 88.15203762054443

i:0	113690.19224558436
i:50	80549.72059672249
i:100	72426.14436229468
i:150	70969.49012678492
i:200	70969.49012678492
i:250	70969.49012678492
i:300	70969.49012678492
i:350	70969.49012678492
i:400	70969.49012678492
i:450	70969.49012678492
i:500	70969.49012678492
i:550	70969.49012678492
i:600	70969.49012678492
i:650	70969.49012678492
best: 70969.49012678492
routes: [0, 4, 1, 2, 3, 6, 5, 10, 7, 8, 9, 43, 48, 47, 45, 42, 41, 44, 46, 49, 50, 17, 19, 20, 18, 15, 14, 12, 11, 13, 16, 0, 54, 52, 51, 53, 56, 55, 57, 59, 60, 58, 76, 71, 72, 73, 75, 78, 74, 77, 79, 80, 61, 62, 63, 64, 65, 68, 67, 66, 69, 70, 0, 31, 39, 40, 35, 36, 37, 38, 34, 33, 32, 21, 23, 22, 25, 27, 29, 30, 28, 26, 24, 0]
Elapsed time: 83.86692380905151

i:0	116701.0698683192
i:50	87096.28686687649
i:100	78622.24896874459
i:150	76713.50474569469
i:200	76713.50474569469
i:250	76713.50474569469
i:300	76713.50474569469
i:350	76713.50474569469
i:400	76713.50474569469
i:450	76713.50474569469
i:500	76713.50474569469
i:550	76713.50474569469
i:600	76713.50474569469
i:650	76713.50474569469
best: 76713.50474569469
routes: [0, 78, 75, 73, 72, 71, 74, 77, 76, 79, 80, 58, 52, 51, 53, 56, 59, 60, 57, 55, 54, 0, 61, 62, 63, 64, 65, 68, 67, 66, 69, 70, 31, 39, 40, 35, 36, 37, 38, 34, 33, 32, 21, 23, 25, 27, 29, 30, 28, 26, 24, 22, 0, 13, 16, 20, 19, 17, 18, 15, 14, 12, 11, 48, 47, 49, 50, 46, 44, 45, 42, 41, 43, 9, 8, 7, 10, 5, 6, 2, 1, 3, 4, 0]
Elapsed time: 87.19337296485901

i:0	121001.71087519686
i:50	84422.13416129853
i:100	77652.71927867309
i:150	76148.70180269354
i:200	76148.70180269354
i:250	76148.70180269354
i:300	76148.70180269354
i:350	76148.70180269354
i:400	76148.70180269354
i:450	76148.70180269354
i:500	76148.70180269354
i:550	76148.70180269354
i:600	76148.70180269354
i:650	76148.70180269354
best: 76148.70180269354
routes: [0, 61, 62, 63, 64, 65, 68, 67, 66, 69, 70, 31, 39, 40, 35, 36, 37, 38, 34, 33, 32, 0, 80, 78, 75, 73, 72, 71, 74, 77, 76, 79, 58, 60, 59, 57, 56, 55, 54, 53, 51, 52, 2, 1, 3, 8, 7, 9, 10, 5, 6, 4, 0, 41, 44, 46, 49, 50, 47, 45, 42, 43, 48, 14, 12, 11, 13, 15, 17, 19, 20, 18, 16, 25, 27, 29, 30, 28, 26, 24, 21, 23, 22, 0]
Elapsed time: 87.03149724006653

i:0	120766.69881047225
i:50	82590.87951333469
i:100	77821.81671826888
i:150	74498.8926471918
i:200	74498.8926471918
i:250	74498.8926471918
i:300	74498.8926471918
i:350	74498.8926471918
i:400	74498.8926471918
i:450	74498.8926471918
i:500	74498.8926471918
i:550	74498.8926471918
i:600	74498.8926471918
i:650	74498.8926471918
best: 74498.8926471918
routes: [0, 21, 23, 24, 26, 25, 27, 29, 30, 28, 22, 16, 13, 12, 14, 15, 17, 19, 20, 18, 11, 43, 41, 44, 46, 49, 50, 48, 47, 45, 42, 0, 51, 52, 53, 56, 54, 55, 57, 59, 60, 58, 79, 80, 77, 76, 74, 71, 72, 73, 75, 78, 2, 1, 3, 6, 7, 8, 9, 10, 5, 4, 0, 33, 34, 32, 37, 36, 35, 40, 39, 38, 31, 69, 70, 66, 67, 68, 65, 64, 63, 61, 62, 0]
Elapsed time: 86.29474520683289

i:0	123970.66605086235
i:50	80591.64948855966
i:100	76536.857477293
i:150	75086.019396632
i:200	71104.42601059128
i:250	71104.42601059128
i:300	71104.42601059128
i:350	71104.42601059128
i:400	71104.42601059128
i:450	71104.42601059128
i:500	71104.42601059128
i:550	71104.42601059128
i:600	71104.42601059128
i:650	71104.42601059128
best: 71104.42601059128
routes: [0, 51, 52, 53, 56, 54, 55, 57, 59, 60, 58, 76, 77, 74, 71, 72, 73, 75, 78, 79, 80, 61, 62, 63, 64, 65, 68, 67, 66, 69, 70, 0, 13, 11, 12, 14, 15, 18, 16, 20, 19, 17, 48, 47, 49, 50, 46, 44, 45, 42, 41, 43, 10, 9, 7, 8, 2, 1, 3, 6, 5, 4, 0, 21, 23, 22, 25, 27, 29, 30, 28, 26, 24, 33, 34, 31, 39, 38, 37, 40, 35, 36, 32, 0]
Elapsed time: 89.96473908424377

i:0	114936.56890105217
i:50	82504.26241320858
i:100	77836.71863185677
i:150	75754.52548098202
i:200	75754.52548098202
i:250	75754.52548098202
i:300	75754.52548098202
i:350	75754.52548098202
i:400	75754.52548098202
i:450	75754.52548098202
i:500	75754.52548098202
i:550	75754.52548098202
i:600	75754.52548098202
i:650	75754.52548098202
best: 75754.52548098202
routes: [0, 61, 62, 63, 64, 65, 68, 67, 66, 69, 70, 31, 34, 33, 38, 39, 40, 35, 36, 37, 32, 0, 79, 80, 78, 75, 73, 72, 71, 74, 77, 76, 58, 60, 59, 57, 55, 56, 53, 51, 52, 54, 8, 2, 1, 3, 6, 7, 9, 10, 5, 4, 0, 21, 24, 23, 25, 27, 29, 30, 28, 26, 22, 16, 20, 19, 17, 18, 15, 14, 12, 13, 11, 48, 47, 49, 50, 46, 44, 41, 43, 45, 42, 0]
Elapsed time: 86.80963921546936

i:0	126098.69024377779
i:50	84004.67386734445
i:100	77602.68657879547
i:150	76300.22440177003
i:200	76300.22440177003
i:250	76300.22440177003
i:300	76300.22440177003
i:350	76300.22440177003
i:400	76300.22440177003
i:450	76300.22440177003
i:500	76300.22440177003
i:550	76300.22440177003
i:600	76300.22440177003
i:650	76300.22440177003
best: 76300.22440177003
routes: [0, 79, 80, 78, 75, 73, 72, 71, 74, 77, 76, 58, 59, 60, 56, 52, 51, 53, 57, 55, 54, 0, 61, 62, 63, 64, 65, 68, 67, 66, 69, 70, 31, 33, 34, 39, 38, 37, 40, 35, 36, 32, 21, 23, 22, 25, 27, 29, 30, 28, 26, 24, 0, 16, 15, 18, 20, 19, 17, 14, 12, 13, 11, 48, 46, 49, 50, 47, 45, 44, 41, 42, 43, 9, 10, 5, 6, 7, 8, 2, 1, 3, 4, 0]
Elapsed time: 88.41697025299072

i:0	123451.77646035624
i:50	90164.68053709902
i:100	81444.71152350651
i:150	78671.65395086256
i:200	78541.58982165025
i:250	78541.58982165025
i:300	78541.58982165025
i:350	78541.58982165025
i:400	78541.58982165025
i:450	78541.58982165025
i:500	78541.58982165025
i:550	78541.58982165025
i:600	78541.58982165025
i:650	78541.58982165025
best: 78541.58982165025
routes: [0, 31, 34, 33, 32, 39, 38, 37, 40, 35, 36, 30, 28, 27, 29, 25, 26, 24, 21, 23, 22, 20, 19, 17, 14, 15, 18, 16, 13, 11, 12, 0, 77, 79, 80, 78, 75, 73, 72, 71, 74, 76, 61, 63, 65, 68, 67, 69, 70, 66, 64, 62, 0, 51, 52, 53, 56, 59, 60, 58, 57, 55, 54, 41, 42, 45, 47, 44, 46, 49, 50, 48, 43, 10, 9, 7, 8, 2, 1, 3, 6, 5, 4, 0]
Elapsed time: 93.0334484577179

i:0	121952.93802766004
i:50	85613.43587215271
i:100	78548.72005357448
i:150	76927.33181588151
i:200	76927.33181588151
i:250	76927.33181588151
i:300	76927.33181588151
i:350	76927.33181588151
i:400	76927.33181588151
i:450	76927.33181588151
i:500	76927.33181588151
i:550	76927.33181588151
i:600	76927.33181588151
i:650	76927.33181588151
best: 76927.33181588151
routes: [0, 43, 42, 41, 44, 45, 47, 46, 49, 50, 48, 12, 11, 13, 15, 14, 17, 19, 20, 18, 16, 29, 27, 30, 28, 26, 25, 22, 23, 21, 24, 0, 63, 62, 61, 64, 65, 68, 67, 66, 69, 70, 31, 34, 33, 38, 39, 40, 35, 36, 37, 32, 0, 4, 1, 3, 5, 6, 9, 7, 10, 8, 2, 80, 78, 75, 73, 72, 71, 74, 76, 77, 79, 58, 60, 59, 57, 56, 53, 51, 52, 55, 54, 0]
Elapsed time: 89.6686224937439

i:0	121510.79010495535
i:50	81632.73995292524
i:100	78267.4319781037
i:150	76787.16587566683
i:200	76787.16587566683
i:250	76787.16587566683
i:300	76787.16587566683
i:350	76787.16587566683
i:400	76787.16587566683
i:450	76787.16587566683
i:500	76787.16587566683
i:550	76787.16587566683
i:600	76787.16587566683
i:650	76787.16587566683
best: 76787.16587566683
routes: [0, 4, 1, 2, 3, 6, 5, 10, 7, 8, 9, 41, 42, 45, 44, 46, 49, 50, 47, 48, 43, 54, 55, 57, 59, 60, 58, 56, 53, 51, 52, 0, 31, 39, 40, 35, 36, 37, 38, 34, 33, 32, 24, 21, 23, 22, 25, 27, 29, 30, 28, 26, 16, 15, 18, 20, 19, 17, 14, 13, 11, 12, 0, 74, 71, 72, 73, 75, 78, 77, 76, 79, 80, 61, 62, 63, 64, 65, 68, 67, 66, 69, 70, 0]
Elapsed time: 86.58719944953918

i:0	119284.05483208997
i:50	82845.45324907944
i:100	77467.90599116794
i:150	75407.87845712223
i:200	75407.87845712223
i:250	75407.87845712223
i:300	75407.87845712223
i:350	75407.87845712223
i:400	75407.87845712223
i:450	75407.87845712223
i:500	75407.87845712223
i:550	75407.87845712223
i:600	75407.87845712223
i:650	75407.87845712223
best: 75407.87845712223
routes: [0, 80, 78, 75, 73, 72, 71, 74, 77, 76, 79, 58, 60, 59, 57, 56, 53, 51, 52, 55, 54, 0, 43, 42, 41, 44, 45, 47, 46, 49, 50, 48, 14, 12, 11, 13, 15, 18, 17, 19, 20, 16, 25, 27, 29, 30, 28, 26, 24, 21, 23, 22, 0, 4, 5, 7, 8, 9, 10, 6, 3, 2, 1, 61, 62, 63, 64, 65, 68, 67, 66, 69, 70, 31, 34, 33, 38, 39, 40, 35, 36, 37, 32, 0]
Elapsed time: 87.84121060371399

i:0	126831.22024572593
i:50	80064.48180262122
i:100	77619.07579627392
i:150	75329.45851113359
i:200	75329.45851113359
i:250	75329.45851113359
i:300	75329.45851113359
i:350	75329.45851113359
i:400	75329.45851113359
i:450	75329.45851113359
i:500	75329.45851113359
i:550	75329.45851113359
i:600	75329.45851113359
i:650	75329.45851113359
best: 75329.45851113359
routes: [0, 33, 32, 37, 35, 36, 40, 39, 38, 34, 31, 69, 70, 66, 67, 68, 65, 64, 63, 61, 62, 0, 51, 52, 53, 56, 54, 55, 57, 59, 60, 58, 76, 77, 79, 80, 78, 75, 73, 72, 71, 74, 6, 5, 10, 9, 7, 8, 2, 1, 3, 4, 0, 21, 24, 23, 22, 25, 27, 29, 30, 28, 26, 16, 13, 11, 12, 15, 18, 20, 19, 17, 14, 48, 45, 47, 49, 50, 46, 44, 41, 43, 42, 0]
Elapsed time: 85.22494506835938

mean: 75372.61678240518
std: 1898.5924478552718
mean-time: 88.23274705410003
std-time: 2.3126323203791577