i:0	120654.19328267674
i:50	90137.55399102648
i:100	86727.71101377663
i:150	83686.90450398845
i:200	83686.90450398845
i:250	83686.90450398845
i:300	83686.90450398845
i:350	83686.90450398845
i:400	83686.90450398845
i:450	83686.90450398845
i:500	83686.90450398845
i:550	83686.90450398845
i:600	83686.90450398845
i:650	83686.90450398845
best: 83686.90450398845
routes: [0, 21, 22, 23, 24, 26, 25, 29, 27, 28, 30, 35, 36, 37, 40, 39, 38, 31, 34, 33, 32, 0, 79, 80, 76, 77, 74, 71, 72, 73, 75, 78, 58, 59, 60, 56, 52, 51, 53, 57, 55, 54, 0, 4, 3, 6, 5, 10, 9, 7, 8, 2, 1, 69, 70, 66, 67, 68, 65, 64, 63, 61, 62, 0, 11, 13, 15, 18, 16, 20, 19, 17, 14, 12, 48, 43, 42, 41, 44, 46, 45, 47, 49, 50, 0]
Elapsed time: 79.98927164077759

i:0	117802.22506843746
i:50	85873.9307938143
i:100	82649.32841476548
i:150	81183.47740763843
i:200	81183.47740763843
i:250	81183.47740763843
i:300	81183.47740763843
i:350	81183.47740763843
i:400	81183.47740763843
i:450	81183.47740763843
i:500	81183.47740763843
i:550	81183.47740763843
i:600	81183.47740763843
i:650	81183.47740763843
best: 81183.47740763843
routes: [0, 21, 22, 23, 24, 26, 25, 29, 27, 28, 30, 35, 36, 37, 40, 39, 38, 31, 34, 33, 32, 0, 51, 52, 53, 56, 54, 55, 57, 59, 60, 58, 76, 77, 74, 71, 72, 73, 75, 78, 79, 80, 0, 13, 15, 18, 16, 20, 19, 17, 14, 12, 11, 48, 47, 49, 50, 46, 44, 41, 43, 45, 42, 0, 4, 5, 10, 9, 7, 8, 6, 3, 2, 1, 69, 70, 66, 67, 68, 65, 64, 63, 61, 62, 0]
Elapsed time: 76.84119439125061

i:0	118714.60428156944
i:50	86264.25661060886
i:100	80162.76862778398
i:150	79088.35884214498
i:200	79088.35884214498
i:250	79088.35884214498
i:300	79088.35884214498
i:350	79088.35884214498
i:400	79088.35884214498
i:450	79088.35884214498
i:500	79088.35884214498
i:550	79088.35884214498
i:600	79088.35884214498
i:650	79088.35884214498
best: 79088.35884214498
routes: [0, 61, 62, 63, 64, 65, 68, 66, 67, 69, 70, 31, 39, 38, 37, 40, 35, 36, 32, 33, 34, 0, 51, 52, 53, 56, 54, 55, 57, 59, 60, 58, 76, 77, 74, 71, 72, 73, 75, 78, 79, 80, 0, 21, 24, 23, 25, 27, 29, 30, 28, 26, 22, 13, 11, 12, 15, 14, 17, 19, 20, 18, 16, 0, 1, 2, 3, 4, 5, 6, 7, 8, 9, 10, 43, 42, 41, 45, 44, 46, 49, 50, 47, 48, 0]
Elapsed time: 76.81908631324768

i:0	134740.4153157121
i:50	85287.43659382236
i:100	82352.377136261
i:150	81231.16642426566
i:200	81231.16642426566
i:250	81231.16642426566
i:300	81231.16642426566
i:350	81231.16642426566
i:400	81231.16642426566
i:450	81231.16642426566
i:500	81231.16642426566
i:550	81231.16642426566
i:600	81231.16642426566
i:650	81231.16642426566
best: 81231.16642426566
routes: [0, 31, 39, 40, 35, 36, 37, 38, 34, 33, 32, 30, 28, 27, 29, 25, 26, 24, 21, 23, 22, 0, 43, 45, 42, 41, 44, 46, 49, 50, 47, 48, 17, 14, 12, 11, 13, 15, 18, 19, 20, 16, 0, 4, 1, 3, 6, 5, 10, 9, 7, 8, 2, 61, 62, 63, 65, 68, 67, 69, 70, 66, 64, 0, 51, 52, 53, 56, 54, 55, 57, 59, 60, 58, 79, 80, 76, 77, 74, 71, 72, 73, 75, 78, 0]
Elapsed time: 72.17236399650574

i:0	130862.30458317617
i:50	86697.53635788246
i:100	83126.0754899431
i:150	81038.49925649789
i:200	81038.49925649789
i:250	81038.49925649789
i:300	81038.49925649789
i:350	81038.49925649789
i:400	81038.49925649789
i:450	81038.49925649789
i:500	81038.49925649789
i:550	81038.49925649789
i:600	81038.49925649789
i:650	81038.49925649789
best: 81038.49925649789
routes: [0, 51, 52, 53, 56, 59, 60, 58, 57, 55, 54, 8, 9, 7, 10, 5, 6, 2, 1, 3, 4, 0, 31, 39, 38, 37, 40, 35, 36, 34, 33, 32, 24, 21, 23, 22, 25, 27, 29, 30, 28, 26, 0, 43, 45, 42, 41, 44, 46, 49, 50, 47, 48, 14, 12, 11, 13, 15, 18, 17, 19, 20, 16, 0, 76, 74, 71, 72, 73, 75, 78, 79, 77, 80, 61, 62, 63, 64, 65, 67, 68, 66, 69, 70, 0]
Elapsed time: 77.018061876297

i:0	120597.25151469502
i:50	86758.8086498354
i:100	84504.41855248802
i:150	81773.80924099531
i:200	81606.93869514031
i:250	81606.93869514031
i:300	81606.93869514031
i:350	81606.93869514031
i:400	81534.56191499173
i:450	81534.56191499173
i:500	81534.56191499173
i:550	81534.56191499173
i:600	81534.56191499173
i:650	81534.56191499173
best: 81534.56191499173
routes: [0, 21, 23, 22, 25, 27, 29, 30, 28, 26, 24, 32, 37, 35, 36, 40, 39, 38, 33, 34, 31, 0, 51, 52, 53, 56, 54, 55, 57, 59, 60, 58, 76, 71, 72, 73, 75, 78, 74, 77, 79, 80, 0, 4, 3, 8, 7, 9, 10, 5, 6, 1, 2, 61, 62, 63, 64, 65, 68, 66, 67, 69, 70, 0, 13, 15, 18, 16, 20, 19, 17, 14, 12, 11, 43, 42, 41, 45, 44, 46, 49, 50, 47, 48, 0]
Elapsed time: 80.21503829956055

i:0	120536.08285777173
i:50	83656.6116527259
i:100	81426.8746790115
i:150	80365.27030533206
i:200	80365.27030533206
i:250	80365.27030533206
i:300	80365.27030533206
i:350	80365.27030533206
i:400	80365.27030533206
i:450	80365.27030533206
i:500	80365.27030533206
i:550	80365.27030533206
i:600	80365.27030533206
i:650	80365.27030533206
best: 80365.27030533206
routes: [0, 13, 15, 18, 16, 20, 19, 17, 14, 12, 11, 43, 42, 41, 45, 44, 46, 49, 50, 47, 48, 0, 4, 1, 3, 6, 5, 10, 9, 7, 8, 2, 69, 70, 66, 67, 68, 65, 64, 63, 61, 62, 0, 21, 22, 23, 24, 26, 25, 29, 27, 28, 30, 35, 36, 37, 40, 39, 38, 31, 34, 33, 32, 0, 51, 52, 53, 56, 54, 55, 57, 59, 60, 58, 76, 74, 71, 72, 73, 75, 78, 77, 79, 80, 0]
Elapsed time: 78.54344439506531

i:0	130451.13682142975
i:50	89380.29464246055
i:100	83694.80141272549
i:150	83265.4158464949
i:200	83265.4158464949
i:250	83265.4158464949
i:300	83265.4158464949
i:350	83265.4158464949
i:400	83265.4158464949
i:450	83265.4158464949
i:500	83265.4158464949
i:550	83265.4158464949
i:600	83265.4158464949
i:650	83265.4158464949
best: 83265.4158464949
routes: [0, 80, 76, 77, 74, 71, 72, 73, 75, 78, 79, 58, 60, 59, 57, 54, 55, 56, 53, 51, 52, 0, 4, 5, 6, 10, 9, 7, 8, 2, 3, 1, 61, 63, 65, 68, 67, 69, 70, 66, 64, 62, 0, 13, 15, 18, 16, 20, 19, 17, 14, 12, 11, 43, 41, 44, 46, 49, 50, 48, 47, 45, 42, 0, 31, 34, 33, 32, 38, 39, 40, 37, 35, 36, 30, 28, 27, 29, 25, 26, 24, 21, 23, 22, 0]
Elapsed time: 73.9105851650238

i:0	113792.75551270449
i:50	88015.96427615843
i:100	83213.5855098941
i:150	82580.5630268433
i:200	82580.5630268433
i:250	82580.5630268433
i:300	82580.5630268433
i:350	82580.5630268433
i:400	82580.5630268433
i:450	82580.5630268433
i:500	82580.5630268433
i:550	82580.5630268433
i:600	82580.5630268433
i:650	82580.5630268433
best: 82580.5630268433
routes: [0, 43, 42, 41, 45, 44, 46, 49, 50, 47, 48, 11, 13, 16, 20, 19, 17, 18, 15, 14, 12, 0, 4, 1, 2, 3, 6, 5, 10, 9, 7, 8, 54, 55, 57, 59, 60, 58, 56, 53, 51, 52, 0, 76, 71, 72, 73, 75, 78, 74, 77, 79, 80, 65, 68, 67, 69, 70, 66, 64, 63, 61, 62, 0, 31, 39, 38, 37, 40, 35, 36, 34, 33, 32, 26, 25, 27, 29, 30, 28, 24, 21, 23, 22, 0]
Elapsed time: 81.66269373893738

i:0	125903.00168185862
i:50	86689.567145317
i:100	84307.2735751963
i:150	83872.04969453186
i:200	83762.37490424674
i:250	83762.37490424674
i:300	83762.37490424674
i:350	83762.37490424674
i:400	83762.37490424674
i:450	83762.37490424674
i:500	83762.37490424674
i:550	83762.37490424674
i:600	83762.37490424674
i:650	83762.37490424674
best: 83762.37490424674
routes: [0, 31, 34, 33, 38, 39, 40, 36, 35, 37, 32, 21, 23, 25, 27, 29, 30, 28, 26, 24, 22, 0, 79, 80, 76, 77, 74, 71, 72, 73, 75, 78, 58, 59, 60, 56, 52, 51, 53, 57, 55, 54, 0, 43, 45, 47, 49, 50, 48, 46, 44, 41, 42, 11, 12, 13, 15, 18, 16, 20, 19, 17, 14, 0, 4, 5, 6, 7, 10, 9, 8, 2, 3, 1, 61, 62, 63, 64, 65, 68, 66, 67, 69, 70, 0]
Elapsed time: 76.43693041801453

i:0	124586.11367377613
i:50	88222.53531683347
i:100	81101.22213723193
i:150	80205.20260666944
i:200	80205.20260666944
i:250	80205.20260666944
i:300	80205.20260666944
i:350	80205.20260666944
i:400	80205.20260666944
i:450	80205.20260666944
i:500	80205.20260666944
i:550	80205.20260666944
i:600	80205.20260666944
i:650	80205.20260666944
best: 80205.20260666944
routes: [0, 54, 55, 57, 59, 60, 56, 52, 51, 53, 58, 76, 79, 77, 74, 71, 72, 73, 75, 78, 80, 0, 11, 12, 13, 15, 14, 17, 19, 20, 18, 16, 25, 27, 29, 30, 28, 26, 24, 21, 23, 22, 0, 61, 62, 63, 64, 65, 68, 66, 67, 69, 70, 31, 39, 40, 35, 36, 37, 38, 34, 33, 32, 0, 4, 1, 2, 3, 6, 5, 10, 7, 8, 9, 43, 41, 44, 46, 49, 50, 48, 47, 45, 42, 0]
Elapsed time: 77.54756045341492

i:0	126423.17686395058
i:50	88183.97013612815
i:100	82440.63820442514
i:150	82138.04423214553
i:200	82138.04423214553
i:250	82138.04423214553
i:300	82138.04423214553
i:350	82138.04423214553
i:400	82138.04423214553
i:450	82138.04423214553
i:500	82138.04423214553
i:550	82138.04423214553
i:600	82138.04423214553
i:650	82138.04423214553
best: 82138.04423214553
routes: [0, 21, 22, 23, 24, 26, 25, 29, 27, 28, 30, 35, 36, 37, 40, 39, 38, 31, 34, 33, 32, 0, 4, 3, 6, 5, 10, 9, 7, 8, 2, 1, 61, 62, 63, 64, 65, 68, 66, 67, 69, 70, 0, 43, 45, 42, 41, 44, 46, 49, 50, 47, 48, 14, 15, 17, 19, 20, 18, 16, 13, 11, 12, 0, 80, 76, 77, 74, 71, 72, 73, 75, 78, 79, 58, 52, 51, 53, 56, 59, 60, 57, 55, 54, 0]
Elapsed time: 78.23721027374268

i:0	125339.76183187749
i:50	85777.16834328522
i:100	83323.42706913015
i:150	81961.37733607381
i:200	81961.37733607381
i:250	81961.37733607381
i:300	81961.37733607381
i:350	81961.37733607381
i:400	81961.37733607381
i:450	81961.37733607381
i:500	81961.37733607381
i:550	81961.37733607381
i:600	81961.37733607381
i:650	81961.37733607381
best: 81961.37733607381
routes: [0, 31, 34, 33, 32, 38, 39, 40, 37, 35, 36, 30, 28, 27, 29, 25, 26, 24, 21, 23, 22, 0, 71, 72, 73, 75, 78, 77, 74, 76, 79, 80, 58, 60, 59, 57, 54, 55, 56, 53, 51, 52, 0, 43, 45, 42, 41, 44, 46, 49, 50, 47, 48, 14, 12, 11, 13, 15, 18, 17, 19, 20, 16, 0, 4, 3, 6, 5, 10, 9, 7, 8, 2, 1, 61, 62, 63, 64, 65, 68, 66, 67, 69, 70, 0]
Elapsed time: 73.6395628452301

i:0	119085.82516273239
i:50	89779.89952994286
i:100	85806.21579364534
i:150	83606.20289287342
i:200	83437.30650753765
i:250	83437.30650753765
i:300	83437.30650753765
i:350	83437.30650753765
i:400	83437.30650753765
i:450	83437.30650753765
i:500	83437.30650753765
i:550	83437.30650753765
i:600	83437.30650753765
i:650	83437.30650753765
best: 83437.30650753765
routes: [0, 76, 77, 74, 71, 72, 73, 75, 78, 80, 79, 58, 57, 59, 60, 56, 53, 51, 52, 55, 54, 0, 4, 5, 10, 9, 7, 8, 6, 3, 2, 1, 61, 62, 63, 64, 65, 67, 68, 66, 69, 70, 0, 11, 12, 13, 15, 18, 16, 20, 19, 17, 14, 48, 47, 49, 50, 46, 45, 44, 41, 43, 42, 0, 31, 34, 33, 38, 39, 40, 36, 35, 37, 32, 28, 30, 29, 27, 25, 26, 24, 21, 23, 22, 0]
Elapsed time: 74.06785655021667

i:0	120861.85687022876
i:50	86679.56069739808
i:100	84112.22401608905
i:150	83932.84356593117
i:200	83932.84356593117
i:250	83932.84356593117
i:300	83932.84356593117
i:350	83932.84356593117
i:400	83932.84356593117
i:450	83932.84356593117
i:500	83932.84356593117
i:550	83932.84356593117
i:600	83932.84356593117
i:650	83932.84356593117
best: 83932.84356593117
routes: [0, 13, 15, 18, 16, 20, 19, 17, 14, 12, 11, 43, 42, 41, 45, 44, 46, 49, 50, 47, 48, 0, 4, 5, 6, 7, 10, 9, 8, 2, 3, 1, 61, 62, 63, 64, 65, 68, 66, 67, 69, 70, 0, 21, 23, 22, 25, 29, 27, 30, 28, 26, 24, 38, 39, 40, 35, 36, 37, 32, 33, 34, 31, 0, 71, 72, 73, 75, 78, 77, 74, 76, 79, 80, 58, 59, 60, 56, 57, 55, 54, 53, 51, 52, 0]
Elapsed time: 75.43187522888184

i:0	123582.51787683986
i:50	84894.98042289405
i:100	80757.1510129889
i:150	79724.01049321522
i:200	79724.01049321522
i:250	79724.01049321522
i:300	79724.01049321522
i:350	79724.01049321522
i:400	79724.01049321522
i:450	79724.01049321522
i:500	79724.01049321522
i:550	79724.01049321522
i:600	79724.01049321522
i:650	79724.01049321522
best: 79724.01049321522
routes: [0, 43, 45, 42, 41, 44, 46, 49, 50, 47, 48, 17, 19, 20, 18, 15, 14, 12, 11, 13, 16, 0, 4, 5, 6, 10, 9, 7, 8, 2, 3, 1, 69, 70, 66, 67, 68, 65, 64, 63, 61, 62, 0, 51, 52, 53, 56, 54, 55, 57, 59, 60, 58, 76, 77, 74, 71, 72, 73, 75, 78, 79, 80, 0, 31, 39, 38, 37, 40, 35, 36, 34, 33, 32, 28, 30, 29, 27, 25, 26, 24, 21, 23, 22, 0]
Elapsed time: 74.94206118583679

i:0	119756.67286411038
i:50	87357.01449275976
i:100	80787.76455949446
i:150	79522.3305835473
i:200	79522.3305835473
i:250	79522.3305835473
i:300	79522.3305835473
i:350	79522.3305835473
i:400	79522.3305835473
i:450	79522.3305835473
i:500	79522.3305835473
i:550	79522.3305835473
i:600	79522.3305835473
i:650	79522.3305835473
best: 79522.3305835473
routes: [0, 4, 3, 1, 2, 8, 6, 5, 10, 7, 9, 43, 41, 44, 46, 49, 50, 48, 47, 45, 42, 0, 51, 52, 53, 56, 54, 55, 57, 59, 60, 58, 76, 71, 72, 73, 75, 78, 74, 77, 79, 80, 0, 11, 12, 15, 18, 20, 19, 17, 14, 13, 16, 25, 27, 29, 30, 28, 26, 24, 21, 23, 22, 0, 33, 32, 37, 35, 36, 40, 39, 38, 34, 31, 69, 70, 66, 67, 68, 65, 64, 63, 61, 62, 0]
Elapsed time: 79.45982885360718

i:0	122670.50882846137
i:50	86829.19261244555
i:100	82988.92805675723
i:150	82175.42185858866
i:200	82175.42185858866
i:250	82175.42185858866
i:300	82123.71255263776
i:350	82123.71255263776
i:400	82123.71255263776
i:450	82123.71255263776
i:500	82123.71255263776
i:550	82123.71255263776
i:600	82123.71255263776
i:650	82123.71255263776
best: 82123.71255263776
routes: [0, 43, 45, 48, 47, 49, 50, 46, 44, 41, 42, 11, 13, 15, 18, 16, 20, 19, 17, 14, 12, 0, 4, 3, 6, 5, 10, 9, 7, 8, 2, 1, 61, 63, 65, 68, 67, 69, 70, 66, 64, 62, 0, 21, 22, 23, 24, 26, 25, 29, 27, 28, 30, 35, 36, 37, 40, 39, 38, 31, 34, 33, 32, 0, 51, 52, 53, 56, 54, 55, 57, 59, 60, 58, 79, 80, 76, 77, 74, 71, 72, 73, 75, 78, 0]
Elapsed time: 76.32653641700745

i:0	127145.78088774446
i:50	89935.09974892903
i:100	84341.7161887449
i:150	82453.5293579805
i:200	82453.5293579805
i:250	82453.5293579805
i:300	82453.5293579805
i:350	82453.5293579805
i:400	82453.5293579805
i:450	82453.5293579805
i:500	82453.5293579805
i:550	82453.5293579805
i:600	82453.5293579805
i:650	82453.5293579805
best: 82453.5293579805
routes: [0, 76, 77, 74, 71, 72, 73, 75, 78, 80, 79, 58, 59, 60, 56, 57, 55, 54, 53, 51, 52, 0, 4, 5, 10, 7, 9, 8, 2, 6, 3, 1, 61, 62, 63, 64, 65, 68, 66, 67, 69, 70, 0, 13, 15, 17, 19, 20, 18, 16, 14, 12, 11, 43, 45, 47, 49, 50, 48, 46, 44, 41, 42, 0, 31, 39, 40, 35, 36, 37, 38, 34, 33, 32, 21, 23, 22, 25, 27, 29, 30, 28, 26, 24, 0]
Elapsed time: 79.03439474105835

i:0	118791.67043786516
i:50	86235.68183060671
i:100	83426.68308243874
i:150	80108.68375428984
i:200	80108.68375428984
i:250	80108.68375428984
i:300	80108.68375428984
i:350	80108.68375428984
i:400	80108.68375428984
i:450	80108.68375428984
i:500	80108.68375428984
i:550	80108.68375428984
i:600	80108.68375428984
i:650	80108.68375428984
best: 80108.68375428984
routes: [0, 1, 3, 4, 6, 5, 10, 9, 7, 8, 2, 61, 62, 63, 64, 65, 68, 66, 67, 69, 70, 0, 51, 52, 53, 56, 54, 55, 57, 59, 60, 58, 76, 71, 72, 73, 75, 78, 74, 77, 79, 80, 0, 31, 39, 40, 35, 36, 37, 38, 34, 33, 32, 30, 28, 27, 29, 25, 26, 24, 21, 23, 22, 0, 43, 45, 42, 41, 44, 46, 49, 50, 47, 48, 14, 12, 11, 13, 15, 18, 17, 19, 20, 16, 0]
Elapsed time: 75.91190147399902

mean: 81667.18167112362
std: 1472.8226734263185
mean-time: 76.91037291288376
std-time: 2.4155955704290664