i:0	112639.76316685155
i:50	91105.35065057946
i:100	78028.57321817387
i:150	78028.57321817387
i:200	78028.57321817387
i:250	78028.57321817387
i:300	78028.57321817387
i:350	78028.57321817387
i:400	78028.57321817387
i:450	78028.57321817387
i:500	78028.57321817387
i:550	78028.57321817387
i:600	78028.57321817387
i:650	78028.57321817387
best: 78028.57321817387
routes: [0, 9, 11, 14, 16, 13, 15, 12, 10, 40, 39, 38, 36, 37, 35, 34, 33, 72, 71, 65, 66, 69, 67, 68, 70, 0, 41, 42, 43, 46, 44, 45, 47, 48, 62, 60, 61, 59, 58, 57, 63, 64, 49, 51, 54, 55, 56, 53, 52, 50, 0, 74, 73, 75, 76, 77, 80, 79, 78, 25, 31, 30, 29, 32, 27, 28, 26, 20, 17, 19, 21, 23, 24, 22, 18, 5, 6, 7, 8, 2, 1, 3, 4, 0]
Elapsed time: 79.75143361091614

i:0	116441.50290728384
i:50	89466.78240849104
i:100	76677.51069418901
i:150	76677.51069418901
i:200	76677.51069418901
i:250	76677.51069418901
i:300	76677.51069418901
i:350	76677.51069418901
i:400	76677.51069418901
i:450	76677.51069418901
i:500	76677.51069418901
i:550	76677.51069418901
i:600	76677.51069418901
i:650	76677.51069418901
best: 76677.51069418901
routes: [0, 73, 74, 75, 76, 77, 80, 79, 78, 25, 30, 29, 31, 32, 28, 27, 26, 20, 17, 19, 21, 23, 24, 22, 18, 14, 16, 13, 15, 12, 11, 9, 10, 0, 35, 40, 39, 38, 36, 37, 34, 33, 72, 71, 65, 66, 69, 67, 70, 68, 8, 7, 5, 6, 2, 1, 3, 4, 0, 41, 42, 43, 46, 44, 45, 47, 48, 60, 57, 59, 58, 61, 64, 63, 62, 49, 54, 55, 56, 53, 52, 51, 50, 0]
Elapsed time: 77.61839604377747

i:0	117362.23105305815
i:50	89746.95373003455
i:100	84247.4851176
i:150	79681.83279265018
i:200	79681.83279265018
i:250	79681.83279265018
i:300	79681.83279265018
i:350	79681.83279265018
i:400	79681.83279265018
i:450	79681.83279265018
i:500	79681.83279265018
i:550	79681.83279265018
i:600	79681.83279265018
i:650	79681.83279265018
best: 79681.83279265018
routes: [0, 4, 5, 6, 7, 8, 2, 1, 3, 49, 50, 52, 51, 53, 55, 56, 54, 25, 28, 27, 32, 30, 29, 31, 26, 0, 75, 77, 80, 79, 78, 76, 73, 74, 64, 61, 59, 58, 57, 63, 60, 62, 48, 42, 41, 43, 46, 47, 45, 44, 0, 68, 70, 67, 66, 69, 65, 71, 72, 33, 35, 34, 36, 38, 39, 37, 40, 10, 9, 11, 13, 12, 15, 16, 14, 18, 17, 19, 21, 23, 24, 22, 20, 0]
Elapsed time: 82.17121648788452

i:0	113541.12345802352
i:50	82906.40542042599
i:100	80585.23210743729
i:150	77324.34209370782
i:200	77324.34209370782
i:250	77324.34209370782
i:300	77324.34209370782
i:350	77324.34209370782
i:400	77324.34209370782
i:450	77324.34209370782
i:500	77324.34209370782
i:550	77324.34209370782
i:600	77324.34209370782
i:650	77324.34209370782
best: 77324.34209370782
routes: [0, 4, 1, 2, 3, 5, 6, 7, 8, 70, 68, 67, 66, 69, 65, 71, 72, 33, 36, 38, 39, 37, 34, 35, 40, 15, 12, 10, 9, 11, 13, 16, 14, 0, 44, 45, 47, 42, 41, 43, 46, 48, 64, 61, 59, 58, 57, 63, 60, 62, 54, 55, 56, 53, 50, 49, 51, 52, 0, 73, 74, 75, 76, 77, 80, 79, 78, 25, 28, 27, 26, 32, 31, 30, 29, 24, 23, 21, 22, 20, 17, 19, 18, 0]
Elapsed time: 71.77937817573547

i:0	119708.17806825865
i:50	86017.86760031799
i:100	76832.64493835875
i:150	76832.64493835875
i:200	76832.64493835875
i:250	76832.64493835875
i:300	76832.64493835875
i:350	76832.64493835875
i:400	76832.64493835875
i:450	76832.64493835875
i:500	76832.64493835875
i:550	76832.64493835875
i:600	76832.64493835875
i:650	76832.64493835875
best: 76832.64493835875
routes: [0, 44, 47, 45, 46, 42, 41, 43, 48, 63, 62, 60, 58, 57, 59, 61, 64, 49, 54, 55, 56, 53, 52, 51, 50, 0, 73, 74, 75, 76, 77, 80, 79, 78, 25, 27, 28, 32, 30, 29, 31, 26, 20, 17, 19, 21, 23, 24, 22, 18, 11, 9, 10, 12, 13, 15, 16, 14, 0, 4, 5, 6, 3, 1, 2, 8, 7, 35, 40, 39, 38, 36, 37, 34, 33, 72, 71, 65, 66, 69, 67, 70, 68, 0]
Elapsed time: 74.43084073066711

i:0	117340.13658443709
i:50	91318.14132070846
i:100	90424.31440706585
i:150	82077.51734678299
i:200	79986.2529325018
i:250	79986.2529325018
i:300	79986.2529325018
i:350	79986.2529325018
i:400	79986.2529325018
i:450	79986.2529325018
i:500	79986.2529325018
i:550	79986.2529325018
i:600	79986.2529325018
i:650	79986.2529325018
best: 79986.2529325018
routes: [0, 4, 1, 2, 3, 5, 6, 7, 8, 64, 61, 59, 58, 60, 57, 63, 62, 48, 46, 47, 45, 44, 43, 41, 42, 0, 17, 19, 20, 22, 24, 23, 21, 18, 14, 13, 10, 12, 15, 16, 11, 9, 35, 40, 39, 38, 36, 37, 34, 33, 70, 68, 67, 66, 69, 65, 71, 72, 0, 73, 74, 75, 78, 79, 77, 76, 80, 53, 55, 54, 56, 50, 49, 51, 52, 25, 28, 27, 32, 30, 29, 31, 26, 0]
Elapsed time: 97.27874827384949

i:0	121300.84748189826
i:50	88375.63459417687
i:100	79883.47808834887
i:150	77671.84073485892
i:200	77671.84073485892
i:250	77671.84073485892
i:300	77671.84073485892
i:350	77671.84073485892
i:400	77671.84073485892
i:450	77671.84073485892
i:500	77671.84073485892
i:550	77671.84073485892
i:600	77671.84073485892
i:650	77671.84073485892
best: 77671.84073485892
routes: [0, 64, 61, 59, 58, 57, 63, 60, 62, 48, 46, 47, 45, 44, 42, 41, 43, 50, 49, 51, 52, 53, 55, 56, 54, 0, 73, 74, 75, 76, 77, 80, 79, 78, 25, 30, 29, 31, 32, 28, 27, 26, 24, 23, 21, 22, 20, 17, 19, 18, 14, 11, 13, 15, 16, 12, 9, 10, 0, 35, 34, 37, 40, 39, 38, 36, 33, 72, 71, 65, 66, 69, 67, 70, 68, 8, 7, 5, 6, 2, 1, 3, 4, 0]
Elapsed time: 75.42420554161072

i:0	124279.78839519109
i:50	84628.30458297791
i:100	79267.01318335638
i:150	79249.84547679126
i:200	79249.84547679126
i:250	79249.84547679126
i:300	79249.84547679126
i:350	79249.84547679126
i:400	79249.84547679126
i:450	79249.84547679126
i:500	79249.84547679126
i:550	79249.84547679126
i:600	79249.84547679126
i:650	79249.84547679126
best: 79249.84547679126
routes: [0, 70, 68, 67, 65, 66, 69, 71, 72, 33, 35, 34, 36, 38, 39, 37, 40, 15, 16, 13, 12, 10, 9, 11, 14, 0, 64, 61, 59, 58, 57, 63, 60, 62, 48, 42, 41, 43, 46, 47, 45, 44, 7, 8, 2, 1, 3, 6, 5, 4, 0, 17, 19, 18, 22, 21, 23, 24, 20, 27, 26, 30, 29, 31, 32, 28, 25, 80, 79, 78, 76, 77, 75, 73, 74, 50, 49, 51, 52, 53, 55, 56, 54, 0]
Elapsed time: 72.26450610160828

i:0	118060.8234532697
i:50	86536.6808900083
i:100	79123.02670315997
i:150	76441.63989110496
i:200	76441.63989110496
i:250	76441.63989110496
i:300	76441.63989110496
i:350	76441.63989110496
i:400	76441.63989110496
i:450	76441.63989110496
i:500	76441.63989110496
i:550	76441.63989110496
i:600	76441.63989110496
i:650	76441.63989110496
best: 76441.63989110496
routes: [0, 4, 5, 6, 7, 8, 2, 1, 3, 70, 68, 67, 65, 66, 69, 71, 72, 33, 34, 36, 38, 39, 37, 35, 40, 10, 9, 11, 13, 12, 15, 16, 14, 0, 73, 74, 75, 76, 77, 80, 79, 78, 25, 27, 28, 32, 30, 29, 31, 26, 17, 19, 18, 21, 23, 24, 22, 20, 0, 54, 55, 56, 53, 52, 51, 50, 49, 64, 61, 59, 58, 57, 63, 60, 62, 48, 46, 47, 45, 44, 43, 41, 42, 0]
Elapsed time: 81.63127326965332

i:0	120628.672202914
i:50	92269.4331593347
i:100	85334.48756951522
i:150	82140.16540845585
i:200	82140.16540845585
i:250	82140.16540845585
i:300	82140.16540845585
i:350	82140.16540845585
i:400	81976.7206473618
i:450	81976.7206473618
i:500	81976.7206473618
i:550	81976.7206473618
i:600	81976.7206473618
i:650	81976.7206473618
best: 81976.7206473618
routes: [0, 4, 1, 3, 5, 6, 2, 8, 7, 68, 67, 69, 72, 71, 65, 66, 70, 33, 34, 35, 39, 38, 36, 37, 40, 15, 13, 12, 10, 9, 11, 16, 14, 0, 41, 43, 45, 44, 42, 46, 47, 48, 62, 57, 58, 63, 60, 59, 61, 64, 0, 17, 19, 20, 18, 23, 22, 21, 24, 27, 26, 30, 29, 31, 32, 28, 25, 54, 55, 56, 53, 52, 51, 50, 49, 73, 74, 77, 80, 79, 78, 75, 76, 0]
Elapsed time: 88.2648344039917

i:0	124685.41280685406
i:50	90937.52668594901
i:100	79867.92948691847
i:150	79867.92948691847
i:200	79867.92948691847
i:250	79867.92948691847
i:300	79867.92948691847
i:350	79867.92948691847
i:400	79867.92948691847
i:450	79867.92948691847
i:500	79867.92948691847
i:550	79867.92948691847
i:600	79867.92948691847
i:650	79867.92948691847
best: 79867.92948691847
routes: [0, 27, 28, 26, 30, 29, 31, 32, 25, 80, 79, 77, 76, 78, 75, 73, 74, 49, 54, 55, 56, 53, 52, 51, 50, 0, 60, 63, 64, 61, 59, 58, 57, 62, 48, 42, 41, 43, 46, 47, 45, 44, 2, 1, 3, 6, 7, 8, 5, 4, 0, 35, 40, 39, 38, 36, 37, 34, 33, 72, 71, 65, 66, 69, 67, 68, 70, 9, 11, 10, 12, 13, 15, 16, 14, 21, 23, 24, 22, 20, 17, 19, 18, 0]
Elapsed time: 75.76248598098755

i:0	122944.29548272998
i:50	87699.98420958618
i:100	76959.54803896253
i:150	76959.54803896253
i:200	76959.54803896253
i:250	76959.54803896253
i:300	76959.54803896253
i:350	76959.54803896253
i:400	76959.54803896253
i:450	76959.54803896253
i:500	76959.54803896253
i:550	76959.54803896253
i:600	76959.54803896253
i:650	76959.54803896253
best: 76959.54803896253
routes: [0, 73, 74, 75, 76, 77, 79, 78, 80, 54, 55, 56, 53, 52, 51, 50, 49, 64, 61, 59, 58, 57, 63, 60, 62, 0, 41, 42, 43, 48, 46, 47, 45, 44, 68, 70, 67, 66, 69, 65, 71, 72, 33, 35, 40, 39, 38, 36, 37, 34, 7, 8, 2, 1, 3, 6, 5, 4, 0, 11, 9, 10, 12, 13, 15, 16, 14, 21, 23, 24, 22, 20, 19, 18, 17, 27, 26, 30, 29, 31, 32, 25, 28, 0]
Elapsed time: 75.74065947532654

i:0	116957.44713652185
i:50	93725.21543430639
i:100	82537.55525128524
i:150	76920.53907488911
i:200	76920.53907488911
i:250	76920.53907488911
i:300	76920.53907488911
i:350	76920.53907488911
i:400	76920.53907488911
i:450	76920.53907488911
i:500	76920.53907488911
i:550	76920.53907488911
i:600	76920.53907488911
i:650	76920.53907488911
best: 76920.53907488911
routes: [0, 54, 55, 56, 53, 52, 51, 50, 49, 64, 63, 60, 61, 59, 58, 57, 62, 48, 46, 47, 45, 44, 43, 41, 42, 0, 14, 15, 16, 13, 10, 12, 11, 9, 35, 37, 40, 39, 38, 36, 34, 33, 71, 72, 70, 65, 66, 69, 67, 68, 8, 7, 5, 6, 2, 1, 3, 4, 0, 73, 74, 75, 76, 77, 80, 79, 78, 25, 27, 28, 32, 30, 29, 31, 26, 24, 23, 21, 22, 20, 17, 19, 18, 0]
Elapsed time: 85.64404964447021

i:0	112431.23539533277
i:50	90949.02882896554
i:100	88819.06006091388
i:150	80815.0068289349
i:200	80815.0068289349
i:250	80815.0068289349
i:300	80815.0068289349
i:350	80815.0068289349
i:400	80815.0068289349
i:450	80815.0068289349
i:500	80815.0068289349
i:550	80815.0068289349
i:600	80815.0068289349
i:650	80815.0068289349
best: 80815.0068289349
routes: [0, 4, 1, 3, 5, 6, 2, 8, 7, 68, 66, 69, 67, 65, 71, 72, 70, 33, 34, 36, 38, 39, 37, 35, 40, 9, 10, 15, 16, 14, 11, 13, 12, 0, 75, 78, 80, 79, 77, 76, 73, 74, 25, 28, 27, 32, 30, 29, 31, 26, 20, 17, 19, 18, 21, 23, 24, 22, 0, 41, 43, 42, 44, 45, 46, 47, 48, 60, 57, 59, 58, 61, 64, 63, 62, 49, 54, 55, 56, 53, 52, 51, 50, 0]
Elapsed time: 92.16386532783508

i:0	118715.11851261114
i:50	79263.19574675494
i:100	76809.12448597244
i:150	76809.12448597244
i:200	76809.12448597244
i:250	76809.12448597244
i:300	76809.12448597244
i:350	76809.12448597244
i:400	76809.12448597244
i:450	76809.12448597244
i:500	76809.12448597244
i:550	76809.12448597244
i:600	76809.12448597244
i:650	76809.12448597244
best: 76809.12448597244
routes: [0, 9, 11, 13, 15, 16, 14, 12, 10, 40, 38, 39, 34, 35, 37, 36, 33, 70, 68, 67, 66, 69, 65, 71, 72, 7, 8, 2, 1, 3, 6, 5, 4, 0, 41, 42, 43, 46, 44, 45, 47, 48, 63, 62, 60, 58, 57, 59, 61, 64, 49, 54, 55, 56, 53, 52, 51, 50, 0, 73, 74, 75, 76, 77, 80, 79, 78, 25, 30, 29, 31, 32, 28, 27, 26, 17, 19, 18, 21, 23, 24, 22, 20, 0]
Elapsed time: 74.11301636695862

i:0	112379.33807376481
i:50	87188.07976519727
i:100	78725.95252924912
i:150	78542.53671029759
i:200	78542.53671029759
i:250	78542.53671029759
i:300	78542.53671029759
i:350	78542.53671029759
i:400	78542.53671029759
i:450	78542.53671029759
i:500	78542.53671029759
i:550	78542.53671029759
i:600	78542.53671029759
i:650	78542.53671029759
best: 78542.53671029759
routes: [0, 11, 10, 12, 13, 15, 16, 14, 9, 35, 34, 37, 40, 39, 38, 36, 33, 72, 71, 65, 66, 69, 67, 70, 68, 8, 7, 5, 6, 2, 1, 3, 4, 0, 63, 60, 57, 59, 58, 61, 64, 62, 48, 46, 47, 45, 44, 43, 41, 42, 0, 54, 55, 56, 53, 52, 51, 50, 49, 73, 74, 75, 76, 77, 80, 79, 78, 25, 28, 27, 32, 30, 29, 31, 26, 17, 19, 18, 21, 23, 24, 22, 20, 0]
Elapsed time: 72.00457286834717

i:0	118177.58153357438
i:50	92469.03014242873
i:100	79505.98201342182
i:150	78176.15272546436
i:200	78176.15272546436
i:250	78176.15272546436
i:300	78176.15272546436
i:350	78176.15272546436
i:400	78176.15272546436
i:450	78176.15272546436
i:500	78176.15272546436
i:550	78176.15272546436
i:600	78176.15272546436
i:650	78176.15272546436
best: 78176.15272546436
routes: [0, 73, 74, 75, 76, 77, 80, 79, 78, 25, 27, 28, 32, 30, 29, 31, 26, 17, 19, 18, 21, 23, 24, 22, 20, 0, 44, 47, 45, 46, 42, 41, 43, 48, 57, 59, 58, 61, 64, 63, 60, 62, 49, 51, 54, 55, 56, 53, 52, 50, 0, 9, 11, 14, 16, 13, 15, 12, 10, 35, 34, 37, 40, 39, 38, 36, 33, 72, 71, 65, 66, 69, 67, 70, 68, 8, 2, 1, 3, 6, 7, 5, 4, 0]
Elapsed time: 80.45857334136963

i:0	116474.01216404329
i:50	91140.10193598378
i:100	81461.40072644204
i:150	81425.26680350042
i:200	81425.26680350042
i:250	81425.26680350042
i:300	81425.26680350042
i:350	81425.26680350042
i:400	81425.26680350042
i:450	81425.26680350042
i:500	81425.26680350042
i:550	81425.26680350042
i:600	81425.26680350042
i:650	81425.26680350042
best: 81425.26680350042
routes: [0, 78, 76, 80, 79, 75, 77, 73, 74, 55, 56, 54, 53, 51, 52, 49, 50, 61, 59, 58, 57, 62, 60, 63, 64, 0, 40, 39, 38, 36, 37, 35, 34, 33, 71, 65, 67, 66, 69, 72, 70, 68, 46, 42, 41, 43, 48, 47, 45, 44, 7, 8, 2, 1, 3, 6, 5, 4, 0, 11, 9, 10, 12, 15, 13, 16, 14, 18, 21, 23, 24, 22, 20, 19, 17, 27, 26, 30, 29, 31, 32, 25, 28, 0]
Elapsed time: 79.64756846427917

i:0	120804.5245490025
i:50	83285.08853716985
i:100	82121.75626607529
i:150	82111.71342784214
i:200	82111.71342784214
i:250	82111.71342784214
i:300	82111.71342784214
i:350	82111.71342784214
i:400	82111.71342784214
i:450	82111.71342784214
i:500	82111.71342784214
i:550	82111.71342784214
i:600	82111.71342784214
i:650	82111.71342784214
best: 82111.71342784214
routes: [0, 67, 70, 68, 69, 65, 66, 71, 72, 33, 34, 35, 39, 37, 36, 38, 40, 15, 16, 12, 13, 10, 9, 11, 14, 0, 1, 5, 4, 3, 2, 8, 6, 7, 64, 61, 59, 58, 57, 63, 60, 62, 48, 42, 41, 43, 46, 47, 45, 44, 0, 49, 50, 52, 51, 53, 56, 54, 55, 80, 79, 77, 76, 74, 73, 75, 78, 25, 28, 27, 32, 30, 29, 31, 26, 17, 19, 18, 21, 23, 24, 22, 20, 0]
Elapsed time: 78.70570611953735

i:0	119676.03724461405
i:50	90775.44164337804
i:100	79854.88143471607
i:150	79843.35945499736
i:200	79843.35945499736
i:250	79843.35945499736
i:300	79843.35945499736
i:350	79843.35945499736
i:400	79843.35945499736
i:450	79843.35945499736
i:500	79843.35945499736
i:550	79843.35945499736
i:600	79843.35945499736
i:650	79843.35945499736
best: 79843.35945499736
routes: [0, 41, 42, 47, 44, 45, 46, 43, 48, 63, 61, 64, 60, 59, 58, 57, 62, 0, 17, 18, 21, 23, 22, 24, 20, 19, 27, 28, 26, 30, 29, 31, 32, 25, 80, 79, 78, 76, 77, 75, 73, 74, 54, 55, 56, 53, 52, 51, 49, 50, 0, 9, 10, 12, 11, 14, 16, 13, 15, 40, 39, 38, 36, 37, 35, 34, 33, 72, 71, 65, 66, 69, 67, 68, 70, 7, 8, 2, 1, 3, 6, 5, 4, 0]
Elapsed time: 79.71306228637695

mean: 78767.11902287389
std: 1815.5897988462145
mean-time: 79.72841962575913
std-time: 6.612319442967203