i:0	128832.78277664458
i:50	95024.16711836518
i:100	88392.61788308596
i:150	88392.61788308596
i:200	88392.61788308596
i:250	88392.61788308596
i:300	88392.61788308596
i:350	88392.61788308596
i:400	88392.61788308596
i:450	88392.61788308596
i:500	88392.61788308596
i:550	88392.61788308596
i:600	88392.61788308596
i:650	88392.61788308596
best: 88392.61788308596
routes: [0, 4, 3, 1, 2, 7, 8, 6, 5, 9, 11, 10, 12, 13, 15, 16, 14, 0, 60, 58, 57, 59, 61, 64, 63, 62, 48, 46, 47, 45, 44, 43, 41, 42, 0, 25, 28, 27, 26, 32, 31, 30, 29, 24, 23, 21, 22, 20, 17, 19, 18, 0, 73, 74, 75, 77, 80, 79, 78, 76, 49, 51, 52, 54, 55, 56, 53, 50, 0, 35, 34, 37, 40, 39, 38, 36, 33, 69, 67, 65, 66, 71, 72, 70, 68, 0]
Elapsed time: 59.15809893608093

i:0	125815.57547286028
i:50	93749.89443727813
i:100	90053.65230511494
i:150	89865.02068670043
i:200	89865.02068670043
i:250	89865.02068670043
i:300	89865.02068670043
i:350	89865.02068670043
i:400	89865.02068670043
i:450	89865.02068670043
i:500	89865.02068670043
i:550	89865.02068670043
i:600	89865.02068670043
i:650	89865.02068670043
best: 89865.02068670043
routes: [0, 41, 42, 43, 46, 44, 45, 47, 48, 63, 64, 61, 59, 58, 57, 62, 60, 0, 4, 1, 2, 3, 5, 6, 7, 8, 70, 68, 67, 69, 72, 71, 65, 66, 0, 11, 14, 13, 15, 16, 12, 10, 9, 35, 40, 39, 37, 38, 36, 33, 34, 0, 25, 28, 27, 32, 31, 30, 29, 26, 24, 23, 21, 22, 20, 17, 19, 18, 0, 51, 52, 54, 55, 56, 53, 50, 49, 73, 74, 75, 76, 77, 80, 79, 78, 0]
Elapsed time: 60.76786255836487

i:0	121624.97755540672
i:50	90279.3996798093
i:100	89085.10658662097
i:150	89085.10658662097
i:200	89085.10658662097
i:250	89085.10658662097
i:300	89085.10658662097
i:350	89085.10658662097
i:400	89085.10658662097
i:450	89085.10658662097
i:500	89085.10658662097
i:550	89085.10658662097
i:600	89085.10658662097
i:650	89085.10658662097
best: 89085.10658662097
routes: [0, 73, 74, 75, 76, 79, 78, 77, 80, 54, 55, 56, 53, 50, 49, 51, 52, 0, 41, 42, 43, 46, 44, 45, 47, 48, 64, 61, 59, 58, 57, 63, 60, 62, 0, 4, 5, 6, 3, 1, 2, 8, 7, 68, 67, 69, 72, 71, 65, 66, 70, 0, 11, 14, 13, 15, 16, 12, 10, 9, 40, 39, 37, 38, 36, 33, 35, 34, 0, 25, 32, 30, 29, 31, 28, 27, 26, 24, 23, 21, 22, 20, 19, 17, 18, 0]
Elapsed time: 54.52319121360779

i:0	118805.59587715969
i:50	91133.07666966226
i:100	88051.37679650972
i:150	88051.37679650972
i:200	88051.37679650972
i:250	88051.37679650972
i:300	88051.37679650972
i:350	88051.37679650972
i:400	88051.37679650972
i:450	88051.37679650972
i:500	88051.37679650972
i:550	88051.37679650972
i:600	88051.37679650972
i:650	88051.37679650972
best: 88051.37679650972
routes: [0, 25, 32, 30, 29, 31, 28, 27, 26, 17, 19, 18, 21, 24, 23, 22, 20, 0, 41, 42, 43, 46, 44, 45, 47, 48, 60, 63, 64, 61, 59, 58, 57, 62, 0, 73, 74, 75, 77, 80, 79, 78, 76, 50, 49, 51, 52, 53, 55, 56, 54, 0, 4, 3, 1, 2, 7, 8, 6, 5, 9, 11, 10, 12, 13, 15, 16, 14, 0, 35, 37, 40, 39, 38, 36, 34, 33, 71, 72, 69, 67, 65, 66, 70, 68, 0]
Elapsed time: 56.6006064414978

i:0	323307.0466115316
i:50	90694.3781760002
i:100	88819.31451083088
i:150	88819.31451083088
i:200	88819.31451083088
i:250	88819.31451083088
i:300	88819.31451083088
i:350	88819.31451083088
i:400	88819.31451083088
i:450	88819.31451083088
i:500	88819.31451083088
i:550	88819.31451083088
i:600	88819.31451083088
i:650	88819.31451083088
best: 88819.31451083088
routes: [0, 35, 40, 39, 38, 36, 37, 34, 33, 71, 72, 69, 67, 65, 66, 70, 68, 0, 1, 2, 7, 8, 6, 3, 4, 5, 9, 11, 10, 12, 13, 15, 16, 14, 0, 80, 79, 78, 76, 77, 75, 73, 74, 49, 51, 52, 54, 55, 56, 53, 50, 0, 25, 28, 27, 32, 31, 30, 29, 26, 24, 23, 21, 22, 20, 17, 19, 18, 0, 44, 47, 45, 46, 42, 41, 43, 48, 63, 64, 61, 59, 58, 57, 62, 60, 0]
Elapsed time: 55.68485403060913

i:0	329347.072087206
i:50	94813.1317958397
i:100	89205.57844648714
i:150	89196.13198382824
i:200	89196.13198382824
i:250	89196.13198382824
i:300	89196.13198382824
i:350	89196.13198382824
i:400	89196.13198382824
i:450	89196.13198382824
i:500	89196.13198382824
i:550	89196.13198382824
i:600	89196.13198382824
i:650	89196.13198382824
best: 89196.13198382824
routes: [0, 41, 42, 43, 46, 44, 45, 47, 48, 63, 64, 61, 59, 58, 57, 62, 60, 0, 35, 34, 33, 36, 38, 39, 37, 40, 15, 16, 13, 12, 10, 9, 11, 14, 0, 73, 74, 75, 80, 79, 78, 77, 76, 50, 49, 51, 52, 53, 55, 56, 54, 0, 4, 5, 6, 3, 1, 2, 8, 7, 68, 67, 69, 72, 71, 65, 66, 70, 0, 25, 28, 27, 26, 32, 29, 31, 30, 24, 23, 21, 22, 20, 17, 19, 18, 0]
Elapsed time: 61.490034341812134

i:0	130934.44289642805
i:50	97005.27207958803
i:100	89516.6682451157
i:150	89383.67820508822
i:200	89383.67820508822
i:250	89383.67820508822
i:300	89383.67820508822
i:350	89383.67820508822
i:400	89383.67820508822
i:450	89383.67820508822
i:500	89383.67820508822
i:550	89383.67820508822
i:600	89383.67820508822
i:650	89383.67820508822
best: 89383.67820508822
routes: [0, 64, 61, 59, 58, 57, 63, 60, 62, 48, 43, 41, 42, 46, 47, 45, 44, 0, 75, 77, 80, 79, 78, 76, 73, 74, 50, 49, 51, 52, 53, 55, 56, 54, 0, 25, 28, 27, 32, 31, 30, 29, 26, 24, 23, 22, 21, 18, 17, 19, 20, 0, 4, 5, 6, 3, 1, 2, 8, 7, 9, 11, 14, 13, 15, 16, 12, 10, 0, 35, 40, 39, 37, 38, 36, 34, 33, 70, 67, 69, 71, 72, 65, 66, 68, 0]
Elapsed time: 62.666789054870605

i:0	121467.13096758828
i:50	96467.64797345563
i:100	89388.52256964699
i:150	89388.52256964699
i:200	89388.52256964699
i:250	89388.52256964699
i:300	89388.52256964699
i:350	89388.52256964699
i:400	89388.52256964699
i:450	89388.52256964699
i:500	89388.52256964699
i:550	89388.52256964699
i:600	89388.52256964699
i:650	89388.52256964699
best: 89388.52256964699
routes: [0, 4, 5, 6, 3, 1, 2, 8, 7, 9, 11, 10, 12, 13, 15, 16, 14, 0, 25, 28, 27, 26, 32, 31, 30, 29, 24, 23, 21, 22, 20, 17, 19, 18, 0, 73, 74, 75, 80, 79, 78, 77, 76, 50, 49, 51, 52, 53, 55, 56, 54, 0, 70, 68, 67, 66, 71, 65, 69, 72, 33, 34, 35, 37, 40, 39, 38, 36, 0, 60, 58, 57, 59, 61, 64, 63, 62, 48, 46, 47, 45, 44, 43, 41, 42, 0]
Elapsed time: 63.09081411361694

i:0	141986.20401413366
i:50	95404.97325420857
i:100	89053.24905295043
i:150	88882.24932858128
i:200	88882.24932858128
i:250	88882.24932858128
i:300	88882.24932858128
i:350	88882.24932858128
i:400	88882.24932858128
i:450	88882.24932858128
i:500	88882.24932858128
i:550	88882.24932858128
i:600	88882.24932858128
i:650	88882.24932858128
best: 88882.24932858128
routes: [0, 40, 39, 38, 36, 37, 35, 34, 33, 71, 65, 69, 67, 66, 72, 70, 68, 0, 75, 77, 80, 79, 78, 76, 73, 74, 50, 49, 51, 52, 53, 55, 56, 54, 0, 9, 11, 14, 13, 15, 16, 12, 10, 5, 7, 8, 6, 2, 1, 3, 4, 0, 25, 28, 27, 26, 32, 31, 30, 29, 24, 23, 21, 22, 20, 17, 19, 18, 0, 41, 42, 43, 46, 44, 45, 47, 48, 63, 64, 61, 59, 58, 57, 62, 60, 0]
Elapsed time: 62.43400764465332

i:0	126078.70758944751
i:50	89102.47573394011
i:100	88058.29039003674
i:150	88058.29039003674
i:200	88058.29039003674
i:250	88058.29039003674
i:300	88058.29039003674
i:350	88058.29039003674
i:400	88058.29039003674
i:450	88058.29039003674
i:500	88058.29039003674
i:550	88058.29039003674
i:600	88058.29039003674
i:650	88058.29039003674
best: 88058.29039003674
routes: [0, 73, 75, 77, 80, 79, 78, 76, 74, 50, 49, 51, 52, 53, 55, 56, 54, 0, 35, 40, 39, 38, 36, 37, 34, 33, 71, 72, 69, 67, 65, 66, 70, 68, 0, 1, 2, 7, 8, 6, 3, 4, 5, 9, 11, 10, 12, 13, 15, 16, 14, 0, 25, 28, 27, 32, 31, 30, 29, 26, 24, 23, 21, 22, 20, 17, 19, 18, 0, 41, 42, 43, 46, 44, 45, 47, 48, 63, 64, 61, 59, 58, 57, 62, 60, 0]
Elapsed time: 54.675617933273315

i:0	131915.83041642117
i:50	93557.56540269194
i:100	88805.41236449876
i:150	88805.41236449876
i:200	88805.41236449876
i:250	88805.41236449876
i:300	88805.41236449876
i:350	88805.41236449876
i:400	88805.41236449876
i:450	88805.41236449876
i:500	88805.41236449876
i:550	88805.41236449876
i:600	88805.41236449876
i:650	88805.41236449876
best: 88805.41236449876
routes: [0, 73, 74, 75, 76, 77, 80, 79, 78, 54, 55, 56, 53, 50, 49, 51, 52, 0, 41, 42, 43, 46, 44, 45, 47, 48, 60, 63, 64, 61, 59, 58, 57, 62, 0, 9, 11, 14, 13, 15, 16, 12, 10, 5, 6, 7, 8, 3, 2, 1, 4, 0, 35, 40, 39, 38, 36, 37, 34, 33, 71, 65, 66, 72, 69, 67, 70, 68, 0, 25, 28, 27, 26, 30, 29, 31, 32, 24, 23, 22, 21, 18, 17, 19, 20, 0]
Elapsed time: 57.63058257102966

i:0	118549.75281790517
i:50	94793.89522884709
i:100	88960.36462047361
i:150	88960.36462047361
i:200	88960.36462047361
i:250	88960.36462047361
i:300	88960.36462047361
i:350	88960.36462047361
i:400	88960.36462047361
i:450	88960.36462047361
i:500	88960.36462047361
i:550	88960.36462047361
i:600	88960.36462047361
i:650	88960.36462047361
best: 88960.36462047361
routes: [0, 4, 3, 1, 2, 7, 8, 6, 5, 9, 11, 10, 12, 13, 15, 16, 14, 0, 25, 28, 27, 26, 32, 31, 30, 29, 24, 23, 21, 22, 20, 17, 19, 18, 0, 35, 40, 39, 38, 36, 37, 34, 33, 71, 65, 69, 67, 66, 72, 70, 68, 0, 41, 42, 43, 46, 44, 45, 47, 48, 64, 61, 59, 58, 57, 63, 60, 62, 0, 73, 74, 75, 80, 79, 76, 77, 78, 54, 55, 56, 49, 51, 52, 53, 50, 0]
Elapsed time: 62.98708438873291

i:0	130987.70788435375
i:50	98714.66064074248
i:100	89821.87879611217
i:150	89515.80121389733
i:200	89515.80121389733
i:250	89515.80121389733
i:300	89515.80121389733
i:350	89515.80121389733
i:400	89515.80121389733
i:450	89515.80121389733
i:500	89515.80121389733
i:550	89515.80121389733
i:600	89515.80121389733
i:650	89515.80121389733
best: 89515.80121389733
routes: [0, 4, 3, 1, 2, 7, 8, 6, 5, 9, 11, 10, 12, 13, 15, 16, 14, 0, 73, 74, 75, 76, 77, 80, 79, 78, 49, 54, 55, 56, 53, 52, 51, 50, 0, 70, 68, 67, 69, 65, 66, 71, 72, 33, 36, 38, 39, 37, 34, 35, 40, 0, 25, 32, 30, 29, 31, 28, 27, 26, 17, 19, 18, 21, 24, 23, 22, 20, 0, 64, 61, 59, 58, 57, 63, 60, 62, 48, 46, 47, 45, 44, 43, 41, 42, 0]
Elapsed time: 65.3672285079956

i:0	119867.65765459239
i:50	91932.02951463673
i:100	89809.79175870706
i:150	89809.79175870706
i:200	89809.79175870706
i:250	89809.79175870706
i:300	89809.79175870706
i:350	89809.79175870706
i:400	89809.79175870706
i:450	89809.79175870706
i:500	89809.79175870706
i:550	89809.79175870706
i:600	89809.79175870706
i:650	89809.79175870706
best: 89809.79175870706
routes: [0, 25, 28, 27, 30, 29, 31, 32, 26, 17, 19, 18, 21, 24, 23, 22, 20, 0, 73, 74, 75, 77, 80, 79, 78, 76, 49, 51, 52, 54, 55, 56, 53, 50, 0, 4, 5, 6, 3, 1, 2, 8, 7, 9, 11, 10, 12, 13, 15, 16, 14, 0, 70, 68, 67, 69, 65, 66, 71, 72, 33, 35, 40, 39, 38, 36, 37, 34, 0, 64, 61, 59, 58, 57, 63, 60, 62, 48, 43, 41, 42, 46, 47, 45, 44, 0]
Elapsed time: 57.918651819229126

i:0	117066.13973914983
i:50	91310.88534483028
i:100	89722.99190217376
i:150	89722.99190217376
i:200	89722.99190217376
i:250	89722.99190217376
i:300	89722.99190217376
i:350	89722.99190217376
i:400	89722.99190217376
i:450	89722.99190217376
i:500	89722.99190217376
i:550	89722.99190217376
i:600	89722.99190217376
i:650	89722.99190217376
best: 89722.99190217376
routes: [0, 41, 42, 43, 46, 44, 45, 47, 48, 60, 63, 64, 61, 59, 58, 57, 62, 0, 17, 18, 21, 22, 20, 19, 23, 24, 30, 29, 31, 32, 25, 28, 27, 26, 0, 4, 3, 1, 2, 7, 8, 6, 5, 9, 11, 10, 12, 13, 15, 16, 14, 0, 35, 40, 39, 38, 36, 37, 34, 33, 71, 72, 69, 67, 65, 66, 70, 68, 0, 78, 75, 77, 80, 79, 76, 73, 74, 50, 49, 51, 55, 56, 54, 53, 52, 0]
Elapsed time: 57.85029721260071

i:0	123109.04200228985
i:50	95617.56000264682
i:100	91348.32769647709
i:150	89212.81376126588
i:200	89212.81376126588
i:250	89212.81376126588
i:300	89212.81376126588
i:350	89212.81376126588
i:400	89212.81376126588
i:450	89212.81376126588
i:500	89212.81376126588
i:550	89212.81376126588
i:600	89212.81376126588
i:650	89212.81376126588
best: 89212.81376126588
routes: [0, 4, 1, 2, 3, 6, 7, 8, 5, 9, 11, 14, 13, 15, 16, 12, 10, 0, 25, 28, 27, 30, 29, 31, 32, 26, 24, 23, 21, 22, 20, 17, 19, 18, 0, 40, 39, 38, 36, 37, 35, 34, 33, 71, 65, 69, 67, 66, 72, 70, 68, 0, 73, 74, 77, 80, 79, 78, 75, 76, 54, 55, 56, 53, 50, 49, 51, 52, 0, 41, 42, 43, 46, 44, 45, 47, 48, 64, 61, 59, 58, 57, 63, 60, 62, 0]
Elapsed time: 75.94712376594543

i:0	133557.32796157314
i:50	94616.44132153661
i:100	87820.53512175567
i:150	87820.53512175567
i:200	87820.53512175567
i:250	87820.53512175567
i:300	87820.53512175567
i:350	87820.53512175567
i:400	87820.53512175567
i:450	87820.53512175567
i:500	87820.53512175567
i:550	87820.53512175567
i:600	87820.53512175567
i:650	87820.53512175567
best: 87820.53512175567
routes: [0, 17, 19, 18, 21, 22, 20, 23, 24, 30, 29, 31, 32, 25, 28, 27, 26, 0, 41, 42, 43, 46, 44, 45, 47, 48, 60, 63, 64, 61, 59, 58, 57, 62, 0, 4, 3, 1, 2, 7, 8, 6, 5, 9, 11, 10, 12, 13, 15, 16, 14, 0, 75, 77, 80, 79, 78, 76, 73, 74, 50, 49, 51, 52, 53, 55, 56, 54, 0, 35, 40, 39, 38, 36, 37, 34, 33, 71, 72, 69, 67, 65, 66, 70, 68, 0]
Elapsed time: 59.514721632003784

i:0	118421.93768114364
i:50	94547.88090708302
i:100	89890.23588840623
i:150	88991.62482996515
i:200	88991.62482996515
i:250	88991.62482996515
i:300	88991.62482996515
i:350	88991.62482996515
i:400	88991.62482996515
i:450	88991.62482996515
i:500	88991.62482996515
i:550	88991.62482996515
i:600	88991.62482996515
i:650	88991.62482996515
best: 88991.62482996515
routes: [0, 25, 28, 27, 32, 31, 30, 29, 26, 24, 23, 21, 22, 20, 17, 19, 18, 0, 35, 34, 33, 37, 40, 39, 38, 36, 71, 72, 69, 67, 65, 66, 70, 68, 0, 73, 74, 75, 77, 80, 79, 78, 76, 54, 55, 56, 53, 50, 49, 51, 52, 0, 4, 5, 6, 3, 1, 2, 8, 7, 9, 11, 14, 13, 15, 16, 12, 10, 0, 64, 61, 59, 58, 57, 63, 60, 62, 48, 46, 47, 45, 44, 43, 41, 42, 0]
Elapsed time: 73.42548108100891

i:0	123064.96399041882
i:50	91532.4894233053
i:100	88932.73374536613
i:150	88932.73374536613
i:200	88932.73374536613
i:250	88932.73374536613
i:300	88932.73374536613
i:350	88932.73374536613
i:400	88932.73374536613
i:450	88932.73374536613
i:500	88932.73374536613
i:550	88932.73374536613
i:600	88932.73374536613
i:650	88932.73374536613
best: 88932.73374536613
routes: [0, 17, 19, 18, 21, 24, 23, 22, 20, 26, 30, 29, 31, 32, 27, 28, 25, 0, 60, 58, 57, 59, 61, 64, 63, 62, 48, 46, 47, 45, 44, 43, 41, 42, 0, 4, 3, 1, 2, 7, 8, 6, 5, 9, 11, 10, 12, 13, 15, 16, 14, 0, 73, 74, 75, 76, 77, 80, 79, 78, 54, 55, 56, 53, 50, 49, 51, 52, 0, 70, 68, 67, 69, 65, 66, 71, 72, 33, 36, 38, 39, 37, 34, 35, 40, 0]
Elapsed time: 58.72484040260315

i:0	123547.20597281086
i:50	94622.18945630225
i:100	89636.71103935508
i:150	89217.52052139018
i:200	89217.52052139018
i:250	89217.52052139018
i:300	89217.52052139018
i:350	89217.52052139018
i:400	89217.52052139018
i:450	89217.52052139018
i:500	89217.52052139018
i:550	89217.52052139018
i:600	89217.52052139018
i:650	89217.52052139018
best: 89217.52052139018
routes: [0, 73, 74, 75, 80, 79, 78, 77, 76, 49, 54, 55, 56, 53, 52, 51, 50, 0, 4, 3, 1, 2, 7, 8, 6, 5, 9, 11, 10, 12, 13, 15, 16, 14, 0, 41, 42, 43, 46, 44, 45, 47, 48, 63, 64, 61, 59, 58, 57, 62, 60, 0, 25, 28, 27, 30, 29, 31, 32, 26, 17, 19, 18, 21, 24, 23, 22, 20, 0, 70, 68, 67, 69, 65, 66, 71, 72, 33, 36, 38, 39, 37, 34, 35, 40, 0]
Elapsed time: 63.91726541519165

mean: 89005.59493902115
std: 559.7292285749687
mean-time: 61.21875765323639
std-time: 5.426690141383233