i:0	150557.16394404176
i:50	112297.19867790208
i:100	109860.47213348014
i:150	109860.47213348014
i:200	108891.62939544425
i:250	105893.63199832788
i:300	99638.69934630736
i:350	98006.53682188921
i:400	97740.5349886258
i:450	95820.15368486446
i:500	94373.25389181108
i:550	92181.9765205472
i:600	91807.33783923651
i:650	86773.04412242046
best: 86172.90591378284
routes: [0, 91, 92, 93, 94, 95, 97, 100, 96, 99, 98, 61, 62, 63, 64, 65, 68, 66, 67, 69, 70, 31, 39, 40, 35, 36, 37, 38, 34, 33, 32, 28, 30, 29, 27, 25, 26, 24, 21, 23, 22, 0, 4, 1, 3, 8, 7, 9, 10, 5, 6, 2, 76, 71, 72, 73, 75, 78, 74, 77, 79, 80, 58, 59, 60, 56, 57, 55, 54, 53, 51, 52, 0, 13, 16, 15, 18, 20, 19, 17, 14, 12, 11, 90, 84, 83, 82, 81, 87, 85, 86, 89, 88, 41, 42, 43, 45, 44, 46, 49, 50, 47, 48, 0]
Elapsed time: 391.1753034591675

i:0	145743.19875203658
i:50	109689.861929789
i:100	107650.17028974569
i:150	107650.17028974569
i:200	103656.46493026533
i:250	100248.4474761741
i:300	99310.76652414155
i:350	99197.7900501795
i:400	98547.8983051937
i:450	98516.69967633387
i:500	97719.2677530038
i:550	96632.49544367276
i:600	96469.6394874782
i:650	95663.43276817878
best: 95663.43276817878
routes: [0, 76, 77, 79, 80, 74, 71, 72, 73, 75, 78, 58, 59, 60, 56, 57, 55, 54, 53, 51, 52, 0, 100, 99, 98, 96, 97, 95, 94, 91, 93, 92, 61, 63, 64, 65, 68, 67, 69, 70, 66, 62, 0, 31, 34, 33, 32, 37, 38, 39, 40, 36, 35, 30, 28, 25, 29, 27, 26, 24, 23, 21, 22, 12, 11, 13, 15, 17, 19, 20, 18, 14, 16, 0, 1, 4, 2, 3, 6, 10, 8, 7, 5, 9, 90, 86, 89, 84, 83, 85, 82, 81, 87, 88, 41, 42, 43, 45, 44, 46, 49, 50, 47, 48, 0]
Elapsed time: 368.9461841583252

i:0	159278.41442073396
i:50	112741.5144762489
i:100	112741.5144762489
i:150	111382.96411257269
i:200	107218.06984334171
i:250	106530.85139537288
i:300	106530.85139537288
i:350	106530.85139537288
i:400	106530.85139537288
i:450	98117.43791739046
i:500	90187.92322267167
i:550	87364.82953132858
i:600	86747.68453281508
i:650	86550.26413597005
best: 86550.26413597005
routes: [0, 95, 94, 92, 91, 93, 96, 99, 98, 97, 100, 69, 70, 66, 67, 68, 65, 64, 63, 61, 62, 31, 34, 33, 38, 39, 40, 35, 36, 37, 32, 0, 76, 71, 72, 73, 75, 78, 80, 79, 77, 74, 59, 60, 58, 52, 51, 53, 56, 57, 55, 54, 8, 2, 1, 3, 6, 7, 9, 10, 5, 4, 0, 90, 86, 84, 83, 85, 82, 81, 87, 89, 88, 41, 42, 43, 45, 44, 46, 49, 50, 47, 48, 14, 12, 11, 13, 15, 17, 19, 20, 18, 16, 22, 25, 27, 29, 30, 28, 26, 23, 21, 24, 0]
Elapsed time: 395.31885409355164

i:0	143733.625502764
i:50	112631.62273285474
i:100	104360.5329465914
i:150	102082.47398857183
i:200	100391.0382045678
i:250	98826.34888370881
i:300	98198.07248986734
i:350	96692.57247359141
i:400	95533.04093203682
i:450	94242.59171073227
i:500	93708.41100312113
i:550	93121.61595634172
i:600	92819.22009566013
i:650	92819.22009566013
best: 92819.22009566013
routes: [0, 13, 11, 12, 14, 17, 19, 20, 18, 15, 16, 22, 21, 23, 25, 27, 29, 30, 28, 26, 24, 32, 37, 36, 35, 40, 39, 38, 31, 33, 34, 0, 51, 52, 53, 57, 55, 54, 56, 59, 60, 58, 79, 80, 77, 74, 71, 72, 73, 75, 78, 76, 0, 100, 96, 93, 95, 92, 91, 94, 97, 99, 98, 61, 63, 65, 68, 67, 69, 70, 66, 64, 62, 0, 43, 45, 47, 49, 50, 48, 46, 44, 42, 41, 88, 87, 81, 82, 83, 85, 86, 89, 90, 84, 9, 7, 8, 2, 1, 3, 6, 10, 5, 4, 0]
Elapsed time: 354.6547064781189

i:0	142376.77059434415
i:50	109237.92334388904
i:100	107706.17939217054
i:150	106774.89565118942
i:200	106502.21459266037
i:250	106502.21459266037
i:300	104449.57359786406
i:350	104449.57359786406
i:400	96185.92636622151
i:450	94189.44100802738
i:500	93331.910875226
i:550	92805.4499546111
i:600	92606.28912968581
i:650	92386.20412149103
best: 92144.86806417302
routes: [0, 79, 80, 76, 77, 74, 71, 72, 73, 75, 78, 58, 57, 59, 60, 52, 51, 53, 56, 55, 54, 0, 96, 99, 100, 97, 98, 95, 94, 93, 91, 92, 61, 65, 68, 67, 69, 70, 66, 64, 63, 62, 0, 43, 44, 46, 49, 50, 48, 47, 45, 42, 41, 88, 87, 81, 82, 83, 85, 86, 89, 90, 84, 9, 7, 8, 2, 1, 3, 6, 10, 5, 4, 0, 31, 34, 33, 32, 38, 39, 40, 37, 35, 36, 30, 28, 27, 29, 25, 26, 24, 21, 23, 22, 20, 19, 17, 18, 15, 14, 12, 11, 13, 16, 0]
Elapsed time: 377.6965596675873

i:0	139925.1848875972
i:50	110317.6775696256
i:100	102065.89902099366
i:150	99994.39183024986
i:200	97221.78645573555
i:250	96342.03782673151
i:300	95459.98096058951
i:350	94593.26923931953
i:400	94142.73406440148
i:450	93079.04802981413
i:500	92387.25981497832
i:550	90692.67921922015
i:600	90617.11328773425
i:650	90617.11328773425
best: 90617.11328773425
routes: [0, 91, 92, 93, 94, 95, 96, 99, 100, 97, 98, 62, 61, 63, 64, 65, 68, 66, 67, 69, 70, 31, 39, 38, 37, 40, 35, 36, 32, 33, 34, 0, 43, 42, 45, 49, 50, 48, 47, 46, 44, 41, 90, 84, 86, 89, 87, 81, 82, 83, 85, 88, 0, 51, 52, 53, 56, 55, 54, 57, 59, 60, 58, 76, 77, 74, 71, 72, 73, 75, 78, 79, 80, 2, 1, 3, 6, 7, 8, 9, 10, 5, 4, 0, 13, 11, 12, 14, 15, 17, 19, 20, 18, 16, 22, 25, 27, 29, 30, 28, 26, 24, 23, 21, 0]
Elapsed time: 355.6414566040039

i:0	148996.893869524
i:50	111461.1382722134
i:100	102846.23164449047
i:150	99263.70761522834
i:200	99254.32946315111
i:250	98828.91131805064
i:300	97918.42356105565
i:350	96543.69541236252
i:400	95412.24296630452
i:450	94783.67738477162
i:500	94448.25001840609
i:550	94261.64416312188
i:600	94260.67326721689
i:650	94259.40266784461
best: 94259.40266784461
routes: [0, 91, 92, 93, 94, 96, 95, 99, 100, 97, 98, 69, 70, 67, 68, 66, 65, 62, 61, 63, 64, 0, 79, 77, 80, 78, 75, 72, 73, 71, 74, 76, 58, 60, 59, 57, 54, 55, 56, 53, 51, 52, 0, 31, 34, 33, 32, 37, 38, 39, 40, 35, 36, 30, 29, 27, 28, 26, 25, 24, 21, 23, 22, 17, 19, 20, 18, 11, 12, 14, 13, 15, 16, 0, 1, 4, 10, 6, 3, 5, 7, 2, 8, 9, 43, 44, 46, 49, 50, 48, 47, 45, 42, 41, 87, 88, 86, 84, 83, 82, 81, 85, 89, 90, 0]
Elapsed time: 355.90032291412354

i:0	148108.61352787982
i:50	113620.64390581971
i:100	109682.900597111
i:150	102820.08672405756
i:200	98347.83999400803
i:250	95642.5016697975
i:300	94878.78736295839
i:350	94394.26179922247
i:400	94083.3151612319
i:450	93579.73656427913
i:500	93410.5733120829
i:550	91312.11583390334
i:600	91193.76986292256
i:650	91191.87841964267
best: 91191.87841964267
routes: [0, 31, 34, 37, 36, 35, 40, 39, 38, 33, 32, 30, 29, 25, 27, 28, 26, 24, 23, 21, 22, 16, 20, 19, 17, 14, 12, 11, 13, 15, 18, 0, 91, 92, 93, 96, 97, 100, 99, 94, 95, 98, 69, 70, 67, 68, 66, 65, 64, 63, 61, 62, 0, 76, 74, 71, 72, 73, 75, 78, 77, 80, 79, 58, 59, 60, 56, 52, 51, 53, 57, 55, 54, 0, 43, 42, 45, 47, 49, 50, 48, 46, 44, 41, 88, 87, 81, 82, 83, 85, 86, 89, 90, 84, 8, 7, 9, 10, 5, 6, 2, 1, 3, 4, 0]
Elapsed time: 362.62229800224304

i:0	146272.6965114711
i:50	114073.900242412
i:100	106129.4910810054
i:150	98454.47482953392
i:200	98003.02928475574
i:250	97674.49868869137
i:300	96154.51006885969
i:350	95458.48808715235
i:400	95394.83024189099
i:450	94284.380268366
i:500	92532.22069558241
i:550	90988.24273612222
i:600	90277.7843062372
i:650	90267.0419738655
best: 90267.0419738655
routes: [0, 91, 92, 93, 96, 94, 95, 97, 99, 100, 98, 69, 70, 67, 68, 66, 65, 62, 61, 63, 64, 0, 80, 76, 77, 74, 71, 72, 73, 75, 78, 79, 58, 60, 59, 57, 54, 55, 56, 53, 51, 52, 0, 43, 45, 48, 47, 49, 50, 46, 44, 42, 41, 87, 88, 89, 90, 84, 83, 82, 81, 85, 86, 9, 10, 7, 8, 2, 1, 3, 6, 5, 4, 0, 31, 39, 38, 37, 40, 35, 36, 34, 33, 32, 28, 30, 29, 27, 25, 26, 24, 21, 23, 22, 16, 13, 15, 18, 20, 19, 17, 14, 11, 12, 0]
Elapsed time: 358.83512330055237

i:0	155895.8144960541
i:50	112010.23291966639
i:100	102095.33653677274
i:150	97573.86417596802
i:200	95735.96669070599
i:250	95445.57160221631
i:300	95196.90399896182
i:350	94303.50514535443
i:400	93772.7508024335
i:450	93654.44123384928
i:500	92824.22158617624
i:550	91584.62229486796
i:600	91206.14744182487
i:650	81295.649742194
best: 81295.649742194
routes: [0, 51, 52, 53, 56, 54, 55, 57, 59, 60, 58, 76, 71, 72, 73, 75, 78, 74, 77, 79, 80, 61, 62, 63, 64, 65, 68, 66, 67, 69, 70, 0, 91, 92, 93, 94, 95, 96, 99, 97, 98, 100, 31, 39, 40, 35, 36, 37, 38, 34, 33, 32, 28, 30, 29, 27, 25, 26, 24, 21, 23, 22, 16, 13, 11, 12, 14, 15, 17, 19, 20, 18, 0, 43, 42, 45, 47, 49, 50, 48, 46, 44, 41, 86, 84, 83, 82, 81, 87, 88, 85, 89, 90, 9, 10, 7, 8, 2, 1, 3, 6, 5, 4, 0]
Elapsed time: 363.0828695297241

mean: 90098.17770690458
std: 4084.786513705337
mean-time: 368.38736782073977
std-time: 14.110839558173708