i:0	144708.05771867663
i:50	112483.99209662084
i:100	106757.7319266495
i:150	106757.7319266495
i:200	96332.32894716303
i:250	95084.50038040752
i:300	94064.31973583036
i:350	93587.50907557773
i:400	93417.28807312559
i:450	92566.2397230354
i:500	92084.52855087747
i:550	91297.66817966053
i:600	91055.38229706704
i:650	91055.38229706704
best: 91055.38229706704
routes: [0, 94, 93, 91, 92, 95, 96, 99, 97, 100, 98, 69, 70, 68, 66, 67, 65, 64, 63, 61, 62, 0, 79, 80, 77, 78, 75, 72, 73, 71, 74, 76, 58, 60, 59, 57, 54, 55, 56, 53, 51, 52, 0, 31, 39, 38, 37, 40, 35, 36, 34, 33, 32, 28, 30, 29, 27, 25, 26, 24, 21, 23, 22, 20, 19, 17, 14, 12, 11, 13, 15, 18, 16, 0, 43, 44, 46, 49, 50, 48, 47, 45, 42, 41, 88, 87, 81, 82, 83, 85, 86, 89, 90, 84, 8, 7, 9, 10, 5, 6, 2, 1, 3, 4, 0]
Elapsed time: 330.9228844642639

i:0	150669.37591979685
i:50	107590.07632568562
i:100	101538.40535116104
i:150	97468.87304347729
i:200	97468.87304347729
i:250	97371.2524139697
i:300	97093.281313993
i:350	96414.11448697736
i:400	95804.36299805983
i:450	94213.15406867932
i:500	93381.06035782551
i:550	92869.67783793664
i:600	92808.45451423802
i:650	92760.91239202573
best: 92683.48726741088
routes: [0, 43, 44, 46, 49, 50, 48, 47, 45, 42, 41, 90, 84, 86, 89, 87, 81, 82, 83, 85, 88, 0, 51, 52, 53, 56, 54, 55, 57, 60, 59, 58, 79, 80, 78, 77, 74, 71, 73, 72, 75, 76, 0, 96, 92, 91, 93, 94, 95, 97, 100, 99, 98, 61, 62, 63, 64, 65, 68, 66, 67, 69, 70, 31, 39, 40, 35, 36, 37, 38, 34, 33, 32, 0, 21, 24, 23, 25, 27, 29, 30, 28, 26, 22, 16, 13, 14, 17, 19, 20, 18, 15, 12, 11, 10, 9, 7, 8, 2, 1, 3, 6, 5, 4, 0]
Elapsed time: 327.4580731391907

i:0	151397.86034558626
i:50	109214.93954044713
i:100	106623.38443317228
i:150	106540.62318740496
i:200	99543.90149630178
i:250	97884.67314607603
i:300	97038.65954690712
i:350	96734.88153278414
i:400	96460.56690820187
i:450	94832.29201723647
i:500	92435.97004250373
i:550	91197.53718319998
i:600	90271.1864337761
i:650	90119.72900607312
best: 90119.72900607312
routes: [0, 91, 92, 93, 98, 99, 97, 95, 94, 96, 100, 69, 70, 66, 67, 68, 65, 64, 63, 61, 62, 0, 76, 74, 71, 72, 73, 75, 78, 77, 80, 79, 58, 60, 59, 57, 54, 55, 56, 53, 51, 52, 0, 31, 34, 33, 38, 39, 40, 36, 35, 37, 32, 24, 21, 23, 25, 27, 29, 30, 28, 26, 22, 16, 15, 14, 17, 19, 20, 18, 13, 11, 12, 0, 4, 1, 2, 3, 6, 5, 10, 7, 8, 9, 90, 86, 89, 84, 83, 85, 82, 81, 87, 88, 41, 42, 43, 45, 44, 46, 49, 50, 47, 48, 0]
Elapsed time: 346.9839084148407

i:0	148521.66805586818
i:50	106746.24037219447
i:100	106039.52070894708
i:150	104231.73775240884
i:200	102880.70384160063
i:250	102286.90936686941
i:300	102286.90936686941
i:350	102134.32824881515
i:400	101629.3383633063
i:450	94847.18152433522
i:500	94349.26499374647
i:550	92961.69586048737
i:600	92102.87507879932
i:650	91970.22476614622
best: 91970.22476614622
routes: [0, 51, 52, 53, 56, 54, 55, 57, 58, 60, 59, 71, 74, 72, 73, 75, 78, 76, 77, 79, 80, 0, 100, 94, 92, 91, 93, 95, 96, 99, 97, 98, 61, 62, 63, 64, 65, 68, 66, 67, 69, 70, 31, 33, 32, 37, 36, 35, 40, 39, 38, 34, 0, 4, 3, 1, 2, 8, 6, 5, 10, 7, 9, 43, 45, 44, 46, 49, 50, 48, 47, 42, 41, 89, 85, 88, 87, 81, 82, 83, 84, 86, 90, 0, 13, 11, 12, 14, 15, 17, 19, 20, 18, 16, 22, 23, 25, 27, 29, 30, 28, 26, 24, 21, 0]
Elapsed time: 366.3252594470978

i:0	145829.86260747758
i:50	110519.73167465275
i:100	110056.09919284767
i:150	108043.44776758071
i:200	107973.03240670956
i:250	106958.71202994337
i:300	106811.73635602003
i:350	106811.73635602003
i:400	105337.61588499392
i:450	105204.55474156953
i:500	104372.78472243463
i:550	94971.03760388799
i:600	93887.419802752
i:650	93743.68415471588
best: 93742.3555742176
routes: [0, 51, 52, 53, 56, 55, 54, 57, 60, 59, 58, 79, 77, 80, 75, 78, 73, 72, 71, 74, 76, 0, 4, 6, 3, 2, 1, 5, 10, 7, 8, 9, 90, 86, 89, 84, 83, 85, 82, 81, 87, 88, 41, 45, 44, 46, 49, 50, 47, 48, 43, 42, 0, 13, 11, 12, 14, 15, 17, 19, 20, 18, 16, 22, 25, 27, 29, 30, 28, 26, 24, 23, 21, 33, 32, 37, 36, 35, 40, 39, 38, 31, 34, 0, 96, 99, 100, 97, 98, 95, 94, 93, 91, 92, 61, 62, 63, 65, 66, 69, 70, 67, 68, 64, 0]
Elapsed time: 379.9313018321991

i:0	158749.55032955317
i:50	115399.35420626102
i:100	110301.23637057621
i:150	98788.73308872628
i:200	96623.69156227891
i:250	95609.85406762183
i:300	94928.88622623055
i:350	94751.67965198532
i:400	94249.0313846898
i:450	93548.09276804794
i:500	92962.9051797045
i:550	92034.44236529582
i:600	91685.50757915918
i:650	91685.50757915918
best: 91672.66100556178
routes: [0, 69, 70, 66, 67, 68, 64, 63, 61, 65, 62, 91, 92, 93, 95, 94, 97, 98, 99, 100, 96, 0, 51, 52, 53, 56, 55, 54, 57, 59, 60, 58, 76, 71, 72, 73, 75, 78, 74, 77, 79, 80, 0, 31, 39, 40, 35, 36, 37, 38, 34, 33, 32, 30, 28, 27, 29, 25, 26, 24, 21, 23, 22, 16, 15, 14, 17, 19, 20, 18, 13, 11, 12, 0, 43, 48, 47, 49, 50, 46, 44, 45, 42, 41, 88, 87, 81, 82, 83, 85, 86, 89, 90, 84, 9, 10, 7, 8, 2, 1, 3, 6, 5, 4, 0]
Elapsed time: 334.3758656978607

i:0	157382.23530535403
i:50	107370.88957841576
i:100	105289.87480569976
i:150	98097.25124308899
i:200	97832.74460941828
i:250	97767.17220772446
i:300	97252.375773864
i:350	96385.31452624618
i:400	96057.7288453687
i:450	95135.28600657285
i:500	94447.4971486519
i:550	93013.58408684729
i:600	92610.00730784902
i:650	92526.54033561239
best: 92526.54033561239
routes: [0, 31, 39, 40, 35, 36, 37, 38, 34, 33, 32, 24, 21, 23, 22, 25, 27, 29, 30, 28, 26, 20, 19, 17, 18, 15, 14, 12, 11, 13, 16, 0, 4, 1, 2, 3, 6, 5, 10, 7, 8, 9, 90, 86, 89, 84, 83, 85, 82, 81, 87, 88, 41, 44, 46, 49, 50, 48, 47, 45, 43, 42, 0, 54, 55, 56, 53, 51, 52, 57, 59, 60, 58, 79, 80, 78, 77, 74, 71, 72, 73, 75, 76, 0, 100, 96, 93, 94, 95, 97, 98, 99, 91, 92, 61, 62, 63, 65, 68, 67, 69, 70, 66, 64, 0]
Elapsed time: 335.35442090034485

i:0	143981.8578666085
i:50	111735.04681432626
i:100	106482.48978004842
i:150	101214.7232359556
i:200	99864.56929389965
i:250	98072.44165750635
i:300	97568.53939271554
i:350	95654.13058968459
i:400	95176.17419186149
i:450	94431.98687628668
i:500	94033.33311299467
i:550	93162.07126959678
i:600	92897.46522105807
i:650	92818.6222715144
best: 92818.6222715144
routes: [0, 51, 52, 53, 56, 57, 54, 55, 59, 60, 58, 76, 71, 74, 72, 73, 75, 77, 79, 80, 78, 0, 96, 94, 93, 91, 92, 97, 99, 100, 95, 98, 69, 70, 66, 67, 68, 65, 64, 62, 63, 61, 0, 33, 39, 40, 35, 36, 37, 38, 31, 34, 32, 28, 30, 29, 27, 25, 26, 24, 21, 23, 22, 13, 11, 12, 14, 15, 17, 19, 20, 18, 16, 0, 43, 42, 45, 47, 49, 50, 48, 46, 44, 41, 88, 87, 81, 82, 83, 85, 86, 89, 90, 84, 8, 7, 9, 10, 5, 6, 2, 1, 3, 4, 0]
Elapsed time: 334.74744057655334

i:0	156627.7805572516
i:50	112584.62827825935
i:100	102424.77633572744
i:150	99905.91978277966
i:200	97341.03417404597
i:250	95944.55291117787
i:300	95890.0697158673
i:350	95348.19391902076
i:400	95086.12384948184
i:450	94301.65548056301
i:500	94276.99552849118
i:550	94034.00728926517
i:600	93745.98896049219
i:650	93745.98896049219
best: 93745.98896049219
routes: [0, 80, 76, 77, 74, 71, 72, 73, 75, 78, 79, 58, 59, 60, 56, 52, 51, 53, 57, 55, 54, 0, 100, 99, 98, 96, 97, 95, 94, 93, 91, 92, 61, 62, 63, 64, 65, 67, 68, 66, 69, 70, 31, 39, 38, 37, 40, 35, 36, 32, 33, 34, 0, 11, 12, 15, 18, 16, 20, 19, 17, 14, 13, 21, 22, 23, 27, 29, 30, 28, 25, 26, 24, 0, 90, 84, 86, 89, 88, 81, 83, 82, 85, 87, 41, 43, 42, 45, 44, 46, 49, 50, 47, 48, 10, 9, 7, 8, 2, 1, 3, 6, 5, 4, 0]
Elapsed time: 333.05289673805237

i:0	148158.21939316616
i:50	113581.9738052308
i:100	100902.409652704
i:150	98847.77896867736
i:200	97298.32566342634
i:250	96356.7670660583
i:300	95920.9490476079
i:350	95005.36914246298
i:400	94061.74824843428
i:450	93188.39285762617
i:500	92566.55848388153
i:550	91659.24474836688
i:600	91567.09854031174
i:650	91567.09854031174
best: 91567.09854031174
routes: [0, 96, 99, 100, 97, 98, 95, 94, 93, 91, 92, 61, 63, 65, 68, 67, 69, 70, 66, 64, 62, 0, 76, 74, 71, 72, 73, 75, 78, 77, 80, 79, 58, 59, 60, 56, 52, 51, 53, 57, 55, 54, 2, 1, 3, 8, 7, 9, 10, 5, 6, 4, 0, 90, 86, 89, 84, 83, 85, 82, 81, 87, 88, 41, 42, 43, 45, 44, 46, 49, 50, 47, 48, 14, 12, 11, 13, 15, 17, 19, 20, 18, 16, 0, 21, 23, 22, 25, 26, 24, 28, 27, 29, 30, 35, 36, 37, 40, 39, 38, 31, 34, 33, 32, 0]
Elapsed time: 320.7339940071106

mean: 92190.20900244075
std: 1089.0450135398419
mean-time: 340.9886045217514
std-time: 17.51132946840846