i:0	157241.66878199336
i:50	121775.46149970139
i:100	118569.44740755776
i:150	117202.76314776507
i:200	117021.81211125522
i:250	116995.17951072317
i:300	116785.62291960616
i:350	115714.79366990767
i:400	114334.46407963248
i:450	111670.23234586103
i:500	110874.18151947735
i:550	109007.35250249527
i:600	107207.34028099875
i:650	105630.5042224727
best: 105034.66754702241
routes: [0, 51, 52, 53, 56, 54, 55, 57, 59, 60, 58, 79, 80, 77, 78, 75, 73, 72, 71, 74, 76, 0, 89, 88, 87, 81, 82, 83, 85, 86, 90, 84, 0, 91, 92, 93, 94, 95, 96, 97, 98, 99, 100, 31, 33, 34, 39, 38, 37, 40, 35, 36, 32, 0, 13, 11, 12, 14, 15, 17, 19, 20, 18, 16, 0, 21, 23, 22, 25, 27, 29, 30, 28, 26, 24, 0, 61, 62, 63, 64, 65, 68, 67, 66, 69, 70, 0, 43, 45, 47, 49, 50, 48, 46, 44, 41, 42, 0, 3, 6, 5, 10, 9, 7, 8, 2, 1, 4, 0]
Elapsed time: 346.5448851585388

i:0	147564.20295719997
i:50	121766.79559112847
i:100	119358.57084865736
i:150	117688.99647274194
i:200	116419.08093017386
i:250	115511.43922223557
i:300	115351.45940805523
i:350	113448.34728483873
i:400	112683.7217926995
i:450	111033.80141055903
i:500	109651.10820082191
i:550	105937.41381756523
i:600	105655.43244366147
i:650	105457.79592690521
best: 105309.25767748598
routes: [0, 1, 2, 3, 6, 7, 8, 9, 10, 5, 4, 0, 21, 23, 22, 25, 26, 27, 29, 30, 28, 24, 0, 91, 92, 93, 94, 95, 97, 98, 96, 99, 100, 31, 39, 40, 35, 36, 37, 38, 34, 33, 32, 0, 11, 12, 14, 17, 19, 20, 18, 15, 13, 16, 0, 43, 42, 41, 44, 45, 47, 46, 49, 50, 48, 0, 90, 89, 85, 88, 87, 81, 82, 83, 86, 84, 0, 61, 62, 63, 64, 65, 68, 67, 66, 69, 70, 0, 80, 78, 75, 73, 72, 71, 74, 77, 76, 79, 58, 60, 59, 57, 56, 55, 54, 51, 53, 52, 0]
Elapsed time: 340.1137738227844

i:0	159187.07656767464
i:50	117715.17125279293
i:100	117230.89833718879
i:150	117230.89833718877
i:200	115910.11717008459
i:250	113652.73621818992
i:300	112382.32773413204
i:350	112052.65933814304
i:400	111309.92033335187
i:450	107959.61642597399
i:500	107711.23999055954
i:550	107240.40138015579
i:600	106813.56028689977
i:650	104968.91877674927
best: 104454.41713661296
routes: [0, 69, 70, 66, 67, 68, 65, 64, 63, 61, 62, 0, 1, 3, 2, 8, 7, 9, 10, 5, 6, 4, 0, 51, 52, 53, 56, 54, 55, 57, 59, 60, 58, 76, 77, 74, 71, 72, 73, 75, 78, 79, 80, 0, 90, 89, 88, 87, 81, 82, 83, 85, 86, 84, 0, 21, 22, 23, 25, 27, 29, 30, 28, 26, 24, 0, 91, 92, 93, 94, 95, 96, 97, 98, 99, 100, 31, 39, 40, 35, 36, 37, 38, 34, 33, 32, 0, 43, 48, 47, 49, 50, 46, 45, 44, 41, 42, 0, 13, 11, 12, 14, 15, 17, 19, 20, 18, 16, 0]
Elapsed time: 345.7162826061249

i:0	157257.1625757672
i:50	118338.53299742522
i:100	117492.91469861085
i:150	116074.29234786752
i:200	116074.29234786751
i:250	114443.19462729289
i:300	113910.05250847123
i:350	113693.47609204426
i:400	113393.55876133102
i:450	109195.03171691488
i:500	107439.81088332964
i:550	104525.95846294839
i:600	104525.95846294836
i:650	104255.20210570435
best: 104255.20210570435
routes: [0, 84, 83, 82, 81, 87, 88, 85, 86, 89, 90, 0, 43, 41, 44, 46, 49, 50, 48, 47, 45, 42, 0, 69, 70, 66, 67, 68, 65, 64, 63, 61, 62, 0, 13, 11, 12, 14, 15, 17, 19, 20, 18, 16, 0, 21, 23, 22, 25, 27, 29, 30, 28, 26, 24, 0, 51, 52, 53, 56, 54, 55, 57, 59, 60, 58, 76, 74, 71, 72, 73, 75, 78, 77, 79, 80, 0, 4, 1, 3, 6, 5, 10, 9, 7, 8, 2, 0, 33, 32, 37, 36, 35, 40, 39, 38, 34, 31, 100, 99, 98, 97, 96, 95, 94, 93, 91, 92, 0]
Elapsed time: 322.1476194858551

i:0	157381.5828721591
i:50	121266.47290101465
i:100	119693.28123297633
i:150	119514.82943080243
i:200	116229.85810096297
i:250	115613.42236901086
i:300	115016.37017505441
i:350	114370.20475077706
i:400	113629.07813939344
i:450	109743.20070620065
i:500	109705.44489502018
i:550	108038.26487297748
i:600	107599.8925424376
i:650	105971.64365042483
best: 105969.48427012611
routes: [0, 91, 92, 93, 94, 95, 96, 97, 98, 99, 100, 31, 33, 32, 37, 36, 35, 40, 39, 38, 34, 0, 21, 23, 22, 25, 27, 29, 30, 28, 26, 24, 0, 90, 86, 89, 85, 83, 82, 81, 87, 88, 84, 0, 43, 45, 42, 41, 44, 46, 49, 50, 47, 48, 0, 11, 12, 14, 17, 19, 20, 18, 15, 13, 16, 0, 69, 70, 67, 68, 66, 65, 64, 63, 61, 62, 0, 79, 80, 77, 76, 74, 71, 72, 73, 75, 78, 58, 60, 59, 57, 56, 53, 51, 52, 55, 54, 0, 1, 3, 2, 8, 7, 9, 10, 5, 6, 4, 0]
Elapsed time: 345.8125729560852

i:0	158470.9276399432
i:50	114931.40151264843
i:100	112225.66144206122
i:150	112195.52320053443
i:200	111463.79523027224
i:250	111463.79523027224
i:300	111421.38252184802
i:350	110881.30237367157
i:400	109440.4639004542
i:450	108138.94354801804
i:500	106995.72621126064
i:550	106006.54626071053
i:600	105043.88280059458
i:650	104208.64710283962
best: 104208.64710283962
routes: [0, 51, 52, 53, 56, 54, 55, 57, 59, 60, 58, 78, 75, 73, 72, 71, 74, 76, 77, 79, 80, 0, 69, 70, 66, 67, 68, 65, 64, 63, 61, 62, 0, 43, 41, 44, 46, 49, 50, 48, 47, 45, 42, 0, 91, 92, 93, 94, 95, 96, 97, 98, 99, 100, 31, 39, 38, 40, 35, 36, 37, 32, 33, 34, 0, 21, 23, 22, 25, 27, 29, 30, 28, 26, 24, 0, 11, 12, 14, 17, 19, 20, 18, 15, 13, 16, 0, 90, 89, 88, 87, 81, 82, 83, 85, 86, 84, 0, 1, 2, 8, 7, 9, 10, 5, 6, 3, 4, 0]
Elapsed time: 322.14666080474854

i:0	151493.62874241007
i:50	119253.64776723096
i:100	117832.83966298144
i:150	115883.18950467915
i:200	115737.35945151001
i:250	114225.07490993715
i:300	113374.78270896441
i:350	112729.32494076039
i:400	112440.75782460341
i:450	110252.23904355436
i:500	109784.04883318619
i:550	107755.72815417539
i:600	107233.73277333891
i:650	106551.58209841377
best: 106511.0811482252
routes: [0, 61, 62, 63, 64, 65, 68, 67, 66, 69, 70, 0, 43, 48, 46, 49, 50, 47, 45, 44, 41, 42, 0, 4, 1, 3, 6, 5, 10, 9, 7, 8, 2, 0, 76, 77, 74, 71, 72, 73, 75, 78, 80, 79, 58, 52, 51, 53, 56, 59, 60, 57, 55, 54, 0, 91, 92, 93, 94, 95, 96, 97, 98, 99, 100, 31, 39, 38, 40, 35, 36, 37, 32, 33, 34, 0, 13, 11, 12, 14, 15, 17, 19, 20, 18, 16, 0, 84, 83, 82, 81, 87, 88, 85, 86, 89, 90, 0, 21, 23, 22, 25, 27, 29, 30, 28, 26, 24, 0]
Elapsed time: 345.92580819129944

i:0	154021.90911916294
i:50	118278.40357299037
i:100	117646.39198465226
i:150	116693.8845172206
i:200	116032.42364896316
i:250	115360.7548888833
i:300	115333.77992780521
i:350	114873.34553805392
i:400	111833.92525730633
i:450	110211.95259318792
i:500	109078.54661071958
i:550	107735.73925223466
i:600	106879.1662091188
i:650	106456.9226823159
best: 106052.98344950462
routes: [0, 79, 80, 77, 76, 74, 71, 72, 73, 75, 78, 58, 52, 51, 53, 56, 59, 60, 57, 55, 54, 0, 61, 62, 63, 64, 65, 68, 67, 66, 69, 70, 0, 13, 11, 12, 14, 15, 17, 19, 20, 18, 16, 0, 43, 42, 41, 45, 44, 46, 49, 50, 47, 48, 0, 84, 86, 85, 83, 82, 81, 87, 88, 89, 90, 0, 91, 92, 93, 94, 95, 96, 97, 98, 99, 100, 31, 39, 40, 35, 36, 37, 38, 34, 33, 32, 0, 21, 25, 27, 29, 30, 28, 26, 24, 23, 22, 0, 1, 3, 2, 8, 7, 9, 10, 5, 6, 4, 0]
Elapsed time: 348.26254177093506

i:0	153367.508003678
i:50	122722.33813998333
i:100	120863.67137900888
i:150	120278.76762278994
i:200	117621.16634792922
i:250	115603.52238022645
i:300	114947.03683885135
i:350	113568.15138647349
i:400	113300.306590669
i:450	112391.67640918214
i:500	111746.95938436597
i:550	108131.79732627897
i:600	107354.3934525079
i:650	106589.26907921798
best: 106589.26907921796
routes: [0, 43, 45, 47, 49, 50, 48, 46, 44, 41, 42, 0, 61, 62, 63, 64, 65, 68, 67, 66, 69, 70, 0, 84, 86, 85, 83, 82, 81, 87, 88, 89, 90, 0, 91, 92, 93, 94, 95, 96, 97, 98, 99, 100, 31, 39, 38, 34, 33, 32, 37, 40, 35, 36, 0, 13, 11, 12, 14, 15, 17, 19, 20, 18, 16, 0, 21, 25, 27, 29, 30, 28, 26, 24, 23, 22, 0, 79, 80, 77, 78, 75, 73, 72, 71, 74, 76, 58, 60, 59, 57, 56, 53, 51, 52, 55, 54, 0, 5, 6, 10, 9, 7, 8, 2, 1, 3, 4, 0]
Elapsed time: 346.8450005054474

i:0	156004.1469896593
i:50	121596.27432382127
i:100	115113.93315334362
i:150	115113.93315334362
i:200	115103.61704688915
i:250	114704.25061982528
i:300	114135.89512696068
i:350	110869.7016233426
i:400	110517.84092309722
i:450	108105.74228615261
i:500	107701.53474795955
i:550	106239.00400254305
i:600	104547.20790295565
i:650	103936.11723072124
best: 103686.48409981627
routes: [0, 51, 52, 53, 56, 54, 55, 57, 59, 60, 58, 79, 77, 76, 74, 71, 72, 73, 75, 78, 80, 0, 84, 86, 85, 83, 82, 81, 87, 88, 89, 90, 0, 1, 8, 7, 9, 10, 5, 6, 2, 3, 4, 0, 43, 42, 41, 44, 45, 47, 46, 49, 50, 48, 0, 21, 23, 22, 25, 26, 27, 29, 30, 28, 24, 0, 61, 62, 63, 64, 65, 68, 67, 66, 69, 70, 0, 91, 92, 93, 94, 95, 96, 97, 98, 99, 100, 31, 39, 40, 35, 36, 37, 38, 34, 33, 32, 0, 13, 11, 12, 14, 17, 19, 20, 18, 15, 16, 0]
Elapsed time: 345.0010623931885

mean: 105207.14936165554
std: 986.3821723469322
mean-time: 340.85162076950076
std-time: 9.564290066350148