i:0	71868.2479027113
i:50	51884.58769859605
i:100	51037.12931699864
i:150	51037.12931699864
i:200	50580.29548387998
i:250	49879.98829430046
i:300	49879.98829430046
i:350	49076.93613491764
i:400	48638.56006596844
i:450	48144.796964607594
i:500	47899.02263026927
i:550	47307.21634138448
i:600	47307.21634138448
i:650	47307.21634138448
best: 47307.21634138448
routes: [0, 4, 1, 2, 3, 6, 5, 10, 7, 8, 9, 50, 44, 43, 42, 41, 47, 45, 46, 49, 48, 21, 24, 26, 29, 30, 28, 27, 25, 23, 22, 0, 12, 13, 15, 17, 19, 20, 18, 16, 14, 11, 39, 40, 36, 37, 38, 35, 34, 33, 31, 32, 0]
Elapsed time: 211.58315300941467

i:0	67357.86918174996
i:50	52039.186643666166
i:100	50956.54425806379
i:150	50578.794890972364
i:200	50386.65277861872
i:250	49868.63713749171
i:300	49868.63713749171
i:350	49682.75479313828
i:400	49467.666185793314
i:450	49313.14194175363
i:500	48651.98162333578
i:550	48604.73929155588
i:600	48604.73929155588
i:650	48604.73929155588
best: 48604.73929155588
routes: [0, 11, 13, 12, 15, 18, 20, 19, 17, 16, 14, 39, 40, 37, 38, 36, 35, 32, 31, 33, 34, 0, 4, 1, 2, 5, 10, 8, 6, 7, 3, 9, 50, 44, 46, 49, 45, 43, 42, 41, 47, 48, 21, 22, 23, 25, 24, 26, 29, 30, 27, 28, 0]
Elapsed time: 221.7840657234192

i:0	66877.27695625735
i:50	52146.44559986415
i:100	50524.10926553587
i:150	50273.194791692644
i:200	50252.54217704288
i:250	50068.47167192049
i:300	49840.330689492235
i:350	49840.330689492235
i:400	49337.8426042094
i:450	49263.02494234671
i:500	49263.02494234671
i:550	49263.02494234671
i:600	48961.089864218404
i:650	47971.437161605674
best: 47532.73444950851
routes: [0, 11, 13, 12, 15, 17, 19, 20, 18, 16, 14, 39, 40, 36, 37, 38, 35, 34, 33, 31, 32, 0, 50, 44, 46, 49, 45, 43, 42, 41, 47, 48, 21, 22, 23, 25, 24, 26, 29, 30, 27, 28, 6, 3, 1, 2, 8, 7, 9, 10, 5, 4, 0]
Elapsed time: 221.26995706558228

i:0	63957.1365863897
i:50	50938.48258418247
i:100	50853.3662262335
i:150	50349.17648481516
i:200	50222.932706521715
i:250	48947.49008359635
i:300	48622.89768098371
i:350	48037.93387010375
i:400	47709.14389955194
i:450	47102.54986011874
i:500	46849.18319546331
i:550	46431.12250071854
i:600	46075.872727927606
i:650	46075.872727927606
best: 46075.872727927606
routes: [0, 4, 3, 1, 2, 8, 6, 5, 10, 7, 9, 50, 44, 46, 49, 45, 43, 42, 41, 47, 48, 21, 22, 23, 25, 24, 26, 29, 30, 27, 28, 0, 11, 13, 12, 15, 17, 19, 20, 18, 16, 14, 39, 40, 36, 37, 38, 35, 34, 33, 31, 32, 0]
Elapsed time: 213.9673411846161

i:0	67430.08067948752
i:50	51177.94555725505
i:100	50936.5317394252
i:150	50783.847555818116
i:200	50359.430707390326
i:250	49955.60856739411
i:300	49552.60820353578
i:350	49381.83486643394
i:400	49381.83486643394
i:450	48909.814856463774
i:500	48842.91918694577
i:550	48765.059602025234
i:600	48757.77924917098
i:650	48757.77924917098
best: 48757.77924917098
routes: [0, 11, 12, 15, 19, 17, 20, 18, 16, 14, 13, 31, 32, 33, 34, 35, 38, 37, 36, 39, 40, 0, 4, 5, 10, 6, 2, 1, 7, 3, 8, 9, 50, 46, 49, 44, 43, 45, 42, 41, 47, 48, 21, 22, 23, 25, 24, 26, 29, 30, 27, 28, 0]
Elapsed time: 222.1341564655304

i:0	68855.59844479218
i:50	50975.32576428696
i:100	48848.49361306173
i:150	48255.86114059922
i:200	48249.267645221065
i:250	48249.267645221065
i:300	48177.15861668103
i:350	47962.590995175946
i:400	47604.084710445546
i:450	46757.94051352972
i:500	46285.98581141593
i:550	46058.652586581906
i:600	46058.652586581906
i:650	46058.652586581906
best: 46058.652586581906
routes: [0, 4, 1, 2, 3, 6, 5, 10, 7, 8, 9, 50, 44, 46, 49, 45, 43, 42, 41, 47, 48, 21, 22, 23, 25, 24, 26, 29, 30, 27, 28, 0, 11, 13, 12, 15, 17, 19, 20, 18, 16, 14, 39, 40, 36, 37, 38, 35, 34, 33, 31, 32, 0]
Elapsed time: 208.41823720932007

i:0	69463.75074759472
i:50	51760.65124055616
i:100	50799.258399822145
i:150	50295.694997633196
i:200	50158.46348081991
i:250	49816.43812390588
i:300	49391.31738889728
i:350	48231.87287072887
i:400	48198.90307531308
i:450	47462.77556639559
i:500	47059.00639358256
i:550	47059.00639358256
i:600	47059.00639358256
i:650	47059.00639358256
best: 47059.00639358256
routes: [0, 23, 24, 26, 29, 30, 28, 27, 25, 22, 21, 48, 47, 41, 42, 43, 45, 46, 49, 50, 44, 9, 7, 8, 2, 1, 3, 6, 10, 5, 4, 0, 12, 13, 15, 17, 19, 20, 18, 16, 14, 11, 31, 32, 33, 34, 35, 38, 37, 36, 39, 40, 0]
Elapsed time: 203.1684865951538

i:0	62775.36077808333
i:50	50704.195475131535
i:100	49723.29578112121
i:150	48394.53927468922
i:200	48394.53927468922
i:250	48394.53927468922
i:300	48269.11557640026
i:350	48201.17683864701
i:400	48016.05018880998
i:450	47708.52778882734
i:500	47350.428675225616
i:550	47101.75162342597
i:600	47101.75162342597
i:650	47101.75162342597
best: 47101.75162342597
routes: [0, 12, 15, 17, 19, 20, 18, 16, 14, 13, 11, 31, 32, 33, 34, 35, 38, 37, 36, 39, 40, 0, 23, 22, 25, 27, 29, 30, 28, 26, 24, 21, 48, 47, 41, 42, 43, 45, 46, 49, 50, 44, 9, 10, 7, 8, 2, 1, 3, 6, 5, 4, 0]
Elapsed time: 207.7408013343811

i:0	66311.13166392985
i:50	49152.80723149858
i:100	48818.91194550409
i:150	48672.58867730046
i:200	48461.23915862579
i:250	48374.87451898954
i:300	48374.87451898954
i:350	48365.09366679963
i:400	48198.71267526249
i:450	47834.30653045516
i:500	47582.525724968364
i:550	47352.49571073473
i:600	47282.50894952811
i:650	47282.50894952811
best: 47282.50894952811
routes: [0, 23, 22, 25, 27, 29, 30, 28, 26, 24, 21, 46, 44, 43, 42, 41, 47, 48, 45, 49, 50, 9, 7, 8, 2, 1, 3, 6, 10, 5, 4, 0, 12, 13, 15, 17, 19, 20, 18, 16, 14, 11, 31, 32, 33, 34, 35, 38, 37, 36, 39, 40, 0]
Elapsed time: 212.31032633781433

i:0	64623.94867495612
i:50	49684.955708518355
i:100	48920.193754887085
i:150	48886.461903282536
i:200	48805.645930890874
i:250	48739.41531063271
i:300	48679.62809492318
i:350	47804.41158076556
i:400	47553.2062812384
i:450	47470.33153329877
i:500	47374.140963281694
i:550	46896.189729482605
i:600	46058.652586581906
i:650	46058.652586581906
best: 46058.652586581906
routes: [0, 4, 1, 2, 3, 6, 5, 10, 7, 8, 9, 50, 44, 46, 49, 45, 43, 42, 41, 47, 48, 21, 22, 23, 25, 24, 26, 29, 30, 27, 28, 0, 11, 13, 12, 15, 17, 19, 20, 18, 16, 14, 39, 40, 36, 37, 38, 35, 34, 33, 31, 32, 0]
Elapsed time: 213.17963767051697

mean: 47183.89141992478
std: 917.8742282017377
mean-time: 213.5556162595749
std-time: 6.120941276282729