i:0	80166.95711355914
i:50	58541.737781532174
i:100	58541.737781532174
i:150	58541.737781532174
i:200	58541.737781532174
i:250	58541.737781532174
i:300	58541.737781532174
i:350	58541.737781532174
i:400	58541.737781532174
i:450	58541.737781532174
i:500	58541.737781532174
i:550	58541.737781532174
i:600	58541.737781532174
i:650	58541.737781532174
best: 58541.737781532174
routes: [0, 26, 28, 27, 29, 30, 39, 36, 38, 37, 40, 33, 34, 35, 32, 31, 50, 49, 48, 47, 46, 0, 16, 18, 17, 19, 20, 15, 13, 14, 11, 12, 8, 7, 9, 10, 6, 23, 25, 22, 24, 21, 41, 42, 45, 43, 44, 5, 3, 2, 1, 4, 0]
Elapsed time: 39.78033232688904

i:0	82839.1242094687
i:50	60265.90608854141
i:100	60265.90608854141
i:150	60265.90608854141
i:200	60265.90608854141
i:250	60265.90608854141
i:300	60265.90608854141
i:350	60265.90608854141
i:400	60265.90608854141
i:450	60265.90608854141
i:500	60265.90608854141
i:550	60265.90608854141
i:600	60265.90608854141
i:650	60265.90608854141
best: 60265.90608854141
routes: [0, 4, 5, 3, 1, 2, 29, 30, 27, 26, 28, 39, 36, 38, 37, 40, 35, 32, 34, 33, 31, 50, 49, 48, 47, 46, 0, 16, 18, 17, 19, 20, 13, 12, 15, 14, 11, 8, 10, 9, 7, 6, 23, 25, 22, 24, 21, 45, 43, 42, 41, 44, 0]
Elapsed time: 84.77634835243225

i:0	81716.34894886584
i:50	63423.34957469258
i:100	60600.447054835866
i:150	60600.447054835866
i:200	60600.447054835866
i:250	60600.447054835866
i:300	60600.447054835866
i:350	60600.447054835866
i:400	60600.447054835866
i:450	60600.447054835866
i:500	60600.447054835866
i:550	60600.447054835866
i:600	60600.447054835866
i:650	60600.447054835866
best: 60600.447054835866
routes: [0, 26, 28, 27, 29, 30, 39, 36, 38, 37, 40, 33, 34, 35, 32, 31, 50, 49, 48, 47, 46, 1, 2, 5, 3, 4, 0, 44, 43, 45, 42, 41, 21, 24, 23, 25, 22, 6, 8, 7, 9, 10, 12, 11, 14, 13, 15, 20, 18, 17, 19, 16, 0]
Elapsed time: 40.73630332946777

i:0	85349.00461983154
i:50	58528.924641529404
i:100	58528.924641529404
i:150	58528.924641529404
i:200	58528.924641529404
i:250	58528.924641529404
i:300	58528.924641529404
i:350	58528.924641529404
i:400	58528.924641529404
i:450	58528.924641529404
i:500	58528.924641529404
i:550	58528.924641529404
i:600	58528.924641529404
i:650	58528.924641529404
best: 58528.924641529404
routes: [0, 26, 28, 27, 29, 30, 39, 36, 38, 37, 40, 33, 34, 35, 32, 31, 50, 49, 48, 47, 46, 0, 16, 20, 17, 19, 18, 11, 14, 13, 15, 12, 8, 7, 9, 10, 6, 23, 25, 22, 24, 21, 41, 42, 45, 43, 44, 5, 3, 2, 1, 4, 0]
Elapsed time: 40.29182457923889

i:0	80609.29623337052
i:50	61475.89040108981
i:100	61475.89040108981
i:150	61419.595791527725
i:200	61419.595791527725
i:250	61419.595791527725
i:300	61419.595791527725
i:350	61419.595791527725
i:400	61419.595791527725
i:450	61419.595791527725
i:500	61419.595791527725
i:550	61419.595791527725
i:600	61419.595791527725
i:650	61419.595791527725
best: 61419.595791527725
routes: [0, 26, 28, 27, 29, 30, 39, 36, 38, 37, 40, 33, 34, 35, 32, 31, 50, 49, 48, 47, 46, 1, 2, 5, 3, 4, 0, 23, 25, 22, 24, 21, 41, 42, 45, 43, 44, 6, 8, 7, 9, 10, 12, 11, 14, 13, 15, 20, 18, 17, 19, 16, 0]
Elapsed time: 42.64402914047241

i:0	80977.87888934968
i:50	60600.447054835866
i:100	60600.447054835866
i:150	59923.35307662264
i:200	59923.35307662264
i:250	59923.35307662264
i:300	59923.35307662264
i:350	59923.35307662264
i:400	59923.35307662264
i:450	59923.35307662264
i:500	59923.35307662264
i:550	59923.35307662264
i:600	59923.35307662264
i:650	59923.35307662264
best: 59923.35307662264
routes: [0, 26, 28, 27, 29, 30, 39, 36, 38, 37, 40, 33, 34, 35, 32, 31, 47, 46, 48, 50, 49, 0, 4, 5, 3, 1, 2, 44, 43, 45, 41, 42, 21, 24, 25, 23, 22, 6, 8, 7, 9, 10, 12, 11, 14, 13, 15, 20, 18, 17, 19, 16, 0]
Elapsed time: 41.78163194656372

i:0	286935.9008939739
i:50	60641.0537452969
i:100	60545.24231900199
i:150	60545.24231900199
i:200	60545.24231900199
i:250	60545.24231900199
i:300	60545.24231900199
i:350	60545.24231900199
i:400	60545.24231900199
i:450	60545.24231900199
i:500	60545.24231900199
i:550	60545.24231900199
i:600	60545.24231900199
i:650	60545.24231900199
best: 60545.24231900199
routes: [0, 23, 25, 22, 24, 21, 41, 42, 45, 43, 44, 39, 40, 38, 37, 36, 29, 30, 28, 27, 26, 0, 6, 8, 7, 9, 10, 12, 11, 14, 13, 15, 20, 18, 17, 19, 16, 49, 50, 48, 47, 46, 31, 32, 35, 33, 34, 1, 2, 5, 3, 4, 0]
Elapsed time: 47.98943567276001

i:0	86383.39152003133
i:50	60636.213336672765
i:100	60160.81618917112
i:150	60160.81618917112
i:200	60160.81618917112
i:250	60160.81618917112
i:300	60160.81618917112
i:350	60160.81618917112
i:400	60160.81618917112
i:450	60160.81618917112
i:500	60160.81618917112
i:550	60160.81618917112
i:600	60160.81618917112
i:650	60160.81618917112
best: 60160.81618917112
routes: [0, 11, 14, 13, 15, 12, 8, 7, 9, 10, 6, 23, 25, 22, 24, 21, 41, 42, 45, 43, 44, 39, 40, 38, 37, 36, 0, 18, 17, 20, 19, 16, 49, 50, 48, 47, 46, 31, 34, 35, 33, 32, 26, 28, 27, 29, 30, 2, 5, 3, 1, 4, 0]
Elapsed time: 46.6386182308197

i:0	81643.88593370524
i:50	58528.924641529404
i:100	58528.924641529404
i:150	58528.924641529404
i:200	58528.924641529404
i:250	58528.924641529404
i:300	58528.924641529404
i:350	58528.924641529404
i:400	58528.924641529404
i:450	58528.924641529404
i:500	58528.924641529404
i:550	58528.924641529404
i:600	58528.924641529404
i:650	58528.924641529404
best: 58528.924641529404
routes: [0, 26, 28, 27, 29, 30, 39, 36, 38, 37, 40, 33, 34, 35, 32, 31, 50, 49, 48, 47, 46, 0, 16, 20, 17, 19, 18, 11, 14, 13, 15, 12, 8, 7, 9, 10, 6, 23, 25, 22, 24, 21, 41, 42, 45, 43, 44, 5, 3, 2, 1, 4, 0]
Elapsed time: 43.19899010658264

i:0	82654.55784114446
i:50	61727.6928728109
i:100	61727.6928728109
i:150	61727.6928728109
i:200	61727.6928728109
i:250	61727.6928728109
i:300	61727.6928728109
i:350	61727.6928728109
i:400	61727.6928728109
i:450	61727.6928728109
i:500	61727.6928728109
i:550	61727.6928728109
i:600	61727.6928728109
i:650	61727.6928728109
best: 61727.6928728109
routes: [0, 26, 28, 27, 29, 30, 39, 36, 38, 37, 40, 33, 34, 35, 32, 31, 49, 50, 48, 47, 46, 0, 11, 14, 13, 15, 12, 8, 7, 9, 10, 6, 23, 25, 22, 24, 21, 41, 42, 45, 43, 44, 5, 3, 2, 1, 4, 0, 18, 17, 20, 19, 16, 0]
Elapsed time: 40.666484355926514

mean: 60024.26404571025
std: 1104.9529424789935
mean-time: 46.8503998041153
std-time: 12.903729426223686