i:0	290542.464672278
i:50	66017.30606037194
i:100	66017.30606037194
i:150	66017.30606037194
i:200	66017.30606037194
i:250	66017.30606037194
i:300	66017.30606037194
i:350	66017.30606037194
i:400	66017.30606037194
i:450	66017.30606037194
i:500	66017.30606037194
i:550	66017.30606037194
i:600	66017.30606037194
i:650	66017.30606037194
best: 66017.30606037194
routes: [0, 8, 7, 9, 10, 6, 23, 24, 21, 22, 25, 41, 42, 45, 43, 44, 5, 3, 4, 1, 2, 0, 49, 50, 48, 47, 46, 34, 35, 33, 32, 31, 40, 38, 37, 39, 36, 28, 27, 29, 30, 26, 0, 14, 13, 12, 15, 11, 18, 17, 20, 19, 16, 0]
Elapsed time: 26.584088563919067

i:0	292372.62553610065
i:50	66009.16007635501
i:100	66009.16007635501
i:150	65940.58801184384
i:200	65940.58801184384
i:250	65940.58801184384
i:300	65940.58801184384
i:350	65940.58801184384
i:400	65940.58801184384
i:450	65940.58801184384
i:500	65940.58801184384
i:550	65940.58801184384
i:600	65940.58801184384
i:650	65940.58801184384
best: 65940.58801184384
routes: [0, 8, 7, 9, 10, 6, 25, 23, 22, 24, 21, 41, 42, 45, 43, 44, 5, 3, 4, 1, 2, 0, 26, 28, 27, 29, 30, 39, 36, 38, 37, 40, 33, 34, 31, 32, 35, 50, 49, 48, 47, 46, 0, 14, 13, 12, 15, 11, 18, 17, 20, 19, 16, 0]
Elapsed time: 29.141414403915405

i:0	81513.87739234763
i:50	64783.60243961422
i:100	64783.60243961422
i:150	64783.60243961422
i:200	64783.60243961422
i:250	64783.60243961422
i:300	64783.60243961422
i:350	64783.60243961422
i:400	64783.60243961422
i:450	64783.60243961422
i:500	64783.60243961422
i:550	64783.60243961422
i:600	64783.60243961422
i:650	64783.60243961422
best: 64783.60243961422
routes: [0, 8, 7, 9, 10, 6, 24, 25, 23, 22, 21, 41, 42, 45, 43, 44, 5, 3, 4, 1, 2, 0, 49, 50, 48, 47, 46, 34, 35, 33, 32, 31, 40, 38, 37, 39, 36, 29, 30, 28, 27, 26, 0, 12, 15, 13, 14, 11, 18, 17, 20, 19, 16, 0]
Elapsed time: 28.68694806098938

i:0	295377.20429189247
i:50	66898.7804120611
i:100	66898.7804120611
i:150	66898.7804120611
i:200	66898.7804120611
i:250	66898.7804120611
i:300	66898.7804120611
i:350	66898.7804120611
i:400	66898.7804120611
i:450	66898.7804120611
i:500	66898.7804120611
i:550	66898.7804120611
i:600	66898.7804120611
i:650	66898.7804120611
best: 66898.7804120611
routes: [0, 4, 3, 1, 2, 5, 44, 43, 42, 45, 41, 24, 21, 22, 25, 23, 6, 8, 7, 9, 10, 0, 49, 50, 48, 47, 46, 33, 31, 32, 34, 35, 40, 38, 37, 39, 36, 29, 30, 28, 27, 26, 0, 14, 13, 12, 15, 11, 18, 17, 20, 19, 16, 0]
Elapsed time: 32.668960094451904

i:0	290191.2368533383
i:50	67199.78342585267
i:100	67199.78342585267
i:150	67199.78342585267
i:200	67199.78342585267
i:250	67199.78342585267
i:300	67199.78342585267
i:350	67199.78342585267
i:400	67199.78342585267
i:450	67199.78342585267
i:500	67199.78342585267
i:550	67199.78342585267
i:600	67199.78342585267
i:650	67199.78342585267
best: 67199.78342585267
routes: [0, 8, 7, 9, 10, 6, 23, 24, 21, 22, 25, 44, 43, 45, 41, 42, 1, 2, 5, 3, 4, 0, 26, 28, 27, 29, 30, 39, 36, 38, 37, 40, 33, 34, 31, 32, 35, 50, 49, 48, 47, 46, 0, 12, 15, 13, 14, 11, 18, 17, 20, 19, 16, 0]
Elapsed time: 29.74411392211914

i:0	97689.98559532777
i:50	65223.99986342291
i:100	65155.42779891174
i:150	65155.42779891174
i:200	65155.42779891174
i:250	65155.42779891174
i:300	65155.42779891174
i:350	65155.42779891174
i:400	65155.42779891174
i:450	65155.42779891174
i:500	65155.42779891174
i:550	65155.42779891174
i:600	65155.42779891174
i:650	65155.42779891174
best: 65155.42779891174
routes: [0, 26, 28, 27, 29, 30, 39, 36, 38, 37, 40, 33, 34, 31, 32, 35, 50, 49, 48, 47, 46, 0, 8, 7, 9, 10, 6, 23, 22, 24, 25, 21, 41, 42, 45, 43, 44, 5, 3, 4, 1, 2, 0, 12, 15, 13, 14, 11, 18, 17, 20, 19, 16, 0]
Elapsed time: 29.130001068115234

i:0	292381.47144616005
i:50	64732.459045880925
i:100	64732.459045880925
i:150	64732.459045880925
i:200	64732.459045880925
i:250	64732.459045880925
i:300	64732.459045880925
i:350	64732.459045880925
i:400	64732.459045880925
i:450	64732.459045880925
i:500	64732.459045880925
i:550	64732.459045880925
i:600	64732.459045880925
i:650	64732.459045880925
best: 64732.459045880925
routes: [0, 4, 5, 3, 1, 2, 44, 43, 45, 41, 42, 21, 22, 24, 25, 23, 6, 8, 7, 9, 10, 0, 26, 28, 27, 29, 30, 39, 36, 38, 37, 40, 33, 31, 32, 34, 35, 50, 49, 48, 47, 46, 0, 12, 15, 13, 14, 11, 18, 17, 20, 19, 16, 0]
Elapsed time: 35.866713762283325

i:0	86697.96969788137
i:50	65991.0241756276
i:100	65462.69820994478
i:150	65462.69820994478
i:200	65462.69820994478
i:250	65462.69820994478
i:300	65462.69820994478
i:350	65462.69820994478
i:400	65462.69820994478
i:450	65462.69820994478
i:500	65462.69820994478
i:550	65462.69820994478
i:600	65462.69820994478
i:650	65462.69820994478
best: 65462.69820994478
routes: [0, 4, 5, 3, 1, 2, 44, 43, 45, 41, 42, 25, 23, 21, 22, 24, 9, 10, 8, 7, 6, 0, 26, 28, 27, 29, 30, 39, 36, 38, 37, 40, 33, 31, 32, 34, 35, 50, 49, 48, 47, 46, 0, 11, 12, 15, 13, 14, 20, 18, 17, 19, 16, 0]
Elapsed time: 31.83461856842041

i:0	86156.38923695365
i:50	63824.18611266362
i:100	63824.18611266362
i:150	63824.18611266362
i:200	63824.18611266362
i:250	63824.18611266362
i:300	63824.18611266362
i:350	63824.18611266362
i:400	63824.18611266362
i:450	63824.18611266362
i:500	63824.18611266362
i:550	63824.18611266362
i:600	63824.18611266362
i:650	63824.18611266362
best: 63824.18611266362
routes: [0, 4, 5, 3, 1, 2, 44, 43, 45, 41, 42, 24, 21, 22, 25, 23, 6, 8, 7, 9, 10, 0, 26, 28, 27, 29, 30, 39, 36, 38, 37, 40, 31, 32, 34, 35, 33, 50, 49, 48, 47, 46, 0, 11, 12, 15, 13, 14, 20, 18, 17, 19, 16, 0]
Elapsed time: 30.101877212524414

i:0	79969.14466173346
i:50	64474.550190918264
i:100	64474.550190918264
i:150	64474.550190918264
i:200	64474.550190918264
i:250	64474.550190918264
i:300	64474.550190918264
i:350	64474.550190918264
i:400	64474.550190918264
i:450	64474.550190918264
i:500	64474.550190918264
i:550	64474.550190918264
i:600	64474.550190918264
i:650	64474.550190918264
best: 64474.550190918264
routes: [0, 8, 7, 9, 10, 6, 23, 22, 24, 25, 21, 41, 42, 45, 43, 44, 5, 3, 1, 2, 4, 0, 26, 28, 27, 29, 30, 39, 36, 38, 37, 40, 31, 32, 34, 35, 33, 50, 49, 48, 47, 46, 0, 14, 13, 12, 15, 11, 18, 17, 20, 19, 16, 0]
Elapsed time: 30.095952033996582

mean: 65448.93817080631
std: 1018.0307505305191
mean-time: 30.385468769073487
std-time: 2.4164711682887847