i:0	65851.74466744586
i:50	53902.747258683245
i:100	53606.86461788937
i:150	52735.947035344834
i:200	51862.436735195086
i:250	51380.21336673354
i:300	51134.49116016999
i:350	50981.50091258537
i:400	50663.92970170336
i:450	50324.338796579614
i:500	50076.51781928953
i:550	50076.51781928953
i:600	50076.51781928953
i:650	50076.51781928953
best: 50076.51781928953
routes: [0, 50, 46, 49, 44, 43, 45, 42, 41, 47, 48, 21, 24, 26, 29, 30, 27, 25, 22, 23, 28, 0, 11, 13, 12, 15, 17, 19, 20, 18, 16, 14, 39, 40, 36, 37, 38, 35, 34, 33, 31, 32, 0, 4, 3, 6, 5, 10, 9, 7, 8, 2, 1, 0]
Elapsed time: 202.74915027618408

i:0	68327.41188232802
i:50	52734.89223584284
i:100	52145.1574702118
i:150	51594.22559030074
i:200	50767.15416246664
i:250	50591.88467107004
i:300	50591.88467107004
i:350	50414.102955604474
i:400	50163.485936222736
i:450	50084.03622350149
i:500	50084.03622350149
i:550	50084.03622350149
i:600	49813.96692798855
i:650	49813.96692798855
best: 49813.96692798855
routes: [0, 50, 46, 49, 44, 43, 45, 42, 41, 47, 48, 21, 22, 23, 25, 24, 26, 29, 30, 27, 28, 0, 4, 3, 6, 5, 10, 9, 7, 8, 2, 1, 31, 32, 33, 34, 35, 38, 36, 37, 39, 40, 0, 11, 13, 12, 15, 17, 19, 20, 18, 16, 14, 0]
Elapsed time: 194.84998559951782

i:0	69157.62593946303
i:50	52151.49490489292
i:100	51286.712996255854
i:150	51286.712996255854
i:200	51055.83642735146
i:250	51035.543909549895
i:300	51035.543909549895
i:350	50552.527991854244
i:400	50400.533347556135
i:450	50084.78310234364
i:500	49881.78601620348
i:550	49649.431241748825
i:600	49649.431241748825
i:650	49649.431241748825
best: 49649.431241748825
routes: [0, 23, 22, 25, 27, 29, 30, 28, 26, 24, 21, 48, 47, 41, 42, 43, 45, 46, 49, 50, 44, 0, 11, 12, 13, 14, 16, 15, 17, 19, 20, 18, 39, 40, 36, 37, 38, 35, 34, 33, 31, 32, 0, 3, 6, 5, 10, 9, 7, 8, 2, 1, 4, 0]
Elapsed time: 198.4264714717865

i:0	69310.97344635594
i:50	52772.13416748455
i:100	51469.51778602715
i:150	51049.31675195397
i:200	51049.31675195397
i:250	50933.85829386424
i:300	50933.85829386424
i:350	50768.920517643804
i:400	50417.22297580185
i:450	50188.04728906451
i:500	49912.57629622151
i:550	49502.8996445347
i:600	49502.8996445347
i:650	49502.8996445347
best: 49502.8996445347
routes: [0, 4, 6, 5, 10, 9, 7, 8, 3, 2, 1, 31, 32, 33, 34, 35, 38, 36, 37, 39, 40, 0, 23, 24, 26, 29, 30, 28, 27, 25, 22, 21, 48, 47, 41, 42, 43, 45, 46, 49, 50, 44, 0, 11, 13, 12, 15, 17, 19, 20, 18, 16, 14, 0]
Elapsed time: 209.01803708076477

i:0	63601.223220499756
i:50	53061.343570969504
i:100	52071.16759358067
i:150	52071.16759358067
i:200	51225.403747810735
i:250	51118.007312741494
i:300	50897.69459161922
i:350	50578.86059764912
i:400	50471.02026197028
i:450	50180.440842067954
i:500	49750.38633142339
i:550	49675.87101556457
i:600	49675.87101556457
i:650	49675.87101556457
best: 49675.87101556457
routes: [0, 4, 3, 6, 5, 10, 9, 7, 8, 2, 1, 31, 32, 33, 34, 35, 38, 36, 37, 39, 40, 0, 23, 22, 25, 27, 29, 30, 28, 26, 24, 21, 47, 48, 45, 42, 41, 43, 44, 46, 49, 50, 0, 11, 13, 15, 17, 19, 20, 18, 16, 14, 12, 0]
Elapsed time: 198.70086407661438

i:0	71393.7907541736
i:50	53024.11151485919
i:100	52813.048550234176
i:150	52797.963162301894
i:200	52797.963162301894
i:250	52551.23622249873
i:300	52448.16812700695
i:350	51635.16405422776
i:400	51432.05195447092
i:450	50028.87641299947
i:500	49973.55010364726
i:550	49973.55010364726
i:600	49703.48080813432
i:650	49703.48080813432
best: 49703.48080813432
routes: [0, 50, 46, 49, 44, 43, 45, 42, 41, 47, 48, 21, 22, 23, 25, 24, 26, 29, 30, 27, 28, 0, 11, 13, 12, 15, 17, 19, 20, 18, 16, 14, 39, 40, 36, 37, 38, 35, 34, 33, 31, 32, 0, 5, 6, 10, 9, 7, 8, 2, 1, 3, 4, 0]
Elapsed time: 200.26710724830627

i:0	66984.20572418683
i:50	55069.7657990947
i:100	52261.515390496046
i:150	51804.93663876082
i:200	51650.29909470152
i:250	51161.105935072526
i:300	50935.438453186274
i:350	50386.51612009436
i:400	50264.17018700523
i:450	49967.75328261084
i:500	49697.6839870979
i:550	49697.6839870979
i:600	49697.6839870979
i:650	49697.6839870979
best: 49697.6839870979
routes: [0, 11, 13, 12, 15, 17, 19, 20, 18, 16, 14, 39, 40, 36, 37, 38, 35, 34, 33, 31, 32, 0, 50, 46, 49, 44, 43, 45, 42, 41, 47, 48, 21, 22, 23, 25, 24, 26, 29, 30, 27, 28, 0, 3, 6, 5, 10, 9, 7, 8, 2, 1, 4, 0]
Elapsed time: 196.18084979057312

i:0	64970.269150246066
i:50	51569.02761682273
i:100	50221.868295697415
i:150	50221.868295697415
i:200	49837.349361370085
i:250	49837.349361370085
i:300	49837.349361370085
i:350	49520.15277973169
i:400	49293.0953552273
i:450	49090.09826908713
i:500	49090.09826908713
i:550	48965.164317713745
i:600	48965.164317713745
i:650	48965.164317713745
best: 48965.164317713745
routes: [0, 23, 22, 25, 27, 29, 30, 28, 26, 24, 21, 48, 47, 41, 42, 43, 45, 46, 49, 50, 44, 0, 11, 13, 12, 15, 17, 19, 20, 18, 16, 14, 39, 40, 36, 37, 38, 35, 34, 33, 31, 32, 0, 1, 2, 8, 7, 9, 10, 5, 6, 3, 4, 0]
Elapsed time: 193.17794251441956

i:0	65594.01164945806
i:50	55181.89932176803
i:100	54643.7163901456
i:150	54379.109176943006
i:200	54283.83249149485
i:250	53833.42180375361
i:300	53793.71893470899
i:350	52188.635336864645
i:400	51425.682873493446
i:450	50433.05026125633
i:500	50184.92225324349
i:550	49679.81951443644
i:600	49679.81951443644
i:650	49679.81951443644
best: 49679.81951443644
routes: [0, 50, 44, 43, 42, 41, 47, 45, 46, 49, 48, 21, 22, 23, 25, 24, 26, 29, 30, 27, 28, 0, 11, 13, 12, 15, 17, 19, 20, 18, 16, 14, 39, 40, 36, 37, 38, 35, 34, 33, 31, 32, 0, 1, 3, 2, 8, 7, 9, 10, 5, 6, 4, 0]
Elapsed time: 203.40518760681152

i:0	65904.47079344673
i:50	52890.950832645955
i:100	52369.0794367374
i:150	51804.28023857906
i:200	51804.28023857906
i:250	51804.28023857906
i:300	51224.09928884799
i:350	51188.94144018966
i:400	50723.18649091617
i:450	50156.5081597915
i:500	50156.5081597915
i:550	50156.5081597915
i:600	50156.5081597915
i:650	50156.5081597915
best: 50156.5081597915
routes: [0, 12, 15, 17, 19, 20, 18, 16, 14, 13, 11, 39, 40, 36, 37, 38, 35, 34, 33, 31, 32, 0, 50, 46, 49, 44, 43, 45, 42, 41, 47, 48, 21, 22, 23, 25, 24, 26, 29, 30, 27, 28, 0, 5, 10, 9, 7, 8, 2, 1, 3, 6, 4, 0]
Elapsed time: 198.6132881641388

mean: 49692.13434363001
std: 307.3973507689714
mean-time: 199.5388883829117
std-time: 4.383594080121784