i:0	64060.971706322496
i:50	50794.9462801911
i:100	50555.0653940075
i:150	49667.45733068069
i:200	49516.676948989116
i:250	48904.87757763408
i:300	48453.29048612398
i:350	47786.570658823446
i:400	47786.570658823446
i:450	46601.10133753111
i:500	46528.447569603035
i:550	46528.447569603035
i:600	46528.447569603035
i:650	45723.61110889442
best: 45644.203304433846
routes: [0, 41, 42, 43, 44, 45, 46, 49, 47, 48, 50, 11, 19, 20, 15, 16, 17, 18, 14, 13, 12, 6, 5, 4, 7, 9, 10, 8, 3, 1, 2, 0, 21, 22, 23, 26, 24, 25, 27, 29, 30, 28, 39, 40, 37, 36, 34, 31, 32, 33, 35, 38, 0]
Elapsed time: 215.17620491981506

i:0	62428.81362871098
i:50	49869.61419863434
i:100	49671.88684584341
i:150	49068.89318225504
i:200	48532.91322248129
i:250	47887.46989738481
i:300	47887.46989738481
i:350	47339.45953285415
i:400	47339.45953285415
i:450	47140.84150852646
i:500	47130.69988830867
i:550	46438.17530506737
i:600	46180.430461706695
i:650	46180.430461706695
best: 46180.430461706695
routes: [0, 41, 43, 44, 45, 47, 48, 49, 50, 46, 42, 36, 34, 31, 32, 33, 35, 38, 37, 39, 40, 28, 30, 29, 27, 26, 23, 21, 22, 25, 24, 0, 11, 19, 20, 15, 16, 17, 18, 14, 13, 12, 10, 9, 7, 8, 5, 4, 2, 1, 3, 6, 0]
Elapsed time: 217.3281168937683

i:0	72197.89876859443
i:50	49853.796929937576
i:100	48495.529318086585
i:150	46162.402219720396
i:200	46045.62487252376
i:250	46045.62487252376
i:300	45815.209322186136
i:350	45729.3622451453
i:400	45649.27364728975
i:450	45602.25452673533
i:500	45474.0601203305
i:550	45422.90118099624
i:600	45422.90118099624
i:650	45422.90118099624
best: 45422.90118099624
routes: [0, 41, 42, 43, 44, 45, 46, 47, 48, 49, 50, 11, 13, 14, 18, 19, 20, 15, 16, 17, 12, 6, 5, 4, 7, 9, 10, 8, 3, 1, 2, 0, 21, 22, 23, 26, 24, 25, 27, 29, 30, 28, 39, 40, 38, 35, 33, 32, 31, 34, 37, 36, 0]
Elapsed time: 199.88420796394348

i:0	64880.521702805665
i:50	49761.61208484968
i:100	49117.51214603063
i:150	47520.455938677456
i:200	47520.455938677456
i:250	47415.09770773179
i:300	47403.42535295619
i:350	47397.190348757686
i:400	47169.79114580604
i:450	46768.44142252762
i:500	46768.44142252762
i:550	46721.70460155141
i:600	46631.09122768808
i:650	46583.11013860416
best: 46583.11013860416
routes: [0, 21, 23, 22, 24, 25, 26, 27, 29, 30, 28, 39, 37, 36, 34, 31, 32, 33, 35, 38, 40, 0, 3, 1, 2, 5, 4, 7, 8, 6, 10, 9, 12, 17, 16, 15, 20, 19, 18, 13, 14, 11, 50, 49, 48, 47, 46, 45, 44, 43, 41, 42, 0]
Elapsed time: 208.4456272125244

i:0	64458.99982222913
i:50	50209.35557920316
i:100	48118.52586348599
i:150	47374.78950210348
i:200	47374.78950210348
i:250	47257.33497166744
i:300	47204.86872413021
i:350	47099.34362682799
i:400	47099.34362682799
i:450	46917.709042168804
i:500	46668.60106520953
i:550	46441.16795174169
i:600	46441.16795174169
i:650	46441.16795174169
best: 46441.16795174169
routes: [0, 21, 22, 23, 26, 24, 25, 27, 29, 30, 28, 36, 37, 34, 31, 32, 33, 35, 38, 40, 39, 41, 42, 43, 44, 45, 47, 48, 49, 50, 46, 0, 11, 14, 13, 17, 16, 15, 20, 19, 18, 12, 3, 1, 2, 4, 5, 7, 9, 10, 8, 6, 0]
Elapsed time: 211.78186106681824

i:0	72557.32167704211
i:50	50793.82511917532
i:100	50127.85357767301
i:150	50016.81306468948
i:200	50016.81306468948
i:250	49678.584649186305
i:300	49678.584649186305
i:350	48469.58352735084
i:400	48252.19698168329
i:450	48207.03550724513
i:500	47925.26755300576
i:550	46731.67090006139
i:600	46313.563661405984
i:650	46313.563661405984
best: 46313.563661405984
routes: [0, 21, 22, 23, 26, 24, 25, 27, 29, 30, 28, 36, 37, 34, 31, 32, 33, 35, 38, 40, 39, 41, 42, 43, 44, 45, 47, 48, 49, 50, 46, 0, 11, 14, 13, 18, 19, 20, 16, 15, 17, 12, 6, 3, 5, 8, 10, 9, 7, 4, 1, 2, 0]
Elapsed time: 223.36162185668945

i:0	58917.18994555601
i:50	50559.72299659898
i:100	50131.40667469663
i:150	50115.54918636251
i:200	49701.886147562764
i:250	49543.71115209012
i:300	49538.56475174779
i:350	49460.665758468574
i:400	49405.63948848698
i:450	49398.577834862255
i:500	49394.96071104777
i:550	49394.96071104777
i:600	49394.96071104777
i:650	49193.357439797444
best: 48855.69943455039
routes: [0, 21, 23, 22, 24, 25, 27, 26, 29, 30, 28, 36, 37, 39, 40, 38, 35, 33, 32, 31, 34, 0, 50, 48, 44, 43, 41, 42, 45, 46, 47, 49, 11, 14, 19, 20, 15, 16, 17, 18, 13, 12, 6, 5, 4, 7, 9, 10, 8, 3, 1, 2, 0]
Elapsed time: 214.07382607460022

i:0	69499.03414422527
i:50	50094.77821415082
i:100	48791.79180088219
i:150	48791.79180088219
i:200	48791.79180088219
i:250	48791.79180088219
i:300	48791.79180088219
i:350	48677.98272583084
i:400	48486.379001065274
i:450	48457.49247539887
i:500	48144.94308850542
i:550	48144.94308850542
i:600	48144.94308850542
i:650	48144.94308850542
best: 48144.94308850542
routes: [0, 40, 38, 35, 33, 32, 31, 34, 36, 37, 39, 28, 23, 22, 21, 27, 29, 30, 26, 25, 24, 0, 46, 42, 41, 43, 44, 45, 48, 47, 49, 50, 11, 19, 20, 15, 16, 17, 18, 14, 13, 12, 10, 9, 7, 8, 5, 4, 2, 1, 3, 6, 0]
Elapsed time: 215.67256426811218

i:0	68290.23988141154
i:50	49334.996995417416
i:100	49334.996995417416
i:150	48535.98986058864
i:200	48486.75229210115
i:250	48465.43936376223
i:300	48427.89154476228
i:350	48382.04592376587
i:400	47871.83756878612
i:450	47475.201318155436
i:500	47454.379444850805
i:550	46706.54044005478
i:600	46706.54044005478
i:650	46706.54044005478
best: 46706.54044005478
routes: [0, 24, 25, 27, 26, 22, 21, 23, 29, 30, 28, 36, 34, 31, 32, 33, 35, 38, 37, 39, 40, 41, 42, 43, 44, 45, 47, 48, 49, 50, 46, 0, 11, 19, 20, 15, 16, 17, 18, 14, 13, 12, 6, 3, 5, 7, 9, 10, 8, 4, 1, 2, 0]
Elapsed time: 214.72734785079956

i:0	72891.94419909354
i:50	48137.35512007049
i:100	47390.455687801994
i:150	46953.2525736612
i:200	46910.88065225782
i:250	46910.88065225782
i:300	46910.88065225782
i:350	46696.4595838713
i:400	46480.2079884487
i:450	46443.98468664757
i:500	46330.38073412597
i:550	46155.41972047386
i:600	46155.41972047386
i:650	46155.41972047386
best: 46155.41972047386
routes: [0, 41, 42, 43, 44, 45, 46, 47, 48, 49, 50, 11, 19, 18, 17, 16, 15, 20, 14, 13, 12, 6, 5, 4, 7, 9, 10, 8, 3, 1, 2, 0, 21, 22, 23, 26, 24, 25, 27, 29, 30, 28, 36, 37, 39, 40, 38, 35, 33, 32, 31, 34, 0]
Elapsed time: 209.14009952545166

mean: 46644.79793824731
std: 1012.2583285312132
mean-time: 212.95914776325225
std-time: 5.926579294208238