i:0	90017.3519623211
i:50	66621.81328050466
i:100	66621.81328050466
i:150	66498.9841198387
i:200	66498.9841198387
i:250	66152.06600415849
i:300	66152.06600415849
i:350	66152.06600415849
i:400	66152.06600415849
i:450	66152.06600415849
i:500	66152.06600415849
i:550	66152.06600415849
i:600	66152.06600415849
i:650	66152.06600415849
best: 66152.06600415849
routes: [0, 45, 43, 42, 44, 41, 27, 29, 30, 26, 28, 39, 40, 38, 37, 36, 3, 4, 5, 1, 2, 0, 19, 18, 17, 20, 16, 11, 12, 15, 13, 14, 10, 9, 6, 8, 7, 25, 23, 24, 21, 22, 0, 33, 32, 34, 35, 31, 48, 47, 49, 50, 46, 0]
Elapsed time: 33.29831552505493

i:0	88801.3255935547
i:50	63622.922484446746
i:100	63622.922484446746
i:150	63622.922484446746
i:200	63622.922484446746
i:250	63622.922484446746
i:300	63622.922484446746
i:350	63622.922484446746
i:400	63622.922484446746
i:450	63622.922484446746
i:500	63622.922484446746
i:550	63622.922484446746
i:600	63622.922484446746
i:650	63622.922484446746
best: 63622.922484446746
routes: [0, 19, 18, 17, 20, 16, 15, 13, 11, 12, 14, 6, 10, 8, 7, 9, 25, 23, 24, 21, 22, 0, 3, 5, 1, 2, 4, 43, 42, 44, 45, 41, 27, 26, 30, 29, 28, 39, 40, 38, 37, 36, 0, 46, 48, 47, 49, 50, 34, 35, 33, 31, 32, 0]
Elapsed time: 33.69131278991699

i:0	94634.91030077025
i:50	66657.90230130687
i:100	66657.90230130687
i:150	66657.90230130687
i:200	66657.90230130687
i:250	66640.507201031
i:300	66640.507201031
i:350	66640.507201031
i:400	66640.507201031
i:450	66640.507201031
i:500	66640.507201031
i:550	66640.507201031
i:600	66640.507201031
i:650	66640.507201031
best: 66640.507201031
routes: [0, 2, 4, 3, 5, 1, 33, 31, 32, 34, 35, 50, 49, 48, 47, 46, 0, 22, 25, 23, 24, 21, 43, 44, 45, 41, 42, 39, 40, 38, 37, 36, 29, 30, 28, 27, 26, 0, 19, 18, 20, 17, 16, 14, 15, 13, 11, 12, 8, 7, 9, 10, 6, 0]
Elapsed time: 37.24788284301758

i:0	282743.9247682031
i:50	64638.18230638356
i:100	64638.18230638356
i:150	64638.18230638356
i:200	64638.18230638356
i:250	64620.78720610768
i:300	64620.78720610768
i:350	64620.78720610768
i:400	64620.78720610768
i:450	64620.78720610768
i:500	64620.78720610768
i:550	64620.78720610768
i:600	64620.78720610768
i:650	64620.78720610768
best: 64620.78720610768
routes: [0, 23, 24, 21, 22, 25, 7, 9, 8, 10, 6, 11, 12, 14, 13, 15, 17, 16, 20, 19, 18, 0, 46, 48, 47, 49, 50, 34, 35, 33, 32, 31, 40, 38, 37, 39, 36, 29, 30, 28, 27, 26, 0, 5, 1, 2, 4, 3, 45, 43, 44, 41, 42, 0]
Elapsed time: 29.728797912597656

i:0	78745.8344104788
i:50	65469.92910158797
i:100	65469.92910158797
i:150	65469.92910158797
i:200	65469.92910158797
i:250	65469.92910158797
i:300	65469.92910158797
i:350	65469.92910158797
i:400	65469.92910158797
i:450	65469.92910158797
i:500	65469.92910158797
i:550	65469.92910158797
i:600	65469.92910158797
i:650	65469.92910158797
best: 65469.92910158797
routes: [0, 45, 43, 42, 44, 41, 39, 40, 38, 37, 36, 29, 30, 28, 27, 26, 4, 3, 2, 5, 1, 0, 25, 23, 24, 21, 22, 7, 9, 8, 10, 6, 14, 15, 13, 12, 11, 17, 16, 20, 19, 18, 0, 46, 48, 47, 49, 50, 34, 35, 33, 31, 32, 0]
Elapsed time: 29.10272216796875

i:0	89090.11189920764
i:50	65782.57123896474
i:100	65443.03672168373
i:150	65113.319780146194
i:200	65113.319780146194
i:250	65113.319780146194
i:300	65113.319780146194
i:350	65113.319780146194
i:400	65113.319780146194
i:450	65113.319780146194
i:500	65113.319780146194
i:550	65113.319780146194
i:600	65113.319780146194
i:650	65113.319780146194
best: 65113.319780146194
routes: [0, 19, 18, 17, 20, 16, 15, 13, 11, 12, 14, 24, 21, 22, 25, 23, 7, 9, 8, 10, 6, 0, 5, 1, 2, 4, 3, 45, 43, 42, 44, 41, 27, 29, 30, 26, 28, 39, 40, 38, 37, 36, 0, 34, 33, 31, 32, 35, 50, 48, 47, 49, 46, 0]
Elapsed time: 51.214893102645874

i:0	104150.11466267292
i:50	66145.09165816575
i:100	66145.09165816575
i:150	66145.09165816575
i:200	65862.1495275548
i:250	65862.1495275548
i:300	65862.1495275548
i:350	65862.1495275548
i:400	65862.1495275548
i:450	65862.1495275548
i:500	65862.1495275548
i:550	65862.1495275548
i:600	65862.1495275548
i:650	65862.1495275548
best: 65862.1495275548
routes: [0, 23, 24, 21, 22, 25, 7, 9, 8, 10, 6, 12, 14, 15, 13, 11, 17, 16, 20, 19, 18, 0, 3, 5, 1, 2, 4, 45, 43, 44, 41, 42, 27, 26, 30, 29, 28, 39, 40, 38, 37, 36, 0, 34, 33, 31, 32, 35, 50, 48, 47, 49, 46, 0]
Elapsed time: 29.440115690231323

i:0	82287.34941209745
i:50	65636.29706611324
i:100	65618.90196583737
i:150	65618.90196583737
i:200	65618.90196583737
i:250	65618.90196583737
i:300	65618.90196583737
i:350	65618.90196583737
i:400	65618.90196583737
i:450	65618.90196583737
i:500	65618.90196583737
i:550	65618.90196583737
i:600	65618.90196583737
i:650	65618.90196583737
best: 65618.90196583737
routes: [0, 46, 48, 47, 49, 50, 34, 35, 33, 32, 31, 40, 38, 37, 39, 36, 29, 30, 28, 27, 26, 0, 23, 24, 21, 22, 25, 7, 9, 8, 10, 6, 12, 14, 15, 13, 11, 17, 16, 20, 19, 18, 0, 41, 42, 44, 43, 45, 3, 4, 5, 1, 2, 0]
Elapsed time: 27.58263659477234

i:0	85472.96607512585
i:50	66268.16143934026
i:100	65739.48253991746
i:150	65739.48253991746
i:200	65739.48253991746
i:250	65739.48253991746
i:300	65739.48253991746
i:350	65739.48253991746
i:400	65739.48253991746
i:450	65739.48253991746
i:500	65739.48253991746
i:550	65739.48253991746
i:600	65739.48253991746
i:650	65739.48253991746
best: 65739.48253991746
routes: [0, 19, 18, 17, 20, 16, 15, 13, 11, 12, 14, 6, 10, 8, 7, 9, 25, 23, 24, 21, 22, 0, 3, 4, 5, 1, 2, 45, 43, 41, 42, 44, 27, 29, 30, 26, 28, 39, 40, 38, 37, 36, 0, 33, 32, 34, 35, 31, 50, 49, 48, 47, 46, 0]
Elapsed time: 33.17505955696106

i:0	91257.48858971495
i:50	66581.74482329484
i:100	66581.74482329484
i:150	66320.74041552636
i:200	66320.74041552636
i:250	66320.74041552636
i:300	66320.74041552636
i:350	66320.74041552636
i:400	66320.74041552636
i:450	66320.74041552636
i:500	66320.74041552636
i:550	66320.74041552636
i:600	66320.74041552636
i:650	66320.74041552636
best: 66320.74041552636
routes: [0, 3, 4, 5, 1, 2, 45, 41, 42, 44, 43, 24, 21, 22, 25, 23, 7, 9, 8, 10, 6, 0, 29, 30, 28, 27, 26, 37, 39, 36, 40, 38, 33, 31, 32, 34, 35, 48, 47, 49, 50, 46, 0, 19, 18, 17, 20, 16, 15, 13, 12, 14, 11, 0]
Elapsed time: 32.44154143333435

mean: 65516.0806226314
std: 839.4330555338831
mean-time: 33.692327761650084
std-time: 6.433142541545052