i:0	70191.97509693379
i:50	51996.98170219596
i:100	50700.23974334901
i:150	50178.905829447016
i:200	50178.905829447016
i:250	50178.905829447016
i:300	50178.905829447016
i:350	49687.97955517868
i:400	49537.14907371519
i:450	48682.66293528085
i:500	48337.16281813392
i:550	48156.73674208606
i:600	48156.73674208606
i:650	47600.6827661099
best: 47600.6827661099
routes: [0, 41, 42, 43, 44, 45, 46, 47, 48, 49, 50, 11, 13, 14, 18, 19, 20, 15, 16, 17, 12, 0, 21, 22, 23, 26, 24, 25, 27, 29, 30, 28, 36, 34, 31, 32, 33, 35, 38, 37, 39, 40, 0, 1, 2, 3, 5, 4, 7, 9, 10, 8, 6, 0]
Elapsed time: 208.4794523715973

i:0	67155.72601512067
i:50	52301.04922212749
i:100	50640.44005281548
i:150	50640.44005281548
i:200	50222.96929819967
i:250	49780.53777155925
i:300	49735.96655899824
i:350	49361.18333350142
i:400	49328.16880491035
i:450	48658.23324760971
i:500	48481.96687324987
i:550	48481.96687324987
i:600	48481.96687324987
i:650	48481.96687324987
best: 48481.96687324987
routes: [0, 13, 12, 17, 15, 16, 20, 19, 18, 14, 11, 50, 49, 47, 48, 46, 45, 44, 43, 41, 42, 0, 21, 22, 23, 26, 25, 24, 27, 29, 30, 28, 36, 39, 37, 34, 31, 32, 33, 35, 38, 40, 0, 1, 2, 3, 5, 4, 7, 9, 10, 8, 6, 0]
Elapsed time: 202.083429813385

i:0	66670.54672766068
i:50	53057.38672075097
i:100	52935.76213776644
i:150	52041.08670644745
i:200	51879.58137006136
i:250	51023.15400417456
i:300	51023.15400417456
i:350	49775.33394136957
i:400	49139.011233874175
i:450	47791.81668647051
i:500	47678.21273394891
i:550	47678.21273394891
i:600	47678.21273394891
i:650	47678.21273394891
best: 47678.21273394891
routes: [0, 41, 42, 43, 44, 45, 46, 47, 48, 49, 50, 11, 19, 20, 15, 16, 17, 18, 14, 13, 12, 0, 21, 22, 23, 26, 25, 24, 27, 29, 30, 28, 36, 39, 37, 34, 31, 32, 33, 35, 38, 40, 0, 1, 2, 3, 5, 4, 7, 9, 10, 8, 6, 0]
Elapsed time: 202.81555151939392

i:0	70812.7961757534
i:50	51588.1824491026
i:100	51496.772927475395
i:150	50495.94789238551
i:200	50028.25009120092
i:250	50005.991978603284
i:300	50005.991978603284
i:350	49615.46093889551
i:400	49297.76558396922
i:450	48748.53963190615
i:500	48730.515653984876
i:550	48582.06526927604
i:600	48582.06526927604
i:650	48582.06526927604
best: 48582.06526927604
routes: [0, 13, 12, 17, 15, 16, 20, 19, 18, 14, 11, 50, 49, 47, 48, 46, 45, 44, 43, 41, 42, 0, 21, 22, 23, 26, 24, 25, 27, 29, 30, 28, 39, 40, 36, 37, 34, 31, 32, 33, 35, 38, 0, 1, 2, 3, 5, 4, 7, 9, 10, 8, 6, 0]
Elapsed time: 199.21684050559998

i:0	74998.36695748984
i:50	51237.11032605822
i:100	50415.55581031597
i:150	50367.37286601951
i:200	50059.94720965286
i:250	49732.232885559344
i:300	49522.82070523131
i:350	49045.17845680961
i:400	48973.71212206096
i:450	48656.89259858622
i:500	48560.79933868046
i:550	48560.79933868046
i:600	48560.79933868046
i:650	48560.79933868046
best: 48560.79933868046
routes: [0, 21, 22, 23, 26, 25, 24, 27, 29, 30, 28, 36, 39, 37, 34, 31, 32, 33, 35, 38, 40, 0, 13, 14, 12, 17, 15, 16, 20, 19, 18, 11, 50, 49, 47, 48, 46, 45, 44, 43, 41, 42, 0, 1, 2, 3, 5, 4, 7, 9, 10, 8, 6, 0]
Elapsed time: 205.7652130126953

i:0	68190.52930212491
i:50	52601.4127483304
i:100	52021.09551840321
i:150	52021.09551840321
i:200	51998.32673155781
i:250	51873.49796750418
i:300	51496.03786509427
i:350	49622.287834031944
i:400	49266.667552496656
i:450	47921.02361657435
i:500	47600.6827661099
i:550	47600.6827661099
i:600	47600.6827661099
i:650	47600.6827661099
best: 47600.6827661099
routes: [0, 21, 22, 23, 26, 24, 25, 27, 29, 30, 28, 36, 34, 31, 32, 33, 35, 38, 37, 39, 40, 0, 41, 42, 43, 44, 45, 46, 47, 48, 49, 50, 11, 13, 14, 18, 19, 20, 15, 16, 17, 12, 0, 1, 2, 3, 5, 4, 7, 9, 10, 8, 6, 0]
Elapsed time: 197.5435347557068

i:0	73870.95743224921
i:50	51926.76931647453
i:100	51114.17016111189
i:150	50962.5001755618
i:200	50962.5001755618
i:250	50911.15729087482
i:300	50911.15729087482
i:350	50634.37084773391
i:400	50634.37084773391
i:450	50136.31999008738
i:500	49820.01923074979
i:550	47814.36097497077
i:600	47600.6827661099
i:650	47600.6827661099
best: 47600.6827661099
routes: [0, 41, 42, 43, 44, 45, 46, 47, 48, 49, 50, 11, 13, 14, 18, 19, 20, 15, 16, 17, 12, 0, 21, 22, 23, 26, 24, 25, 27, 29, 30, 28, 36, 34, 31, 32, 33, 35, 38, 37, 39, 40, 0, 1, 2, 3, 5, 4, 7, 9, 10, 8, 6, 0]
Elapsed time: 207.73577523231506

i:0	71617.65645917766
i:50	48723.11454940247
i:100	48151.663780244045
i:150	48151.663780244045
i:200	48151.663780244045
i:250	48133.0649449535
i:300	48050.16288885824
i:350	48050.16288885824
i:400	47953.066067722706
i:450	47600.6827661099
i:500	47600.6827661099
i:550	47600.6827661099
i:600	47600.6827661099
i:650	47600.6827661099
best: 47600.6827661099
routes: [0, 21, 22, 23, 26, 24, 25, 27, 29, 30, 28, 36, 34, 31, 32, 33, 35, 38, 37, 39, 40, 0, 41, 42, 43, 44, 45, 46, 47, 48, 49, 50, 11, 13, 14, 18, 19, 20, 15, 16, 17, 12, 0, 1, 2, 3, 5, 4, 7, 9, 10, 8, 6, 0]
Elapsed time: 196.05638003349304

i:0	69189.35289074648
i:50	51500.32404093049
i:100	50939.101336967215
i:150	50930.157053422256
i:200	50871.66155259288
i:250	50228.74898423129
i:300	50137.995612705796
i:350	48131.50030100484
i:400	47874.51737041521
i:450	47874.51737041521
i:500	47874.51737041521
i:550	47874.51737041521
i:600	47874.51737041521
i:650	47874.51737041521
best: 47874.51737041521
routes: [0, 21, 22, 23, 26, 24, 25, 27, 29, 30, 28, 39, 40, 36, 37, 34, 31, 32, 33, 35, 38, 0, 41, 42, 43, 44, 45, 46, 47, 48, 49, 50, 11, 19, 18, 20, 15, 16, 17, 12, 13, 14, 0, 1, 2, 3, 5, 4, 7, 9, 10, 8, 6, 0]
Elapsed time: 190.11279916763306

i:0	63079.07023786489
i:50	52326.468083532396
i:100	52233.353418047176
i:150	51872.63548511601
i:200	51760.58696020927
i:250	51760.58696020927
i:300	51528.987287709235
i:350	50432.81807340437
i:400	49660.009874614174
i:450	48146.79833022077
i:500	47958.86507502209
i:550	47958.86507502209
i:600	47958.86507502209
i:650	47958.86507502209
best: 47958.86507502209
routes: [0, 41, 42, 43, 44, 45, 46, 47, 48, 49, 50, 11, 13, 14, 18, 19, 20, 15, 16, 17, 12, 0, 21, 22, 23, 26, 25, 24, 27, 29, 30, 28, 36, 39, 37, 34, 31, 32, 33, 35, 38, 40, 0, 1, 2, 3, 5, 4, 7, 9, 10, 8, 6, 0]
Elapsed time: 207.32307028770447

mean: 47953.91577250322
std: 402.8836572426314
mean-time: 201.7132046699524
std-time: 5.66993930524457