i:0	82729.97432920695
i:50	54673.89895120451
i:100	54673.89895120451
i:150	54673.89895120451
i:200	54673.89895120451
i:250	54673.89895120451
i:300	54673.89895120451
i:350	54673.89895120451
i:400	54673.89895120451
i:450	54673.89895120451
i:500	54673.89895120451
i:550	54673.89895120451
i:600	54673.89895120451
i:650	54673.89895120451
best: 54673.89895120451
routes: [0, 46, 48, 47, 49, 50, 34, 35, 33, 32, 31, 40, 38, 37, 39, 36, 28, 30, 29, 27, 26, 3, 4, 5, 1, 2, 0, 45, 41, 44, 43, 42, 21, 24, 25, 23, 22, 7, 9, 8, 10, 6, 11, 12, 14, 13, 15, 17, 16, 20, 19, 18, 0]
Elapsed time: 43.007749795913696

i:0	83859.80142314699
i:50	56835.60784418351
i:100	56829.75766839937
i:150	56822.0139327831
i:200	56788.131574033105
i:250	56788.131574033105
i:300	56788.131574033105
i:350	56788.131574033105
i:400	56788.131574033105
i:450	56788.131574033105
i:500	56788.131574033105
i:550	56788.131574033105
i:600	56788.131574033105
i:650	56788.131574033105
best: 56788.131574033105
routes: [0, 19, 18, 20, 17, 16, 13, 15, 12, 11, 14, 6, 8, 10, 9, 7, 23, 25, 22, 21, 24, 5, 1, 4, 3, 2, 0, 50, 49, 47, 46, 48, 34, 35, 33, 32, 31, 40, 38, 37, 39, 36, 28, 30, 29, 27, 26, 45, 41, 44, 43, 42, 0]
Elapsed time: 50.610063314437866

i:0	81836.26397444717
i:50	54673.89895120451
i:100	54673.89895120451
i:150	54673.89895120451
i:200	54673.89895120451
i:250	54673.89895120451
i:300	54673.89895120451
i:350	54673.89895120451
i:400	54673.89895120451
i:450	54673.89895120451
i:500	54673.89895120451
i:550	54673.89895120451
i:600	54673.89895120451
i:650	54673.89895120451
best: 54673.89895120451
routes: [0, 46, 48, 47, 49, 50, 34, 35, 33, 32, 31, 40, 38, 37, 39, 36, 28, 30, 29, 27, 26, 3, 4, 5, 1, 2, 0, 45, 41, 44, 43, 42, 21, 24, 25, 23, 22, 7, 9, 8, 10, 6, 11, 12, 14, 13, 15, 17, 16, 20, 19, 18, 0]
Elapsed time: 40.755412101745605

i:0	82765.18339908845
i:50	55162.18221273132
i:100	55162.18221273132
i:150	55162.18221273132
i:200	55162.18221273132
i:250	55162.18221273132
i:300	55162.18221273132
i:350	55162.18221273132
i:400	55162.18221273132
i:450	55162.18221273132
i:500	55162.18221273132
i:550	55162.18221273132
i:600	55162.18221273132
i:650	55162.18221273132
best: 55162.18221273132
routes: [0, 19, 18, 17, 20, 16, 15, 13, 11, 12, 14, 6, 8, 10, 9, 7, 25, 23, 22, 21, 24, 5, 1, 4, 3, 2, 0, 45, 43, 42, 41, 44, 27, 26, 30, 29, 28, 39, 40, 38, 37, 36, 33, 32, 31, 34, 35, 48, 47, 49, 50, 46, 0]
Elapsed time: 37.14451622962952

i:0	79150.51066265149
i:50	56897.02964433891
i:100	54522.48508310111
i:150	54522.48508310111
i:200	54522.48508310111
i:250	54522.48508310111
i:300	54522.48508310111
i:350	54522.48508310111
i:400	54522.48508310111
i:450	54522.48508310111
i:500	54522.48508310111
i:550	54522.48508310111
i:600	54522.48508310111
i:650	54522.48508310111
best: 54522.48508310111
routes: [0, 45, 41, 44, 43, 42, 21, 24, 25, 23, 22, 7, 9, 8, 10, 6, 14, 13, 11, 12, 15, 17, 16, 20, 19, 18, 0, 5, 1, 2, 4, 3, 27, 26, 30, 29, 28, 39, 37, 36, 40, 38, 33, 32, 31, 34, 35, 48, 47, 49, 50, 46, 0]
Elapsed time: 48.05889177322388

i:0	75989.6666029453
i:50	54995.31114645394
i:100	54673.89895120451
i:150	54673.89895120451
i:200	54673.89895120451
i:250	54673.89895120451
i:300	54673.89895120451
i:350	54673.89895120451
i:400	54673.89895120451
i:450	54673.89895120451
i:500	54673.89895120451
i:550	54673.89895120451
i:600	54673.89895120451
i:650	54673.89895120451
best: 54673.89895120451
routes: [0, 46, 48, 47, 49, 50, 34, 35, 33, 32, 31, 40, 38, 37, 39, 36, 28, 30, 29, 27, 26, 3, 4, 5, 1, 2, 0, 45, 41, 44, 43, 42, 21, 24, 25, 23, 22, 7, 9, 8, 10, 6, 11, 12, 14, 13, 15, 17, 16, 20, 19, 18, 0]
Elapsed time: 44.09383296966553

i:0	77399.20340219609
i:50	58479.540859822155
i:100	54673.89895120451
i:150	54673.89895120451
i:200	54673.89895120451
i:250	54673.89895120451
i:300	54673.89895120451
i:350	54673.89895120451
i:400	54673.89895120451
i:450	54673.89895120451
i:500	54673.89895120451
i:550	54673.89895120451
i:600	54673.89895120451
i:650	54673.89895120451
best: 54673.89895120451
routes: [0, 46, 48, 47, 49, 50, 34, 35, 33, 32, 31, 40, 38, 37, 39, 36, 28, 30, 29, 27, 26, 3, 4, 5, 1, 2, 0, 45, 41, 44, 43, 42, 21, 24, 25, 23, 22, 7, 9, 8, 10, 6, 11, 12, 14, 13, 15, 17, 16, 20, 19, 18, 0]
Elapsed time: 48.9919159412384

i:0	83863.04768020596
i:50	54673.89895120451
i:100	54673.89895120451
i:150	54673.89895120451
i:200	54673.89895120451
i:250	54673.89895120451
i:300	54673.89895120451
i:350	54673.89895120451
i:400	54673.89895120451
i:450	54673.89895120451
i:500	54673.89895120451
i:550	54673.89895120451
i:600	54673.89895120451
i:650	54673.89895120451
best: 54673.89895120451
routes: [0, 46, 48, 47, 49, 50, 34, 35, 33, 32, 31, 40, 38, 37, 39, 36, 28, 30, 29, 27, 26, 3, 4, 5, 1, 2, 0, 45, 41, 44, 43, 42, 21, 24, 25, 23, 22, 7, 9, 8, 10, 6, 11, 12, 14, 13, 15, 17, 16, 20, 19, 18, 0]
Elapsed time: 42.85952377319336

i:0	81805.14735278519
i:50	55673.272598036754
i:100	55673.272598036754
i:150	55673.272598036754
i:200	55673.272598036754
i:250	55673.272598036754
i:300	55673.272598036754
i:350	55673.272598036754
i:400	55673.272598036754
i:450	55673.272598036754
i:500	55673.272598036754
i:550	55673.272598036754
i:600	55673.272598036754
i:650	55673.272598036754
best: 55673.272598036754
routes: [0, 3, 4, 5, 1, 2, 45, 41, 44, 43, 42, 21, 24, 25, 23, 22, 6, 8, 7, 9, 10, 14, 13, 11, 12, 15, 17, 16, 20, 19, 18, 0, 46, 50, 47, 49, 48, 34, 35, 33, 32, 31, 40, 38, 37, 39, 36, 28, 30, 29, 27, 26, 0]
Elapsed time: 69.22340941429138

i:0	78603.1048073537
i:50	55908.14015909519
i:100	55908.14015909519
i:150	54740.14317574576
i:200	54740.14317574576
i:250	54740.14317574576
i:300	54740.14317574576
i:350	54740.14317574576
i:400	54740.14317574576
i:450	54740.14317574576
i:500	54740.14317574576
i:550	54740.14317574576
i:600	54740.14317574576
i:650	54740.14317574576
best: 54740.14317574576
routes: [0, 45, 41, 44, 43, 42, 27, 26, 30, 29, 28, 39, 40, 38, 37, 36, 33, 32, 31, 34, 35, 48, 47, 49, 50, 46, 0, 19, 18, 17, 20, 16, 15, 13, 11, 12, 14, 6, 10, 9, 8, 7, 23, 25, 22, 21, 24, 5, 1, 4, 3, 2, 0]
Elapsed time: 38.108367919921875

mean: 55025.57093996706
std: 670.6512053847182
mean-time: 46.28536832332611
std-time: 8.738469265267717