i:0	115279.22474344034
i:50	89877.75400398625
i:100	79263.66450949312
i:150	77364.74631781687
i:200	77146.82223722429
i:250	76718.4543943017
i:300	76486.70569473621
i:350	76244.24779570868
i:400	75942.23895932017
i:450	75377.47133460276
i:500	74099.98399952482
i:550	73717.41888669114
i:600	73717.41888669114
i:650	73685.46395392808
best: 73685.46395392808
routes: [0, 51, 52, 53, 56, 55, 54, 57, 59, 60, 58, 79, 77, 76, 74, 71, 72, 73, 75, 78, 80, 0, 21, 24, 27, 28, 25, 26, 23, 22, 29, 30, 35, 36, 37, 40, 39, 38, 32, 33, 34, 31, 69, 70, 66, 67, 68, 65, 64, 63, 61, 62, 0, 13, 17, 19, 20, 18, 16, 15, 14, 12, 11, 43, 42, 41, 44, 45, 46, 49, 50, 47, 48, 10, 9, 7, 8, 2, 1, 3, 6, 5, 4, 0]
Elapsed time: 274.2866666316986

i:0	124329.9746323032
i:50	94796.7790311372
i:100	85405.9534942025
i:150	84424.55390625914
i:200	82081.95882408445
i:250	81224.74979605195
i:300	80687.23095154557
i:350	79962.7203329034
i:400	79551.89813494305
i:450	79319.4025798691
i:500	78973.37130465932
i:550	77767.71651932425
i:600	77605.25659065739
i:650	77605.25659065739
best: 77605.25659065739
routes: [0, 69, 70, 66, 67, 68, 65, 63, 62, 61, 64, 31, 33, 34, 39, 38, 37, 40, 35, 36, 32, 0, 4, 1, 3, 6, 5, 10, 9, 7, 8, 2, 79, 77, 76, 74, 71, 72, 73, 75, 78, 80, 58, 60, 59, 57, 56, 53, 51, 52, 55, 54, 0, 43, 48, 47, 45, 42, 41, 44, 46, 49, 50, 14, 12, 11, 13, 15, 17, 19, 20, 18, 16, 29, 27, 30, 28, 26, 25, 22, 23, 21, 24, 0]
Elapsed time: 290.61859703063965

i:0	127321.24092299427
i:50	90874.04760531898
i:100	84015.67923619418
i:150	81766.74283497865
i:200	79904.6307118834
i:250	79476.29684432679
i:300	78837.45323605272
i:350	78334.67389322029
i:400	76568.73817318925
i:450	75642.9901566371
i:500	75146.26987121385
i:550	73908.4069139291
i:600	73908.4069139291
i:650	73908.4069139291
best: 73908.4069139291
routes: [0, 33, 32, 37, 35, 36, 40, 39, 38, 34, 31, 69, 70, 66, 67, 68, 65, 64, 63, 61, 62, 0, 51, 52, 53, 56, 54, 55, 57, 59, 60, 58, 79, 80, 77, 76, 74, 71, 72, 73, 75, 78, 2, 1, 3, 6, 7, 8, 9, 10, 5, 4, 0, 21, 23, 25, 27, 29, 30, 28, 26, 24, 22, 16, 15, 17, 19, 20, 18, 14, 12, 13, 11, 43, 42, 41, 44, 45, 47, 46, 49, 50, 48, 0]
Elapsed time: 279.27827286720276

i:0	113645.17521952241
i:50	86949.31171498763
i:100	83814.25802761475
i:150	81490.61610070629
i:200	77224.95519567194
i:250	77223.51208540238
i:300	76987.43929222894
i:350	76479.03894805284
i:400	76469.43791673935
i:450	75395.51103943444
i:500	75188.64417767532
i:550	74700.27675305423
i:600	74538.57964946386
i:650	74538.57964946386
best: 74538.57964946386
routes: [0, 43, 42, 41, 44, 45, 47, 46, 49, 50, 48, 14, 12, 11, 13, 15, 18, 17, 19, 20, 16, 22, 23, 21, 24, 26, 25, 27, 29, 30, 28, 0, 33, 34, 32, 37, 36, 35, 40, 39, 38, 31, 69, 70, 66, 67, 68, 65, 64, 63, 61, 62, 0, 79, 80, 78, 75, 73, 72, 71, 74, 77, 76, 58, 60, 59, 57, 56, 53, 51, 52, 55, 54, 2, 1, 3, 8, 7, 9, 10, 5, 6, 4, 0]
Elapsed time: 286.4238555431366

i:0	124071.42399263514
i:50	84959.16125521215
i:100	82336.51732145293
i:150	80164.14858643718
i:200	79302.06903261782
i:250	79099.98638625458
i:300	78779.82061264948
i:350	78091.04999840067
i:400	77509.65466394286
i:450	76736.48726933442
i:500	76336.89807835742
i:550	74868.33430231965
i:600	74313.42056516933
i:650	74303.27894495155
best: 74303.27894495155
routes: [0, 4, 1, 2, 3, 6, 5, 10, 7, 8, 9, 43, 45, 42, 41, 44, 46, 49, 50, 47, 48, 14, 12, 11, 13, 15, 17, 19, 20, 18, 16, 0, 80, 78, 75, 73, 72, 71, 74, 77, 76, 79, 58, 60, 59, 57, 56, 53, 51, 52, 55, 54, 0, 61, 62, 63, 64, 65, 68, 67, 66, 69, 70, 31, 39, 40, 35, 36, 37, 38, 34, 33, 32, 28, 30, 29, 27, 25, 26, 24, 21, 23, 22, 0]
Elapsed time: 284.37895822525024

i:0	122838.52080448483
i:50	89405.81751062184
i:100	85210.86192332448
i:150	80488.8359877079
i:200	78841.61832355331
i:250	78708.82776360198
i:300	78708.82776360198
i:350	78367.91753178347
i:400	78210.1123268828
i:450	76649.36687662946
i:500	76206.23255567777
i:550	75761.54518732554
i:600	75761.54518732554
i:650	75748.24852950232
best: 75748.24852950232
routes: [0, 76, 77, 74, 71, 72, 73, 75, 78, 80, 79, 58, 60, 59, 57, 56, 53, 51, 52, 55, 54, 0, 61, 62, 63, 64, 65, 68, 67, 66, 69, 70, 31, 34, 33, 32, 39, 38, 37, 40, 35, 36, 30, 28, 27, 29, 25, 26, 24, 21, 23, 22, 0, 13, 15, 18, 16, 20, 19, 17, 14, 12, 11, 43, 42, 41, 44, 45, 47, 46, 49, 50, 48, 9, 7, 8, 2, 1, 3, 6, 10, 5, 4, 0]
Elapsed time: 287.2372510433197

i:0	114635.65733762622
i:50	87588.36923085054
i:100	81059.63200983874
i:150	78361.18084510409
i:200	78361.18084510409
i:250	73875.6115353851
i:300	73250.42191030494
i:350	71662.86992416883
i:400	71386.32314389347
i:450	71273.50927727448
i:500	71228.66217856917
i:550	70981.42973627831
i:600	70981.42973627831
i:650	70955.96841448323
best: 70955.96841448323
routes: [0, 31, 37, 36, 35, 40, 39, 38, 34, 33, 32, 25, 27, 29, 30, 28, 26, 24, 21, 23, 22, 0, 51, 52, 53, 56, 57, 55, 54, 59, 60, 58, 79, 80, 78, 75, 73, 72, 71, 74, 77, 76, 61, 62, 63, 64, 65, 68, 67, 66, 69, 70, 0, 4, 3, 1, 2, 8, 6, 5, 10, 7, 9, 43, 42, 41, 44, 45, 47, 46, 49, 50, 48, 14, 12, 11, 13, 15, 17, 19, 20, 18, 16, 0]
Elapsed time: 280.35109305381775

i:0	116251.23463662779
i:50	94074.38098263854
i:100	90365.76753752524
i:150	82748.8820238427
i:200	81978.09711057975
i:250	76677.10533703688
i:300	75696.62851836506
i:350	73527.49021623634
i:400	72483.94101896918
i:450	71784.92536232185
i:500	71303.27260882489
i:550	70051.71300798199
i:600	69522.83633001226
i:650	69522.83633001226
best: 69522.83633001226
routes: [0, 4, 3, 1, 2, 8, 6, 5, 10, 7, 9, 43, 42, 41, 44, 45, 47, 46, 49, 50, 48, 17, 19, 20, 18, 15, 14, 12, 11, 13, 16, 0, 51, 52, 53, 56, 54, 55, 57, 59, 60, 58, 76, 74, 71, 72, 73, 75, 78, 77, 79, 80, 61, 62, 63, 64, 65, 68, 67, 66, 69, 70, 0, 31, 39, 38, 37, 40, 35, 36, 34, 33, 32, 28, 30, 29, 27, 25, 26, 24, 21, 23, 22, 0]
Elapsed time: 289.7366552352905

i:0	114250.4270778299
i:50	86717.27978415221
i:100	79638.58799291054
i:150	76085.68418389908
i:200	75395.88309490417
i:250	74593.97235758406
i:300	74378.83425662442
i:350	74332.24183210643
i:400	73804.17726790054
i:450	73441.06266436388
i:500	72636.65227255826
i:550	71830.64119515293
i:600	71308.66001099869
i:650	71308.66001099869
best: 71308.66001099869
routes: [0, 11, 13, 15, 18, 16, 20, 19, 17, 14, 12, 48, 47, 49, 50, 46, 44, 45, 42, 41, 43, 9, 7, 8, 2, 1, 3, 6, 10, 5, 4, 0, 51, 52, 53, 56, 54, 55, 57, 59, 60, 58, 78, 75, 73, 72, 71, 74, 76, 77, 79, 80, 61, 62, 63, 64, 65, 68, 67, 66, 69, 70, 0, 31, 39, 40, 35, 36, 37, 38, 34, 33, 32, 30, 28, 27, 29, 25, 26, 24, 21, 23, 22, 0]
Elapsed time: 275.70936822891235

i:0	116401.17475113328
i:50	83379.13927208896
i:100	81664.8287363808
i:150	80107.28802415768
i:200	80048.27700713728
i:250	79933.11181044077
i:300	79109.62060880737
i:350	78428.99355145005
i:400	78069.64564311995
i:450	77060.9599786694
i:500	76375.608850175
i:550	75421.34554734327
i:600	75016.07998748648
i:650	75016.07998748648
best: 75016.07998748648
routes: [0, 43, 45, 42, 41, 44, 46, 49, 50, 47, 48, 14, 12, 11, 13, 15, 18, 17, 19, 20, 16, 25, 27, 29, 30, 28, 26, 24, 21, 23, 22, 0, 61, 62, 63, 64, 65, 68, 67, 66, 69, 70, 31, 33, 34, 39, 38, 37, 40, 35, 36, 32, 0, 79, 80, 78, 75, 73, 72, 71, 74, 77, 76, 58, 60, 59, 57, 56, 53, 51, 52, 55, 54, 8, 2, 1, 3, 6, 7, 9, 10, 5, 4, 0]
Elapsed time: 274.1269130706787

mean: 73659.2779325413
std: 2301.511533898196
mean-time: 282.2147630929947
std-time: 5.97924164061918