i:0	120714.22103098032
i:50	88968.30774664899
i:100	86550.15230097974
i:150	85915.69889916744
i:200	85505.40906562183
i:250	85116.53034533314
i:300	84959.43281654615
i:350	84317.05362508501
i:400	84229.22578369292
i:450	83713.11359422345
i:500	83405.31034226052
i:550	82680.66824980671
i:600	82415.21443667565
i:650	82190.54650749004
best: 82190.54650749004
routes: [0, 76, 77, 74, 71, 72, 73, 75, 78, 80, 79, 58, 60, 59, 57, 54, 55, 56, 53, 51, 52, 0, 4, 3, 6, 5, 10, 9, 7, 8, 2, 1, 61, 62, 63, 69, 70, 66, 67, 68, 65, 64, 0, 43, 45, 42, 41, 44, 46, 49, 50, 47, 48, 14, 12, 11, 13, 15, 18, 17, 19, 20, 16, 0, 21, 22, 23, 24, 26, 25, 29, 27, 28, 30, 35, 36, 37, 40, 39, 38, 31, 34, 33, 32, 0]
Elapsed time: 267.6623284816742

i:0	123692.36445178918
i:50	89549.39697872626
i:100	85084.97602361362
i:150	84687.52837836252
i:200	83959.51912659175
i:250	83005.33148602874
i:300	82868.46341324878
i:350	82463.6823572153
i:400	81855.47634376583
i:450	81112.97932099047
i:500	80977.9997664977
i:550	80944.14629375393
i:600	80791.37051721931
i:650	80791.37051721931
best: 80791.37051721931
routes: [0, 4, 3, 6, 5, 10, 9, 7, 8, 2, 1, 61, 62, 63, 64, 65, 68, 66, 67, 69, 70, 0, 21, 22, 23, 24, 26, 25, 29, 27, 28, 30, 35, 36, 37, 40, 39, 38, 31, 34, 33, 32, 0, 11, 12, 13, 14, 15, 18, 16, 20, 19, 17, 48, 43, 45, 47, 49, 50, 46, 44, 41, 42, 0, 51, 52, 53, 56, 54, 55, 57, 59, 60, 58, 76, 74, 71, 72, 73, 75, 78, 77, 79, 80, 0]
Elapsed time: 257.5971632003784

i:0	115172.67858322876
i:50	91482.77622147364
i:100	89708.8672374625
i:150	87220.87066227957
i:200	85816.36036514444
i:250	85025.14986573951
i:300	83956.93255945451
i:350	82413.2725693776
i:400	82377.5431426203
i:450	79602.8572421324
i:500	79602.8572421324
i:550	79041.80127305757
i:600	79041.80127305757
i:650	79041.80127305757
best: 79041.80127305757
routes: [0, 21, 24, 23, 22, 25, 27, 29, 30, 28, 26, 20, 19, 17, 18, 15, 14, 12, 11, 13, 16, 0, 4, 1, 2, 3, 6, 5, 10, 7, 8, 9, 43, 45, 47, 49, 50, 48, 46, 44, 41, 42, 0, 51, 52, 53, 56, 54, 55, 57, 59, 60, 58, 76, 74, 71, 72, 73, 75, 78, 77, 79, 80, 0, 61, 62, 63, 64, 65, 68, 66, 67, 69, 70, 31, 39, 38, 37, 40, 35, 36, 32, 33, 34, 0]
Elapsed time: 256.4182975292206

i:0	122721.74029639202
i:50	92856.98506260064
i:100	88174.3910918802
i:150	85733.23725649051
i:200	84924.64227472786
i:250	84071.76818963401
i:300	83671.95246192941
i:350	83438.62521301568
i:400	83376.86914625033
i:450	82666.40715126235
i:500	82198.0947416699
i:550	81917.0021159028
i:600	81917.0021159028
i:650	81917.0021159028
best: 81917.0021159028
routes: [0, 31, 34, 33, 32, 38, 39, 40, 37, 35, 36, 30, 28, 27, 29, 25, 26, 24, 21, 23, 22, 0, 11, 13, 15, 18, 16, 20, 19, 17, 14, 12, 48, 47, 49, 50, 46, 45, 44, 41, 43, 42, 0, 76, 77, 79, 80, 74, 71, 72, 73, 75, 78, 61, 62, 63, 64, 65, 68, 66, 67, 69, 70, 0, 51, 52, 53, 56, 59, 60, 58, 57, 55, 54, 8, 9, 7, 10, 5, 6, 2, 1, 3, 4, 0]
Elapsed time: 264.24307918548584

i:0	115816.07679288801
i:50	90537.98689204983
i:100	88308.12959628008
i:150	87442.77476265401
i:200	86965.29867098256
i:250	85899.7971546682
i:300	85641.60367516759
i:350	84972.50598186714
i:400	84867.33290858855
i:450	84296.55810273859
i:500	83883.56516256105
i:550	83222.88822960173
i:600	82994.88801961957
i:650	82994.88801961957
best: 82994.88801961957
routes: [0, 80, 76, 77, 74, 71, 72, 73, 75, 78, 79, 58, 60, 59, 57, 54, 55, 56, 53, 51, 52, 0, 31, 34, 33, 38, 39, 40, 36, 35, 37, 32, 28, 30, 29, 27, 25, 26, 24, 21, 23, 22, 0, 4, 5, 6, 10, 9, 7, 8, 2, 3, 1, 61, 65, 68, 67, 69, 70, 66, 64, 63, 62, 0, 43, 45, 42, 41, 44, 46, 49, 50, 47, 48, 14, 15, 17, 19, 20, 18, 16, 13, 11, 12, 0]
Elapsed time: 265.5155107975006

i:0	118685.61246284154
i:50	86394.42187073655
i:100	83564.0413513332
i:150	83448.4384463513
i:200	82964.6563898907
i:250	82248.9013632315
i:300	81963.77946846248
i:350	81565.58147350562
i:400	81109.85806989741
i:450	80939.55243722936
i:500	80901.23837029251
i:550	80269.89974955085
i:600	80269.89974955085
i:650	80269.89974955085
best: 80269.89974955085
routes: [0, 51, 52, 53, 56, 54, 55, 57, 59, 60, 58, 79, 80, 76, 77, 74, 71, 72, 73, 75, 78, 0, 4, 6, 5, 10, 9, 7, 8, 3, 2, 1, 61, 62, 63, 64, 65, 68, 66, 67, 69, 70, 0, 43, 45, 42, 41, 44, 46, 49, 50, 47, 48, 14, 15, 17, 19, 20, 18, 16, 13, 11, 12, 0, 21, 22, 23, 24, 26, 25, 29, 27, 28, 30, 35, 36, 37, 40, 39, 38, 31, 34, 33, 32, 0]
Elapsed time: 254.05384707450867

i:0	117537.07689149832
i:50	92017.04779997781
i:100	88552.34929882921
i:150	87194.02941255197
i:200	87194.02941255197
i:250	86383.40105934287
i:300	86347.04888012531
i:350	85664.6831426573
i:400	84654.76601727471
i:450	82759.86512488587
i:500	81846.14589809465
i:550	80328.3679580899
i:600	79907.81317923832
i:650	79907.81317923832
best: 79907.81317923832
routes: [0, 51, 52, 53, 56, 54, 55, 57, 59, 60, 58, 76, 77, 74, 71, 72, 73, 75, 78, 79, 80, 0, 4, 5, 10, 9, 7, 8, 6, 3, 2, 1, 69, 70, 66, 67, 68, 65, 64, 63, 61, 62, 0, 43, 45, 42, 41, 44, 46, 49, 50, 47, 48, 17, 19, 20, 18, 15, 14, 12, 11, 13, 16, 0, 31, 34, 33, 38, 39, 40, 36, 35, 37, 32, 21, 23, 22, 25, 27, 29, 30, 28, 26, 24, 0]
Elapsed time: 271.69627356529236

i:0	129976.90435274321
i:50	93129.70991266315
i:100	89404.55947951859
i:150	87616.28927742176
i:200	87194.62708306378
i:250	85922.11892439352
i:300	85216.50381887394
i:350	84299.05917200354
i:400	83366.27632014095
i:450	80858.55708535406
i:500	80803.626081164
i:550	80656.81764140389
i:600	80419.57837777639
i:650	80201.26190803136
best: 80201.26190803136
routes: [0, 4, 1, 2, 3, 6, 5, 10, 9, 7, 8, 54, 55, 57, 59, 60, 58, 56, 53, 51, 52, 0, 31, 34, 33, 32, 38, 39, 40, 37, 35, 36, 30, 28, 27, 29, 25, 26, 24, 21, 23, 22, 0, 79, 77, 74, 76, 71, 72, 73, 75, 78, 80, 61, 62, 63, 64, 65, 68, 66, 67, 69, 70, 0, 43, 45, 42, 41, 44, 46, 49, 50, 47, 48, 17, 19, 20, 18, 15, 14, 12, 11, 13, 16, 0]
Elapsed time: 255.44822549819946

i:0	111543.42072377053
i:50	93161.27819603722
i:100	87058.33532945208
i:150	86464.21936545237
i:200	86134.13113106698
i:250	85313.85351088844
i:300	85313.85351088844
i:350	84014.06369138429
i:400	82706.55426565486
i:450	82232.61046163876
i:500	82232.61046163876
i:550	82125.42522290091
i:600	82065.05583498203
i:650	82065.05583498203
best: 82065.05583498203
routes: [0, 43, 45, 42, 41, 44, 46, 49, 50, 47, 48, 14, 12, 11, 13, 15, 18, 17, 19, 20, 16, 0, 21, 22, 23, 24, 26, 25, 27, 29, 30, 28, 32, 31, 39, 40, 35, 36, 37, 38, 33, 34, 0, 76, 77, 74, 71, 72, 73, 75, 78, 79, 80, 61, 62, 63, 64, 65, 68, 66, 67, 69, 70, 0, 4, 3, 6, 5, 10, 7, 9, 8, 2, 1, 51, 53, 56, 59, 60, 58, 57, 55, 54, 52, 0]
Elapsed time: 248.22461915016174

i:0	120773.64336198554
i:50	90494.11657390892
i:100	85008.31646461939
i:150	84908.78073195994
i:200	84069.57306132399
i:250	83684.22803342271
i:300	83200.06663992554
i:350	82807.80174376245
i:400	82807.80174376245
i:450	82695.36126385197
i:500	82242.94843338593
i:550	81769.95097925546
i:600	81292.94058337733
i:650	81292.94058337733
best: 81292.94058337733
routes: [0, 13, 17, 19, 20, 18, 16, 15, 14, 12, 11, 43, 45, 46, 49, 50, 48, 47, 44, 41, 42, 0, 1, 3, 4, 6, 5, 10, 9, 7, 8, 2, 61, 62, 63, 64, 65, 68, 66, 67, 69, 70, 0, 51, 52, 53, 56, 54, 55, 57, 59, 60, 58, 79, 80, 76, 77, 74, 71, 72, 73, 75, 78, 0, 31, 34, 33, 38, 39, 40, 36, 35, 37, 32, 21, 23, 25, 27, 29, 30, 28, 26, 24, 22, 0]
Elapsed time: 263.179878950119

mean: 81067.25796884693
std: 1168.5359786147203
mean-time: 260.40392234325407
std-time: 6.824631624583146