i:0	120415.29591697664
i:50	90236.09143292959
i:100	88606.95047397155
i:150	88606.95047397155
i:200	87760.1296321582
i:250	81059.20835141258
i:300	80721.8723439321
i:350	80590.83065483476
i:400	80590.63465851416
i:450	79923.14055779185
i:500	79641.41480203324
i:550	79641.41480203324
i:600	79641.41480203324
i:650	79641.41480203324
best: 79641.41480203324
routes: [0, 70, 71, 72, 65, 66, 69, 67, 68, 60, 63, 64, 61, 59, 58, 57, 62, 48, 46, 47, 45, 44, 43, 41, 42, 0, 73, 74, 75, 76, 77, 79, 78, 80, 49, 51, 53, 55, 56, 54, 50, 52, 25, 28, 27, 32, 30, 29, 31, 26, 17, 19, 18, 21, 23, 24, 22, 20, 0, 9, 10, 12, 11, 14, 16, 13, 15, 40, 39, 37, 38, 36, 33, 34, 35, 7, 8, 2, 1, 3, 6, 5, 4, 0]
Elapsed time: 223.57828283309937

i:0	121345.07880598985
i:50	91353.00896631414
i:100	82614.62513437313
i:150	81583.9721408995
i:200	81122.99403315804
i:250	80431.70529485832
i:300	80206.39820449206
i:350	79878.48882899019
i:400	79493.45466415084
i:450	79493.45466415084
i:500	79493.45466415084
i:550	79493.45466415084
i:600	79493.45466415084
i:650	79493.45466415084
best: 79493.45466415084
routes: [0, 64, 61, 59, 58, 57, 63, 60, 62, 48, 42, 41, 43, 46, 47, 45, 44, 8, 7, 5, 6, 2, 1, 3, 4, 0, 74, 73, 75, 80, 78, 79, 77, 76, 50, 52, 51, 49, 53, 55, 56, 54, 25, 28, 27, 32, 30, 29, 31, 26, 17, 19, 18, 21, 23, 24, 22, 20, 0, 11, 14, 16, 13, 15, 12, 10, 9, 35, 40, 39, 38, 36, 37, 34, 33, 72, 71, 65, 66, 69, 67, 70, 68, 0]
Elapsed time: 216.23356175422668

i:0	115859.2434136672
i:50	91627.11252699509
i:100	83124.0358163168
i:150	82042.47969240847
i:200	81705.23471855171
i:250	81465.79403238521
i:300	81196.96154248642
i:350	80784.19373483659
i:400	80435.85162176607
i:450	80435.85162176607
i:500	80435.85162176607
i:550	80435.85162176607
i:600	80435.85162176607
i:650	80435.85162176607
best: 80435.85162176607
routes: [0, 78, 75, 74, 73, 76, 80, 79, 77, 49, 50, 53, 51, 52, 54, 55, 56, 25, 27, 31, 30, 29, 32, 26, 28, 0, 17, 19, 20, 22, 21, 23, 24, 18, 14, 11, 13, 15, 16, 12, 10, 9, 40, 39, 38, 36, 37, 35, 34, 33, 72, 71, 65, 66, 69, 67, 70, 68, 0, 4, 3, 5, 6, 7, 8, 2, 1, 63, 64, 61, 59, 58, 57, 62, 60, 48, 46, 47, 45, 44, 43, 41, 42, 0]
Elapsed time: 216.07311940193176

i:0	111978.59825717799
i:50	92059.28161041508
i:100	91897.76068578797
i:150	90591.22535515181
i:200	85117.9048745337
i:250	81047.59597955749
i:300	80458.7391983959
i:350	80396.09612845117
i:400	80396.09612845117
i:450	80106.94209315427
i:500	80106.94209315427
i:550	80106.94209315427
i:600	80106.94209315427
i:650	80106.94209315427
best: 80106.94209315427
routes: [0, 75, 77, 80, 78, 79, 76, 73, 74, 49, 53, 56, 54, 55, 52, 51, 50, 2, 1, 3, 6, 7, 8, 5, 4, 0, 25, 28, 27, 26, 32, 31, 30, 29, 24, 23, 21, 22, 20, 17, 19, 18, 14, 11, 13, 15, 16, 12, 10, 9, 35, 40, 39, 37, 38, 36, 33, 34, 0, 70, 67, 69, 72, 71, 65, 66, 68, 57, 58, 60, 59, 61, 64, 63, 62, 48, 42, 41, 43, 46, 47, 45, 44, 0]
Elapsed time: 220.3354926109314

i:0	112040.4178366667
i:50	93315.23346335201
i:100	89781.23785385434
i:150	83104.36563141063
i:200	82506.39572913639
i:250	81631.98784960639
i:300	81081.15981386631
i:350	80668.26344281094
i:400	80507.86304068798
i:450	80507.86304068798
i:500	80507.86304068798
i:550	80507.86304068798
i:600	80507.86304068798
i:650	80507.86304068798
best: 80507.86304068798
routes: [0, 79, 74, 73, 75, 77, 80, 78, 76, 55, 54, 56, 53, 50, 49, 51, 52, 25, 28, 27, 32, 30, 29, 31, 26, 0, 70, 68, 67, 66, 69, 65, 71, 72, 33, 36, 38, 39, 37, 34, 35, 40, 15, 16, 13, 12, 10, 9, 11, 14, 19, 18, 21, 23, 24, 22, 20, 17, 0, 60, 58, 57, 59, 61, 64, 63, 62, 48, 42, 41, 43, 46, 47, 45, 44, 7, 8, 2, 1, 3, 6, 5, 4, 0]
Elapsed time: 217.44151735305786

i:0	121658.28751129229
i:50	86462.69336475803
i:100	81448.37554893375
i:150	80291.45480917388
i:200	80051.19811606068
i:250	79510.50064166158
i:300	79036.70460631368
i:350	78960.19373663022
i:400	78960.19373663022
i:450	78500.90991276893
i:500	78500.90991276893
i:550	78500.90991276893
i:600	78500.90991276893
i:650	78500.90991276893
best: 78500.90991276893
routes: [0, 54, 55, 56, 53, 52, 51, 50, 49, 64, 61, 59, 58, 57, 63, 60, 62, 48, 42, 41, 43, 46, 47, 45, 44, 0, 4, 3, 1, 5, 6, 2, 8, 7, 71, 65, 66, 69, 67, 70, 68, 72, 33, 35, 40, 39, 38, 36, 37, 34, 0, 76, 74, 73, 75, 77, 80, 79, 78, 25, 28, 27, 26, 32, 31, 30, 29, 24, 23, 21, 22, 20, 17, 19, 18, 14, 16, 13, 15, 12, 11, 9, 10, 0]
Elapsed time: 216.20640563964844

i:0	118915.18780641783
i:50	90747.0961991652
i:100	83428.76015762071
i:150	83412.91296534221
i:200	82878.00946975713
i:250	81895.4823361012
i:300	81558.16307539445
i:350	80780.78077327373
i:400	80343.15169479196
i:450	80343.15169479196
i:500	80343.15169479196
i:550	80343.15169479196
i:600	80343.15169479196
i:650	80343.15169479196
best: 80343.15169479196
routes: [0, 73, 74, 75, 77, 80, 79, 78, 76, 50, 49, 51, 52, 53, 55, 56, 54, 25, 28, 27, 32, 30, 29, 31, 26, 0, 60, 58, 57, 59, 61, 64, 63, 62, 48, 46, 47, 45, 44, 43, 41, 42, 7, 8, 2, 1, 3, 6, 5, 4, 0, 35, 40, 39, 38, 36, 37, 34, 33, 72, 71, 65, 66, 69, 67, 68, 70, 9, 11, 10, 12, 13, 15, 16, 14, 18, 17, 19, 21, 23, 24, 22, 20, 0]
Elapsed time: 213.82586932182312

i:0	115353.06278926569
i:50	94745.73413674698
i:100	87655.42585300918
i:150	80118.4624006875
i:200	78576.44284117986
i:250	77959.37580417129
i:300	77323.66763642221
i:350	77100.78755165638
i:400	76661.54358130692
i:450	76661.54358130692
i:500	76661.54358130692
i:550	76661.54358130692
i:600	76661.54358130692
i:650	76661.54358130692
best: 76661.54358130692
routes: [0, 41, 42, 43, 46, 44, 45, 47, 48, 62, 60, 61, 59, 58, 57, 63, 64, 50, 49, 51, 52, 53, 55, 56, 54, 0, 70, 68, 67, 66, 69, 65, 71, 72, 33, 36, 38, 39, 37, 34, 35, 40, 9, 11, 14, 16, 13, 15, 12, 10, 5, 6, 7, 8, 2, 1, 3, 4, 0, 73, 74, 75, 76, 77, 80, 79, 78, 25, 27, 28, 32, 30, 29, 31, 26, 17, 19, 18, 21, 23, 24, 22, 20, 0]
Elapsed time: 211.65803146362305

i:0	111089.82486645084
i:50	92487.95956522334
i:100	91934.60676270584
i:150	81824.08235014326
i:200	80860.76309856556
i:250	79947.86362553356
i:300	79059.01371400246
i:350	78329.87659613602
i:400	78285.49550929067
i:450	78189.39711170652
i:500	78189.39711170652
i:550	78189.39711170652
i:600	78189.39711170652
i:650	78189.39711170652
best: 78189.39711170652
routes: [0, 41, 42, 43, 46, 44, 45, 47, 48, 64, 61, 59, 58, 57, 63, 60, 62, 7, 8, 2, 1, 3, 6, 5, 4, 0, 54, 55, 56, 53, 52, 51, 50, 49, 73, 74, 75, 76, 77, 80, 79, 78, 25, 28, 27, 32, 30, 29, 31, 26, 0, 70, 68, 67, 66, 69, 65, 71, 72, 33, 36, 38, 39, 37, 34, 35, 40, 15, 12, 10, 9, 11, 13, 16, 14, 18, 17, 19, 21, 23, 24, 22, 20, 0]
Elapsed time: 219.15944242477417

i:0	121058.38542513619
i:50	92087.51524202425
i:100	87094.81633090795
i:150	79480.64410997459
i:200	78168.94709187315
i:250	77483.98001156517
i:300	76866.97827020475
i:350	75659.84146972973
i:400	74644.12774361396
i:450	74603.3813117045
i:500	74603.3813117045
i:550	74603.3813117045
i:600	74603.3813117045
i:650	74603.3813117045
best: 74603.3813117045
routes: [0, 4, 1, 2, 3, 5, 6, 7, 8, 70, 68, 67, 66, 69, 65, 71, 72, 33, 36, 38, 39, 37, 34, 35, 40, 0, 41, 42, 43, 46, 44, 45, 47, 48, 63, 62, 60, 58, 57, 59, 61, 64, 50, 49, 51, 52, 53, 56, 54, 55, 80, 79, 78, 76, 77, 75, 73, 74, 0, 25, 28, 27, 26, 32, 31, 30, 29, 24, 23, 21, 22, 20, 17, 19, 18, 14, 16, 13, 15, 12, 11, 9, 10, 0]
Elapsed time: 223.7395215034485

mean: 78848.39098340712
std: 1830.1518485310276
mean-time: 217.82512443065644
std-time: 3.722342711597136