i:0	125099.67926809947
i:50	93105.59334707324
i:100	91273.6426520306
i:150	91099.9805562386
i:200	90937.33931476607
i:250	90315.51578858389
i:300	90156.33713173996
i:350	89991.75227619238
i:400	89748.95779783167
i:450	89748.95779783167
i:500	89747.21751555911
i:550	89747.21751555911
i:600	89747.21751555911
i:650	89747.21751555911
best: 89747.21751555911
routes: [0, 41, 42, 43, 46, 44, 45, 47, 48, 63, 64, 61, 59, 58, 57, 62, 60, 0, 25, 28, 27, 26, 32, 31, 30, 29, 24, 23, 21, 22, 20, 17, 19, 18, 0, 4, 3, 1, 2, 7, 8, 6, 5, 9, 11, 10, 12, 13, 15, 16, 14, 0, 70, 68, 67, 69, 65, 66, 71, 72, 33, 36, 38, 39, 37, 34, 35, 40, 0, 73, 74, 80, 79, 78, 77, 75, 76, 49, 51, 52, 53, 55, 56, 54, 50, 0]
Elapsed time: 173.85659384727478

i:0	323806.4062797716
i:50	95713.31804476595
i:100	94163.35850043912
i:150	91511.49116413953
i:200	89859.00120299385
i:250	88645.36045596372
i:300	88092.00693934713
i:350	87864.28994770789
i:400	87864.28994770789
i:450	87864.28994770789
i:500	87864.28994770789
i:550	87864.28994770789
i:600	87864.28994770789
i:650	87864.28994770789
best: 87864.28994770789
routes: [0, 73, 74, 75, 76, 77, 80, 79, 78, 54, 55, 56, 53, 50, 49, 51, 52, 0, 4, 3, 1, 2, 7, 8, 6, 5, 9, 11, 10, 12, 13, 15, 16, 14, 0, 35, 40, 39, 38, 36, 37, 34, 33, 71, 72, 69, 67, 65, 66, 70, 68, 0, 60, 58, 57, 59, 61, 64, 63, 62, 48, 46, 47, 45, 44, 43, 41, 42, 0, 25, 27, 28, 26, 32, 31, 30, 29, 24, 23, 22, 21, 18, 17, 19, 20, 0]
Elapsed time: 186.34093236923218

i:0	123257.01695266816
i:50	93674.17963655101
i:100	88828.45024799368
i:150	87908.64505870223
i:200	87594.52374261222
i:250	87552.50698963267
i:300	87246.18657972703
i:350	87246.18657972703
i:400	87246.18657972703
i:450	87246.18657972703
i:500	87246.18657972703
i:550	87246.18657972703
i:600	87246.18657972703
i:650	87246.18657972703
best: 87246.18657972703
routes: [0, 64, 61, 59, 58, 57, 63, 60, 62, 48, 46, 47, 45, 44, 43, 41, 42, 0, 4, 5, 6, 3, 1, 2, 8, 7, 9, 11, 10, 12, 13, 15, 16, 14, 0, 73, 74, 75, 76, 77, 80, 79, 78, 54, 55, 56, 53, 50, 49, 51, 52, 0, 25, 28, 27, 26, 32, 31, 30, 29, 24, 23, 21, 22, 20, 17, 19, 18, 0, 35, 40, 39, 38, 36, 37, 34, 33, 71, 72, 69, 67, 65, 66, 70, 68, 0]
Elapsed time: 166.26958060264587

i:0	122913.47773466253
i:50	97894.31516108464
i:100	90105.81285789012
i:150	89335.64916165499
i:200	88557.52132154377
i:250	88163.46678801636
i:300	87174.36390509855
i:350	86694.60148044914
i:400	86694.60148044914
i:450	86694.60148044914
i:500	86694.60148044914
i:550	86694.60148044914
i:600	86694.60148044914
i:650	86694.60148044914
best: 86694.60148044914
routes: [0, 25, 28, 27, 26, 32, 31, 30, 29, 24, 23, 21, 22, 20, 17, 19, 18, 0, 73, 74, 75, 76, 77, 80, 79, 78, 54, 55, 56, 53, 50, 49, 51, 52, 0, 4, 5, 6, 3, 1, 2, 8, 7, 9, 11, 10, 12, 13, 15, 16, 14, 0, 35, 40, 39, 38, 36, 37, 34, 33, 71, 72, 69, 67, 65, 66, 70, 68, 0, 41, 42, 43, 46, 44, 45, 47, 48, 64, 61, 59, 58, 57, 63, 60, 62, 0]
Elapsed time: 184.88662338256836

i:0	124391.16549431559
i:50	96583.01707147695
i:100	91865.11594289314
i:150	89929.64059349365
i:200	89326.25706556748
i:250	89046.04757564122
i:300	89046.04757564122
i:350	88815.11302986773
i:400	88815.11302986773
i:450	88815.11302986773
i:500	88815.11302986773
i:550	88815.11302986773
i:600	88815.11302986773
i:650	88815.11302986773
best: 88815.11302986773
routes: [0, 41, 42, 43, 46, 44, 45, 47, 48, 63, 64, 61, 59, 58, 57, 62, 60, 0, 4, 5, 6, 3, 1, 2, 8, 7, 68, 67, 69, 72, 71, 65, 66, 70, 0, 73, 74, 75, 76, 77, 80, 79, 78, 54, 55, 56, 53, 50, 49, 51, 52, 0, 11, 14, 13, 15, 16, 12, 10, 9, 40, 39, 37, 38, 36, 33, 35, 34, 0, 25, 28, 27, 32, 31, 30, 29, 26, 24, 23, 22, 21, 20, 17, 19, 18, 0]
Elapsed time: 172.4123284816742

i:0	139392.52655571466
i:50	90872.84811830611
i:100	90088.16292953046
i:150	89653.45862330764
i:200	89133.54276161025
i:250	89119.64574811066
i:300	88830.23056733585
i:350	88830.23056733585
i:400	88830.23056733585
i:450	88830.23056733585
i:500	88830.23056733585
i:550	88830.23056733585
i:600	88830.23056733585
i:650	88830.23056733585
best: 88830.23056733585
routes: [0, 25, 28, 27, 26, 32, 31, 30, 29, 24, 23, 21, 22, 20, 17, 19, 18, 0, 4, 5, 6, 3, 1, 2, 8, 7, 68, 67, 69, 72, 71, 65, 66, 70, 0, 11, 14, 13, 15, 16, 12, 10, 9, 35, 34, 33, 36, 38, 39, 37, 40, 0, 73, 74, 75, 76, 77, 80, 79, 78, 54, 55, 56, 53, 50, 49, 51, 52, 0, 64, 61, 59, 58, 57, 63, 60, 62, 48, 43, 41, 42, 46, 47, 45, 44, 0]
Elapsed time: 172.6439871788025

i:0	120212.60782134325
i:50	95566.03373501792
i:100	90123.22209500358
i:150	88276.48470560151
i:200	87954.67529925577
i:250	87644.09992166504
i:300	87627.06964723657
i:350	87615.11220769852
i:400	87615.11220769852
i:450	87615.11220769852
i:500	87615.11220769852
i:550	87615.11220769852
i:600	87615.11220769852
i:650	87615.11220769852
best: 87615.11220769852
routes: [0, 35, 34, 37, 40, 39, 38, 36, 33, 71, 72, 69, 67, 65, 66, 70, 68, 0, 4, 3, 1, 2, 7, 8, 6, 5, 9, 11, 10, 12, 13, 15, 16, 14, 0, 73, 74, 75, 76, 77, 80, 79, 78, 54, 55, 56, 53, 50, 49, 51, 52, 0, 41, 42, 43, 46, 44, 45, 47, 48, 63, 64, 61, 59, 58, 57, 62, 60, 0, 17, 19, 18, 21, 24, 23, 22, 20, 26, 30, 29, 31, 32, 25, 27, 28, 0]
Elapsed time: 171.6880075931549

i:0	126390.98473419002
i:50	91773.13345453607
i:100	90230.13790788702
i:150	89935.61049168493
i:200	89935.61049168493
i:250	89375.2136208209
i:300	89375.2136208209
i:350	89179.64146929528
i:400	89006.20499012753
i:450	89006.20499012753
i:500	89006.20499012753
i:550	89006.20499012753
i:600	89006.20499012753
i:650	89006.20499012753
best: 89006.20499012753
routes: [0, 4, 5, 6, 3, 1, 2, 8, 7, 70, 68, 67, 69, 72, 71, 65, 66, 0, 25, 28, 27, 26, 32, 31, 30, 29, 24, 23, 21, 22, 20, 17, 19, 18, 0, 41, 42, 43, 46, 44, 45, 47, 48, 64, 61, 59, 58, 57, 63, 60, 62, 0, 73, 74, 75, 77, 80, 79, 78, 76, 50, 49, 51, 52, 53, 55, 56, 54, 0, 11, 14, 16, 13, 12, 15, 10, 9, 35, 40, 39, 38, 36, 37, 33, 34, 0]
Elapsed time: 161.83071279525757

i:0	129153.88239650977
i:50	92834.16874708672
i:100	89512.70653802867
i:150	88680.92034607878
i:200	87920.70848498744
i:250	87595.90616493807
i:300	87595.90616493807
i:350	87595.90616493807
i:400	87595.90616493807
i:450	87595.90616493807
i:500	87595.90616493807
i:550	87595.90616493807
i:600	87595.90616493807
i:650	87595.90616493807
best: 87595.90616493807
routes: [0, 25, 28, 27, 26, 32, 31, 30, 29, 24, 23, 21, 22, 20, 17, 19, 18, 0, 4, 5, 6, 3, 1, 2, 8, 7, 9, 11, 10, 12, 13, 15, 16, 14, 0, 35, 40, 39, 38, 36, 37, 34, 33, 71, 72, 69, 67, 65, 66, 70, 68, 0, 41, 42, 43, 46, 44, 45, 47, 48, 63, 64, 61, 59, 58, 57, 62, 60, 0, 54, 55, 56, 53, 52, 51, 50, 49, 73, 74, 75, 76, 77, 80, 79, 78, 0]
Elapsed time: 162.04536271095276

i:0	131006.33705425225
i:50	95373.08298576533
i:100	88933.27987399326
i:150	88054.4102787416
i:200	87491.4258949399
i:250	87491.4258949399
i:300	87491.4258949399
i:350	87361.61508180297
i:400	87361.61508180297
i:450	87361.61508180297
i:500	87361.61508180297
i:550	87361.61508180297
i:600	87361.61508180297
i:650	87361.61508180297
best: 87361.61508180297
routes: [0, 35, 40, 39, 38, 36, 37, 34, 33, 71, 72, 69, 67, 65, 66, 70, 68, 0, 73, 74, 75, 76, 77, 80, 79, 78, 54, 55, 56, 53, 50, 49, 51, 52, 0, 41, 42, 43, 46, 44, 45, 47, 48, 63, 64, 61, 59, 58, 57, 62, 60, 0, 4, 5, 6, 3, 1, 2, 8, 7, 9, 11, 10, 12, 13, 15, 16, 14, 0, 25, 27, 28, 26, 32, 31, 30, 29, 24, 23, 22, 21, 18, 17, 19, 20, 0]
Elapsed time: 168.05011248588562

mean: 88077.64775652139
std: 914.7841692993236
mean-time: 172.00242414474488
std-time: 7.917101000681738