-g=1e-05, -a=7, -f=80, -s=1
i:0	537787.5704538994
i:50	297470.270793292
i:100	295084.6008285518
i:150	293691.2413676147
i:200	291815.7875416614
i:250	291714.97641115636
i:300	291714.97641115636
i:350	290337.3638900078
i:400	288908.21382231166
i:450	288650.2180965075
routes: [0, 64, 63, 61, 62, 69, 70, 66, 67, 68, 65, 78, 71, 72, 73, 75, 77, 74, 76, 79, 80, 58, 60, 59, 57, 55, 56, 53, 52, 51, 54, 90, 86, 83, 82, 81, 85, 87, 88, 89, 84, 0, 4, 3, 1, 2, 8, 6, 5, 7, 9, 10, 11, 13, 18, 17, 19, 20, 16, 15, 14, 12, 43, 47, 45, 44, 41, 42, 46, 49, 50, 48, 25, 29, 27, 30, 28, 26, 24, 21, 23, 22, 0, 32, 33, 34, 39, 40, 36, 35, 37, 38, 31, 100, 96, 94, 95, 97, 99, 98, 93, 91, 92, 0]
Elapsed time: 1037.9609684944153

i:0	536752.5502883461
i:50	292500.95042131405
i:100	288983.33196121553
i:150	286338.0146867759
i:200	285162.5170542061
i:250	284650.18033160374
i:300	284088.75380690006
i:350	283584.9043605465
i:400	283443.66146751295
i:450	283443.66146751295
routes: [0, 92, 91, 93, 94, 95, 98, 97, 99, 100, 96, 51, 53, 52, 54, 55, 56, 57, 58, 59, 60, 76, 74, 71, 72, 73, 75, 78, 77, 79, 80, 61, 63, 62, 65, 64, 68, 66, 67, 69, 70, 0, 13, 16, 20, 19, 18, 17, 14, 15, 12, 11, 43, 42, 45, 48, 47, 49, 50, 46, 44, 41, 87, 88, 81, 82, 83, 84, 85, 86, 89, 90, 8, 9, 7, 10, 6, 2, 1, 3, 5, 4, 0, 21, 24, 23, 22, 26, 25, 28, 27, 29, 30, 35, 36, 40, 37, 39, 38, 31, 34, 33, 32, 0]
Elapsed time: 953.9764409065247

i:0	534448.9985011315
i:50	495075.63033724535
i:100	490758.3973609125
i:150	489943.3565730593
i:200	489766.42465643503
i:250	489041.1201072649
i:300	488668.2774261776
i:350	488386.2983158237
i:400	488386.2983158237
i:450	488363.009927481
routes: [0, 4, 5, 1, 2, 3, 6, 10, 7, 8, 9, 43, 42, 44, 45, 47, 48, 49, 50, 46, 41, 87, 88, 81, 82, 83, 86, 85, 89, 90, 84, 54, 55, 57, 59, 60, 58, 56, 53, 51, 52, 0, 33, 34, 32, 36, 35, 40, 37, 38, 39, 31, 100, 98, 96, 97, 99, 95, 94, 93, 91, 92, 68, 67, 69, 70, 66, 65, 64, 62, 63, 61, 79, 77, 80, 78, 75, 73, 72, 71, 74, 76, 0, 11, 12, 13, 14, 17, 19, 20, 16, 15, 18, 29, 27, 25, 30, 28, 26, 24, 21, 23, 22, 0]
Elapsed time: 977.796982049942

i:0	532140.8912401538
i:50	489998.0940164362
i:100	486243.6906187479
i:150	485601.57423419354
i:200	484781.58088432444
i:250	484646.91063724743
i:300	484646.91063724743
i:350	484646.91063724743
i:400	484559.2123297395
i:450	484144.3581349509
routes: [0, 52, 53, 51, 56, 57, 54, 55, 59, 60, 58, 79, 80, 77, 75, 78, 73, 72, 71, 74, 76, 61, 62, 65, 64, 63, 67, 68, 66, 70, 69, 96, 97, 100, 99, 98, 95, 94, 93, 91, 92, 0, 48, 47, 44, 45, 42, 43, 41, 46, 49, 50, 17, 19, 20, 15, 18, 14, 12, 11, 13, 16, 29, 27, 30, 28, 26, 25, 22, 23, 21, 24, 32, 36, 35, 37, 40, 39, 38, 31, 33, 34, 0, 90, 84, 86, 89, 87, 81, 82, 83, 85, 88, 9, 10, 7, 8, 2, 1, 3, 5, 6, 4, 0]
Elapsed time: 972.1716539859772

i:0	533511.6963932099
i:50	487599.03254489397
i:100	486242.3702763136
i:150	485232.27889090084
i:200	484128.5794192107
i:250	482827.0446678792
i:300	290256.26745781023
i:350	287594.4555391199
i:400	286051.9831556479
i:450	286051.9831556479
routes: [0, 91, 92, 93, 94, 95, 96, 97, 99, 100, 98, 70, 69, 66, 67, 68, 65, 64, 63, 62, 61, 76, 72, 73, 75, 78, 77, 74, 71, 79, 80, 59, 60, 58, 51, 52, 53, 56, 57, 55, 54, 0, 43, 42, 41, 44, 46, 45, 47, 49, 50, 48, 14, 12, 17, 19, 20, 18, 15, 16, 13, 11, 87, 88, 81, 82, 83, 85, 86, 84, 89, 90, 9, 10, 6, 7, 8, 2, 1, 3, 5, 4, 0, 21, 23, 22, 25, 28, 27, 29, 30, 26, 24, 32, 31, 33, 39, 40, 36, 35, 37, 38, 34, 0]
Elapsed time: 975.201868057251

i:0	539297.0515571369
i:50	491234.0005398963
i:100	489523.09392429393
i:150	488648.35763321334
i:200	487948.84479554323
i:250	487482.93393715075
i:300	487376.2521257688
i:350	486740.8538544468
i:400	486125.29473017814
i:450	485847.54967242124
routes: [0, 31, 36, 35, 40, 39, 37, 38, 34, 33, 32, 26, 24, 21, 22, 23, 25, 28, 30, 27, 29, 48, 43, 44, 46, 49, 50, 47, 45, 42, 41, 88, 85, 87, 81, 82, 83, 86, 84, 89, 90, 0, 91, 92, 93, 94, 95, 96, 97, 98, 99, 100, 69, 63, 64, 65, 68, 66, 67, 70, 61, 62, 51, 52, 53, 56, 60, 58, 54, 55, 57, 59, 79, 80, 76, 77, 74, 71, 72, 73, 75, 78, 0, 3, 1, 2, 8, 7, 9, 10, 6, 5, 4, 11, 15, 17, 19, 20, 18, 16, 13, 14, 12, 0]
Elapsed time: 975.0339801311493

i:0	538816.6950247203
i:50	294810.0891019025
i:100	290160.9346006152
i:150	288647.6423301697
i:200	287436.64272997645
i:250	287436.64272997645
i:300	286275.66317559907
i:350	285288.0741254767
i:400	285065.78563995037
i:450	283681.9385433488
routes: [0, 13, 14, 17, 19, 20, 18, 16, 15, 12, 11, 43, 42, 47, 49, 50, 48, 45, 46, 44, 41, 88, 87, 81, 82, 83, 85, 86, 89, 90, 84, 9, 7, 8, 2, 3, 5, 10, 6, 1, 4, 0, 99, 97, 98, 100, 96, 95, 94, 93, 91, 92, 53, 52, 51, 56, 54, 55, 57, 59, 60, 58, 76, 79, 77, 74, 71, 72, 73, 75, 78, 80, 63, 62, 61, 64, 65, 68, 67, 69, 70, 66, 0, 21, 23, 26, 24, 22, 25, 29, 27, 28, 30, 40, 35, 36, 37, 39, 38, 34, 31, 33, 32, 0]
Elapsed time: 975.9021344184875

i:0	533869.8014387785
i:50	291766.03779026965
i:100	288065.2201137996
i:150	285926.72624103574
i:200	285765.68804103485
i:250	285585.9126359357
i:300	285243.24783034035
i:350	285243.24783034035
i:400	284763.6019187042
i:450	284763.6019187042
routes: [0, 96, 99, 100, 98, 97, 94, 95, 93, 91, 92, 61, 64, 63, 65, 66, 69, 70, 67, 68, 62, 80, 78, 75, 72, 73, 71, 74, 76, 77, 79, 58, 52, 51, 53, 56, 55, 57, 59, 60, 54, 0, 4, 3, 1, 2, 8, 7, 6, 5, 10, 9, 90, 86, 84, 83, 85, 82, 81, 87, 88, 89, 41, 44, 42, 43, 45, 47, 46, 49, 50, 48, 17, 19, 18, 20, 15, 14, 12, 11, 13, 16, 0, 31, 39, 38, 40, 35, 36, 37, 33, 34, 32, 25, 27, 29, 30, 28, 26, 24, 23, 21, 22, 0]
Elapsed time: 980.0954596996307

i:0	543196.7718738737
i:50	300817.0014890605
i:100	297435.56760670274
i:150	295021.7403818626
i:200	294457.46136493655
i:250	293779.8740174204
i:300	293531.816730625
i:350	293531.816730625
i:400	293181.94594295416
i:450	293113.39922993147
routes: [0, 92, 91, 93, 95, 97, 98, 94, 99, 100, 96, 21, 23, 25, 26, 27, 29, 30, 28, 24, 22, 16, 20, 19, 17, 18, 15, 14, 12, 11, 13, 10, 9, 7, 6, 5, 8, 2, 1, 3, 4, 0, 86, 89, 90, 87, 88, 85, 81, 82, 83, 84, 55, 57, 54, 52, 51, 53, 56, 59, 60, 58, 79, 80, 76, 77, 74, 71, 72, 73, 75, 78, 61, 62, 63, 65, 66, 67, 70, 69, 68, 64, 0, 31, 34, 39, 40, 35, 36, 37, 38, 33, 32, 43, 42, 46, 44, 41, 45, 47, 49, 50, 48, 0]
Elapsed time: 970.9973287582397

i:0	539514.3789965785
i:50	289475.55313925684
i:100	287677.2723152099
i:150	286310.744403675
i:200	284820.25371254503
i:250	284481.70749092806
i:300	284481.70749092806
i:350	284481.70749092806
i:400	282305.0413641
i:450	281878.7207185161
routes: [0, 51, 53, 52, 54, 55, 56, 57, 59, 60, 58, 76, 74, 71, 72, 73, 75, 77, 79, 78, 80, 62, 61, 64, 63, 65, 68, 66, 67, 70, 69, 97, 98, 100, 99, 95, 96, 94, 93, 91, 92, 0, 13, 14, 11, 12, 15, 18, 16, 20, 19, 17, 49, 50, 47, 48, 46, 44, 45, 42, 43, 41, 90, 84, 89, 88, 87, 81, 82, 83, 85, 86, 9, 7, 6, 5, 10, 8, 2, 1, 3, 4, 0, 33, 34, 31, 38, 39, 40, 36, 35, 37, 32, 26, 25, 27, 29, 30, 28, 24, 21, 23, 22, 0]
Elapsed time: 963.8014452457428

mean: 345583.41894771456
std: 91455.4735852198
mean-time: 978.2938261747361
std-time: 21.169912136935576