-g=1e-05, -a=7, -f=80, -s=1
i:0	547769.8400914678
i:50	295583.68962506234
i:100	290956.42816494073
i:150	290030.6233956415
i:200	289232.7162334385
i:250	289022.14184485574
i:300	288604.6773965103
i:350	288604.6773965103
i:400	288176.08895547
i:450	288176.08895547
routes: [0, 43, 45, 44, 46, 49, 50, 48, 47, 42, 41, 88, 87, 81, 82, 86, 84, 83, 85, 89, 90, 9, 10, 7, 8, 2, 1, 3, 5, 6, 4, 0, 51, 53, 56, 52, 54, 55, 57, 59, 58, 60, 79, 80, 76, 74, 71, 72, 73, 75, 77, 78, 62, 61, 63, 68, 67, 69, 70, 66, 65, 64, 0, 32, 33, 34, 31, 39, 38, 37, 40, 35, 36, 28, 26, 25, 29, 27, 30, 24, 21, 23, 22, 13, 11, 14, 12, 15, 18, 17, 19, 20, 16, 0, 91, 93, 95, 97, 98, 99, 100, 96, 94, 92, 0]
Elapsed time: 1008.9023442268372

i:0	542364.2561297541
i:50	299537.32893025596
i:100	296326.08611905994
i:150	294943.215981364
i:200	294431.0965826831
i:250	294172.2855914072
i:300	294149.2264442789
i:350	294149.2264442789
i:400	294078.7224058739
i:450	294077.9396148568
routes: [0, 52, 51, 53, 56, 58, 60, 59, 57, 55, 54, 90, 84, 86, 89, 85, 88, 87, 81, 83, 82, 76, 77, 74, 73, 72, 71, 75, 78, 79, 80, 0, 4, 3, 2, 8, 9, 7, 10, 5, 6, 1, 91, 92, 93, 94, 95, 96, 97, 98, 99, 100, 69, 70, 66, 64, 61, 62, 63, 65, 67, 68, 0, 21, 22, 23, 25, 27, 29, 30, 28, 24, 26, 20, 19, 17, 18, 16, 15, 14, 13, 12, 11, 43, 42, 41, 45, 47, 44, 46, 49, 50, 48, 0, 31, 39, 38, 40, 36, 35, 37, 32, 33, 34, 0]
Elapsed time: 937.3858230113983

i:0	549703.1735157307
i:50	295988.1451532442
i:100	292775.41227471543
i:150	291514.43846803624
i:200	291494.2008526883
i:250	291398.89547874226
i:300	291251.80875371944
i:350	291201.4898947328
i:400	290666.90359847224
i:450	289861.92245087906
routes: [0, 69, 70, 66, 67, 68, 63, 65, 64, 62, 61, 80, 79, 77, 75, 78, 73, 72, 71, 74, 76, 58, 60, 59, 56, 52, 51, 53, 57, 55, 54, 0, 92, 91, 93, 94, 95, 98, 96, 97, 99, 100, 31, 38, 37, 36, 35, 40, 39, 34, 33, 32, 24, 21, 23, 27, 29, 30, 28, 25, 26, 22, 0, 43, 45, 47, 46, 49, 50, 48, 42, 44, 41, 88, 87, 81, 82, 83, 85, 86, 84, 89, 90, 9, 8, 2, 1, 3, 6, 7, 10, 5, 4, 0, 11, 13, 14, 12, 17, 19, 20, 15, 18, 16, 0]
Elapsed time: 947.6511960029602

i:0	560097.4638221387
i:50	298968.0451398123
i:100	296753.8851853117
i:150	295185.5139412537
i:200	295185.5139412537
i:250	294551.4691749091
i:300	294382.06683417544
i:350	293451.50531641516
i:400	293174.75216200284
i:450	292288.66827201913
routes: [0, 69, 70, 67, 68, 66, 65, 62, 63, 64, 61, 80, 78, 77, 75, 73, 72, 71, 74, 76, 79, 58, 60, 59, 57, 55, 54, 56, 53, 51, 52, 0, 13, 12, 11, 14, 15, 18, 17, 19, 20, 16, 22, 21, 23, 24, 26, 25, 29, 27, 30, 28, 35, 36, 40, 37, 39, 38, 34, 33, 32, 31, 0, 4, 1, 3, 2, 5, 6, 10, 9, 8, 7, 90, 84, 86, 83, 89, 85, 82, 81, 87, 88, 41, 43, 48, 44, 46, 49, 50, 47, 45, 42, 0, 91, 92, 93, 95, 94, 99, 100, 97, 98, 96, 0]
Elapsed time: 953.8840515613556

i:0	547451.8791415459
i:50	299581.03922017367
i:100	94077.89849658194
i:150	92255.94526406756
i:200	92173.70618545152
i:250	92078.11104651986
i:300	92006.1105767914
i:350	91349.95568129211
i:400	91252.5873653639
i:450	91241.08912295813
routes: [0, 13, 11, 12, 14, 15, 18, 16, 20, 19, 17, 48, 47, 45, 43, 42, 41, 44, 46, 49, 50, 29, 30, 28, 27, 25, 26, 24, 21, 23, 22, 0, 90, 89, 88, 87, 81, 82, 83, 85, 86, 84, 76, 74, 71, 72, 73, 75, 78, 77, 79, 80, 58, 60, 59, 57, 54, 55, 56, 53, 51, 52, 0, 91, 92, 93, 94, 95, 96, 99, 100, 97, 98, 69, 70, 67, 68, 66, 62, 61, 63, 65, 64, 8, 7, 9, 10, 5, 6, 2, 1, 3, 4, 0, 31, 39, 38, 37, 40, 35, 36, 32, 33, 34, 0]
Elapsed time: 1139.1797451972961

i:0	545200.6988003268
i:50	294132.8413463961
i:100	290907.58427951555
i:150	290722.02114951314
i:200	290434.02794785285
i:250	290070.41181495565
i:300	289836.4303396414
i:350	289284.293335329
i:400	289262.1236402304
i:450	288898.9328498403
routes: [0, 31, 34, 33, 39, 38, 36, 35, 40, 37, 32, 21, 23, 24, 26, 25, 27, 29, 30, 28, 22, 13, 11, 12, 14, 15, 17, 19, 18, 20, 16, 0, 92, 91, 93, 94, 95, 96, 99, 100, 97, 98, 86, 90, 84, 83, 82, 81, 85, 89, 87, 88, 41, 44, 46, 45, 42, 43, 47, 49, 50, 48, 0, 54, 55, 53, 51, 52, 56, 57, 59, 60, 58, 79, 77, 74, 76, 71, 72, 73, 75, 78, 80, 65, 66, 69, 70, 67, 68, 64, 63, 61, 62, 0, 1, 2, 6, 5, 10, 9, 7, 8, 3, 4, 0]
Elapsed time: 977.5981469154358

i:0	550055.809635861
i:50	303197.2891578961
i:100	297278.24433259544
i:150	294476.75290906837
i:200	294205.1805148892
i:250	93150.05256109116
i:300	91407.30871507902
i:350	90633.24764863623
i:400	90572.68448312725
i:450	90509.16945433384
routes: [0, 96, 99, 100, 97, 98, 95, 94, 93, 91, 92, 84, 83, 85, 82, 81, 87, 88, 86, 89, 90, 9, 7, 8, 2, 1, 3, 6, 10, 5, 4, 0, 13, 11, 12, 14, 15, 17, 19, 20, 18, 16, 22, 21, 23, 24, 26, 25, 29, 27, 28, 30, 35, 36, 37, 40, 39, 38, 31, 34, 33, 32, 0, 51, 52, 53, 56, 54, 55, 57, 59, 60, 58, 79, 80, 76, 77, 74, 71, 72, 73, 75, 78, 61, 62, 63, 64, 65, 67, 68, 66, 69, 70, 0, 43, 42, 41, 44, 45, 47, 46, 49, 50, 48, 0]
Elapsed time: 813.031658411026

i:0	562974.9373003402
i:50	98283.57926197036
i:100	97391.55958403126
i:150	96749.01516975526
i:200	96154.81660109079
i:250	95720.15477005942
i:300	95609.07404541565
i:350	95543.8564491467
i:400	95399.94029309179
i:450	95399.94029309179
routes: [0, 11, 13, 15, 18, 14, 12, 17, 19, 20, 16, 22, 23, 26, 25, 27, 29, 30, 28, 24, 21, 33, 34, 31, 39, 38, 40, 35, 36, 37, 32, 0, 96, 99, 100, 97, 98, 95, 94, 93, 91, 92, 86, 89, 90, 84, 83, 85, 82, 81, 87, 88, 41, 44, 45, 46, 49, 50, 47, 48, 43, 42, 0, 51, 52, 53, 56, 54, 55, 57, 59, 60, 58, 76, 74, 71, 72, 73, 75, 78, 77, 79, 80, 2, 1, 3, 6, 7, 8, 9, 10, 5, 4, 0, 70, 66, 67, 69, 68, 65, 64, 63, 61, 62, 0]
Elapsed time: 1574.2436401844025

i:0	555094.2068682455
i:50	299431.45546010166
i:100	291244.0581324609
i:150	289264.9017472396
i:200	288856.97230102564
i:250	288401.6882694519
i:300	288179.6606328635
i:350	288097.28458364133
i:400	288097.28458364133
i:450	288097.28458364133
routes: [0, 54, 52, 53, 51, 56, 55, 57, 59, 60, 58, 76, 77, 74, 73, 75, 78, 72, 71, 79, 80, 61, 62, 63, 64, 65, 67, 68, 66, 69, 70, 0, 1, 2, 3, 4, 6, 5, 10, 9, 7, 8, 86, 84, 83, 82, 81, 87, 89, 90, 85, 88, 41, 44, 45, 47, 46, 49, 50, 48, 43, 42, 0, 31, 33, 34, 39, 38, 36, 35, 40, 37, 32, 30, 29, 27, 28, 25, 26, 21, 24, 23, 22, 16, 11, 13, 14, 17, 19, 20, 18, 15, 12, 0, 91, 92, 93, 95, 94, 97, 99, 98, 100, 96, 0]
Elapsed time: 958.3512492179871

i:0	550518.0374541213
i:50	309675.5093472642
i:100	303038.4568484521
i:150	302711.93158555776
i:200	302285.8343359425
i:250	300014.66165922704
i:300	299260.74919285113
i:350	298177.68556133984
i:400	297618.51044914254
i:450	297417.8470947032
routes: [0, 96, 99, 97, 98, 100, 95, 94, 93, 91, 92, 61, 64, 62, 63, 65, 68, 67, 69, 70, 66, 2, 1, 3, 8, 6, 7, 9, 10, 5, 4, 0, 90, 84, 86, 89, 83, 85, 82, 81, 87, 88, 76, 77, 79, 80, 78, 73, 75, 72, 71, 74, 58, 56, 57, 59, 60, 51, 52, 53, 55, 54, 0, 11, 12, 14, 18, 16, 13, 15, 17, 19, 20, 29, 27, 30, 28, 24, 21, 23, 22, 25, 26, 37, 36, 35, 40, 38, 39, 31, 33, 34, 32, 0, 43, 42, 41, 45, 44, 46, 49, 47, 50, 48, 0]
Elapsed time: 908.4564673900604

mean: 231445.07633014568
std: 91122.40211384103
mean-time: 1021.8684322118759
std-time: 199.6960645448317