-g=1e-05, -a=7, -f=80, -s=1
i:0	163597.54675433165
i:50	119252.81477343335
i:100	116667.66966149377
i:150	115518.39551116465
i:200	115509.73186659612
i:250	114941.46009891189
i:300	114560.93792024622
i:350	114091.77381859961
i:400	113840.77934888813
i:450	113193.09755913563
routes: [0, 51, 52, 53, 56, 54, 55, 57, 59, 60, 58, 79, 80, 78, 75, 73, 72, 71, 74, 77, 76, 0, 43, 42, 41, 44, 45, 47, 46, 49, 50, 48, 0, 100, 99, 98, 97, 96, 95, 94, 93, 91, 92, 0, 21, 22, 23, 25, 27, 29, 30, 28, 26, 24, 0, 11, 13, 12, 14, 15, 17, 19, 20, 18, 16, 36, 35, 40, 37, 39, 38, 31, 34, 33, 32, 0, 1, 2, 8, 7, 9, 10, 6, 5, 3, 4, 0, 84, 83, 82, 81, 87, 85, 88, 86, 89, 90, 0, 61, 63, 65, 67, 70, 69, 68, 66, 64, 62, 0]
Elapsed time: 1028.264558315277

i:0	158564.77398608412
i:50	121870.667547143
i:100	118580.14523281311
i:150	117064.2441848148
i:200	115940.8241414467
i:250	114332.20697699947
i:300	114103.87076460842
i:350	113879.2777692591
i:400	113706.70033918376
i:450	113706.70033918375
routes: [0, 84, 82, 81, 87, 88, 85, 83, 86, 89, 90, 0, 1, 2, 6, 5, 10, 9, 7, 8, 3, 4, 0, 43, 42, 41, 44, 45, 46, 49, 50, 47, 48, 0, 92, 91, 93, 95, 99, 100, 97, 98, 96, 94, 0, 61, 62, 64, 63, 65, 67, 68, 66, 69, 70, 0, 11, 13, 12, 15, 18, 14, 17, 19, 20, 16, 32, 37, 35, 36, 40, 39, 38, 33, 34, 31, 0, 51, 52, 53, 56, 54, 55, 57, 59, 60, 58, 79, 77, 76, 74, 71, 72, 73, 75, 78, 80, 0, 21, 22, 23, 25, 29, 27, 26, 30, 28, 24, 0]
Elapsed time: 1132.6172881126404

i:0	155321.99968730353
i:50	118438.88944275922
i:100	115684.02572779574
i:150	114727.10568788569
i:200	114172.74766960138
i:250	113210.58272307641
i:300	112874.06450341511
i:350	112874.06450341511
i:400	112770.36994139027
i:450	112770.36994139024
routes: [0, 51, 52, 53, 56, 55, 54, 57, 59, 60, 58, 79, 80, 76, 77, 74, 71, 72, 73, 75, 78, 0, 69, 70, 67, 68, 66, 65, 64, 63, 61, 62, 0, 91, 92, 93, 95, 94, 97, 99, 100, 98, 96, 0, 90, 89, 88, 87, 81, 82, 85, 83, 84, 86, 0, 21, 24, 27, 29, 30, 28, 26, 25, 23, 22, 0, 11, 13, 12, 14, 15, 18, 17, 19, 20, 16, 35, 36, 37, 40, 39, 38, 31, 34, 33, 32, 0, 3, 1, 2, 8, 7, 9, 10, 5, 6, 4, 0, 43, 45, 47, 48, 49, 50, 46, 44, 41, 42, 0]
Elapsed time: 1066.0859320163727

i:0	163338.9897811909
i:50	119493.80153837107
i:100	116264.27525482303
i:150	115564.73601794952
i:200	113928.11798703513
i:250	113897.81211260737
i:300	113397.47437840275
i:350	113397.47437840275
i:400	113397.47437840275
i:450	112233.93785336913
routes: [0, 51, 52, 53, 56, 55, 54, 57, 59, 60, 58, 76, 74, 71, 72, 73, 75, 78, 77, 79, 80, 0, 21, 23, 24, 26, 25, 27, 29, 30, 28, 22, 0, 43, 42, 45, 47, 48, 41, 44, 46, 49, 50, 0, 1, 2, 3, 5, 10, 9, 7, 8, 6, 4, 0, 11, 12, 13, 15, 14, 18, 17, 19, 20, 16, 0, 61, 63, 64, 67, 66, 70, 69, 68, 65, 62, 0, 90, 89, 88, 87, 81, 82, 83, 85, 86, 84, 0, 33, 32, 37, 36, 35, 40, 39, 38, 34, 31, 100, 99, 98, 97, 96, 95, 94, 93, 91, 92, 0]
Elapsed time: 1080.1202456951141

i:0	154145.77146505992
i:50	120144.62096927941
i:100	115662.2374543161
i:150	115205.12494601055
i:200	115103.91825347122
i:250	114951.98426469805
i:300	114512.62106111419
i:350	114430.70012302898
i:400	114055.30070400701
i:450	113395.09566853265
routes: [0, 43, 42, 41, 44, 45, 46, 49, 50, 47, 48, 0, 66, 69, 70, 68, 67, 65, 62, 61, 63, 64, 0, 11, 12, 13, 15, 18, 14, 17, 19, 20, 16, 0, 90, 89, 88, 87, 85, 86, 81, 82, 83, 84, 0, 1, 2, 8, 7, 9, 10, 5, 6, 3, 4, 0, 92, 91, 93, 95, 94, 97, 98, 96, 99, 100, 31, 34, 33, 39, 40, 36, 35, 37, 38, 32, 0, 21, 23, 25, 27, 29, 30, 28, 26, 24, 22, 0, 51, 52, 53, 56, 55, 54, 57, 58, 60, 59, 76, 74, 71, 72, 73, 75, 78, 77, 79, 80, 0]
Elapsed time: 1050.7950253486633

i:0	151288.78974962456
i:50	116205.02187179375
i:100	114704.2577546263
i:150	114429.20611255808
i:200	113238.10814355919
i:250	113238.10814355919
i:300	113203.03507577421
i:350	112774.07694537658
i:400	112705.9454937661
i:450	112630.0737487996
routes: [0, 61, 62, 65, 68, 66, 70, 69, 67, 63, 64, 0, 3, 6, 5, 10, 9, 7, 8, 2, 1, 4, 0, 21, 23, 22, 27, 29, 30, 28, 25, 26, 24, 0, 11, 12, 13, 15, 14, 17, 19, 20, 18, 16, 0, 84, 83, 85, 82, 81, 87, 88, 86, 89, 90, 0, 33, 34, 32, 37, 36, 35, 40, 39, 38, 31, 100, 97, 96, 99, 98, 95, 94, 93, 91, 92, 0, 43, 42, 41, 44, 45, 47, 46, 49, 50, 48, 0, 51, 52, 53, 56, 54, 55, 57, 59, 60, 58, 74, 77, 76, 71, 72, 73, 75, 78, 79, 80, 0]
Elapsed time: 1062.1542346477509

i:0	163319.55879485433
i:50	118816.49599736038
i:100	117743.49423437934
i:150	116219.90591478552
i:200	116013.99170805865
i:250	115986.76003706595
i:300	115543.46505980982
i:350	115166.75127774983
i:400	114960.25560778144
i:450	114685.3915183741
routes: [0, 43, 42, 41, 45, 44, 46, 49, 47, 50, 48, 0, 21, 22, 23, 25, 26, 29, 27, 30, 28, 24, 0, 11, 12, 14, 13, 15, 18, 17, 19, 20, 16, 0, 84, 86, 83, 85, 82, 81, 87, 88, 89, 90, 0, 69, 70, 61, 62, 63, 65, 66, 67, 68, 64, 0, 79, 77, 76, 74, 71, 72, 73, 75, 78, 80, 58, 60, 59, 57, 54, 55, 56, 53, 51, 52, 0, 33, 32, 37, 35, 36, 40, 39, 38, 34, 31, 100, 99, 98, 97, 94, 95, 96, 93, 91, 92, 0, 1, 2, 8, 9, 7, 10, 5, 6, 3, 4, 0]
Elapsed time: 1098.0474767684937

i:0	154647.19450994517
i:50	117918.50103682827
i:100	114874.42566147636
i:150	113133.45270897064
i:200	113049.41040632204
i:250	112873.84058527143
i:300	112273.9144394548
i:350	111736.09294254926
i:400	111689.07382199483
i:450	111689.07382199483
routes: [0, 43, 42, 41, 44, 45, 46, 49, 47, 50, 48, 0, 84, 83, 85, 82, 81, 87, 88, 86, 89, 90, 0, 92, 91, 93, 94, 95, 96, 99, 97, 98, 100, 31, 33, 34, 38, 39, 40, 37, 35, 36, 32, 0, 11, 13, 12, 14, 15, 17, 19, 20, 18, 16, 0, 21, 22, 25, 27, 29, 30, 28, 26, 23, 24, 0, 1, 3, 5, 10, 9, 7, 8, 2, 6, 4, 0, 51, 52, 53, 56, 54, 55, 57, 59, 60, 58, 79, 80, 77, 76, 74, 71, 72, 73, 75, 78, 0, 61, 62, 63, 64, 65, 68, 67, 66, 69, 70, 0]
Elapsed time: 1071.7506279945374

i:0	165707.09817379236
i:50	118497.64290556876
i:100	115362.10019675053
i:150	114300.09916289513
i:200	113132.2398307069
i:250	112773.48274307851
i:300	112126.27246468076
i:350	111824.64145076567
i:400	111802.27747607105
i:450	111802.27747607105
routes: [0, 43, 47, 44, 41, 42, 45, 46, 49, 50, 48, 0, 4, 5, 6, 3, 1, 2, 8, 7, 9, 10, 0, 91, 92, 93, 95, 94, 98, 97, 96, 99, 100, 31, 39, 38, 37, 36, 35, 40, 34, 33, 32, 0, 21, 23, 22, 25, 29, 30, 28, 27, 26, 24, 0, 61, 62, 63, 64, 65, 68, 66, 67, 69, 70, 0, 84, 83, 85, 88, 87, 81, 82, 86, 89, 90, 0, 51, 53, 52, 55, 54, 57, 56, 59, 60, 58, 79, 80, 78, 75, 73, 72, 71, 74, 77, 76, 0, 11, 13, 12, 14, 15, 17, 19, 20, 18, 16, 0]
Elapsed time: 1121.3421704769135

i:0	163308.35825640723
i:50	116418.28317692953
i:100	115589.57420453156
i:150	115006.03204552192
i:200	114100.05391344955
i:250	114100.05391344955
i:300	114092.26207072285
i:350	114005.57183300107
i:400	113836.0919551745
i:450	112825.76924711419
routes: [0, 43, 42, 41, 45, 44, 46, 49, 50, 47, 48, 0, 1, 2, 8, 7, 9, 10, 5, 6, 3, 4, 0, 91, 92, 93, 96, 95, 94, 97, 98, 99, 100, 31, 32, 33, 34, 39, 38, 37, 40, 35, 36, 0, 21, 24, 28, 30, 29, 27, 25, 26, 23, 22, 0, 13, 11, 12, 14, 15, 17, 19, 20, 18, 16, 0, 90, 89, 88, 87, 81, 82, 85, 83, 84, 86, 0, 69, 70, 67, 68, 66, 65, 64, 63, 61, 62, 0, 76, 77, 74, 71, 72, 73, 75, 78, 80, 79, 58, 59, 60, 57, 54, 55, 56, 53, 51, 52, 0]
Elapsed time: 1059.1450037956238

mean: 112480.26945331032
std: 939.2745203517493
mean-time: 1077.0322563171387
std-time: 30.43016106408876