-g=1e-05, -a=7, -f=80, -s=1
i:0	66160.41993678464
i:50	50381.0325287588
i:100	49396.76216886885
i:150	48819.10869905201
i:200	48268.3669181417
i:250	48148.85533494778
i:300	48092.6713420032
i:350	48021.11815002351
i:400	47890.18470649482
i:450	47751.852638341756
routes: [0, 11, 12, 15, 19, 20, 18, 17, 16, 14, 13, 23, 24, 26, 29, 30, 28, 27, 25, 22, 21, 47, 48, 41, 42, 43, 45, 46, 44, 49, 50, 0, 4, 5, 6, 2, 8, 7, 9, 10, 3, 1, 31, 32, 33, 34, 35, 38, 37, 36, 39, 40, 0]
Elapsed time: 756.243483543396

i:0	67767.34312518543
i:50	51998.66900156824
i:100	51272.49446948747
i:150	50743.58055747237
i:200	50119.95907758726
i:250	50119.95907758726
i:300	50061.07987280067
i:350	50061.07987280067
i:400	50061.07987280067
i:450	50061.07987280067
routes: [0, 4, 1, 2, 3, 6, 5, 10, 7, 8, 9, 50, 44, 46, 49, 45, 43, 42, 41, 47, 48, 21, 25, 24, 26, 29, 30, 27, 28, 23, 22, 0, 39, 40, 37, 36, 35, 32, 31, 33, 38, 34, 11, 13, 12, 15, 17, 19, 20, 18, 16, 14, 0]
Elapsed time: 584.7498044967651

i:0	263017.99504245876
i:50	49970.86052184829
i:100	49717.802941063695
i:150	49360.947655437274
i:200	48568.92283672155
i:250	47978.63472312847
i:300	47899.08520338769
i:350	47380.5701940999
i:400	47170.75868112701
i:450	46711.91763239627
routes: [0, 23, 22, 25, 27, 29, 30, 28, 26, 24, 21, 48, 47, 41, 42, 43, 45, 46, 49, 50, 44, 8, 7, 9, 10, 5, 6, 2, 1, 3, 4, 0, 11, 12, 15, 17, 19, 20, 18, 16, 13, 14, 39, 40, 37, 38, 36, 35, 34, 33, 31, 32, 0]
Elapsed time: 650.3039379119873

i:0	69425.16115163876
i:50	49075.953502220276
i:100	48315.98892224951
i:150	48129.548160151484
i:200	47901.948412555525
i:250	47901.948412555525
i:300	47901.948412555525
i:350	47899.296541054115
i:400	47899.296541054115
i:450	47786.45344328685
routes: [0, 4, 1, 2, 3, 6, 5, 10, 7, 8, 9, 50, 46, 44, 49, 45, 43, 42, 41, 47, 48, 21, 22, 23, 25, 27, 24, 26, 29, 30, 28, 0, 12, 13, 16, 15, 17, 19, 20, 18, 14, 11, 31, 32, 33, 34, 35, 38, 37, 36, 39, 40, 0]
Elapsed time: 635.655784368515

i:0	69952.27713637924
i:50	51206.77300145031
i:100	51095.775564192714
i:150	50423.991238534356
i:200	50124.19115342131
i:250	50041.96181354141
i:300	50041.96181354141
i:350	49926.7055433853
i:400	49118.733653069234
i:450	48865.36573355399
routes: [0, 4, 1, 2, 3, 6, 5, 10, 7, 8, 9, 50, 44, 46, 49, 45, 43, 42, 41, 47, 48, 21, 22, 23, 25, 24, 26, 29, 30, 27, 28, 0, 31, 32, 33, 34, 35, 38, 36, 37, 39, 40, 11, 13, 12, 15, 16, 17, 19, 20, 18, 14, 0]
Elapsed time: 625.5631418228149

i:0	65892.77561541085
i:50	49473.57602835196
i:100	49473.57602835196
i:150	49405.956459277884
i:200	48652.13682177998
i:250	48652.13682177998
i:300	48346.37068091416
i:350	48346.37068091416
i:400	48346.37068091416
i:450	48029.76040799051
routes: [0, 11, 14, 15, 17, 19, 20, 18, 16, 12, 13, 23, 25, 24, 26, 29, 30, 27, 28, 22, 21, 48, 47, 41, 42, 45, 43, 44, 46, 49, 50, 0, 4, 1, 3, 6, 5, 10, 9, 7, 8, 2, 39, 40, 36, 37, 38, 35, 34, 33, 31, 32, 0]
Elapsed time: 746.0471329689026

i:0	261630.32193435455
i:50	49703.09729880556
i:100	48641.51703916492
i:150	48352.09292312626
i:200	48314.86810602265
i:250	48144.07931141488
i:300	47704.90224896956
i:350	47526.299884648135
i:400	47526.299884648135
i:450	47526.299884648135
routes: [0, 11, 14, 13, 15, 17, 19, 20, 18, 16, 12, 23, 22, 25, 26, 29, 30, 28, 27, 24, 21, 48, 47, 41, 42, 43, 45, 46, 49, 50, 44, 0, 4, 5, 10, 9, 7, 8, 6, 2, 1, 3, 31, 32, 33, 34, 35, 38, 37, 36, 39, 40, 0]
Elapsed time: 762.0012044906616

i:0	261578.4023765112
i:50	50142.223180946436
i:100	49355.2910200037
i:150	49206.12133024634
i:200	49046.9001110636
i:250	49046.9001110636
i:300	49041.49961285101
i:350	49000.25879349731
i:400	48855.00398941395
i:450	48839.94928240966
routes: [0, 11, 13, 14, 16, 15, 17, 19, 20, 18, 12, 23, 25, 24, 26, 29, 30, 27, 28, 22, 21, 48, 47, 41, 42, 43, 45, 49, 50, 46, 44, 0, 39, 40, 36, 37, 38, 35, 34, 33, 31, 32, 2, 1, 3, 8, 7, 9, 10, 5, 6, 4, 0]
Elapsed time: 776.0485064983368

i:0	70801.31750597055
i:50	50051.251376176326
i:100	49240.795589793204
i:150	48734.52723132174
i:200	48734.52723132174
i:250	48632.58519011188
i:300	48602.19896532338
i:350	48602.19896532338
i:400	48557.71584948326
i:450	48413.51399803379
routes: [0, 4, 1, 2, 3, 6, 5, 10, 7, 8, 9, 50, 44, 46, 49, 45, 43, 42, 41, 47, 48, 21, 22, 23, 25, 24, 26, 29, 30, 27, 28, 0, 31, 32, 33, 34, 35, 38, 37, 36, 39, 40, 11, 13, 12, 15, 17, 19, 20, 18, 16, 14, 0]
Elapsed time: 628.295574426651

i:0	62410.23612884458
i:50	54312.936080709595
i:100	53490.21698027421
i:150	52669.65735677421
i:200	52457.53669795453
i:250	52203.561977084195
i:300	51832.41545761382
i:350	51587.358825379815
i:400	51359.86279068458
i:450	51359.86279068458
routes: [0, 11, 13, 15, 17, 19, 20, 18, 16, 14, 12, 28, 26, 29, 30, 27, 25, 24, 21, 22, 23, 9, 10, 5, 6, 7, 8, 2, 1, 3, 4, 0, 39, 40, 37, 38, 36, 35, 34, 33, 32, 31, 44, 43, 45, 42, 41, 47, 48, 46, 49, 50, 0]
Elapsed time: 622.0828850269318

mean: 48534.6055684
std: 1276.54519954
mean-time: 678.699145555
std-time: 68.5710289683
