-g=1e-05, -a=7, -f=80, -s=1
i:0	66468.31420068571
i:50	54429.80839444077
i:100	53885.10150816878
i:150	53596.85152697831
i:200	53281.532114264264
i:250	53281.532114264264
i:300	53237.22635671061
i:350	53095.615122110496
i:400	52899.94420935442
i:450	52899.94420935442
routes: [0, 31, 32, 33, 34, 35, 38, 36, 37, 39, 40, 11, 15, 17, 19, 20, 18, 16, 14, 13, 12, 0, 50, 49, 45, 46, 44, 43, 42, 41, 47, 48, 21, 25, 24, 26, 29, 30, 27, 28, 23, 22, 0, 1, 3, 6, 2, 8, 7, 9, 10, 5, 4, 0]
Elapsed time: 645.3748722076416

i:0	64884.60585919678
i:50	51902.83015537972
i:100	50797.11600439357
i:150	50474.20522707609
i:200	50257.23803540295
i:250	50257.23803540295
i:300	50201.849544199664
i:350	50168.879748783875
i:400	50168.879748783875
i:450	49809.23029196333
routes: [0, 4, 3, 6, 5, 10, 9, 7, 8, 2, 1, 39, 40, 37, 38, 36, 35, 34, 33, 31, 32, 0, 23, 28, 27, 29, 30, 26, 24, 25, 22, 21, 48, 47, 41, 42, 43, 45, 49, 50, 46, 44, 0, 11, 13, 12, 15, 17, 19, 20, 18, 16, 14, 0]
Elapsed time: 698.1637151241302

i:0	68101.9805191803
i:50	51462.67774420341
i:100	51049.64743770457
i:150	50695.98316729523
i:200	50510.89756489247
i:250	50325.36916918245
i:300	50325.36916918245
i:350	50325.36916918245
i:400	50325.36916918245
i:450	50325.36916918245
routes: [0, 11, 13, 12, 15, 17, 19, 20, 18, 16, 14, 39, 40, 36, 37, 38, 35, 34, 33, 31, 32, 0, 50, 46, 49, 44, 43, 45, 42, 41, 47, 48, 21, 25, 24, 26, 29, 30, 27, 28, 23, 22, 0, 1, 3, 2, 8, 7, 9, 10, 5, 6, 4, 0]
Elapsed time: 628.6469376087189

i:0	65675.77977283677
i:50	51838.89210075171
i:100	50630.56689237573
i:150	50630.56689237573
i:200	50405.91053433479
i:250	50144.11042668455
i:300	50144.11042668455
i:350	50107.16110008964
i:400	50039.386575262455
i:450	49879.50066672117
routes: [0, 4, 3, 6, 5, 10, 7, 9, 8, 2, 1, 31, 32, 33, 34, 35, 38, 36, 37, 39, 40, 0, 23, 24, 26, 29, 30, 28, 27, 25, 22, 21, 48, 47, 41, 42, 43, 45, 46, 49, 50, 44, 0, 11, 15, 17, 19, 20, 18, 16, 14, 13, 12, 0]
Elapsed time: 707.4906661510468

i:0	64571.55721255271
i:50	52282.99574465722
i:100	50988.102882881016
i:150	50326.834329866986
i:200	49757.89774853762
i:250	49745.05117494022
i:300	49745.05117494022
i:350	49615.432383891406
i:400	49615.432383891406
i:450	49615.432383891406
routes: [0, 23, 24, 26, 29, 30, 28, 27, 25, 22, 21, 48, 47, 41, 42, 43, 45, 46, 49, 50, 44, 0, 4, 5, 6, 10, 9, 7, 8, 2, 3, 1, 31, 32, 33, 34, 35, 37, 38, 36, 39, 40, 0, 11, 13, 12, 15, 17, 19, 20, 18, 16, 14, 0]
Elapsed time: 618.6714820861816

i:0	66306.68832148764
i:50	51242.82575502012
i:100	50911.07090728027
i:150	50115.66852140101
i:200	49884.9352227527
i:250	49708.09260524911
i:300	49708.09260524911
i:350	49505.095519108945
i:400	49505.095519108945
i:450	49505.095519108945
routes: [0, 23, 22, 25, 27, 29, 30, 28, 26, 24, 21, 47, 41, 42, 43, 45, 48, 49, 50, 46, 44, 0, 11, 13, 12, 16, 15, 17, 19, 20, 18, 14, 39, 40, 36, 37, 38, 35, 34, 33, 31, 32, 0, 3, 6, 5, 10, 9, 7, 8, 2, 1, 4, 0]
Elapsed time: 622.1240401268005

i:0	66180.97668345968
i:50	54407.70066506452
i:100	53236.762012173625
i:150	51897.10757147777
i:200	51817.65785875653
i:250	51325.028667675666
i:300	51325.028667675666
i:350	51108.061476002535
i:400	51027.30035238019
i:450	51002.24400973156
routes: [0, 50, 46, 49, 44, 43, 42, 41, 45, 47, 48, 21, 23, 24, 26, 29, 30, 28, 27, 25, 22, 0, 4, 3, 6, 5, 10, 9, 7, 8, 2, 1, 31, 32, 33, 34, 35, 38, 36, 37, 39, 40, 0, 11, 13, 12, 15, 19, 17, 20, 18, 16, 14, 0]
Elapsed time: 724.0002617835999

i:0	66595.5052403989
i:50	51921.319775168755
i:100	51502.75014805548
i:150	51291.51861326644
i:200	50947.97409278284
i:250	50468.66510049765
i:300	50389.21538777641
i:350	50388.72085935539
i:400	50388.72085935539
i:450	50377.73961245949
routes: [0, 4, 3, 6, 5, 10, 7, 9, 8, 2, 1, 31, 32, 33, 34, 35, 38, 36, 37, 39, 40, 0, 50, 46, 49, 44, 43, 45, 42, 41, 47, 48, 21, 24, 26, 29, 30, 27, 28, 23, 25, 22, 0, 11, 13, 12, 15, 17, 19, 20, 18, 16, 14, 0]
Elapsed time: 714.2565126419067

i:0	66887.5865071797
i:50	51092.96368645129
i:100	51030.4196714585
i:150	50385.982787020606
i:200	50288.44309802627
i:250	50123.049212594706
i:300	50045.173388063464
i:350	49910.19383357069
i:400	49792.59557736991
i:450	49648.39372592045
routes: [0, 23, 24, 26, 29, 30, 28, 27, 25, 22, 21, 48, 47, 41, 42, 43, 45, 49, 50, 46, 44, 0, 4, 3, 6, 5, 10, 7, 9, 8, 2, 1, 31, 32, 33, 34, 35, 37, 38, 36, 39, 40, 0, 11, 13, 12, 15, 17, 19, 20, 18, 16, 14, 0]
Elapsed time: 713.148175239563

i:0	67385.70694921116
i:50	53512.48146624798
i:100	52568.77672432403
i:150	51636.275556633285
i:200	51190.595731771275
i:250	51146.26864255947
i:300	51127.86980028762
i:350	51127.86980028762
i:400	51080.04427467499
i:450	51080.04427467499
routes: [0, 39, 40, 37, 38, 36, 35, 34, 33, 31, 32, 1, 3, 2, 8, 7, 9, 10, 5, 6, 4, 0, 23, 22, 25, 27, 29, 30, 28, 26, 24, 21, 47, 48, 41, 42, 43, 45, 46, 49, 50, 44, 0, 11, 13, 12, 15, 16, 17, 19, 20, 18, 14, 0]
Elapsed time: 720.1832282543182

mean: 50324.35501622642
std: 987.1271286858904
mean-time: 679.2059891223907
std-time: 42.2483468578509