-g=1e-05, -a=7, -f=80, -s=1
i:0	81977.25123104578
i:50	69541.07827080267
i:100	69541.07827080267
i:150	69541.07827080267
i:200	69541.07827080267
i:250	69541.07827080267
i:300	69541.07827080267
i:350	69541.07827080267
i:400	69541.07827080267
i:450	69541.07827080267
routes: [0, 49, 50, 48, 47, 46, 34, 35, 33, 32, 31, 40, 38, 37, 39, 36, 29, 30, 28, 27, 26, 0, 11, 12, 14, 13, 15, 6, 8, 7, 9, 10, 23, 24, 21, 22, 25, 45, 43, 41, 42, 44, 0, 20, 18, 17, 19, 16, 4, 5, 3, 2, 1, 0]
Elapsed time: 173.69458413124084

i:0	288763.8360094905
i:50	65493.761571426156
i:100	65493.761571426156
i:150	65493.761571426156
i:200	65493.761571426156
i:250	65493.761571426156
i:300	65493.761571426156
i:350	65493.761571426156
i:400	65493.761571426156
i:450	65493.761571426156
routes: [0, 8, 7, 9, 10, 6, 25, 23, 22, 24, 21, 45, 43, 41, 42, 44, 5, 3, 4, 1, 2, 0, 26, 28, 27, 29, 30, 39, 36, 38, 37, 40, 32, 34, 35, 33, 31, 50, 49, 48, 47, 46, 0, 12, 15, 13, 14, 11, 18, 17, 20, 19, 16, 0]
Elapsed time: 132.9393424987793

i:0	287871.93377257243
i:50	69363.7321568357
i:100	69363.7321568357
i:150	69363.7321568357
i:200	69363.7321568357
i:250	69363.7321568357
i:300	69363.7321568357
i:350	69363.7321568357
i:400	69363.7321568357
i:450	69363.7321568357
routes: [0, 16, 18, 17, 19, 20, 14, 11, 12, 15, 13, 8, 7, 9, 10, 6, 21, 22, 24, 25, 23, 0, 4, 5, 3, 1, 2, 29, 30, 27, 26, 28, 39, 40, 38, 37, 36, 44, 43, 45, 41, 42, 0, 49, 50, 48, 47, 46, 34, 35, 33, 31, 32, 0]
Elapsed time: 118.5343120098114

i:0	281878.40651162737
i:50	66343.74711101461
i:100	66343.74711101461
i:150	66343.74711101461
i:200	66343.74711101461
i:250	66343.74711101461
i:300	66343.74711101461
i:350	66343.74711101461
i:400	66343.74711101461
i:450	66343.74711101461
routes: [0, 4, 3, 1, 2, 5, 22, 24, 25, 23, 21, 41, 42, 45, 43, 44, 39, 40, 38, 37, 36, 0, 29, 30, 28, 27, 26, 34, 35, 33, 32, 31, 50, 49, 48, 47, 46, 16, 20, 17, 19, 18, 0, 6, 8, 7, 9, 10, 12, 15, 13, 14, 11, 0]
Elapsed time: 121.87195253372192

i:0	298060.3953018554
i:50	68387.55983036828
i:100	68387.55983036828
i:150	68387.55983036828
i:200	68387.55983036828
i:250	68387.55983036828
i:300	68387.55983036828
i:350	68387.55983036828
i:400	68387.55983036828
i:450	68387.55983036828
routes: [0, 8, 7, 9, 10, 6, 24, 25, 23, 22, 21, 44, 43, 45, 41, 42, 39, 40, 38, 37, 36, 0, 50, 49, 48, 47, 46, 31, 32, 35, 33, 34, 26, 28, 27, 29, 30, 3, 1, 2, 4, 5, 0, 12, 15, 13, 14, 11, 18, 17, 20, 19, 16, 0]
Elapsed time: 126.19226098060608

i:0	288816.67119967524
i:50	71272.84960220296
i:100	71272.84960220296
i:150	71272.84960220296
i:200	71272.84960220296
i:250	71272.84960220296
i:300	71272.84960220296
i:350	71272.84960220296
i:400	71272.84960220296
i:450	71272.84960220296
routes: [0, 23, 22, 24, 25, 21, 45, 43, 41, 42, 44, 29, 30, 28, 27, 26, 47, 46, 50, 49, 48, 0, 16, 18, 17, 19, 20, 14, 13, 11, 12, 15, 10, 9, 8, 7, 6, 5, 3, 2, 4, 1, 0, 39, 36, 38, 37, 40, 35, 33, 34, 31, 32, 0]
Elapsed time: 134.188330411911

i:0	284976.3336023085
i:50	67992.88370410199
i:100	67992.88370410199
i:150	67992.88370410199
i:200	67992.88370410199
i:250	67992.88370410199
i:300	67992.88370410199
i:350	67992.88370410199
i:400	67992.88370410199
i:450	67992.88370410199
routes: [0, 16, 18, 17, 19, 20, 15, 13, 14, 11, 12, 8, 7, 9, 10, 6, 1, 2, 5, 3, 4, 0, 23, 24, 21, 22, 25, 41, 42, 45, 43, 44, 39, 40, 38, 37, 36, 29, 30, 27, 26, 28, 0, 34, 35, 33, 32, 31, 50, 49, 48, 47, 46, 0]
Elapsed time: 107.69740891456604

i:0	286401.6253125698
i:50	68325.56373810528
i:100	68325.56373810528
i:150	68325.56373810528
i:200	68325.56373810528
i:250	68325.56373810528
i:300	68325.56373810528
i:350	68325.56373810528
i:400	68325.56373810528
i:450	68325.56373810528
routes: [0, 14, 15, 13, 11, 12, 8, 7, 9, 10, 6, 23, 22, 24, 25, 21, 45, 43, 41, 42, 44, 0, 50, 49, 48, 47, 46, 26, 28, 27, 29, 30, 39, 36, 38, 37, 40, 31, 32, 35, 33, 34, 0, 18, 17, 20, 19, 16, 5, 3, 1, 2, 4, 0]
Elapsed time: 132.64841318130493

i:0	286480.73999869
i:50	69953.80074445275
i:100	69953.80074445275
i:150	69953.80074445275
i:200	69953.80074445275
i:250	69953.80074445275
i:300	69953.80074445275
i:350	69953.80074445275
i:400	69953.80074445275
i:450	69953.80074445275
routes: [0, 12, 15, 13, 14, 11, 18, 17, 20, 19, 16, 49, 50, 48, 47, 46, 5, 3, 1, 2, 4, 0, 8, 7, 9, 10, 6, 25, 23, 22, 24, 21, 45, 43, 41, 42, 44, 29, 30, 28, 27, 26, 0, 34, 35, 33, 32, 31, 40, 38, 37, 39, 36, 0]
Elapsed time: 131.47273969650269

i:0	292531.79214416485
i:50	71132.06207040402
i:100	71132.06207040402
i:150	71132.06207040402
i:200	71132.06207040402
i:250	71132.06207040402
i:300	71132.06207040402
i:350	71132.06207040402
i:400	71132.06207040402
i:450	71132.06207040402
routes: [0, 6, 8, 7, 9, 10, 11, 12, 15, 13, 14, 20, 18, 17, 19, 16, 4, 5, 3, 1, 2, 0, 34, 35, 33, 32, 31, 40, 38, 37, 39, 36, 29, 30, 28, 27, 26, 47, 46, 50, 49, 48, 0, 22, 24, 23, 25, 21, 45, 43, 41, 42, 44, 0]
Elapsed time: 124.97786402702332

mean: 68780.70387997144
std: 1782.1068019430027
mean-time: 130.42172083854675
std-time: 16.36293540383221