-g=1e-05, -a=7, -f=80, -s=1
i:0	278801.0392599907
i:50	258234.3386251828
i:100	258234.3386251828
i:150	258234.3386251828
i:200	258234.3386251828
i:250	258234.3386251828
i:300	258234.3386251828
i:350	258234.3386251828
i:400	258234.3386251828
i:450	258234.3386251828
routes: [0, 27, 26, 28, 29, 30, 44, 43, 45, 41, 42, 36, 38, 37, 39, 40, 33, 34, 35, 32, 31, 50, 49, 48, 47, 46, 16, 20, 17, 19, 18, 0, 4, 3, 1, 2, 5, 23, 21, 24, 25, 22, 6, 8, 7, 9, 10, 12, 15, 13, 11, 14, 0]
Elapsed time: 258.5234811306

i:0	286172.4897519864
i:50	83079.45287519772
i:100	83079.45287519772
i:150	83079.45287519772
i:200	83079.45287519772
i:250	83079.45287519772
i:300	83079.45287519772
i:350	83079.45287519772
i:400	83079.45287519772
i:450	83079.45287519772
routes: [0, 11, 14, 13, 15, 12, 10, 9, 8, 7, 6, 23, 24, 25, 22, 21, 43, 44, 45, 41, 42, 4, 5, 3, 1, 2, 48, 47, 46, 50, 49, 0, 38, 37, 40, 39, 36, 19, 18, 20, 17, 16, 31, 32, 35, 33, 34, 29, 28, 27, 30, 26, 0]
Elapsed time: 556.9076864719391

i:0	278675.93335526146
i:50	257669.2574160245
i:100	257669.2574160245
i:150	257669.2574160245
i:200	257669.2574160245
i:250	257669.2574160245
i:300	257540.98244145612
i:350	257540.98244145612
i:400	257540.98244145612
i:450	257528.16930145334
routes: [0, 49, 50, 48, 47, 46, 31, 33, 34, 35, 32, 40, 38, 37, 39, 36, 28, 27, 26, 30, 29, 44, 43, 45, 41, 42, 5, 3, 2, 1, 4, 0, 16, 20, 17, 19, 18, 11, 14, 13, 15, 12, 8, 7, 9, 10, 6, 23, 21, 24, 25, 22, 0]
Elapsed time: 280.0891842842102

i:0	278504.27758020355
i:50	259415.16524396295
i:100	259415.16524396295
i:150	258915.0886258237
i:200	258915.0886258237
i:250	258915.0886258237
i:300	258915.0886258237
i:350	258915.0886258237
i:400	258915.0886258237
i:450	258915.0886258237
routes: [0, 23, 22, 25, 24, 21, 41, 42, 45, 43, 44, 39, 36, 38, 37, 40, 33, 34, 35, 32, 31, 50, 49, 48, 47, 46, 16, 20, 17, 19, 18, 0, 29, 30, 28, 27, 26, 2, 1, 4, 3, 5, 6, 8, 7, 9, 10, 15, 13, 12, 11, 14, 0]
Elapsed time: 259.28599214553833

i:0	283924.39334307046
i:50	79554.99800128261
i:100	79554.99800128261
i:150	79554.99800128261
i:200	79554.99800128261
i:250	79554.99800128261
i:300	79554.99800128261
i:350	79554.99800128261
i:400	79554.99800128261
i:450	79554.99800128261
routes: [0, 7, 6, 8, 10, 9, 11, 12, 15, 13, 14, 20, 19, 18, 17, 16, 50, 49, 48, 47, 46, 26, 28, 27, 30, 29, 2, 4, 3, 5, 1, 0, 37, 40, 39, 36, 38, 31, 32, 34, 33, 35, 23, 24, 25, 21, 22, 43, 45, 41, 42, 44, 0]
Elapsed time: 538.272885799408

i:0	282195.7318365073
i:50	61262.351738775506
i:100	61262.351738775506
i:150	61262.351738775506
i:200	61262.351738775506
i:250	61262.351738775506
i:300	61262.351738775506
i:350	61262.351738775506
i:400	61262.351738775506
i:450	61262.351738775506
routes: [0, 11, 14, 13, 15, 12, 8, 7, 9, 10, 6, 23, 25, 22, 24, 21, 41, 42, 45, 43, 44, 29, 30, 28, 27, 26, 1, 2, 5, 3, 4, 0, 39, 36, 38, 37, 40, 31, 32, 34, 35, 33, 50, 49, 48, 47, 46, 16, 20, 17, 19, 18, 0]
Elapsed time: 159.44562125205994

i:0	280321.3120330288
i:50	60095.94798641616
i:100	60095.94798641616
i:150	60095.94798641616
i:200	60095.94798641616
i:250	60095.94798641616
i:300	60095.94798641616
i:350	60095.94798641616
i:400	60095.94798641616
i:450	60095.94798641616
routes: [0, 11, 14, 13, 15, 12, 8, 7, 9, 10, 6, 23, 25, 22, 24, 21, 41, 42, 45, 43, 44, 29, 30, 28, 27, 26, 1, 2, 5, 3, 4, 0, 49, 50, 48, 47, 46, 39, 37, 36, 38, 40, 31, 32, 35, 33, 34, 16, 20, 17, 19, 18, 0]
Elapsed time: 148.3691599369049

i:0	280417.8189825627
i:50	256456.8213386932
i:100	256456.8213386932
i:150	256456.8213386932
i:200	256456.8213386932
i:250	256456.8213386932
i:300	256456.8213386932
i:350	256456.8213386932
i:400	256456.8213386932
i:450	256456.8213386932
routes: [0, 4, 3, 2, 1, 5, 6, 8, 10, 9, 7, 23, 25, 22, 24, 21, 41, 42, 45, 43, 44, 39, 40, 38, 37, 36, 29, 30, 28, 27, 26, 0, 50, 49, 48, 47, 46, 31, 32, 35, 33, 34, 16, 18, 17, 19, 20, 15, 13, 12, 11, 14, 0]
Elapsed time: 281.9868891239166

i:0	280718.16279601795
i:50	62571.41536962909
i:100	62571.41536962909
i:150	62571.41536962909
i:200	62571.41536962909
i:250	62571.41536962909
i:300	62571.41536962909
i:350	62571.41536962909
i:400	62571.41536962909
i:450	62571.41536962909
routes: [0, 49, 50, 48, 47, 46, 11, 14, 13, 15, 12, 8, 10, 9, 7, 6, 23, 25, 22, 24, 21, 41, 42, 45, 43, 44, 5, 3, 2, 1, 4, 0, 18, 17, 20, 19, 16, 34, 35, 33, 32, 31, 40, 38, 37, 39, 36, 29, 30, 28, 27, 26, 0]
Elapsed time: 163.28086495399475

i:0	284714.69580184325
i:50	257046.00110041996
i:100	257046.00110041996
i:150	257046.00110041996
i:200	257046.00110041996
i:250	257046.00110041996
i:300	257046.00110041996
i:350	257046.00110041996
i:400	257046.00110041996
i:450	257046.00110041996
routes: [0, 16, 19, 18, 17, 20, 15, 13, 14, 11, 12, 8, 7, 9, 10, 6, 44, 43, 45, 41, 42, 21, 24, 25, 23, 22, 5, 3, 2, 1, 4, 0, 26, 28, 27, 29, 30, 39, 36, 38, 37, 40, 33, 34, 35, 32, 31, 50, 49, 48, 47, 46, 0]
Elapsed time: 275.09741139411926

mean: 163474.4584962874
std: 94423.2443610776
mean-time: 292.1259176492691
std-time: 137.22757244677211