-g=1e-05, -a=7, -f=80, -s=1
i:0	279840.70411032933
i:50	58187.32489251197
i:100	58187.32489251197
i:150	58187.32489251197
i:200	58187.32489251197
i:250	58187.32489251197
i:300	58187.32489251197
i:350	58187.32489251197
i:400	58187.32489251197
i:450	58187.32489251197
routes: [0, 5, 1, 2, 4, 3, 39, 40, 38, 37, 36, 28, 30, 29, 27, 26, 45, 41, 44, 43, 42, 21, 24, 25, 23, 22, 7, 9, 8, 10, 6, 0, 46, 48, 47, 49, 50, 34, 35, 33, 31, 32, 11, 12, 14, 13, 15, 17, 16, 20, 19, 18, 0]
Elapsed time: 123.29109382629395

i:0	276966.66636443755
i:50	59745.52531675987
i:100	59745.52531675987
i:150	59745.52531675987
i:200	59745.52531675987
i:250	59745.52531675987
i:300	59745.52531675987
i:350	59745.52531675987
i:400	59745.52531675987
i:450	59745.52531675987
routes: [0, 46, 48, 47, 49, 50, 34, 35, 33, 31, 32, 19, 18, 17, 20, 16, 15, 13, 11, 12, 14, 8, 7, 9, 10, 6, 5, 1, 4, 3, 2, 0, 45, 41, 44, 43, 42, 27, 26, 30, 29, 28, 39, 40, 38, 37, 36, 21, 24, 25, 23, 22, 0]
Elapsed time: 114.4760684967041

i:0	280761.772333562
i:50	255557.3123142843
i:100	255557.3123142843
i:150	255557.3123142843
i:200	255557.3123142843
i:250	255557.3123142843
i:300	255557.3123142843
i:350	255557.3123142843
i:400	255557.3123142843
i:450	255557.3123142843
routes: [0, 45, 41, 44, 43, 42, 27, 26, 29, 30, 28, 39, 40, 38, 37, 36, 33, 32, 31, 34, 35, 48, 47, 49, 50, 46, 3, 4, 5, 1, 2, 0, 6, 8, 10, 9, 7, 23, 25, 22, 21, 24, 11, 12, 14, 13, 15, 17, 16, 20, 19, 18, 0]
Elapsed time: 256.57749462127686

i:0	282779.31606992154
i:50	253540.54685639567
i:100	253540.54685639567
i:150	253540.54685639567
i:200	253540.54685639567
i:250	253540.54685639567
i:300	253540.54685639567
i:350	253540.54685639567
i:400	253540.54685639567
i:450	253540.54685639567
routes: [0, 23, 22, 25, 24, 21, 43, 42, 45, 41, 44, 27, 29, 30, 26, 28, 39, 40, 38, 37, 36, 33, 32, 31, 34, 35, 48, 47, 49, 50, 46, 0, 19, 18, 17, 20, 16, 15, 13, 11, 12, 14, 8, 7, 9, 10, 6, 5, 1, 4, 3, 2, 0]
Elapsed time: 271.0571005344391

i:0	280692.6128809806
i:50	56377.60915079495
i:100	56377.60915079495
i:150	56377.60915079495
i:200	56377.60915079495
i:250	56377.60915079495
i:300	56377.60915079495
i:350	56377.60915079495
i:400	56377.60915079495
i:450	56377.60915079495
routes: [0, 19, 18, 17, 20, 16, 15, 13, 11, 12, 14, 6, 8, 10, 9, 7, 23, 25, 22, 24, 21, 43, 42, 45, 41, 44, 4, 3, 2, 5, 1, 0, 27, 29, 30, 26, 28, 39, 37, 36, 38, 40, 33, 32, 31, 34, 35, 48, 47, 49, 50, 46, 0]
Elapsed time: 130.35217881202698

i:0	280159.7234737848
i:50	56181.402886008735
i:100	56181.402886008735
i:150	56181.402886008735
i:200	56181.402886008735
i:250	56181.402886008735
i:300	56181.402886008735
i:350	56181.402886008735
i:400	56181.402886008735
i:450	56181.402886008735
routes: [0, 5, 1, 2, 4, 3, 45, 41, 44, 43, 42, 21, 24, 25, 23, 22, 7, 9, 8, 10, 6, 11, 12, 14, 13, 15, 17, 16, 20, 19, 18, 0, 46, 48, 47, 49, 50, 34, 35, 33, 31, 32, 30, 29, 27, 26, 28, 39, 40, 38, 37, 36, 0]
Elapsed time: 138.5749614238739

i:0	278874.1230391832
i:50	54328.96596649836
i:100	54328.96596649836
i:150	54328.96596649836
i:200	54328.96596649836
i:250	54328.96596649836
i:300	54328.96596649836
i:350	54328.96596649836
i:400	54328.96596649836
i:450	54328.96596649836
routes: [0, 5, 1, 2, 4, 3, 45, 41, 44, 43, 42, 27, 29, 30, 26, 28, 39, 40, 38, 37, 36, 33, 32, 31, 34, 35, 48, 47, 49, 50, 46, 0, 23, 25, 22, 21, 24, 7, 9, 8, 10, 6, 11, 12, 14, 13, 15, 17, 16, 20, 19, 18, 0]
Elapsed time: 71.73971486091614

i:0	279230.6496718619
i:50	254544.87071624683
i:100	254544.87071624683
i:150	254544.87071624683
i:200	254544.87071624683
i:250	254544.87071624683
i:300	254544.87071624683
i:350	254544.87071624683
i:400	254544.87071624683
i:450	254544.87071624683
routes: [0, 1, 5, 2, 4, 3, 45, 41, 44, 43, 42, 39, 40, 38, 37, 36, 28, 30, 29, 27, 26, 46, 48, 47, 49, 50, 34, 35, 33, 31, 32, 0, 19, 18, 17, 20, 16, 15, 13, 11, 12, 14, 6, 8, 10, 9, 7, 23, 25, 22, 21, 24, 0]
Elapsed time: 257.67619919776917

i:0	279854.39293755725
i:50	253540.54685639567
i:100	253540.54685639567
i:150	253540.54685639567
i:200	253540.54685639567
i:250	253540.54685639567
i:300	253540.54685639567
i:350	253540.54685639567
i:400	253540.54685639567
i:450	253540.54685639567
routes: [0, 23, 22, 25, 24, 21, 43, 42, 45, 41, 44, 27, 29, 30, 26, 28, 39, 40, 38, 37, 36, 33, 32, 31, 34, 35, 48, 47, 49, 50, 46, 0, 19, 18, 17, 20, 16, 15, 13, 11, 12, 14, 8, 7, 9, 10, 6, 5, 1, 4, 3, 2, 0]
Elapsed time: 267.3304319381714

i:0	280679.98014739476
i:50	256080.3312054688
i:100	256080.3312054688
i:150	256080.3312054688
i:200	256080.3312054688
i:250	256080.3312054688
i:300	256080.3312054688
i:350	256080.3312054688
i:400	256080.3312054688
i:450	256080.3312054688
routes: [0, 27, 26, 29, 30, 28, 39, 40, 38, 37, 36, 45, 41, 44, 43, 42, 21, 24, 25, 23, 22, 7, 9, 8, 10, 6, 14, 15, 13, 11, 12, 0, 5, 2, 4, 3, 1, 46, 48, 47, 49, 50, 34, 35, 33, 31, 32, 19, 18, 17, 20, 16, 0]
Elapsed time: 270.5516664981842

mean: 155808.4436161365
std: 98855.64619965699
mean-time: 190.16269102096558
std-time: 76.41532625688448