-g=1e-05, -a=7, -f=80, -s=1
i:0	69269.01255224262
i:50	49869.06700380002
i:100	49044.33744948641
i:150	48986.09945698606
i:200	48635.13813296715
i:250	48617.74042088568
i:300	48336.99078204814
i:350	48314.7326694505
i:400	48314.7326694505
i:450	48042.89479179737
routes: [0, 21, 22, 23, 26, 24, 25, 27, 29, 30, 28, 39, 40, 36, 37, 34, 31, 32, 33, 35, 38, 0, 42, 41, 43, 44, 45, 46, 47, 48, 49, 50, 11, 19, 18, 20, 15, 16, 17, 12, 13, 14, 0, 1, 2, 3, 5, 4, 7, 9, 10, 8, 6, 0]
Elapsed time: 682.8289241790771

i:0	71092.25512981915
i:50	50426.01960490341
i:100	49973.09275675581
i:150	49672.38939649728
i:200	49624.37659384415
i:250	49461.585451925246
i:300	49461.585451925246
i:350	49379.20999120988
i:400	49379.20999120988
i:450	49317.9731702901
routes: [0, 21, 22, 23, 26, 24, 25, 27, 29, 30, 28, 39, 37, 34, 36, 31, 32, 33, 35, 38, 40, 0, 11, 14, 13, 18, 19, 20, 16, 15, 17, 12, 6, 10, 9, 7, 8, 5, 4, 3, 1, 2, 0, 41, 42, 43, 44, 45, 47, 48, 49, 50, 46, 0]
Elapsed time: 686.9673843383789

i:0	63340.45282501724
i:50	47912.106739244286
i:100	47784.50172994033
i:150	47784.50172994033
i:200	47724.86387909114
i:250	47602.011798940475
i:300	47602.011798940475
i:350	47602.011798940475
i:400	47602.011798940475
i:450	47602.011798940475
routes: [0, 21, 22, 23, 26, 24, 25, 27, 29, 30, 28, 36, 34, 31, 32, 33, 35, 38, 37, 39, 40, 0, 42, 41, 43, 44, 45, 46, 47, 48, 49, 50, 11, 19, 20, 16, 15, 17, 18, 14, 13, 12, 0, 1, 2, 3, 5, 4, 7, 9, 10, 8, 6, 0]
Elapsed time: 568.098982334137

i:0	71462.26023138626
i:50	51374.61348909521
i:100	50675.51534920759
i:150	50578.24460478245
i:200	50407.77125956469
i:250	50218.90720751388
i:300	50204.105541537676
i:350	50112.054077416265
i:400	50112.054077416265
i:450	50112.054077416265
routes: [0, 1, 2, 3, 5, 4, 7, 9, 10, 8, 6, 11, 19, 20, 15, 16, 17, 18, 14, 13, 12, 0, 21, 22, 23, 26, 24, 25, 27, 29, 30, 28, 36, 37, 34, 31, 32, 33, 35, 38, 39, 40, 0, 46, 49, 50, 47, 48, 45, 44, 43, 41, 42, 0]
Elapsed time: 603.6546769142151

i:0	64610.10279979451
i:50	50114.48010725283
i:100	49761.067714880715
i:150	49743.21694274167
i:200	49743.21694274167
i:250	49743.21694274167
i:300	49735.76049612023
i:350	49735.76049612023
i:400	49735.76049612023
i:450	49735.76049612023
routes: [0, 3, 1, 2, 5, 4, 7, 9, 10, 8, 6, 13, 14, 11, 19, 18, 17, 20, 15, 16, 12, 0, 21, 22, 23, 26, 24, 25, 27, 29, 30, 28, 39, 40, 36, 37, 34, 31, 32, 33, 35, 38, 0, 41, 42, 43, 44, 45, 47, 48, 49, 50, 46, 0]
Elapsed time: 517.3002550601959

i:0	66647.33987119186
i:50	51026.20920530244
i:100	50114.798115036494
i:150	49941.828485610065
i:200	49849.77702148864
i:250	49745.77013073964
i:300	49724.94825743501
i:350	49724.94825743501
i:400	49724.94825743501
i:450	49724.94825743501
routes: [0, 21, 22, 23, 26, 24, 25, 27, 29, 30, 28, 39, 40, 36, 37, 34, 31, 32, 33, 35, 38, 0, 1, 2, 3, 5, 4, 7, 9, 10, 8, 6, 15, 16, 17, 20, 19, 18, 11, 14, 13, 12, 0, 41, 42, 43, 44, 45, 47, 48, 49, 50, 46, 0]
Elapsed time: 593.2379937171936

i:0	65515.05080126056
i:50	50700.3060902523
i:100	49942.495280095754
i:150	49812.4866719369
i:200	49266.667552496656
i:250	49266.667552496656
i:300	49266.667552496656
i:350	49266.667552496656
i:400	49266.667552496656
i:450	49266.667552496656
routes: [0, 21, 22, 23, 26, 24, 25, 27, 29, 30, 28, 36, 34, 31, 32, 33, 35, 38, 37, 39, 40, 0, 1, 2, 3, 5, 4, 7, 9, 10, 8, 6, 15, 16, 17, 20, 19, 18, 11, 14, 13, 12, 0, 41, 42, 43, 44, 45, 47, 48, 49, 50, 46, 0]
Elapsed time: 553.242429971695

i:0	67026.21568584345
i:50	51973.22455440975
i:100	50908.68838738691
i:150	50361.60340185207
i:200	50196.406190597496
i:250	50196.406190597496
i:300	50181.60452462129
i:350	50181.60452462129
i:400	50071.702288360815
i:450	50021.460347037355
routes: [0, 3, 1, 2, 5, 4, 7, 9, 10, 8, 6, 15, 16, 17, 20, 19, 18, 12, 13, 14, 11, 0, 21, 22, 23, 26, 24, 25, 27, 29, 30, 28, 39, 40, 36, 37, 34, 31, 32, 33, 35, 38, 0, 41, 42, 43, 44, 45, 47, 48, 49, 50, 46, 0]
Elapsed time: 694.9996244907379

i:0	66588.17910357396
i:50	50008.304608499646
i:100	49251.978468013134
i:150	48994.31219684945
i:200	48663.76188449566
i:250	48626.999545339604
i:300	48140.66806283517
i:350	48140.66806283517
i:400	48140.66806283517
i:450	48140.66806283517
routes: [0, 42, 41, 43, 44, 45, 46, 47, 48, 49, 50, 11, 19, 18, 20, 15, 16, 17, 12, 13, 14, 0, 21, 22, 23, 26, 24, 25, 27, 29, 30, 28, 36, 31, 32, 33, 35, 38, 34, 37, 39, 40, 0, 1, 2, 3, 5, 4, 7, 9, 10, 8, 6, 0]
Elapsed time: 614.9209172725677

i:0	67261.90665405475
i:50	49200.723510584634
i:100	48546.3288392574
i:150	48516.04922182896
i:200	48516.04922182896
i:250	48434.44887251311
i:300	48248.16840881155
i:350	48248.16840881155
i:400	48248.16840881155
i:450	48202.61702976827
routes: [0, 13, 14, 12, 17, 15, 16, 20, 19, 18, 11, 50, 49, 47, 48, 46, 45, 44, 43, 41, 42, 0, 21, 22, 23, 26, 24, 25, 27, 29, 30, 28, 36, 34, 31, 32, 33, 35, 38, 37, 39, 40, 0, 1, 2, 3, 5, 4, 7, 9, 10, 8, 6, 0]
Elapsed time: 671.3952305316925

mean: 49009.29559521806
std: 874.3096730808779
mean-time: 618.664641880989
std-time: 59.48729604770305