-g=1e-05, -a=7, -f=80, -s=1
i:0	288048.0129886537
i:50	65914.49533541848
i:100	65914.49533541848
i:150	65914.49533541848
i:200	65914.49533541848
i:250	65914.49533541848
i:300	65914.49533541848
i:350	65914.49533541848
i:400	65914.49533541848
i:450	65914.49533541848
routes: [0, 2, 4, 3, 5, 1, 19, 18, 17, 20, 16, 15, 13, 11, 12, 14, 8, 7, 9, 10, 6, 0, 23, 22, 24, 25, 21, 43, 44, 45, 41, 42, 39, 40, 38, 37, 36, 29, 30, 28, 27, 26, 0, 46, 48, 47, 49, 50, 34, 35, 33, 31, 32, 0]
Elapsed time: 117.07982587814331

i:0	295557.96662304515
i:50	69293.4302913416
i:100	69293.4302913416
i:150	69293.4302913416
i:200	69293.4302913416
i:250	69293.4302913416
i:300	69293.4302913416
i:350	69293.4302913416
i:400	69293.4302913416
i:450	69293.4302913416
routes: [0, 19, 18, 17, 20, 16, 6, 8, 7, 10, 9, 25, 23, 24, 21, 22, 14, 15, 13, 11, 12, 0, 3, 4, 5, 1, 2, 45, 43, 41, 42, 44, 27, 29, 30, 26, 28, 39, 40, 38, 37, 36, 0, 46, 48, 47, 49, 50, 33, 31, 32, 34, 35, 0]
Elapsed time: 129.01585507392883

i:0	289999.5739876357
i:50	65653.17662765086
i:100	65653.17662765086
i:150	65653.17662765086
i:200	65653.17662765086
i:250	65653.17662765086
i:300	65628.40933757472
i:350	65628.40933757472
i:400	65628.40933757472
i:450	65628.40933757472
routes: [0, 19, 18, 17, 20, 16, 15, 13, 11, 12, 14, 21, 22, 24, 25, 23, 7, 9, 8, 10, 6, 0, 5, 1, 2, 4, 3, 44, 45, 43, 42, 41, 27, 26, 30, 29, 28, 39, 40, 38, 37, 36, 0, 46, 48, 47, 49, 50, 34, 35, 33, 31, 32, 0]
Elapsed time: 117.98916029930115

i:0	291345.12982975855
i:50	66726.46983486376
i:100	66726.46983486376
i:150	66726.46983486376
i:200	66726.46983486376
i:250	66726.46983486376
i:300	66726.46983486376
i:350	66726.46983486376
i:400	66726.46983486376
i:450	66726.46983486376
routes: [0, 19, 18, 17, 20, 16, 15, 13, 11, 12, 14, 23, 24, 21, 22, 25, 7, 9, 8, 10, 6, 0, 1, 2, 4, 5, 3, 27, 26, 30, 29, 28, 39, 40, 38, 37, 36, 45, 43, 44, 41, 42, 0, 46, 48, 47, 49, 50, 35, 33, 31, 32, 34, 0]
Elapsed time: 130.88008904457092

i:0	293880.77657156065
i:50	69068.71563415362
i:100	69068.71563415362
i:150	69068.71563415362
i:200	69068.71563415362
i:250	69068.71563415362
i:300	69068.71563415362
i:350	69068.71563415362
i:400	69068.71563415362
i:450	69068.71563415362
routes: [0, 3, 1, 2, 4, 5, 6, 10, 9, 8, 7, 24, 25, 23, 22, 21, 43, 44, 45, 41, 42, 0, 46, 48, 47, 49, 50, 35, 33, 31, 32, 34, 19, 18, 17, 20, 16, 11, 12, 15, 13, 14, 0, 40, 39, 38, 37, 36, 29, 30, 28, 27, 26, 0]
Elapsed time: 120.10543513298035

i:0	92146.83166908938
i:50	66610.52626545352
i:100	66610.52626545352
i:150	66610.52626545352
i:200	66610.52626545352
i:250	66610.52626545352
i:300	66610.52626545352
i:350	66610.52626545352
i:400	66610.52626545352
i:450	66360.87353178005
routes: [0, 46, 48, 47, 49, 50, 34, 31, 32, 35, 33, 40, 38, 37, 39, 36, 29, 30, 28, 27, 26, 0, 23, 24, 21, 22, 25, 7, 9, 8, 10, 6, 11, 12, 14, 13, 15, 17, 16, 20, 19, 18, 0, 45, 43, 44, 41, 42, 4, 5, 3, 1, 2, 0]
Elapsed time: 118.39855813980103

i:0	284648.0009044071
i:50	66539.17018546308
i:100	66539.17018546308
i:150	66539.17018546308
i:200	66539.17018546308
i:250	66539.17018546308
i:300	66539.17018546308
i:350	66539.17018546308
i:400	66539.17018546308
i:450	66539.17018546308
routes: [0, 43, 42, 44, 45, 41, 27, 26, 30, 29, 28, 39, 40, 38, 37, 36, 4, 3, 2, 5, 1, 0, 46, 48, 47, 49, 50, 34, 35, 33, 31, 32, 19, 18, 17, 20, 16, 15, 13, 14, 11, 12, 0, 23, 24, 21, 22, 25, 7, 9, 8, 10, 6, 0]
Elapsed time: 127.49960327148438

i:0	293358.64875918574
i:50	65577.12958601104
i:100	65577.12958601104
i:150	65577.12958601104
i:200	65577.12958601104
i:250	65577.12958601104
i:300	65577.12958601104
i:350	65577.12958601104
i:400	65577.12958601104
i:450	65577.12958601104
routes: [0, 3, 5, 1, 2, 4, 45, 43, 44, 41, 42, 23, 24, 21, 22, 25, 7, 9, 8, 10, 6, 0, 27, 29, 30, 26, 28, 39, 40, 38, 37, 36, 33, 31, 32, 34, 35, 48, 47, 49, 50, 46, 0, 19, 18, 17, 20, 16, 11, 12, 15, 13, 14, 0]
Elapsed time: 125.42018675804138

i:0	286005.6322937108
i:50	66369.0592565138
i:100	66369.0592565138
i:150	66369.0592565138
i:200	65878.7438331671
i:250	65878.7438331671
i:300	65878.7438331671
i:350	65878.7438331671
i:400	65878.7438331671
i:450	65878.7438331671
routes: [0, 1, 2, 4, 5, 3, 45, 43, 44, 41, 42, 27, 26, 30, 29, 28, 39, 40, 38, 37, 36, 0, 6, 10, 8, 7, 9, 25, 23, 24, 21, 22, 11, 12, 14, 13, 15, 17, 16, 20, 19, 18, 0, 34, 33, 31, 32, 35, 50, 48, 47, 49, 46, 0]
Elapsed time: 122.74805331230164

i:0	290771.4932079242
i:50	65143.082793376285
i:100	65143.082793376285
i:150	65125.68769310041
i:200	65125.68769310041
i:250	65125.68769310041
i:300	65125.68769310041
i:350	65125.68769310041
i:400	65125.68769310041
i:450	65125.68769310041
routes: [0, 46, 48, 47, 49, 50, 34, 33, 31, 32, 35, 40, 38, 37, 39, 36, 29, 30, 28, 27, 26, 0, 3, 4, 5, 1, 2, 45, 43, 44, 41, 42, 23, 24, 21, 22, 25, 7, 9, 8, 10, 6, 0, 19, 18, 17, 20, 16, 15, 13, 11, 12, 14, 0]
Elapsed time: 136.56766510009766

mean: 66611.31252628738
std: 1363.0369187278252
mean-time: 124.57044320106506
std-time: 6.112126415503416