-g=1e-05, -a=7, -f=80, -s=1
i:0	61088.10674663275
i:50	47921.37360767615
i:100	46374.80990553319
i:150	46105.80178297724
i:200	46105.80178297724
i:250	45918.5589228241
i:300	45633.852198581924
i:350	45633.852198581924
i:400	45633.852198581924
i:450	45593.351248393374
routes: [0, 41, 42, 43, 44, 45, 46, 47, 48, 49, 50, 11, 13, 14, 19, 18, 17, 20, 15, 16, 12, 3, 1, 2, 4, 5, 7, 9, 10, 8, 6, 0, 21, 22, 23, 26, 24, 25, 27, 29, 30, 28, 36, 34, 31, 32, 33, 35, 38, 37, 39, 40, 0]
Elapsed time: 635.2955527305603

i:0	262564.19382758957
i:50	48123.89398593214
i:100	48094.040670454924
i:150	47884.222149623834
i:200	47827.01260453001
i:250	47716.928147851846
i:300	47716.928147851846
i:350	47517.271995759664
i:400	47396.52770205963
i:450	47282.92374953803
routes: [0, 41, 42, 43, 44, 45, 46, 47, 48, 49, 50, 11, 19, 20, 15, 16, 17, 18, 13, 14, 12, 10, 9, 7, 8, 5, 4, 2, 1, 3, 6, 0, 39, 40, 37, 38, 35, 33, 32, 31, 34, 36, 28, 30, 29, 27, 26, 25, 24, 23, 21, 22, 0]
Elapsed time: 643.5933594703674

i:0	64297.55979761464
i:50	47492.75812139452
i:100	47086.11991995541
i:150	46904.39653781014
i:200	46804.50271794133
i:250	46570.93974391347
i:300	46570.93974391347
i:350	46517.59639085239
i:400	46517.59639085239
i:450	46261.92095046252
routes: [0, 46, 49, 50, 47, 48, 45, 44, 43, 41, 42, 40, 38, 35, 33, 32, 31, 34, 36, 37, 39, 28, 30, 29, 27, 26, 23, 21, 22, 25, 24, 0, 3, 1, 2, 4, 5, 8, 7, 9, 10, 6, 15, 16, 17, 20, 19, 18, 11, 14, 13, 12, 0]
Elapsed time: 865.447991847992

i:0	65701.6822818238
i:50	49578.34541049547
i:100	48719.97753559978
i:150	48467.16658661761
i:200	48305.81663155866
i:250	48295.13785411944
i:300	48293.65050130553
i:350	48205.28066718802
i:400	48181.50334630374
i:450	48165.534281366614
routes: [0, 41, 42, 43, 46, 45, 44, 48, 47, 49, 50, 11, 14, 13, 12, 19, 18, 17, 20, 15, 16, 10, 9, 7, 8, 5, 4, 2, 1, 3, 6, 0, 39, 40, 38, 34, 31, 32, 33, 35, 37, 36, 29, 30, 28, 26, 27, 25, 24, 23, 21, 22, 0]
Elapsed time: 645.5432271957397

i:0	60542.04559603149
i:50	48942.46352296019
i:100	48426.580068541814
i:150	48197.78899828029
i:200	48191.0173574695
i:250	48165.21763750064
i:300	48165.21763750064
i:350	48165.21763750064
i:400	48165.21763750064
i:450	48135.885667661
routes: [0, 1, 3, 2, 4, 5, 7, 9, 10, 8, 6, 15, 16, 17, 20, 19, 18, 12, 13, 14, 11, 50, 46, 49, 47, 48, 45, 44, 43, 41, 42, 0, 36, 37, 34, 31, 32, 33, 35, 38, 40, 39, 28, 26, 27, 29, 30, 23, 21, 22, 25, 24, 0]
Elapsed time: 630.3411355018616

i:0	67991.02573085713
i:50	47135.295113320906
i:100	46512.92055308553
i:150	46382.9075795161
i:200	46324.41207868672
i:250	46307.07332473042
i:300	46307.07332473042
i:350	46280.92725351272
i:400	46280.92725351272
i:450	46268.117023908395
routes: [0, 46, 47, 48, 49, 50, 45, 44, 43, 41, 42, 39, 37, 36, 34, 31, 32, 33, 35, 38, 40, 28, 30, 29, 27, 26, 25, 24, 23, 21, 22, 0, 3, 1, 2, 4, 5, 7, 9, 10, 8, 6, 13, 12, 17, 16, 15, 20, 19, 18, 11, 14, 0]
Elapsed time: 853.9302594661713

i:0	264754.13001702714
i:50	48639.30170030955
i:100	48023.04164632373
i:150	47801.487150524656
i:200	47801.487150524656
i:250	47598.519012815865
i:300	47261.09522566515
i:350	47261.09522566515
i:400	47243.75647170885
i:450	47243.75647170885
routes: [0, 41, 42, 43, 44, 45, 46, 47, 48, 49, 50, 11, 13, 14, 18, 19, 20, 15, 16, 17, 12, 10, 9, 7, 4, 2, 1, 3, 5, 8, 6, 0, 40, 36, 37, 34, 31, 32, 33, 35, 38, 39, 28, 30, 29, 27, 26, 25, 24, 23, 21, 22, 0]
Elapsed time: 643.6372313499451

i:0	70812.87413415518
i:50	49160.43321538533
i:100	48732.25708138208
i:150	48657.69122660512
i:200	48353.20403795187
i:250	48353.20403795187
i:300	48112.89436392112
i:350	48105.832710296396
i:400	48033.17894236832
i:450	47808.2947814229
routes: [0, 41, 42, 43, 44, 45, 47, 48, 46, 49, 50, 11, 13, 14, 18, 19, 20, 16, 15, 17, 12, 5, 3, 1, 2, 4, 7, 9, 10, 8, 6, 0, 40, 39, 37, 38, 35, 33, 32, 31, 34, 36, 28, 30, 29, 27, 26, 23, 21, 22, 25, 24, 0]
Elapsed time: 641.0890054702759

i:0	64413.25500709081
i:50	48445.470612086945
i:100	48145.82698414678
i:150	47213.04052711437
i:200	47195.194425707785
i:250	47195.194425707785
i:300	47195.194425707785
i:350	47035.7772641791
i:400	47008.79244550483
i:450	46960.44849390057
routes: [0, 41, 42, 43, 44, 45, 46, 49, 48, 47, 50, 11, 19, 20, 15, 16, 17, 18, 14, 13, 12, 3, 1, 2, 4, 5, 7, 9, 10, 8, 6, 0, 36, 34, 31, 32, 33, 35, 38, 37, 39, 40, 28, 30, 29, 27, 26, 23, 21, 22, 25, 24, 0]
Elapsed time: 647.4785242080688

i:0	265289.8591790593
i:50	48400.82743049649
i:100	47859.22452880579
i:150	47812.205408251364
i:200	47248.47631124101
i:250	46983.565491388115
i:300	46983.565491388115
i:350	46983.565491388115
i:400	46925.32749888777
i:450	46925.32749888777
routes: [0, 41, 42, 43, 44, 45, 46, 47, 48, 49, 50, 11, 13, 14, 18, 19, 20, 15, 16, 17, 12, 3, 1, 2, 4, 5, 7, 9, 10, 8, 6, 0, 36, 34, 31, 32, 33, 35, 38, 37, 39, 40, 28, 30, 29, 27, 26, 23, 21, 22, 25, 24, 0]
Elapsed time: 602.1400289535522

mean: 47034.0986734062
std: 794.373419126311
mean-time: 680.8496316194535
std-time: 90.31545555075951