-g=1e-05, -a=7, -f=80, -s=1
i:0	325388.1656278306
i:50	274202.6210595514
i:100	272492.21980269573
i:150	77773.44353930913
i:200	72014.70656961581
i:250	71417.12911377975
i:300	71413.66395230031
i:350	71405.33755116514
i:400	71214.26793188817
i:450	71058.65963916059
routes: [0, 51, 52, 53, 56, 54, 55, 57, 59, 60, 58, 76, 77, 79, 80, 78, 75, 73, 72, 71, 74, 61, 62, 63, 64, 65, 68, 67, 66, 69, 70, 0, 4, 5, 10, 8, 2, 1, 3, 6, 7, 9, 43, 42, 41, 44, 45, 47, 46, 49, 50, 48, 14, 12, 11, 13, 15, 17, 19, 20, 18, 16, 0, 31, 39, 38, 37, 40, 35, 36, 34, 33, 32, 21, 22, 25, 27, 29, 30, 28, 26, 23, 24, 0]
Elapsed time: 548.1184129714966

i:0	322338.1014937606
i:50	276764.46644734824
i:100	275309.027946325
i:150	273580.9845744319
i:200	273461.7590584272
i:250	272623.99929602793
i:300	74733.6371945949
i:350	74021.93273592897
i:400	73560.42850250288
i:450	73138.26230734435
routes: [0, 51, 52, 53, 56, 54, 55, 57, 59, 60, 58, 76, 74, 71, 72, 73, 75, 78, 77, 79, 80, 61, 62, 63, 65, 68, 67, 69, 70, 66, 64, 0, 43, 42, 41, 44, 45, 47, 46, 49, 50, 48, 17, 19, 20, 18, 16, 15, 14, 13, 11, 12, 10, 9, 7, 8, 5, 6, 2, 1, 3, 4, 0, 31, 37, 36, 35, 40, 39, 38, 34, 33, 32, 28, 30, 29, 27, 25, 26, 23, 22, 21, 24, 0]
Elapsed time: 537.326581954956

i:0	320496.61217598483
i:50	275454.3121908533
i:100	274124.1690049719
i:150	273803.9236554644
i:200	77369.64642887769
i:250	71089.40344799655
i:300	70130.8575900204
i:350	69758.82391508571
i:400	69523.02694040975
i:450	69523.02694040975
routes: [0, 51, 52, 53, 56, 54, 55, 57, 59, 60, 58, 76, 74, 71, 72, 73, 75, 78, 77, 79, 80, 61, 62, 63, 64, 65, 68, 67, 66, 69, 70, 0, 4, 1, 2, 3, 6, 5, 10, 7, 8, 9, 43, 45, 42, 41, 44, 46, 49, 50, 47, 48, 17, 19, 20, 18, 15, 14, 12, 11, 13, 16, 0, 31, 34, 33, 38, 39, 40, 36, 35, 37, 32, 28, 30, 29, 27, 25, 26, 24, 21, 23, 22, 0]
Elapsed time: 705.5938551425934

i:0	315987.0920023095
i:50	278885.56016931566
i:100	276972.20293852454
i:150	276861.91126288293
i:200	276741.0381629106
i:250	276495.29475621576
i:300	276495.29475621576
i:350	276285.8825758877
i:400	275750.32878622797
i:450	275385.8470606065
routes: [0, 13, 11, 12, 15, 14, 18, 17, 19, 20, 16, 22, 21, 23, 26, 25, 27, 29, 30, 28, 24, 33, 34, 31, 39, 40, 35, 36, 37, 38, 32, 0, 51, 52, 53, 55, 54, 56, 57, 59, 60, 58, 79, 80, 77, 74, 71, 72, 73, 75, 78, 76, 61, 63, 65, 67, 68, 70, 69, 66, 64, 62, 0, 4, 3, 1, 2, 8, 6, 5, 10, 7, 9, 43, 45, 47, 46, 49, 50, 48, 44, 41, 42, 0]
Elapsed time: 701.867103099823

i:0	321518.65118505945
i:50	276790.33427887695
i:100	276504.83121536544
i:150	275925.0833467902
i:200	275834.20312094653
i:250	275798.26212662895
i:300	275238.68118577043
i:350	275238.68118577043
i:400	275037.9330566544
i:450	274170.62304209796
routes: [0, 54, 60, 59, 57, 56, 52, 51, 53, 55, 58, 79, 77, 74, 76, 71, 72, 73, 75, 78, 80, 64, 65, 68, 67, 69, 70, 66, 63, 61, 62, 0, 31, 34, 33, 38, 39, 40, 35, 36, 37, 32, 30, 28, 29, 27, 25, 26, 24, 21, 23, 22, 16, 15, 13, 11, 12, 14, 17, 19, 20, 18, 0, 43, 42, 41, 44, 45, 47, 46, 49, 50, 48, 5, 10, 9, 7, 8, 2, 1, 3, 6, 4, 0]
Elapsed time: 720.892627954483

i:0	318579.9295731364
i:50	276392.71958652954
i:100	274733.9147146995
i:150	273498.84964302334
i:200	272226.31445167924
i:250	272223.7115762614
i:300	272036.9872830309
i:350	271465.006605997
i:400	271083.5297119729
i:450	271077.92924613925
routes: [0, 54, 55, 51, 52, 53, 56, 57, 59, 60, 58, 79, 80, 76, 71, 72, 73, 75, 78, 77, 74, 61, 62, 63, 65, 64, 68, 67, 66, 69, 70, 0, 4, 2, 1, 3, 8, 6, 5, 10, 7, 9, 43, 48, 47, 45, 42, 41, 44, 46, 49, 50, 17, 19, 14, 12, 11, 13, 15, 18, 20, 16, 0, 33, 34, 31, 39, 38, 37, 40, 35, 36, 32, 21, 23, 22, 25, 26, 27, 29, 30, 28, 24, 0]
Elapsed time: 772.7788338661194

i:0	320957.0325463264
i:50	282288.4446919179
i:100	279531.3785414275
i:150	279039.4995792521
i:200	277979.91098926234
i:250	277228.15166151465
i:300	276134.6313081618
i:350	275823.02577439183
i:400	275552.5288901644
i:450	275552.5288901644
routes: [0, 43, 45, 47, 48, 50, 49, 46, 44, 42, 41, 76, 77, 74, 71, 72, 73, 75, 78, 79, 80, 62, 61, 63, 64, 65, 68, 66, 67, 69, 70, 0, 31, 37, 36, 35, 40, 39, 38, 34, 33, 32, 24, 23, 21, 22, 25, 27, 29, 30, 28, 26, 16, 13, 15, 19, 20, 18, 17, 14, 11, 12, 0, 51, 52, 53, 58, 60, 59, 57, 56, 55, 54, 2, 8, 9, 7, 10, 5, 6, 3, 1, 4, 0]
Elapsed time: 763.8702335357666

i:0	332142.0573202863
i:50	278829.764186603
i:100	274489.38413351256
i:150	273896.65892182046
i:200	273896.65892182046
i:250	273817.86602130916
i:300	273618.53383888403
i:350	272628.36969836685
i:400	272628.36969836685
i:450	74618.6596392314
routes: [0, 51, 52, 53, 56, 54, 55, 57, 59, 60, 58, 79, 77, 76, 74, 71, 72, 73, 75, 78, 80, 61, 62, 63, 64, 65, 68, 67, 66, 69, 70, 0, 11, 12, 14, 13, 15, 18, 17, 19, 20, 16, 22, 21, 23, 25, 26, 27, 29, 30, 28, 24, 32, 36, 35, 40, 37, 39, 38, 31, 33, 34, 0, 43, 45, 47, 48, 49, 50, 46, 44, 41, 42, 9, 7, 8, 6, 5, 10, 2, 1, 3, 4, 0]
Elapsed time: 810.4617185592651

i:0	313422.322515469
i:50	281836.22254924226
i:100	281464.04984999145
i:150	279656.40122459934
i:200	279359.98766593984
i:250	279301.15139992733
i:300	279122.4425552579
i:350	278526.76806746155
i:400	277353.19232527755
i:450	277353.19232527755
routes: [0, 51, 53, 52, 54, 55, 57, 56, 59, 60, 58, 77, 79, 80, 74, 71, 72, 73, 75, 78, 76, 41, 46, 49, 50, 47, 44, 45, 42, 43, 48, 0, 31, 39, 40, 36, 35, 37, 38, 34, 33, 32, 28, 26, 25, 27, 29, 30, 24, 21, 23, 22, 13, 11, 12, 14, 18, 15, 17, 19, 20, 16, 0, 4, 3, 6, 5, 10, 9, 7, 8, 2, 1, 61, 63, 62, 64, 65, 68, 67, 66, 69, 70, 0]
Elapsed time: 768.7628898620605

i:0	320060.14791623416
i:50	80249.54046144868
i:100	76195.50158802228
i:150	75569.49121614342
i:200	74730.11587116527
i:250	74423.87938797104
i:300	74392.50824223254
i:350	74121.55833711055
i:400	74024.73507644422
i:450	73835.04788993578
routes: [0, 61, 62, 63, 64, 65, 68, 67, 66, 69, 70, 31, 39, 40, 35, 36, 37, 38, 34, 33, 32, 28, 30, 29, 27, 25, 26, 24, 21, 23, 22, 0, 4, 5, 7, 9, 8, 2, 1, 3, 6, 10, 43, 42, 41, 44, 45, 47, 46, 49, 50, 48, 14, 12, 11, 13, 15, 18, 17, 19, 20, 16, 0, 51, 52, 53, 56, 54, 55, 57, 59, 60, 58, 78, 75, 73, 72, 71, 74, 76, 77, 79, 80, 0]
Elapsed time: 1277.356825351715

mean: 173297.18432361522
std: 101281.4448793907
mean-time: 760.7029082298279
std-time: 193.0804758109002