-g=1e-05, -a=7, -f=80, -s=1
i:0	132736.64391989843
i:50	87680.00514018655
i:100	85146.88422558285
i:150	84342.44517370022
i:200	84103.0240059745
i:250	83804.14884966885
i:300	83589.65824705659
i:350	83271.18619758662
i:400	82987.70251459262
i:450	82987.70251459262
routes: [0, 43, 45, 42, 41, 44, 46, 49, 50, 47, 48, 12, 11, 13, 15, 14, 17, 19, 20, 18, 16, 0, 4, 5, 6, 10, 9, 7, 8, 3, 1, 2, 79, 74, 71, 72, 73, 75, 78, 76, 77, 80, 0, 31, 39, 38, 37, 40, 35, 36, 34, 33, 32, 28, 30, 29, 27, 25, 26, 24, 21, 23, 22, 0, 69, 70, 66, 67, 68, 65, 64, 63, 61, 62, 51, 52, 53, 59, 60, 58, 56, 57, 55, 54, 0]
Elapsed time: 1007.8767004013062

i:0	138501.19439023436
i:50	86486.97851846903
i:100	84599.04159402661
i:150	83314.2965042684
i:200	83314.2965042684
i:250	82781.88654480173
i:300	82759.16440869911
i:350	82694.9264981822
i:400	82533.95108998532
i:450	82055.32642147476
routes: [0, 31, 39, 40, 35, 36, 37, 38, 34, 33, 32, 30, 28, 27, 29, 25, 26, 24, 21, 23, 22, 0, 43, 42, 41, 44, 46, 45, 47, 49, 50, 48, 14, 12, 11, 13, 15, 18, 17, 19, 20, 16, 0, 4, 3, 6, 5, 10, 9, 7, 8, 2, 1, 52, 51, 53, 56, 60, 58, 59, 57, 55, 54, 0, 69, 70, 66, 67, 68, 65, 64, 63, 62, 61, 80, 79, 77, 74, 76, 71, 72, 73, 75, 78, 0]
Elapsed time: 992.8384199142456

i:0	322354.2290076301
i:50	85457.53618168106
i:100	85321.89836653741
i:150	84761.21063556893
i:200	84520.75567132846
i:250	84226.00088696071
i:300	84221.91474810558
i:350	84094.67580714941
i:400	84077.82665332816
i:450	84044.45472774332
routes: [0, 21, 22, 23, 25, 27, 29, 30, 28, 26, 24, 31, 39, 38, 40, 35, 36, 37, 32, 33, 34, 0, 13, 16, 15, 18, 20, 19, 17, 14, 12, 11, 43, 45, 47, 48, 49, 50, 46, 44, 41, 42, 0, 51, 52, 53, 59, 60, 58, 56, 57, 55, 54, 2, 8, 7, 9, 10, 6, 1, 3, 5, 4, 0, 76, 71, 74, 72, 73, 75, 78, 77, 79, 80, 61, 62, 63, 64, 65, 67, 68, 66, 69, 70, 0]
Elapsed time: 1001.6165409088135

i:0	136041.9438759024
i:50	87235.32033630036
i:100	85951.08758398978
i:150	85093.04316007673
i:200	85060.08978563626
i:250	84968.02495298025
i:300	84874.13894039321
i:350	84727.06477319193
i:400	84560.88915079474
i:450	84443.29089459396
routes: [0, 21, 23, 22, 25, 27, 29, 30, 28, 26, 24, 33, 34, 31, 39, 40, 35, 36, 37, 38, 32, 0, 13, 16, 20, 19, 17, 18, 15, 14, 12, 11, 43, 47, 45, 42, 41, 44, 46, 49, 50, 48, 0, 4, 3, 2, 8, 7, 9, 10, 5, 6, 1, 51, 53, 56, 54, 55, 57, 59, 60, 58, 52, 0, 79, 77, 74, 76, 71, 72, 73, 75, 78, 80, 61, 62, 63, 65, 68, 67, 69, 70, 66, 64, 0]
Elapsed time: 962.8867797851562

i:0	130063.01344876355
i:50	87262.7406593982
i:100	86269.88886698365
i:150	85328.07966474231
i:200	84170.3382281799
i:250	84053.08433389629
i:300	83794.67435858394
i:350	83497.56406526637
i:400	83410.20295962825
i:450	83369.81474942868
routes: [0, 4, 1, 3, 6, 5, 10, 9, 7, 8, 2, 51, 52, 53, 56, 59, 60, 58, 57, 55, 54, 0, 11, 13, 15, 16, 20, 18, 19, 17, 14, 12, 48, 46, 49, 50, 47, 45, 44, 41, 43, 42, 0, 31, 33, 34, 38, 39, 40, 35, 36, 37, 32, 21, 23, 22, 25, 26, 27, 29, 30, 28, 24, 0, 76, 74, 71, 72, 73, 75, 78, 79, 77, 80, 61, 62, 63, 64, 65, 67, 68, 66, 69, 70, 0]
Elapsed time: 977.9932055473328

i:0	124206.22148891956
i:50	86725.8536561591
i:100	83803.87069421381
i:150	83179.64316462295
i:200	82997.8840179955
i:250	82926.95801542861
i:300	82433.0450557287
i:350	82294.19060061994
i:400	82283.30315625458
i:450	82116.98903130862
routes: [0, 4, 5, 10, 9, 7, 8, 6, 3, 1, 2, 62, 61, 63, 64, 65, 68, 66, 67, 69, 70, 0, 43, 42, 41, 44, 46, 45, 47, 49, 50, 48, 12, 11, 13, 14, 17, 19, 20, 18, 15, 16, 0, 51, 52, 53, 56, 54, 55, 57, 59, 60, 58, 79, 77, 74, 76, 71, 72, 73, 75, 78, 80, 0, 21, 24, 23, 26, 22, 25, 27, 29, 30, 28, 32, 33, 34, 37, 35, 36, 40, 39, 38, 31, 0]
Elapsed time: 1063.8885395526886

i:0	124828.86398628184
i:50	87492.79467857507
i:100	86685.27122784682
i:150	86046.27450500146
i:200	84607.20770087457
i:250	84273.0300868407
i:300	84022.44182900942
i:350	83751.52773508412
i:400	83370.08140946575
i:450	83370.08140946575
routes: [0, 31, 34, 33, 38, 39, 40, 36, 35, 37, 32, 30, 28, 27, 29, 25, 26, 24, 21, 23, 22, 0, 13, 15, 17, 19, 20, 18, 16, 14, 12, 11, 43, 47, 48, 45, 42, 41, 44, 46, 49, 50, 0, 4, 5, 10, 9, 7, 8, 6, 3, 1, 2, 52, 51, 53, 59, 60, 58, 56, 57, 55, 54, 0, 69, 70, 66, 67, 68, 65, 64, 63, 62, 61, 79, 77, 74, 71, 72, 73, 75, 78, 80, 76, 0]
Elapsed time: 979.7525537014008

i:0	123536.7661755764
i:50	87870.08927096438
i:100	86597.96973383077
i:150	86347.92514260096
i:200	86182.54380222314
i:250	85457.68831601959
i:300	85252.86991387198
i:350	85252.86991387198
i:400	84822.45009437864
i:450	83951.30061225494
routes: [0, 13, 14, 15, 17, 19, 20, 18, 16, 12, 11, 43, 45, 46, 49, 50, 48, 47, 44, 41, 42, 0, 4, 1, 2, 3, 6, 5, 10, 9, 7, 8, 54, 55, 56, 57, 59, 60, 58, 53, 51, 52, 0, 31, 34, 33, 32, 38, 39, 40, 37, 35, 36, 30, 28, 27, 29, 25, 26, 24, 21, 23, 22, 0, 69, 70, 66, 67, 68, 65, 64, 62, 63, 61, 78, 74, 71, 72, 73, 75, 77, 79, 80, 76, 0]
Elapsed time: 979.3681511878967

i:0	113029.55307512282
i:50	85397.9688886645
i:100	83657.46204837912
i:150	82857.59004884807
i:200	82730.9195013193
i:250	82689.9139094732
i:300	82666.2049891396
i:350	82421.12106585522
i:400	82179.0763240018
i:450	82179.0763240018
routes: [0, 21, 22, 23, 24, 26, 25, 29, 27, 28, 30, 35, 36, 37, 40, 39, 38, 31, 34, 33, 32, 0, 4, 5, 6, 10, 9, 7, 8, 3, 1, 2, 52, 51, 53, 56, 59, 60, 58, 57, 55, 54, 0, 43, 42, 41, 45, 44, 46, 49, 50, 47, 48, 17, 19, 20, 18, 15, 14, 11, 12, 13, 16, 0, 76, 74, 71, 72, 73, 75, 78, 79, 77, 80, 61, 62, 63, 64, 65, 68, 66, 67, 69, 70, 0]
Elapsed time: 1051.9084701538086

i:0	325740.98872326966
i:50	84534.57206563292
i:100	83922.82119154173
i:150	83704.8196085626
i:200	83462.93887788922
i:250	82748.39884106666
i:300	82748.39884106666
i:350	82570.47832112933
i:400	82145.93718450522
i:450	81942.16539495712
routes: [0, 4, 1, 3, 2, 6, 5, 10, 9, 7, 8, 54, 55, 57, 59, 60, 58, 56, 53, 51, 52, 0, 31, 34, 33, 32, 38, 39, 40, 37, 35, 36, 30, 28, 26, 27, 29, 25, 22, 23, 21, 24, 0, 13, 16, 20, 19, 17, 18, 15, 14, 12, 11, 43, 41, 44, 46, 49, 50, 48, 47, 45, 42, 0, 76, 71, 72, 73, 75, 78, 74, 77, 79, 80, 61, 62, 63, 64, 65, 67, 68, 66, 69, 70, 0]
Elapsed time: 1001.9525520801544

mean: 82888.49862041142
std: 853.4286355664857
mean-time: 1002.0081913232804
std-time: 30.907903718086544