-g=1e-05, -a=7, -f=80, -s=1
i:0	508525.1704033916
i:50	275988.90286293335
i:100	275456.8108673521
i:150	275076.90490155935
i:200	274902.17497320677
i:250	274669.57143816486
i:300	274266.3769931889
i:350	273264.90218945645
i:400	273264.90218945645
i:450	273251.322511692
routes: [0, 4, 1, 2, 3, 5, 6, 7, 8, 70, 68, 67, 69, 65, 66, 71, 72, 33, 36, 38, 39, 37, 34, 35, 40, 15, 12, 10, 9, 11, 13, 16, 14, 0, 73, 74, 75, 76, 77, 78, 79, 80, 54, 55, 56, 53, 52, 51, 49, 50, 41, 42, 43, 46, 44, 45, 47, 48, 64, 61, 59, 58, 57, 63, 60, 62, 0, 25, 27, 28, 32, 31, 30, 29, 26, 20, 17, 19, 21, 23, 24, 22, 18, 0]
Elapsed time: 808.0983035564423

i:0	513782.1870666538
i:50	279796.06883939274
i:100	277080.175733412
i:150	276442.78596940055
i:200	276199.575364451
i:250	275907.465147831
i:300	275790.0744557273
i:350	275790.0744557273
i:400	274923.6321945678
i:450	274564.2407076647
routes: [0, 41, 42, 43, 47, 44, 45, 46, 48, 62, 60, 63, 64, 61, 59, 58, 57, 68, 70, 67, 66, 69, 65, 71, 72, 33, 35, 40, 39, 38, 36, 37, 34, 0, 25, 28, 27, 26, 32, 31, 30, 29, 24, 23, 21, 22, 20, 17, 19, 18, 14, 16, 13, 15, 12, 11, 9, 10, 5, 6, 7, 8, 2, 1, 3, 4, 0, 78, 80, 79, 75, 76, 77, 73, 74, 50, 49, 51, 53, 55, 56, 54, 52, 0]
Elapsed time: 773.8857433795929

i:0	510883.91856792924
i:50	273906.9957501391
i:100	74662.5199510034
i:150	74469.86484546625
i:200	74102.72110483258
i:250	74102.72110483258
i:300	73349.10529904223
i:350	73251.73698311401
i:400	73251.73698311401
i:450	73251.73698311401
routes: [0, 11, 14, 16, 13, 15, 12, 10, 9, 40, 39, 38, 36, 37, 35, 34, 33, 72, 71, 65, 66, 69, 67, 68, 70, 7, 8, 2, 1, 3, 6, 5, 4, 0, 73, 74, 75, 76, 77, 79, 78, 80, 54, 55, 56, 53, 52, 51, 50, 49, 64, 61, 59, 58, 60, 57, 63, 62, 48, 42, 41, 43, 46, 47, 45, 44, 0, 25, 28, 27, 32, 30, 29, 31, 26, 17, 19, 18, 22, 21, 23, 24, 20, 0]
Elapsed time: 308.8172245025635

i:0	513797.10251544655
i:50	279984.16265536484
i:100	279349.1082075342
i:150	279221.51308276696
i:200	278868.08990972186
i:250	278582.7550232434
i:300	278502.46137552214
i:350	278472.46676393104
i:400	278472.46676393104
i:450	277939.8713372863
routes: [0, 27, 28, 30, 29, 31, 32, 26, 25, 54, 55, 56, 53, 52, 51, 50, 49, 64, 61, 59, 58, 57, 63, 62, 60, 48, 43, 41, 42, 46, 47, 45, 44, 0, 17, 19, 21, 23, 24, 22, 20, 18, 14, 16, 11, 13, 15, 12, 10, 9, 5, 4, 3, 6, 7, 8, 2, 1, 74, 73, 75, 76, 77, 80, 79, 78, 0, 70, 68, 67, 66, 69, 65, 71, 72, 33, 36, 38, 39, 37, 34, 35, 40, 0]
Elapsed time: 764.9661798477173

i:0	515021.0025850221
i:50	279997.153345822
i:100	278419.0183777046
i:150	277793.15961420705
i:200	277088.7223766146
i:250	276526.8352438175
i:300	276257.54888744844
i:350	275943.3887728241
i:400	275943.3887728241
i:450	275224.4698068765
routes: [0, 73, 74, 75, 76, 77, 80, 79, 78, 25, 28, 27, 26, 32, 31, 30, 29, 24, 23, 21, 22, 20, 17, 19, 18, 16, 13, 15, 12, 10, 9, 11, 14, 0, 42, 43, 41, 48, 46, 47, 45, 44, 68, 70, 67, 69, 72, 71, 65, 66, 63, 62, 60, 58, 57, 59, 61, 64, 50, 49, 51, 52, 53, 55, 56, 54, 0, 35, 40, 39, 37, 38, 36, 33, 34, 5, 6, 7, 8, 2, 1, 3, 4, 0]
Elapsed time: 772.2273037433624

i:0	512660.8583620031
i:50	281046.24352368666
i:100	280315.89400103857
i:150	279388.0594575987
i:200	278850.9340630283
i:250	278614.5581820512
i:300	278517.73811265535
i:350	278495.3831073185
i:400	278208.355368971
i:450	277791.56215736666
routes: [0, 4, 5, 6, 3, 1, 2, 8, 7, 35, 34, 33, 36, 38, 39, 37, 40, 15, 12, 10, 9, 11, 13, 16, 14, 21, 23, 22, 24, 20, 17, 19, 18, 0, 69, 67, 66, 65, 71, 72, 70, 68, 44, 45, 47, 48, 46, 43, 42, 41, 49, 51, 54, 55, 56, 53, 52, 50, 64, 61, 59, 58, 57, 63, 60, 62, 0, 74, 73, 75, 77, 76, 79, 78, 80, 25, 32, 30, 29, 31, 28, 27, 26, 0]
Elapsed time: 818.1242425441742

i:0	331269.73084997217
i:50	280326.14483856334
i:100	277226.67141130916
i:150	276884.1482507682
i:200	276044.40657177335
i:250	275918.33200085664
i:300	275557.4537842107
i:350	275532.52133619017
i:400	275514.52593093895
i:450	275507.9181835878
routes: [0, 74, 73, 75, 77, 76, 80, 79, 78, 25, 27, 28, 30, 29, 31, 32, 26, 11, 9, 10, 12, 13, 15, 16, 14, 18, 21, 23, 24, 22, 17, 19, 20, 0, 4, 3, 1, 6, 5, 7, 8, 2, 41, 42, 43, 46, 44, 45, 47, 48, 63, 62, 60, 58, 57, 59, 61, 64, 50, 49, 51, 52, 53, 55, 56, 54, 0, 35, 34, 37, 40, 39, 38, 36, 33, 72, 71, 65, 66, 69, 67, 70, 68, 0]
Elapsed time: 784.3444721698761

i:0	509419.0702533846
i:50	281528.7897133863
i:100	277760.10730038286
i:150	277213.451843326
i:200	276914.06215439516
i:250	276436.3359472141
i:300	276052.8184967828
i:350	276039.52183895954
i:400	275095.31979857443
i:450	275095.31979857443
routes: [0, 42, 43, 41, 48, 46, 47, 45, 44, 70, 71, 72, 65, 66, 69, 67, 68, 63, 62, 60, 57, 59, 58, 61, 64, 50, 49, 51, 54, 55, 56, 53, 52, 0, 4, 5, 6, 3, 1, 2, 8, 7, 35, 34, 33, 36, 38, 39, 37, 40, 15, 12, 10, 9, 11, 13, 16, 14, 18, 17, 19, 21, 23, 24, 22, 20, 0, 27, 28, 26, 30, 29, 31, 32, 25, 80, 79, 77, 76, 78, 75, 73, 74, 0]
Elapsed time: 768.7620756626129

i:0	329226.13168441027
i:50	281524.11978140596
i:100	281408.4453036904
i:150	279157.51595843973
i:200	278326.4881168588
i:250	277876.881168582
i:300	277859.63929131604
i:350	277859.63929131604
i:400	277747.4546803778
i:450	277578.3342768371
routes: [0, 41, 42, 43, 47, 44, 45, 46, 48, 62, 60, 63, 64, 61, 59, 58, 57, 68, 70, 67, 66, 69, 65, 71, 72, 33, 35, 40, 39, 38, 36, 37, 34, 0, 9, 10, 12, 13, 15, 16, 14, 11, 73, 74, 75, 76, 77, 80, 79, 78, 54, 55, 56, 53, 52, 51, 49, 50, 1, 2, 8, 7, 5, 6, 3, 4, 0, 17, 19, 18, 22, 21, 23, 24, 20, 27, 26, 30, 29, 31, 32, 25, 28, 0]
Elapsed time: 748.5470817089081

i:0	517212.344927185
i:50	278030.8110327704
i:100	276243.24278477667
i:150	275517.0837839846
i:200	275354.6978697833
i:250	274783.11965757067
i:300	274400.3537640541
i:350	273883.81354836735
i:400	273833.47408936376
i:450	273088.38090762845
routes: [0, 75, 76, 77, 80, 79, 78, 73, 74, 41, 46, 47, 45, 44, 42, 43, 48, 63, 62, 60, 57, 59, 58, 61, 64, 50, 49, 51, 52, 53, 55, 56, 54, 0, 4, 5, 6, 3, 1, 2, 7, 8, 70, 68, 67, 66, 69, 65, 71, 72, 33, 34, 35, 39, 38, 36, 37, 40, 15, 12, 10, 9, 11, 13, 16, 14, 0, 17, 19, 18, 22, 21, 23, 24, 20, 26, 30, 29, 31, 32, 25, 27, 28, 0]
Elapsed time: 773.2147033214569

mean: 255239.46001139414
std: 60685.34499480306
mean-time: 732.0987330436707
std-time: 142.41319218701204