-g=1e-05, -a=7, -f=80, -s=1
i:0	118374.5726657242
i:50	91314.91415955184
i:100	90505.12480985449
i:150	90487.13048575993
i:200	90487.13048575993
i:250	90475.1730462219
i:300	90475.1730462219
i:350	90475.1730462219
i:400	90475.1730462219
i:450	90475.1730462219
routes: [0, 35, 34, 37, 40, 39, 38, 36, 33, 71, 72, 69, 67, 65, 66, 70, 68, 0, 25, 27, 28, 32, 31, 30, 29, 26, 24, 23, 21, 22, 18, 17, 19, 20, 0, 76, 79, 77, 80, 78, 75, 73, 74, 49, 51, 52, 53, 55, 54, 56, 50, 0, 4, 5, 6, 3, 1, 2, 8, 7, 9, 11, 10, 12, 13, 15, 16, 14, 0, 41, 42, 43, 46, 44, 45, 47, 48, 63, 64, 61, 59, 58, 57, 62, 60, 0]
Elapsed time: 708.3421967029572

i:0	129276.47411635611
i:50	94930.40168977367
i:100	93257.28002135923
i:150	93107.38109609844
i:200	93070.49940791927
i:250	93041.90367530913
i:300	92996.59407325729
i:350	92966.28037530082
i:400	92966.28037530082
i:450	92966.28037530082
routes: [0, 17, 19, 20, 23, 24, 22, 21, 18, 14, 11, 13, 15, 16, 12, 10, 9, 0, 6, 5, 4, 1, 3, 2, 8, 7, 35, 33, 34, 36, 38, 39, 37, 40, 0, 63, 62, 57, 58, 60, 59, 61, 64, 50, 49, 51, 52, 53, 55, 56, 54, 0, 41, 42, 43, 48, 46, 47, 45, 44, 68, 67, 69, 72, 71, 65, 66, 70, 0, 73, 74, 75, 76, 79, 78, 77, 80, 25, 32, 30, 29, 31, 28, 27, 26, 0]
Elapsed time: 739.3403143882751

i:0	121193.79523043407
i:50	92500.57655387608
i:100	91587.07006785317
i:150	91094.5194208959
i:200	91052.25942670293
i:250	91052.25942670293
i:300	91048.15337526942
i:350	91048.15337526942
i:400	91048.15337526942
i:450	91048.15337526942
routes: [0, 35, 40, 39, 38, 36, 37, 34, 33, 71, 72, 69, 67, 65, 66, 70, 68, 0, 17, 19, 18, 21, 24, 23, 22, 20, 27, 26, 30, 29, 31, 32, 25, 28, 0, 41, 42, 43, 46, 44, 45, 47, 48, 63, 64, 61, 59, 58, 57, 62, 60, 0, 9, 11, 14, 13, 15, 16, 12, 10, 5, 7, 8, 6, 2, 1, 3, 4, 0, 73, 74, 77, 79, 78, 75, 76, 80, 54, 55, 56, 49, 51, 52, 53, 50, 0]
Elapsed time: 748.1373183727264

i:0	117577.77959775663
i:50	93932.42599638512
i:100	92954.4719430769
i:150	91836.81576089651
i:200	91309.54763478207
i:250	91297.01419693348
i:300	91254.08049296224
i:350	91254.08049296224
i:400	91254.08049296224
i:450	91254.08049296224
routes: [0, 9, 11, 14, 13, 15, 16, 12, 10, 5, 7, 8, 6, 2, 1, 3, 4, 0, 41, 42, 43, 46, 44, 45, 47, 48, 64, 61, 59, 58, 57, 63, 60, 62, 0, 17, 19, 18, 21, 24, 23, 22, 20, 30, 29, 31, 32, 25, 28, 27, 26, 0, 70, 68, 67, 69, 65, 66, 71, 72, 33, 35, 40, 39, 38, 36, 37, 34, 0, 73, 74, 75, 76, 77, 80, 79, 78, 54, 55, 56, 53, 50, 49, 51, 52, 0]
Elapsed time: 785.6118977069855

i:0	127285.78791768824
i:50	94765.30737919807
i:100	92638.08913424422
i:150	92559.64561095816
i:200	92559.64561095816
i:250	92559.64561095816
i:300	92559.64561095816
i:350	92559.64561095816
i:400	92559.64561095816
i:450	92559.64561095816
routes: [0, 80, 79, 76, 77, 78, 75, 73, 74, 50, 49, 51, 55, 54, 56, 53, 52, 0, 4, 5, 6, 3, 1, 2, 8, 7, 68, 67, 69, 72, 71, 65, 66, 70, 0, 17, 19, 18, 21, 24, 23, 22, 20, 30, 29, 31, 32, 25, 28, 27, 26, 0, 35, 34, 33, 36, 38, 39, 37, 40, 15, 16, 13, 12, 10, 9, 11, 14, 0, 41, 42, 43, 46, 44, 45, 47, 48, 64, 61, 59, 58, 57, 63, 60, 62, 0]
Elapsed time: 673.0951883792877

i:0	323771.50912856474
i:50	92466.33133209276
i:100	91692.63752738037
i:150	91607.98544662385
i:200	91254.08049296222
i:250	91254.08049296222
i:300	91254.08049296222
i:350	91254.08049296222
i:400	91254.08049296222
i:450	91254.08049296222
routes: [0, 73, 74, 75, 76, 77, 80, 79, 78, 54, 55, 56, 53, 50, 49, 51, 52, 0, 41, 42, 43, 46, 44, 45, 47, 48, 64, 61, 59, 58, 57, 63, 60, 62, 0, 9, 11, 14, 13, 15, 16, 12, 10, 5, 7, 8, 6, 2, 1, 3, 4, 0, 17, 19, 18, 21, 24, 23, 22, 20, 30, 29, 31, 32, 25, 28, 27, 26, 0, 70, 68, 67, 69, 65, 66, 71, 72, 33, 35, 40, 39, 38, 36, 37, 34, 0]
Elapsed time: 724.6693165302277

i:0	137540.74957693665
i:50	93370.74425380307
i:100	92420.99859315419
i:150	91986.60247698621
i:200	91617.56055731219
i:250	91419.11163718847
i:300	91419.11163718847
i:350	91419.11163718847
i:400	91340.50821892207
i:450	91340.50821892207
routes: [0, 9, 11, 14, 13, 15, 16, 12, 10, 5, 6, 7, 8, 3, 2, 1, 4, 0, 35, 34, 37, 40, 39, 38, 36, 33, 71, 72, 69, 67, 65, 66, 70, 68, 0, 64, 61, 59, 58, 57, 63, 60, 62, 48, 46, 47, 45, 44, 43, 41, 42, 0, 17, 19, 18, 21, 24, 23, 22, 20, 27, 26, 30, 29, 31, 32, 25, 28, 0, 73, 74, 75, 77, 80, 79, 78, 76, 54, 55, 56, 53, 50, 49, 51, 52, 0]
Elapsed time: 837.530992269516

i:0	139113.9189102411
i:50	92925.52057245089
i:100	91895.7366976816
i:150	91763.99469553746
i:200	91752.03725599943
i:250	91752.03725599943
i:300	91752.03725599943
i:350	91752.03725599943
i:400	91752.03725599943
i:450	91752.03725599943
routes: [0, 35, 34, 37, 40, 39, 38, 36, 33, 71, 72, 69, 67, 65, 66, 70, 68, 0, 4, 1, 2, 3, 5, 6, 7, 8, 44, 45, 47, 48, 46, 43, 41, 42, 0, 63, 62, 57, 58, 60, 59, 61, 64, 50, 49, 51, 52, 53, 55, 56, 54, 0, 9, 11, 10, 12, 13, 15, 16, 14, 21, 24, 23, 22, 20, 17, 19, 18, 0, 27, 28, 26, 30, 29, 31, 32, 25, 80, 79, 77, 76, 78, 75, 73, 74, 0]
Elapsed time: 701.7356994152069

i:0	126684.64385092075
i:50	93118.65661395332
i:100	92840.32462883834
i:150	92718.91110467892
i:200	92711.63008626012
i:250	92691.46237970913
i:300	92691.46237970913
i:350	92691.46237970913
i:400	92691.46237970913
i:450	92691.46237970913
routes: [0, 63, 62, 57, 58, 60, 59, 61, 64, 50, 49, 51, 52, 53, 55, 56, 54, 0, 35, 34, 37, 40, 39, 38, 36, 33, 71, 72, 69, 67, 65, 66, 70, 68, 0, 73, 74, 75, 76, 77, 80, 79, 78, 25, 27, 32, 31, 30, 29, 26, 28, 0, 9, 11, 10, 12, 13, 15, 16, 14, 21, 24, 23, 22, 20, 17, 19, 18, 0, 2, 1, 4, 5, 3, 6, 7, 8, 44, 47, 45, 46, 48, 43, 41, 42, 0]
Elapsed time: 734.335545539856

i:0	125262.46838118022
i:50	92269.66742332479
i:100	91052.80986304308
i:150	90936.02817807045
i:200	90922.13116457086
i:250	90880.00228176656
i:300	90880.00228176656
i:350	90880.00228176656
i:400	90880.00228176656
i:450	90880.00228176656
routes: [0, 64, 61, 59, 58, 57, 63, 60, 62, 48, 46, 47, 45, 44, 43, 41, 42, 0, 35, 40, 39, 38, 36, 37, 34, 33, 71, 72, 69, 67, 65, 66, 70, 68, 0, 9, 11, 14, 13, 15, 16, 12, 10, 5, 7, 8, 6, 2, 1, 3, 4, 0, 73, 74, 75, 76, 77, 80, 79, 78, 54, 55, 56, 53, 50, 49, 51, 52, 0, 25, 28, 27, 30, 29, 31, 32, 26, 24, 23, 21, 22, 20, 19, 17, 18, 0]
Elapsed time: 736.6067454814911

mean: 91622.14235300719
std: 799.4978461952062
mean-time: 738.940521478653
std-time: 43.438949062554215