i:0	144728.44791713043
i:50	118462.99739163165
i:100	115530.03827510349
i:150	114223.28885730993
i:200	112379.00738357316
i:250	110159.47400295272
i:300	109103.7160401684
i:350	107048.47463450217
i:400	106965.0057453252
i:450	106965.0057453252
i:500	106965.0057453252
i:550	106965.0057453252
i:600	106965.0057453252
i:650	106965.0057453252
best: 106965.0057453252
routes: [0, 54, 55, 57, 59, 60, 56, 52, 51, 53, 58, 76, 77, 74, 71, 72, 73, 75, 78, 79, 80, 0, 21, 23, 22, 25, 27, 29, 30, 28, 26, 24, 0, 11, 12, 14, 17, 19, 20, 18, 15, 13, 16, 0, 43, 45, 47, 49, 50, 48, 46, 44, 41, 42, 0, 69, 70, 66, 67, 68, 65, 64, 63, 61, 62, 0, 100, 99, 97, 98, 95, 94, 92, 91, 93, 96, 31, 33, 34, 39, 38, 37, 40, 35, 36, 32, 0, 90, 86, 89, 88, 87, 81, 82, 85, 83, 84, 0, 1, 3, 6, 2, 8, 7, 9, 10, 5, 4, 0]
Elapsed time: 190.03059148788452

i:0	159554.1994626103
i:50	115917.34771710278
i:100	112808.20453148043
i:150	111897.87804501088
i:200	108412.54005167392
i:250	107548.57603337883
i:300	105216.16618751589
i:350	104488.17926819628
i:400	104226.37916054604
i:450	104226.37916054604
i:500	104226.37916054604
i:550	104226.37916054604
i:600	104226.37916054604
i:650	104226.37916054604
best: 104226.37916054604
routes: [0, 51, 52, 53, 56, 54, 55, 57, 59, 60, 58, 76, 71, 72, 73, 75, 78, 74, 77, 79, 80, 0, 86, 84, 83, 82, 81, 87, 88, 85, 89, 90, 0, 43, 42, 41, 44, 45, 47, 46, 49, 50, 48, 0, 1, 2, 3, 6, 7, 8, 9, 10, 5, 4, 0, 91, 92, 93, 94, 95, 96, 97, 98, 99, 100, 31, 39, 40, 35, 36, 37, 38, 34, 33, 32, 0, 61, 62, 63, 64, 65, 68, 67, 66, 69, 70, 0, 21, 25, 27, 29, 30, 28, 26, 24, 23, 22, 0, 13, 11, 12, 14, 15, 17, 19, 20, 18, 16, 0]
Elapsed time: 187.53840899467468

i:0	160201.662674881
i:50	118458.26128966347
i:100	116317.66252996068
i:150	114595.8155037245
i:200	112121.62896132452
i:250	110289.24386565242
i:300	108356.69214545496
i:350	107784.35482715289
i:400	107772.08249676257
i:450	107772.08249676257
i:500	107772.08249676257
i:550	107772.08249676257
i:600	107772.08249676255
i:650	107772.08249676255
best: 107772.08249676255
routes: [0, 91, 92, 93, 94, 95, 96, 97, 98, 99, 100, 31, 39, 38, 40, 35, 36, 37, 32, 33, 34, 0, 43, 45, 47, 49, 50, 48, 46, 44, 41, 42, 0, 79, 77, 76, 74, 71, 72, 73, 75, 78, 80, 58, 60, 59, 57, 56, 55, 54, 53, 51, 52, 0, 88, 87, 81, 82, 85, 83, 84, 86, 89, 90, 0, 61, 62, 63, 65, 68, 67, 69, 70, 66, 64, 0, 21, 23, 25, 27, 29, 30, 28, 26, 24, 22, 0, 1, 2, 8, 7, 9, 10, 5, 6, 3, 4, 0, 13, 11, 12, 14, 15, 17, 19, 20, 18, 16, 0]
Elapsed time: 192.89083456993103

i:0	153300.8278855465
i:50	114492.75619231908
i:100	113209.01875459666
i:150	111982.064604129
i:200	110293.78154133803
i:250	109729.91393314724
i:300	107361.0070939044
i:350	104486.82393379364
i:400	104189.53911486756
i:450	104189.53911486756
i:500	104189.53911486756
i:550	104189.53911486756
i:600	104189.53911486756
i:650	104189.53911486756
best: 104189.53911486756
routes: [0, 1, 3, 6, 2, 8, 7, 9, 10, 5, 4, 0, 43, 42, 41, 44, 45, 47, 46, 49, 50, 48, 0, 51, 52, 53, 56, 54, 55, 57, 59, 60, 58, 76, 74, 71, 72, 73, 75, 78, 77, 79, 80, 0, 89, 88, 87, 81, 82, 85, 83, 84, 86, 90, 0, 69, 70, 66, 67, 68, 65, 64, 63, 61, 62, 0, 33, 32, 37, 36, 35, 40, 39, 38, 34, 31, 100, 99, 98, 97, 96, 95, 94, 93, 91, 92, 0, 21, 23, 22, 25, 27, 29, 30, 28, 26, 24, 0, 13, 11, 12, 14, 15, 17, 19, 20, 18, 16, 0]
Elapsed time: 195.69573140144348

i:0	158387.56270707515
i:50	119363.7081874986
i:100	117088.60022888938
i:150	115326.32943935477
i:200	113621.01912185694
i:250	111696.233114278
i:300	110336.78192097649
i:350	108334.772240161
i:400	107904.4522570261
i:450	107904.4522570261
i:500	107904.4522570261
i:550	107904.4522570261
i:600	107904.4522570261
i:650	107904.4522570261
best: 107904.4522570261
routes: [0, 51, 52, 53, 56, 54, 55, 57, 59, 60, 58, 79, 80, 78, 75, 73, 72, 71, 74, 77, 76, 0, 43, 47, 49, 50, 46, 44, 41, 42, 45, 48, 0, 1, 2, 8, 7, 9, 10, 5, 6, 3, 4, 0, 21, 24, 28, 30, 29, 27, 25, 26, 23, 22, 0, 11, 12, 17, 19, 20, 18, 15, 14, 13, 16, 0, 61, 63, 66, 69, 70, 67, 68, 65, 64, 62, 0, 90, 86, 89, 85, 83, 82, 81, 87, 88, 84, 0, 33, 38, 39, 40, 36, 35, 37, 32, 34, 31, 100, 99, 98, 97, 96, 95, 94, 93, 91, 92, 0]
Elapsed time: 187.79908871650696

i:0	148649.39650577676
i:50	116222.07530478043
i:100	114633.63027295517
i:150	113904.17854451931
i:200	111846.27636327865
i:250	109165.74355833879
i:300	106066.08946030602
i:350	104719.41106574002
i:400	104719.41106574002
i:450	104719.41106574002
i:500	104719.41106574002
i:550	104719.41106574002
i:600	104719.41106574002
i:650	104719.41106574002
best: 104719.41106574002
routes: [0, 51, 52, 53, 56, 54, 55, 57, 59, 60, 58, 71, 72, 73, 75, 78, 77, 74, 76, 79, 80, 0, 43, 42, 41, 44, 45, 47, 46, 49, 50, 48, 0, 90, 86, 89, 88, 87, 81, 82, 85, 83, 84, 0, 3, 6, 5, 10, 9, 7, 8, 2, 1, 4, 0, 21, 23, 22, 25, 27, 29, 30, 28, 26, 24, 0, 13, 11, 12, 14, 15, 17, 19, 20, 18, 16, 0, 61, 62, 63, 64, 65, 68, 67, 66, 69, 70, 0, 33, 32, 37, 36, 35, 40, 39, 38, 34, 31, 100, 99, 98, 97, 96, 95, 94, 93, 91, 92, 0]
Elapsed time: 178.58817982673645

i:0	149215.94097706166
i:50	116097.64503026173
i:100	111279.98073851837
i:150	109632.64303135444
i:200	107846.70010521726
i:250	106277.37463812792
i:300	104437.76284143802
i:350	103965.55296702083
i:400	103965.55296702083
i:450	103965.55296702083
i:500	103965.55296702083
i:550	103965.55296702083
i:600	103965.55296702083
i:650	103965.55296702083
best: 103965.55296702083
routes: [0, 69, 70, 66, 67, 68, 65, 64, 63, 61, 62, 0, 90, 89, 88, 87, 81, 82, 83, 85, 86, 84, 0, 1, 3, 6, 2, 8, 7, 9, 10, 5, 4, 0, 51, 53, 52, 54, 55, 57, 56, 59, 60, 58, 79, 77, 80, 78, 75, 73, 72, 71, 74, 76, 0, 91, 92, 93, 94, 95, 96, 97, 98, 99, 100, 31, 39, 40, 35, 36, 37, 38, 34, 33, 32, 0, 43, 45, 42, 41, 44, 46, 49, 50, 47, 48, 0, 13, 11, 12, 14, 15, 17, 19, 20, 18, 16, 0, 21, 23, 22, 25, 27, 29, 30, 28, 26, 24, 0]
Elapsed time: 205.0645968914032

i:0	145299.34645612005
i:50	117664.21965703831
i:100	114451.05056827997
i:150	114247.82048779492
i:200	113524.66366143976
i:250	109419.53047750842
i:300	107422.86173857958
i:350	105850.08862751166
i:400	105799.65983334146
i:450	105799.65983334146
i:500	105799.65983334146
i:550	105799.65983334146
i:600	105799.65983334146
i:650	105799.65983334146
best: 105799.65983334146
routes: [0, 78, 75, 73, 72, 71, 74, 77, 76, 79, 80, 58, 60, 59, 57, 56, 53, 51, 52, 55, 54, 0, 43, 45, 47, 49, 50, 48, 46, 44, 41, 42, 0, 91, 92, 93, 94, 95, 96, 97, 98, 99, 100, 31, 39, 38, 40, 35, 36, 37, 32, 33, 34, 0, 90, 86, 89, 85, 88, 87, 81, 82, 83, 84, 0, 1, 3, 6, 2, 8, 7, 9, 10, 5, 4, 0, 13, 11, 12, 14, 15, 17, 19, 20, 18, 16, 0, 61, 62, 63, 64, 65, 68, 67, 66, 69, 70, 0, 21, 23, 22, 25, 26, 27, 29, 30, 28, 24, 0]
Elapsed time: 187.76203298568726

i:0	163116.17450714906
i:50	120070.10272997722
i:100	119432.85352289554
i:150	111821.68311105299
i:200	108038.99244271459
i:250	106592.9104943038
i:300	105730.6616481374
i:350	104343.80455921331
i:400	104343.80455921331
i:450	104343.80455921331
i:500	104343.80455921331
i:550	104343.80455921331
i:600	104343.80455921331
i:650	104343.80455921331
best: 104343.80455921331
routes: [0, 91, 92, 93, 94, 95, 96, 97, 98, 99, 100, 31, 33, 34, 38, 39, 40, 35, 36, 37, 32, 0, 21, 24, 26, 25, 27, 29, 30, 28, 23, 22, 0, 51, 52, 53, 56, 54, 55, 57, 59, 60, 58, 79, 80, 77, 76, 74, 71, 72, 73, 75, 78, 0, 43, 42, 41, 44, 45, 47, 46, 49, 50, 48, 0, 11, 13, 16, 20, 19, 17, 18, 15, 14, 12, 0, 61, 62, 63, 64, 65, 68, 67, 66, 69, 70, 0, 90, 86, 89, 84, 83, 85, 82, 81, 87, 88, 0, 1, 3, 2, 8, 7, 9, 10, 5, 6, 4, 0]
Elapsed time: 187.59902906417847

i:0	153444.3365403437
i:50	118067.09273099352
i:100	117007.00631157932
i:150	114148.63510457764
i:200	112165.92288046196
i:250	110905.20954390313
i:300	107143.59278226076
i:350	106483.81888903039
i:400	105674.12702867178
i:450	105674.12702867178
i:500	105674.12702867178
i:550	105674.12702867178
i:600	105674.12702867178
i:650	105674.12702867178
best: 105674.12702867178
routes: [0, 91, 92, 93, 94, 95, 96, 97, 98, 99, 100, 31, 39, 40, 35, 36, 37, 38, 34, 33, 32, 0, 90, 84, 86, 89, 85, 83, 82, 81, 87, 88, 0, 43, 45, 47, 49, 50, 48, 46, 44, 41, 42, 0, 11, 12, 14, 17, 19, 20, 18, 15, 13, 16, 0, 1, 3, 2, 8, 7, 9, 10, 5, 6, 4, 0, 69, 70, 66, 67, 68, 65, 64, 63, 61, 62, 0, 79, 77, 76, 74, 71, 72, 73, 75, 78, 80, 58, 60, 59, 57, 56, 53, 51, 52, 55, 54, 0, 21, 23, 25, 27, 29, 30, 28, 26, 24, 22, 0]
Elapsed time: 203.24109816551208

i:0	153088.48583542032
i:50	119023.41654488747
i:100	115924.7749332914
i:150	113097.32724291175
i:200	112595.42667156097
i:250	108810.10632644914
i:300	106756.96029644158
i:350	106166.92509111938
i:400	106166.92509111938
i:450	106166.92509111938
i:500	106166.92509111938
i:550	106166.92509111938
i:600	106166.92509111938
i:650	106166.92509111938
best: 106166.92509111938
routes: [0, 91, 92, 93, 94, 95, 96, 97, 98, 99, 100, 31, 34, 33, 32, 37, 36, 35, 40, 39, 38, 0, 61, 63, 64, 66, 69, 70, 67, 68, 65, 62, 0, 43, 42, 41, 44, 45, 47, 46, 49, 50, 48, 0, 21, 25, 27, 29, 30, 28, 26, 24, 23, 22, 0, 11, 13, 15, 18, 16, 20, 19, 17, 14, 12, 0, 84, 83, 82, 81, 87, 88, 85, 86, 89, 90, 0, 4, 3, 6, 5, 10, 9, 7, 8, 2, 1, 0, 51, 52, 53, 56, 54, 55, 57, 59, 60, 58, 76, 77, 74, 71, 72, 73, 75, 78, 79, 80, 0]
Elapsed time: 178.5071702003479

i:0	155433.15538229526
i:50	115488.44660256965
i:100	112196.38475605342
i:150	109683.21395356265
i:200	107101.1226110733
i:250	106276.64799613156
i:300	105768.97895237546
i:350	104903.12636603718
i:400	104903.12636603716
i:450	104903.12636603716
i:500	104903.12636603716
i:550	104903.12636603716
i:600	104903.12636603716
i:650	104903.12636603716
best: 104903.12636603716
routes: [0, 43, 42, 41, 44, 45, 47, 46, 49, 50, 48, 0, 79, 80, 77, 78, 75, 73, 72, 71, 74, 76, 58, 60, 59, 57, 56, 55, 54, 53, 51, 52, 0, 91, 92, 93, 94, 95, 96, 97, 98, 99, 100, 31, 39, 40, 35, 36, 37, 38, 34, 33, 32, 0, 13, 11, 12, 14, 15, 17, 19, 20, 18, 16, 0, 84, 86, 85, 83, 82, 81, 87, 88, 89, 90, 0, 21, 23, 22, 25, 27, 29, 30, 28, 26, 24, 0, 61, 62, 63, 64, 65, 68, 67, 66, 69, 70, 0, 4, 1, 3, 6, 5, 10, 9, 7, 8, 2, 0]
Elapsed time: 188.63660597801208

i:0	147386.92614058917
i:50	117929.50824754448
i:100	116733.93891064449
i:150	113908.95856979057
i:200	113168.87802936311
i:250	112214.975657803
i:300	109029.786836282
i:350	107465.89669966817
i:400	107418.87757911373
i:450	107418.87757911373
i:500	107418.87757911373
i:550	107418.87757911373
i:600	107418.87757911373
i:650	107418.87757911373
best: 107418.87757911373
routes: [0, 43, 42, 41, 44, 45, 47, 46, 49, 50, 48, 0, 91, 92, 93, 94, 95, 96, 97, 98, 99, 100, 31, 33, 34, 38, 39, 40, 35, 36, 37, 32, 0, 13, 11, 12, 14, 17, 19, 20, 18, 15, 16, 0, 1, 2, 3, 6, 7, 8, 9, 10, 5, 4, 0, 90, 86, 89, 84, 83, 85, 82, 81, 87, 88, 0, 79, 77, 76, 74, 71, 72, 73, 75, 78, 80, 58, 60, 59, 57, 56, 53, 51, 52, 55, 54, 0, 61, 62, 63, 69, 70, 66, 67, 68, 65, 64, 0, 21, 23, 22, 25, 26, 27, 29, 30, 28, 24, 0]
Elapsed time: 197.55051183700562

i:0	155796.00450818456
i:50	117711.75104083055
i:100	114795.78694671213
i:150	113437.38238131806
i:200	112064.53135359315
i:250	110845.00812352788
i:300	109140.32453824182
i:350	108587.7505917509
i:400	108587.7505917509
i:450	108587.7505917509
i:500	108587.7505917509
i:550	108587.7505917509
i:600	108587.7505917509
i:650	108587.7505917509
best: 108587.7505917509
routes: [0, 11, 12, 13, 14, 15, 18, 17, 19, 20, 16, 36, 35, 37, 40, 39, 38, 34, 31, 33, 32, 0, 91, 92, 93, 94, 95, 97, 98, 99, 100, 96, 0, 5, 6, 10, 9, 7, 8, 2, 1, 3, 4, 0, 43, 48, 46, 49, 50, 47, 45, 44, 41, 42, 0, 69, 70, 66, 67, 68, 65, 64, 63, 61, 62, 0, 90, 84, 86, 89, 85, 83, 82, 81, 87, 88, 0, 21, 25, 27, 29, 30, 28, 26, 24, 23, 22, 0, 79, 80, 77, 78, 75, 73, 72, 71, 74, 76, 58, 60, 59, 57, 56, 53, 51, 52, 55, 54, 0]
Elapsed time: 184.51915073394775

i:0	144224.38058076438
i:50	115352.55244032352
i:100	113472.96398266379
i:150	112958.9617920339
i:200	108926.6749887547
i:250	106716.21924243163
i:300	105915.53219410655
i:350	104659.46087447664
i:400	103732.19478119137
i:450	103732.19478119137
i:500	103732.19478119137
i:550	103732.19478119137
i:600	103732.19478119137
i:650	103732.19478119136
best: 103732.19478119136
routes: [0, 43, 42, 41, 44, 45, 47, 46, 49, 50, 48, 0, 51, 52, 53, 56, 54, 55, 57, 59, 60, 58, 79, 77, 76, 74, 71, 72, 73, 75, 78, 80, 0, 69, 70, 66, 67, 68, 65, 64, 63, 61, 62, 0, 13, 11, 12, 14, 17, 19, 20, 18, 15, 16, 0, 21, 23, 22, 25, 26, 27, 29, 30, 28, 24, 0, 91, 92, 93, 94, 95, 96, 97, 98, 99, 100, 31, 33, 34, 38, 39, 40, 35, 36, 37, 32, 0, 84, 83, 82, 81, 87, 88, 85, 86, 89, 90, 0, 5, 6, 10, 9, 7, 8, 2, 1, 3, 4, 0]
Elapsed time: 195.63729429244995

i:0	153035.04856040268
i:50	119974.65558774545
i:100	116307.36095407308
i:150	112154.5570919092
i:200	110724.23875094028
i:250	108590.572204027
i:300	107180.39851685594
i:350	105995.55458753977
i:400	105697.39020109831
i:450	105697.39020109831
i:500	105697.39020109831
i:550	105697.39020109831
i:600	105697.39020109831
i:650	105697.39020109831
best: 105697.39020109831
routes: [0, 21, 23, 22, 25, 26, 27, 29, 30, 28, 24, 0, 13, 11, 12, 14, 15, 17, 19, 20, 18, 16, 0, 4, 1, 3, 6, 5, 10, 9, 7, 8, 2, 0, 43, 42, 41, 44, 45, 47, 46, 49, 50, 48, 0, 84, 86, 85, 83, 82, 81, 87, 88, 89, 90, 0, 69, 70, 66, 67, 68, 65, 64, 63, 61, 62, 0, 91, 92, 93, 94, 95, 96, 97, 98, 99, 100, 31, 33, 32, 37, 36, 35, 40, 39, 38, 34, 0, 79, 80, 77, 76, 74, 71, 72, 73, 75, 78, 58, 60, 59, 57, 56, 53, 51, 52, 55, 54, 0]
Elapsed time: 185.89287734031677

i:0	154903.7197659528
i:50	117643.42011634039
i:100	115112.96892107766
i:150	112552.2720799291
i:200	109807.57104417201
i:250	108244.19295431861
i:300	106475.25680883593
i:350	105348.59175832225
i:400	105348.59175832225
i:450	105348.59175832225
i:500	105348.59175832225
i:550	105348.59175832225
i:600	105348.59175832225
i:650	105348.59175832225
best: 105348.59175832225
routes: [0, 84, 86, 85, 83, 82, 81, 87, 88, 89, 90, 0, 51, 53, 52, 54, 55, 57, 56, 59, 60, 58, 79, 80, 78, 75, 73, 72, 71, 74, 77, 76, 0, 91, 92, 93, 94, 95, 96, 97, 98, 99, 100, 31, 39, 38, 40, 35, 36, 37, 32, 33, 34, 0, 21, 23, 25, 27, 29, 30, 28, 26, 24, 22, 0, 1, 3, 2, 8, 7, 9, 10, 5, 6, 4, 0, 61, 62, 63, 65, 68, 67, 69, 70, 66, 64, 0, 43, 45, 42, 41, 44, 46, 49, 50, 47, 48, 0, 13, 11, 12, 14, 15, 17, 19, 20, 18, 16, 0]
Elapsed time: 184.65029764175415

i:0	151814.3130689133
i:50	117993.26041348807
i:100	116272.76405523282
i:150	115718.54746043927
i:200	113413.00847992495
i:250	110528.1796448834
i:300	106845.53453681378
i:350	105755.28683180986
i:400	105737.43605967081
i:450	105737.43605967081
i:500	105737.43605967081
i:550	105737.43605967081
i:600	105737.43605967081
i:650	105737.43605967081
best: 105737.43605967081
routes: [0, 21, 23, 22, 25, 27, 29, 30, 28, 26, 24, 0, 13, 11, 12, 14, 15, 17, 19, 20, 18, 16, 0, 43, 47, 49, 50, 46, 44, 41, 42, 45, 48, 0, 80, 78, 75, 73, 72, 71, 74, 77, 76, 79, 58, 60, 59, 57, 56, 55, 54, 53, 51, 52, 0, 91, 92, 93, 94, 95, 96, 97, 98, 99, 100, 31, 33, 32, 37, 36, 35, 40, 39, 38, 34, 0, 61, 62, 63, 64, 65, 68, 67, 66, 69, 70, 0, 84, 86, 85, 83, 82, 81, 87, 88, 89, 90, 0, 5, 6, 10, 9, 7, 8, 2, 1, 3, 4, 0]
Elapsed time: 182.57114458084106

i:0	149123.05233911512
i:50	117863.24482572556
i:100	114603.72202326916
i:150	113688.5329388133
i:200	111155.08220335637
i:250	108500.25743680388
i:300	105800.50225579143
i:350	105485.90703490844
i:400	105430.00490993744
i:450	105430.00490993744
i:500	105430.00490993744
i:550	105430.00490993744
i:600	105430.00490993744
i:650	105430.00490993744
best: 105430.00490993744
routes: [0, 79, 80, 78, 74, 71, 72, 73, 75, 77, 76, 58, 60, 59, 57, 56, 55, 54, 53, 51, 52, 0, 90, 89, 88, 87, 81, 82, 83, 85, 86, 84, 0, 69, 70, 66, 67, 68, 65, 64, 63, 61, 62, 0, 43, 45, 42, 41, 44, 46, 49, 50, 47, 48, 0, 21, 23, 25, 27, 29, 30, 28, 26, 24, 22, 0, 1, 2, 8, 7, 9, 10, 5, 6, 3, 4, 0, 91, 92, 93, 94, 95, 96, 97, 98, 99, 100, 31, 34, 33, 32, 37, 36, 35, 40, 39, 38, 0, 13, 11, 12, 14, 15, 17, 19, 20, 18, 16, 0]
Elapsed time: 200.82279777526855

i:0	153959.57128047151
i:50	121106.69111331509
i:100	117212.4593741371
i:150	114698.65378867148
i:200	112132.3198395893
i:250	110915.0557049949
i:300	109803.59334404409
i:350	107804.91715200749
i:400	107804.91715200749
i:450	107804.91715200747
i:500	107804.91715200747
i:550	107804.91715200747
i:600	107804.91715200747
i:650	107804.91715200747
best: 107804.91715200747
routes: [0, 91, 92, 93, 94, 95, 96, 97, 98, 99, 100, 31, 39, 40, 35, 36, 37, 38, 34, 33, 32, 0, 43, 42, 41, 44, 45, 47, 46, 49, 50, 48, 0, 79, 80, 77, 76, 74, 71, 72, 73, 75, 78, 58, 60, 59, 57, 56, 55, 54, 53, 51, 52, 0, 1, 2, 3, 5, 10, 9, 7, 8, 6, 4, 0, 86, 84, 83, 82, 81, 87, 88, 85, 89, 90, 0, 69, 70, 68, 62, 61, 63, 64, 65, 67, 66, 0, 21, 23, 22, 25, 27, 29, 30, 28, 26, 24, 0, 13, 11, 12, 14, 15, 17, 19, 20, 18, 16, 0]
Elapsed time: 195.34454560279846

mean: 105819.36143593819
std: 1438.5515027551796
mean-time: 190.51709940433503
std-time: 7.378252393957536