i:0	151374.07007593493
i:50	109542.51636318442
i:100	101116.55841142134
i:150	98797.70949807888
i:200	97435.7939235604
i:250	97261.67301990985
i:300	96910.93049267298
i:350	96910.93049267298
i:400	96910.93049267298
i:450	96910.93049267298
i:500	96910.93049267298
i:550	96910.93049267298
i:600	96910.93049267298
i:650	96910.93049267298
best: 96910.93049267298
routes: [0, 80, 76, 77, 74, 71, 72, 73, 75, 78, 79, 58, 59, 60, 56, 57, 55, 54, 53, 51, 52, 0, 64, 65, 66, 69, 70, 68, 67, 63, 62, 61, 91, 92, 93, 95, 96, 99, 100, 98, 97, 94, 0, 31, 33, 34, 38, 40, 36, 35, 39, 37, 32, 24, 21, 23, 26, 29, 30, 28, 27, 25, 22, 20, 19, 17, 18, 15, 14, 11, 12, 13, 16, 0, 1, 5, 10, 8, 2, 3, 4, 6, 7, 9, 90, 86, 89, 84, 83, 81, 82, 85, 87, 88, 41, 42, 43, 45, 44, 46, 49, 50, 47, 48, 0]
Elapsed time: 171.28380727767944

i:0	152784.94822910067
i:50	107080.5412832691
i:100	106128.78869795056
i:150	104178.62337166432
i:200	103016.57736038798
i:250	100064.63359238212
i:300	96885.96495737092
i:350	87221.10425651303
i:400	87209.42580571945
i:450	87209.42580571945
i:500	87209.42580571945
i:550	87209.42580571945
i:600	87209.42580571945
i:650	87209.42580571945
best: 87209.42580571945
routes: [0, 31, 33, 34, 39, 38, 37, 40, 35, 36, 32, 21, 23, 25, 27, 29, 30, 28, 26, 24, 22, 16, 20, 17, 19, 18, 15, 13, 11, 12, 14, 0, 91, 92, 93, 95, 94, 96, 100, 98, 97, 99, 69, 70, 66, 67, 68, 65, 64, 63, 62, 61, 80, 79, 77, 74, 71, 72, 73, 75, 78, 76, 0, 51, 52, 53, 56, 59, 60, 58, 57, 55, 54, 90, 86, 89, 84, 83, 85, 82, 81, 87, 88, 41, 44, 46, 49, 50, 48, 47, 45, 43, 42, 0, 4, 1, 3, 6, 5, 10, 9, 7, 8, 2, 0]
Elapsed time: 219.4404218196869

i:0	145236.6395366492
i:50	109020.45322194134
i:100	104059.3837860114
i:150	102968.41822676806
i:200	102401.02228083136
i:250	94094.96810431055
i:300	85656.28597212094
i:350	85499.51362833512
i:400	85499.51362833512
i:450	85499.51362833512
i:500	85499.51362833512
i:550	85499.51362833512
i:600	85499.51362833512
i:650	85499.51362833512
best: 85499.51362833512
routes: [0, 4, 5, 6, 3, 1, 2, 8, 7, 9, 10, 43, 45, 42, 41, 44, 46, 49, 50, 47, 48, 15, 18, 20, 19, 17, 14, 12, 11, 13, 16, 0, 88, 87, 81, 82, 83, 85, 86, 89, 90, 84, 76, 74, 71, 72, 73, 75, 78, 77, 79, 80, 53, 51, 52, 57, 59, 60, 58, 56, 55, 54, 0, 91, 92, 93, 94, 95, 96, 99, 100, 97, 98, 66, 69, 70, 67, 68, 65, 64, 63, 61, 62, 31, 39, 40, 35, 36, 37, 38, 34, 33, 32, 21, 23, 22, 25, 27, 29, 30, 28, 26, 24, 0]
Elapsed time: 200.9622356891632

i:0	158754.76949989336
i:50	111441.11390837815
i:100	100028.51916089191
i:150	93843.15270047539
i:200	92278.57126761726
i:250	90293.77958992656
i:300	90042.34484971553
i:350	90042.34484971553
i:400	90042.34484971553
i:450	90042.34484971553
i:500	90042.34484971553
i:550	90042.34484971553
i:600	90042.34484971553
i:650	90042.34484971553
best: 90042.34484971553
routes: [0, 91, 92, 93, 96, 94, 95, 97, 99, 100, 98, 69, 70, 67, 68, 66, 65, 62, 61, 63, 64, 0, 43, 42, 45, 47, 49, 50, 48, 46, 44, 41, 89, 90, 84, 83, 85, 82, 81, 87, 88, 86, 8, 7, 9, 10, 5, 6, 2, 1, 3, 4, 0, 76, 77, 74, 71, 72, 73, 75, 78, 80, 79, 58, 60, 59, 57, 54, 55, 56, 53, 51, 52, 0, 31, 33, 34, 39, 38, 37, 40, 35, 36, 32, 28, 30, 29, 27, 25, 26, 24, 21, 23, 22, 20, 19, 17, 18, 15, 14, 12, 11, 13, 16, 0]
Elapsed time: 179.80292439460754

i:0	147026.68754982023
i:50	108271.43758778097
i:100	106013.02442200406
i:150	105208.31970971615
i:200	89922.2104007081
i:250	86383.95571240317
i:300	85715.96170444725
i:350	85715.96170444725
i:400	85713.27466688525
i:450	85713.27466688525
i:500	85713.27466688525
i:550	85713.27466688525
i:600	85713.27466688525
i:650	85713.27466688525
best: 85713.27466688525
routes: [0, 51, 52, 53, 55, 54, 56, 57, 59, 60, 58, 77, 79, 80, 78, 71, 74, 72, 73, 75, 76, 0, 100, 99, 97, 98, 95, 94, 96, 93, 91, 92, 61, 62, 63, 64, 65, 68, 66, 67, 69, 70, 31, 39, 40, 35, 36, 37, 38, 34, 33, 32, 28, 30, 29, 27, 25, 26, 24, 21, 23, 22, 0, 13, 11, 12, 14, 15, 18, 16, 20, 19, 17, 48, 47, 46, 49, 50, 43, 42, 45, 44, 41, 89, 90, 84, 83, 82, 81, 87, 88, 85, 86, 9, 10, 5, 6, 7, 8, 2, 1, 3, 4, 0]
Elapsed time: 191.54609870910645

i:0	136758.76970020973
i:50	111756.53458062216
i:100	105498.26460626902
i:150	104955.03803797114
i:200	94745.55878895556
i:250	93187.90110690071
i:300	92351.82231816134
i:350	91866.52557127569
i:400	91866.52557127569
i:450	91866.52557127569
i:500	91866.52557127569
i:550	91866.52557127569
i:600	91866.52557127569
i:650	91866.52557127569
best: 91866.52557127569
routes: [0, 76, 74, 71, 72, 73, 75, 78, 77, 79, 80, 58, 60, 59, 57, 54, 55, 56, 53, 51, 52, 0, 31, 34, 33, 32, 38, 39, 40, 37, 36, 35, 30, 29, 27, 28, 26, 25, 23, 24, 21, 22, 16, 11, 13, 15, 14, 12, 18, 17, 19, 20, 0, 91, 93, 92, 95, 94, 96, 97, 100, 99, 98, 61, 62, 63, 64, 65, 68, 66, 67, 69, 70, 0, 43, 44, 46, 49, 50, 48, 47, 45, 42, 41, 87, 88, 89, 90, 84, 83, 82, 81, 85, 86, 8, 7, 9, 10, 5, 6, 2, 1, 3, 4, 0]
Elapsed time: 192.77697205543518

i:0	143030.6459939748
i:50	100669.36224650675
i:100	98998.62115353771
i:150	97466.43659625092
i:200	97150.09711837574
i:250	95923.30474268812
i:300	95496.5867182131
i:350	95496.5867182131
i:400	95496.5867182131
i:450	95496.5867182131
i:500	95496.5867182131
i:550	95496.5867182131
i:600	95496.5867182131
i:650	95496.5867182131
best: 95496.5867182131
routes: [0, 93, 95, 96, 99, 100, 97, 98, 94, 91, 92, 61, 62, 65, 68, 67, 69, 70, 66, 63, 64, 0, 51, 52, 53, 56, 60, 58, 54, 55, 57, 59, 76, 77, 74, 71, 72, 73, 75, 78, 79, 80, 0, 31, 39, 40, 38, 34, 33, 32, 37, 35, 36, 28, 25, 29, 27, 30, 26, 24, 21, 23, 22, 16, 15, 17, 19, 20, 18, 13, 11, 12, 14, 0, 1, 3, 8, 7, 2, 5, 4, 6, 10, 9, 90, 84, 86, 89, 87, 81, 82, 83, 85, 88, 41, 43, 45, 47, 49, 50, 48, 46, 44, 42, 0]
Elapsed time: 181.47912859916687

i:0	158701.51927379536
i:50	105363.67197804163
i:100	98488.83520049864
i:150	96357.25453749
i:200	94256.3923915744
i:250	92937.73220006554
i:300	92484.01196433656
i:350	92222.56659263287
i:400	92222.56659263287
i:450	92222.56659263287
i:500	92222.56659263287
i:550	92222.56659263287
i:600	92222.56659263287
i:650	92222.56659263287
best: 92222.56659263287
routes: [0, 13, 11, 12, 14, 15, 17, 19, 20, 18, 16, 22, 21, 23, 25, 27, 29, 30, 28, 26, 24, 32, 33, 39, 40, 35, 36, 37, 38, 31, 34, 0, 54, 55, 57, 59, 60, 56, 52, 51, 53, 58, 77, 79, 80, 76, 74, 71, 72, 73, 75, 78, 0, 4, 5, 10, 8, 6, 1, 3, 2, 7, 9, 90, 84, 83, 81, 82, 85, 86, 89, 87, 88, 41, 42, 43, 45, 44, 46, 49, 50, 47, 48, 0, 61, 62, 63, 64, 65, 68, 66, 67, 70, 69, 98, 97, 99, 100, 96, 95, 94, 93, 91, 92, 0]
Elapsed time: 170.34976482391357

i:0	154334.96926818028
i:50	109206.63903825315
i:100	99738.28915255457
i:150	96089.41309229321
i:200	94593.18455297728
i:250	89217.47592258368
i:300	84980.79142385618
i:350	84906.47472374198
i:400	84906.47472374198
i:450	84906.47472374198
i:500	84906.47472374198
i:550	84906.47472374198
i:600	84906.47472374198
i:650	84906.47472374198
best: 84906.47472374198
routes: [0, 31, 34, 33, 32, 37, 36, 35, 40, 39, 38, 21, 23, 24, 25, 27, 29, 30, 28, 26, 22, 16, 17, 19, 20, 18, 15, 14, 13, 11, 12, 0, 91, 92, 95, 97, 93, 94, 96, 99, 100, 98, 69, 70, 67, 68, 66, 65, 64, 63, 62, 61, 76, 74, 71, 72, 73, 75, 78, 77, 79, 80, 0, 43, 44, 46, 49, 50, 48, 47, 45, 42, 41, 89, 88, 87, 81, 82, 83, 85, 86, 90, 84, 54, 55, 57, 59, 60, 58, 56, 53, 51, 52, 6, 5, 10, 9, 7, 8, 2, 1, 3, 4, 0]
Elapsed time: 194.81317162513733

i:0	143077.97728402904
i:50	102641.09442863631
i:100	98662.77956904951
i:150	95502.16408331298
i:200	93342.3970699301
i:250	91794.802848118
i:300	91098.02324029872
i:350	91074.42552945652
i:400	91074.42552945652
i:450	91074.42552945652
i:500	90779.66088668579
i:550	90779.66088668579
i:600	90779.66088668579
i:650	90779.66088668579
best: 90779.66088668579
routes: [0, 61, 62, 63, 64, 65, 67, 68, 66, 70, 69, 100, 99, 97, 98, 96, 95, 94, 93, 91, 92, 0, 43, 42, 45, 47, 49, 50, 48, 46, 44, 41, 88, 87, 81, 82, 83, 85, 86, 89, 90, 84, 0, 31, 34, 33, 32, 38, 39, 40, 37, 35, 36, 30, 28, 27, 29, 25, 26, 24, 21, 23, 22, 20, 19, 17, 14, 12, 11, 13, 15, 18, 16, 0, 76, 71, 72, 73, 75, 78, 74, 77, 79, 80, 58, 60, 59, 57, 54, 55, 56, 53, 51, 52, 2, 1, 3, 6, 7, 8, 9, 10, 5, 4, 0]
Elapsed time: 179.4861056804657

i:0	136871.66811929256
i:50	111240.3623985706
i:100	106366.16850972384
i:150	100723.97944959227
i:200	98802.1584448052
i:250	97992.98677794728
i:300	97435.37919205162
i:350	97359.7031128561
i:400	97359.7031128561
i:450	97359.7031128561
i:500	97359.7031128561
i:550	97359.7031128561
i:600	97359.7031128561
i:650	97359.7031128561
best: 97359.7031128561
routes: [0, 63, 64, 66, 69, 70, 67, 68, 65, 62, 61, 92, 91, 95, 98, 97, 99, 100, 93, 94, 96, 0, 11, 13, 12, 16, 20, 17, 14, 15, 18, 19, 29, 30, 28, 27, 25, 26, 23, 22, 21, 24, 32, 37, 36, 35, 40, 39, 38, 31, 33, 34, 0, 79, 77, 74, 76, 71, 72, 73, 75, 78, 80, 58, 56, 54, 55, 57, 59, 60, 53, 51, 52, 0, 4, 1, 2, 8, 7, 5, 6, 3, 10, 9, 90, 83, 85, 82, 81, 87, 88, 89, 84, 86, 41, 42, 43, 45, 44, 46, 49, 50, 47, 48, 0]
Elapsed time: 182.55152797698975

i:0	144716.97696323783
i:50	106789.16656821087
i:100	96423.15964117466
i:150	94235.94848855687
i:200	93859.38451545306
i:250	93168.8337174704
i:300	93160.74116868636
i:350	93160.74116868636
i:400	93160.74116868636
i:450	93160.74116868636
i:500	93160.74116868636
i:550	93160.74116868636
i:600	93160.74116868636
i:650	93160.74116868636
best: 93160.74116868636
routes: [0, 61, 62, 63, 64, 65, 68, 66, 67, 70, 69, 95, 94, 92, 91, 93, 98, 96, 97, 99, 100, 0, 54, 56, 52, 51, 53, 55, 57, 59, 60, 58, 76, 79, 77, 74, 71, 72, 73, 75, 78, 80, 0, 31, 34, 33, 39, 38, 40, 35, 36, 37, 32, 30, 28, 26, 27, 25, 29, 24, 21, 23, 22, 20, 18, 15, 19, 17, 14, 12, 11, 13, 16, 0, 1, 3, 2, 5, 10, 7, 8, 4, 6, 9, 86, 89, 90, 84, 83, 85, 82, 81, 87, 88, 41, 42, 43, 45, 44, 46, 49, 50, 47, 48, 0]
Elapsed time: 184.08491921424866

i:0	144725.11304223197
i:50	107776.8366079389
i:100	94723.18042927832
i:150	92899.25771837763
i:200	91541.20056334478
i:250	88335.13724186675
i:300	88335.13724186675
i:350	88335.13724186675
i:400	88335.13724186675
i:450	88335.13724186675
i:500	87702.68890884664
i:550	86941.45506050537
i:600	84967.11268552669
i:650	84967.11268552669
best: 84967.11268552669
routes: [0, 43, 44, 46, 49, 50, 48, 47, 45, 42, 41, 89, 90, 86, 84, 83, 85, 82, 81, 87, 88, 9, 10, 5, 6, 3, 7, 8, 2, 1, 4, 0, 51, 52, 53, 56, 54, 55, 57, 59, 60, 58, 76, 74, 71, 72, 73, 75, 78, 77, 79, 80, 61, 62, 63, 64, 65, 68, 66, 67, 69, 70, 0, 97, 98, 99, 100, 96, 95, 94, 93, 91, 92, 37, 36, 35, 40, 39, 38, 34, 31, 33, 32, 30, 28, 26, 24, 21, 23, 22, 25, 27, 29, 16, 13, 11, 12, 14, 15, 18, 17, 19, 20, 0]
Elapsed time: 226.0398645401001

i:0	139722.19865238832
i:50	109844.25681844365
i:100	96189.2402143976
i:150	94118.17843029102
i:200	93460.19878662164
i:250	92428.08712090635
i:300	91256.39412390889
i:350	90529.26567985771
i:400	90529.26567985771
i:450	90529.26567985771
i:500	90529.26567985771
i:550	90529.26567985771
i:600	90529.26567985771
i:650	90529.26567985771
best: 90529.26567985771
routes: [0, 54, 51, 52, 53, 56, 55, 57, 59, 60, 58, 79, 80, 77, 74, 71, 72, 73, 75, 78, 76, 0, 96, 93, 91, 92, 97, 100, 99, 94, 95, 98, 69, 70, 66, 67, 68, 65, 64, 63, 61, 62, 0, 43, 42, 45, 47, 49, 50, 48, 46, 44, 41, 88, 87, 81, 82, 83, 85, 86, 89, 90, 84, 8, 7, 9, 10, 5, 6, 2, 1, 3, 4, 0, 37, 36, 35, 40, 39, 38, 31, 34, 33, 32, 28, 30, 29, 27, 25, 26, 24, 21, 23, 22, 16, 15, 14, 17, 19, 20, 18, 13, 11, 12, 0]
Elapsed time: 186.52485847473145

i:0	149271.26531421178
i:50	106679.87458473633
i:100	104325.48973462358
i:150	98468.6834064081
i:200	93441.80879445556
i:250	91255.88352660896
i:300	90590.57320712507
i:350	90590.57320712507
i:400	90590.57320712507
i:450	90590.57320712507
i:500	90590.57320712507
i:550	90590.57320712507
i:600	90590.57320712507
i:650	90590.57320712507
best: 90590.57320712507
routes: [0, 91, 92, 93, 94, 95, 96, 99, 100, 97, 98, 69, 70, 66, 67, 68, 63, 65, 64, 61, 62, 0, 43, 45, 47, 49, 50, 48, 46, 44, 42, 41, 86, 84, 83, 82, 81, 87, 88, 85, 89, 90, 0, 31, 39, 38, 37, 40, 35, 36, 34, 33, 32, 24, 21, 23, 22, 25, 27, 29, 30, 28, 26, 20, 19, 17, 18, 15, 14, 12, 11, 13, 16, 0, 51, 52, 53, 56, 54, 55, 57, 59, 60, 58, 79, 80, 77, 75, 78, 73, 72, 71, 74, 76, 2, 1, 3, 8, 7, 9, 10, 5, 6, 4, 0]
Elapsed time: 188.9127721786499

i:0	142941.247486385
i:50	111064.70711244117
i:100	104732.91567188782
i:150	102136.15846695132
i:200	94108.0902832436
i:250	88471.3136597402
i:300	86133.71481133321
i:350	85900.08369769756
i:400	85900.08369769756
i:450	85900.08369769756
i:500	85900.08369769756
i:550	85900.08369769756
i:600	85900.08369769756
i:650	85900.08369769756
best: 85900.08369769756
routes: [0, 33, 34, 32, 37, 36, 35, 40, 39, 38, 31, 69, 70, 66, 67, 68, 65, 64, 63, 62, 61, 91, 92, 93, 94, 95, 97, 98, 99, 100, 96, 0, 4, 1, 2, 3, 6, 5, 10, 7, 8, 9, 90, 86, 84, 83, 82, 81, 87, 85, 89, 88, 41, 44, 46, 49, 50, 47, 45, 42, 43, 48, 14, 12, 11, 13, 15, 17, 19, 20, 18, 16, 0, 22, 25, 27, 29, 30, 28, 26, 24, 23, 21, 76, 74, 71, 72, 73, 75, 78, 77, 79, 80, 58, 60, 59, 57, 52, 51, 53, 56, 55, 54, 0]
Elapsed time: 191.69454431533813

i:0	154125.92453257932
i:50	108011.85316798785
i:100	96196.62489429465
i:150	94342.2383167135
i:200	93235.9069054374
i:250	92984.43274054225
i:300	91899.3811149714
i:350	91596.175755478
i:400	91596.175755478
i:450	91596.175755478
i:500	91596.175755478
i:550	91596.175755478
i:600	91596.175755478
i:650	91596.175755478
best: 91596.175755478
routes: [0, 96, 99, 100, 98, 97, 92, 91, 93, 95, 94, 69, 70, 66, 67, 68, 62, 61, 63, 65, 64, 0, 51, 52, 53, 54, 55, 57, 58, 60, 56, 59, 76, 74, 71, 72, 73, 75, 78, 77, 79, 80, 0, 4, 5, 6, 2, 1, 8, 7, 3, 10, 9, 86, 89, 90, 84, 83, 82, 81, 85, 87, 88, 41, 42, 43, 45, 44, 46, 49, 50, 47, 48, 17, 19, 20, 18, 14, 12, 11, 13, 15, 16, 0, 21, 22, 23, 24, 26, 25, 29, 27, 28, 30, 35, 36, 37, 40, 39, 38, 31, 34, 33, 32, 0]
Elapsed time: 179.27542066574097

i:0	154552.5560878268
i:50	114446.44203714385
i:100	109853.76076909654
i:150	101604.46941141064
i:200	97806.13794451572
i:250	94815.25147181458
i:300	87492.83589208331
i:350	85907.36134048228
i:400	85907.36134048228
i:450	85907.36134048228
i:500	85907.36134048228
i:550	85907.36134048228
i:600	85907.36134048228
i:650	85907.36134048228
best: 85907.36134048228
routes: [0, 54, 55, 52, 51, 53, 56, 57, 59, 60, 58, 79, 80, 76, 77, 74, 71, 72, 73, 75, 78, 0, 33, 34, 32, 37, 36, 35, 40, 39, 38, 31, 100, 99, 97, 98, 96, 95, 94, 93, 91, 92, 69, 70, 66, 67, 68, 65, 64, 63, 61, 62, 2, 1, 3, 5, 10, 9, 7, 8, 6, 4, 0, 90, 84, 83, 82, 81, 85, 86, 89, 87, 88, 41, 44, 46, 49, 50, 47, 45, 42, 43, 48, 14, 12, 11, 13, 15, 17, 19, 20, 18, 16, 22, 21, 24, 23, 25, 27, 29, 30, 28, 26, 0]
Elapsed time: 192.3342571258545

i:0	146014.79662805903
i:50	111365.70134150177
i:100	107339.89291014866
i:150	103700.46641463423
i:200	102286.9880420186
i:250	91337.38970374753
i:300	88713.03230082117
i:350	88664.19713636245
i:400	88664.19713636245
i:450	88664.19713636245
i:500	88664.19713636245
i:550	88664.19713636245
i:600	88664.19713636245
i:650	88664.19713636245
best: 88664.19713636245
routes: [0, 92, 91, 93, 95, 100, 96, 99, 98, 97, 94, 69, 70, 66, 67, 68, 65, 64, 63, 62, 61, 79, 77, 74, 71, 72, 73, 75, 78, 80, 76, 0, 21, 23, 25, 27, 29, 30, 28, 26, 24, 22, 16, 20, 19, 17, 18, 15, 14, 13, 12, 11, 48, 47, 49, 50, 46, 44, 45, 43, 42, 41, 89, 90, 86, 84, 83, 85, 82, 81, 87, 88, 0, 51, 52, 53, 56, 59, 60, 58, 57, 55, 54, 8, 9, 7, 10, 5, 6, 2, 1, 3, 4, 31, 39, 38, 37, 40, 35, 36, 32, 33, 34, 0]
Elapsed time: 195.31719207763672

i:0	154051.2501849974
i:50	100200.1834732601
i:100	96770.16196792675
i:150	96132.23572765329
i:200	94876.82106562302
i:250	93868.35390043669
i:300	93780.95721066493
i:350	93780.95721066493
i:400	93780.95721066493
i:450	93780.95721066493
i:500	93780.95721066493
i:550	93780.95721066493
i:600	93780.95721066493
i:650	93780.95721066493
best: 93780.95721066493
routes: [0, 93, 96, 99, 100, 97, 98, 95, 94, 91, 92, 61, 62, 63, 64, 65, 67, 68, 66, 69, 70, 0, 33, 32, 34, 31, 38, 40, 39, 37, 36, 35, 30, 28, 27, 29, 25, 26, 24, 21, 23, 22, 13, 11, 12, 14, 15, 17, 19, 20, 18, 16, 0, 76, 77, 79, 80, 74, 71, 72, 73, 75, 78, 58, 57, 59, 60, 56, 55, 54, 53, 51, 52, 0, 4, 1, 2, 3, 6, 5, 10, 7, 8, 9, 43, 45, 44, 46, 49, 50, 48, 47, 42, 41, 89, 90, 86, 85, 88, 87, 81, 82, 83, 84, 0]
Elapsed time: 169.3910026550293

mean: 90155.17374653074
std: 3880.6448224762066
mean-time: 188.90334949493408
std-time: 14.139693368917435