i:0	148817.45262008876
i:50	108096.98407461258
i:100	99097.22893589194
i:150	96398.18875594395
i:200	93454.34293273446
i:250	92268.70493025579
i:300	91518.98099052109
i:350	91144.56325228204
i:400	91144.56325228204
i:450	91144.56325228204
i:500	91144.56325228204
i:550	91144.56325228204
i:600	91144.56325228204
i:650	91144.56325228204
best: 91144.56325228204
routes: [0, 96, 97, 99, 100, 98, 93, 95, 94, 91, 92, 62, 61, 63, 64, 65, 68, 66, 67, 69, 70, 0, 54, 57, 55, 56, 59, 60, 52, 51, 53, 58, 76, 79, 77, 74, 71, 72, 73, 75, 78, 80, 0, 31, 39, 40, 35, 36, 37, 38, 34, 33, 32, 24, 21, 23, 25, 27, 29, 30, 28, 26, 22, 20, 19, 17, 14, 12, 11, 13, 15, 18, 16, 0, 4, 3, 1, 2, 8, 6, 5, 10, 7, 9, 90, 86, 89, 84, 83, 85, 82, 81, 87, 88, 41, 42, 43, 45, 44, 46, 49, 50, 47, 48, 0]
Elapsed time: 177.08653616905212

i:0	152940.98455634547
i:50	103020.0426728476
i:100	96834.52206305462
i:150	96130.11312653939
i:200	94535.96038906174
i:250	93179.01707430446
i:300	91411.15145779206
i:350	91292.84486591717
i:400	91292.84486591717
i:450	91292.84486591717
i:500	91292.84486591717
i:550	91292.84486591717
i:600	91292.84486591717
i:650	91292.84486591717
best: 91292.84486591717
routes: [0, 51, 52, 53, 55, 54, 56, 57, 59, 60, 58, 76, 77, 79, 80, 78, 73, 75, 72, 71, 74, 0, 94, 93, 91, 92, 95, 100, 96, 97, 99, 98, 69, 70, 66, 67, 68, 65, 64, 63, 61, 62, 0, 90, 86, 89, 84, 83, 82, 81, 85, 88, 87, 41, 44, 46, 49, 50, 48, 47, 45, 42, 43, 10, 9, 7, 8, 2, 1, 3, 6, 5, 4, 0, 31, 39, 40, 35, 36, 37, 38, 34, 33, 32, 30, 28, 27, 29, 25, 26, 24, 21, 23, 22, 20, 19, 17, 14, 12, 11, 13, 15, 18, 16, 0]
Elapsed time: 174.18183994293213

i:0	150644.03935697698
i:50	111554.63815355429
i:100	106965.90126147811
i:150	103124.93827284031
i:200	99315.08568155956
i:250	90560.29982844814
i:300	87888.1331861918
i:350	87374.70002262855
i:400	87374.70002262855
i:450	87374.70002262855
i:500	87374.70002262855
i:550	87374.70002262855
i:600	87374.70002262855
i:650	87374.70002262855
best: 87374.70002262855
routes: [0, 69, 70, 66, 67, 68, 65, 64, 63, 62, 61, 91, 92, 93, 94, 95, 96, 97, 98, 99, 100, 31, 39, 40, 35, 36, 37, 38, 34, 33, 32, 0, 84, 83, 82, 81, 87, 88, 85, 86, 89, 90, 54, 52, 51, 53, 56, 55, 57, 59, 60, 58, 76, 74, 71, 72, 73, 75, 78, 77, 79, 80, 0, 4, 1, 2, 3, 6, 5, 10, 7, 8, 9, 41, 42, 43, 48, 47, 45, 44, 46, 49, 50, 14, 12, 11, 13, 15, 17, 19, 20, 18, 16, 0, 21, 22, 23, 24, 26, 25, 27, 29, 30, 28, 0]
Elapsed time: 196.33452892303467

i:0	152617.05403894052
i:50	100785.21578691913
i:100	96220.61374571886
i:150	94119.62561754759
i:200	92359.32089225746
i:250	89085.39571619064
i:300	88538.50167511392
i:350	88380.53672061948
i:400	88380.53672061948
i:450	88380.53672061948
i:500	88380.53672061948
i:550	88380.53672061948
i:600	88380.53672061948
i:650	88380.53672061948
best: 88380.53672061948
routes: [0, 51, 52, 53, 56, 54, 55, 57, 59, 60, 58, 76, 71, 72, 73, 75, 78, 74, 77, 79, 80, 0, 31, 34, 33, 32, 38, 39, 40, 37, 35, 36, 30, 28, 27, 29, 25, 26, 24, 21, 23, 22, 20, 19, 17, 14, 12, 11, 13, 15, 18, 16, 0, 91, 92, 93, 95, 94, 96, 99, 100, 97, 98, 70, 69, 67, 68, 66, 65, 64, 63, 61, 62, 0, 43, 42, 45, 46, 49, 50, 48, 47, 44, 41, 88, 87, 81, 82, 83, 85, 86, 89, 90, 84, 8, 7, 9, 10, 5, 6, 2, 1, 3, 4, 0]
Elapsed time: 176.72649502754211

i:0	149277.5650136477
i:50	108371.06947246329
i:100	100217.38151650249
i:150	96232.18478232974
i:200	93425.9470098188
i:250	89668.49662349735
i:300	89044.03265854412
i:350	88992.12623973178
i:400	88992.12623973178
i:450	88992.12623973178
i:500	88992.12623973178
i:550	88992.12623973178
i:600	88992.12623973178
i:650	88992.12623973178
best: 88992.12623973178
routes: [0, 99, 100, 96, 94, 93, 92, 91, 95, 97, 98, 69, 70, 67, 68, 66, 65, 64, 63, 61, 62, 31, 39, 40, 35, 36, 37, 38, 34, 33, 32, 0, 13, 15, 14, 17, 19, 20, 18, 16, 12, 11, 48, 47, 49, 50, 46, 44, 45, 42, 41, 43, 9, 8, 7, 10, 5, 6, 2, 1, 3, 4, 0, 90, 86, 89, 88, 87, 81, 82, 83, 85, 84, 71, 72, 73, 75, 78, 77, 74, 76, 79, 80, 58, 52, 51, 53, 56, 59, 60, 57, 55, 54, 0, 21, 23, 25, 27, 29, 30, 28, 26, 24, 22, 0]
Elapsed time: 174.4688365459442

i:0	150430.56959444264
i:50	107223.42665347777
i:100	104136.91648008474
i:150	95869.08493773903
i:200	94936.4492619374
i:250	93790.54933923096
i:300	92057.65135293038
i:350	91551.03305492469
i:400	91551.03305492469
i:450	91551.03305492469
i:500	91551.03305492469
i:550	91551.03305492469
i:600	91551.03305492469
i:650	91551.03305492469
best: 91551.03305492469
routes: [0, 96, 99, 100, 98, 97, 95, 94, 93, 91, 92, 61, 62, 63, 64, 65, 66, 67, 68, 69, 70, 0, 76, 71, 72, 73, 75, 78, 74, 77, 79, 80, 58, 59, 60, 56, 52, 51, 53, 57, 55, 54, 0, 31, 34, 33, 38, 39, 40, 36, 35, 37, 32, 28, 30, 29, 27, 25, 26, 24, 21, 23, 22, 16, 13, 11, 12, 14, 15, 17, 19, 20, 18, 0, 4, 3, 1, 2, 8, 6, 5, 10, 7, 9, 84, 83, 82, 81, 87, 88, 85, 86, 89, 90, 41, 42, 43, 45, 44, 46, 49, 50, 47, 48, 0]
Elapsed time: 184.26281690597534

i:0	151723.99635583317
i:50	103837.9491783078
i:100	97907.47931419438
i:150	95582.93071556519
i:200	94201.21745636761
i:250	93067.99419210307
i:300	92437.33383806539
i:350	92436.96274354184
i:400	92436.96274354184
i:450	92436.96274354184
i:500	92436.96274354184
i:550	92436.96274354184
i:600	92436.96274354184
i:650	92436.96274354184
best: 92436.96274354184
routes: [0, 96, 94, 93, 92, 91, 95, 100, 99, 98, 97, 69, 70, 67, 68, 63, 62, 61, 64, 65, 66, 0, 51, 52, 53, 56, 57, 55, 54, 60, 59, 58, 76, 79, 77, 74, 71, 72, 73, 75, 78, 80, 0, 31, 39, 38, 37, 40, 35, 36, 34, 33, 32, 28, 30, 29, 27, 25, 26, 24, 21, 23, 22, 16, 11, 13, 15, 18, 20, 19, 17, 14, 12, 0, 4, 1, 2, 3, 6, 5, 10, 7, 8, 9, 90, 86, 89, 84, 83, 85, 82, 81, 87, 88, 41, 42, 43, 45, 44, 46, 49, 50, 47, 48, 0]
Elapsed time: 175.95394825935364

i:0	146042.64909928248
i:50	109832.60544561683
i:100	100150.22451697318
i:150	94796.28809875331
i:200	94089.23000203185
i:250	93186.23623050064
i:300	92847.48184765548
i:350	92847.48184765548
i:400	92847.48184765548
i:450	92847.48184765548
i:500	92847.48184765548
i:550	92847.48184765548
i:600	92847.48184765548
i:650	92847.48184765548
best: 92847.48184765548
routes: [0, 91, 92, 93, 94, 95, 96, 99, 100, 97, 98, 69, 70, 66, 67, 68, 65, 64, 63, 61, 62, 51, 53, 56, 59, 60, 58, 57, 55, 54, 52, 0, 4, 1, 3, 6, 5, 10, 9, 7, 8, 2, 76, 71, 72, 73, 75, 78, 74, 77, 79, 80, 0, 48, 47, 49, 50, 46, 44, 45, 42, 43, 41, 87, 88, 81, 82, 83, 85, 86, 89, 90, 84, 0, 31, 39, 40, 36, 35, 37, 38, 34, 33, 32, 28, 30, 29, 27, 25, 26, 24, 21, 23, 22, 16, 15, 14, 17, 19, 20, 18, 13, 11, 12, 0]
Elapsed time: 171.98041152954102

i:0	149742.80418870723
i:50	111666.74615188676
i:100	108096.5017661477
i:150	106014.37496572753
i:200	104558.05847217748
i:250	95121.21208884017
i:300	92757.60035880278
i:350	92538.24788624172
i:400	92529.60014882062
i:450	92529.60014882062
i:500	92529.60014882062
i:550	92529.60014882062
i:600	92529.60014882062
i:650	92529.60014882062
best: 92529.60014882062
routes: [0, 91, 92, 93, 95, 94, 96, 100, 99, 97, 98, 67, 69, 70, 68, 66, 65, 64, 63, 61, 62, 0, 76, 80, 79, 77, 74, 71, 72, 73, 75, 78, 58, 60, 59, 57, 54, 55, 56, 53, 51, 52, 0, 31, 33, 34, 39, 38, 37, 40, 35, 36, 32, 24, 21, 22, 23, 25, 27, 29, 30, 28, 26, 20, 19, 17, 18, 15, 14, 12, 11, 13, 16, 0, 4, 1, 2, 3, 6, 5, 10, 7, 8, 9, 90, 84, 86, 89, 87, 81, 82, 83, 85, 88, 41, 42, 43, 45, 44, 46, 49, 50, 47, 48, 0]
Elapsed time: 197.1778256893158

i:0	153168.55043893858
i:50	104738.66627202058
i:100	98541.82990754713
i:150	96785.49269678167
i:200	95738.06657826164
i:250	94648.78920106665
i:300	93868.34825248527
i:350	93495.92946778686
i:400	91318.2389612429
i:450	91318.2389612429
i:500	91318.2389612429
i:550	91318.2389612429
i:600	91318.2389612429
i:650	91318.2389612429
best: 91318.2389612429
routes: [0, 54, 55, 52, 51, 53, 56, 57, 59, 60, 58, 76, 77, 74, 71, 72, 73, 75, 78, 79, 80, 0, 61, 62, 65, 64, 63, 68, 66, 67, 70, 69, 100, 99, 95, 96, 97, 98, 94, 93, 91, 92, 0, 31, 34, 33, 32, 38, 39, 40, 37, 36, 35, 30, 28, 27, 29, 25, 26, 24, 21, 23, 22, 16, 15, 18, 20, 19, 17, 14, 13, 11, 12, 0, 4, 5, 6, 2, 1, 3, 8, 7, 9, 10, 43, 44, 46, 49, 50, 48, 47, 45, 42, 41, 88, 87, 81, 82, 83, 85, 86, 89, 90, 84, 0]
Elapsed time: 179.8635675907135

i:0	146775.08760503327
i:50	111071.59763679515
i:100	98328.89696784336
i:150	95956.68470333426
i:200	93573.40942785304
i:250	92640.46257943432
i:300	91583.13621582164
i:350	90942.02305346313
i:400	90942.02305346313
i:450	90942.02305346313
i:500	90942.02305346313
i:550	90942.02305346313
i:600	90942.02305346313
i:650	90942.02305346313
best: 90942.02305346313
routes: [0, 96, 100, 99, 97, 98, 95, 94, 93, 91, 92, 61, 62, 63, 65, 64, 67, 68, 66, 69, 70, 0, 51, 52, 53, 56, 57, 55, 54, 58, 60, 59, 76, 74, 71, 72, 73, 75, 78, 77, 79, 80, 0, 31, 34, 38, 39, 40, 35, 36, 37, 33, 32, 28, 30, 29, 27, 25, 26, 24, 21, 23, 22, 18, 14, 12, 11, 13, 15, 17, 19, 20, 16, 0, 4, 1, 2, 3, 6, 5, 10, 7, 8, 9, 90, 86, 89, 84, 83, 85, 82, 81, 87, 88, 41, 42, 43, 45, 44, 46, 49, 50, 47, 48, 0]
Elapsed time: 185.63511204719543

i:0	151294.57491082774
i:50	110040.46119263029
i:100	98924.96553863642
i:150	96542.73639322647
i:200	95429.30100734044
i:250	95199.98080750818
i:300	95189.03481585819
i:350	95189.03481585819
i:400	95189.03481585819
i:450	95189.03481585819
i:500	95189.03481585819
i:550	95189.03481585819
i:600	95189.03481585819
i:650	95189.03481585819
best: 95189.03481585819
routes: [0, 99, 100, 97, 98, 94, 92, 91, 93, 95, 96, 61, 62, 63, 64, 65, 67, 69, 70, 68, 66, 0, 11, 12, 20, 15, 13, 17, 18, 14, 16, 19, 22, 21, 23, 25, 27, 29, 30, 28, 26, 24, 32, 37, 36, 35, 40, 39, 38, 31, 33, 34, 0, 54, 55, 57, 59, 60, 56, 52, 51, 53, 58, 76, 74, 71, 72, 73, 75, 78, 77, 79, 80, 0, 43, 48, 47, 49, 50, 46, 44, 45, 42, 41, 89, 85, 88, 87, 81, 82, 83, 84, 86, 90, 9, 10, 7, 8, 2, 1, 3, 6, 5, 4, 0]
Elapsed time: 179.06741619110107

i:0	142195.22635056637
i:50	107053.35127593567
i:100	102879.90604922854
i:150	97087.52162714527
i:200	96222.57837135546
i:250	93717.43579506406
i:300	93587.67940132368
i:350	93563.32145660432
i:400	93563.32145660432
i:450	93563.32145660432
i:500	93563.32145660432
i:550	93563.32145660432
i:600	93563.32145660432
i:650	93563.32145660432
best: 93563.32145660432
routes: [0, 51, 52, 53, 56, 55, 54, 57, 59, 60, 58, 77, 79, 80, 76, 74, 71, 72, 73, 75, 78, 0, 97, 98, 99, 100, 93, 94, 96, 91, 92, 95, 69, 70, 66, 67, 68, 65, 64, 63, 62, 61, 0, 16, 13, 11, 12, 14, 15, 18, 20, 17, 19, 22, 23, 21, 24, 26, 25, 29, 27, 28, 30, 35, 36, 37, 40, 39, 38, 31, 34, 33, 32, 0, 4, 1, 2, 3, 6, 5, 10, 7, 8, 9, 43, 45, 44, 46, 49, 50, 48, 47, 42, 41, 88, 87, 81, 82, 83, 85, 86, 89, 90, 84, 0]
Elapsed time: 181.9251651763916

i:0	146048.60064542963
i:50	111018.18617736435
i:100	99768.1382689026
i:150	97445.4774278377
i:200	94127.65475517439
i:250	92913.7456467324
i:300	92601.27254372078
i:350	92515.63676422008
i:400	92515.63676422008
i:450	92515.63676422008
i:500	92515.63676422008
i:550	92515.63676422008
i:600	92515.63676422008
i:650	92515.63676422008
best: 92515.63676422008
routes: [0, 86, 83, 82, 81, 87, 88, 85, 89, 90, 84, 76, 71, 72, 73, 75, 78, 74, 77, 79, 80, 0, 96, 97, 98, 94, 93, 92, 91, 95, 99, 100, 69, 70, 66, 67, 68, 65, 64, 63, 61, 62, 51, 52, 53, 56, 59, 60, 58, 57, 55, 54, 0, 31, 39, 38, 37, 40, 35, 36, 34, 33, 32, 28, 30, 29, 27, 25, 26, 24, 21, 23, 22, 16, 13, 11, 12, 14, 15, 17, 19, 20, 18, 0, 4, 5, 6, 3, 1, 2, 8, 7, 9, 10, 43, 45, 47, 49, 50, 48, 46, 44, 41, 42, 0]
Elapsed time: 175.8071939945221

i:0	142616.2629549165
i:50	106098.27527483473
i:100	95663.15538780145
i:150	92890.39288414088
i:200	91584.84459021121
i:250	90430.05928720195
i:300	90285.4617457583
i:350	90285.4617457583
i:400	90285.4617457583
i:450	90285.4617457583
i:500	90285.4617457583
i:550	90285.4617457583
i:600	90285.4617457583
i:650	90285.4617457583
best: 90285.4617457583
routes: [0, 91, 92, 93, 94, 95, 96, 97, 99, 100, 98, 69, 70, 68, 66, 67, 65, 62, 61, 63, 64, 0, 76, 74, 71, 72, 73, 75, 78, 77, 80, 79, 58, 57, 59, 60, 56, 53, 51, 52, 55, 54, 0, 31, 34, 33, 32, 38, 39, 40, 37, 35, 36, 30, 28, 27, 29, 25, 26, 24, 21, 23, 22, 20, 19, 17, 18, 15, 14, 12, 11, 13, 16, 0, 43, 42, 45, 47, 49, 50, 48, 46, 44, 41, 88, 87, 81, 82, 83, 85, 86, 89, 90, 84, 8, 7, 9, 10, 5, 6, 2, 1, 3, 4, 0]
Elapsed time: 175.15601205825806

i:0	140940.605366839
i:50	112475.2028308291
i:100	107275.27171671757
i:150	105429.8452462908
i:200	104640.41054007242
i:250	103217.65461849113
i:300	93939.35731556432
i:350	91843.6564066042
i:400	91843.6564066042
i:450	91843.6564066042
i:500	91843.6564066042
i:550	91843.6564066042
i:600	91843.6564066042
i:650	91843.6564066042
best: 91843.6564066042
routes: [0, 80, 79, 77, 74, 71, 73, 72, 75, 78, 76, 58, 60, 59, 57, 55, 54, 56, 53, 51, 52, 0, 4, 1, 3, 2, 6, 5, 10, 7, 8, 9, 90, 86, 89, 84, 83, 85, 82, 81, 87, 88, 41, 44, 46, 49, 50, 48, 47, 45, 43, 42, 0, 31, 34, 32, 33, 39, 38, 37, 40, 35, 36, 30, 28, 26, 24, 21, 23, 22, 25, 27, 29, 20, 19, 17, 18, 15, 14, 12, 11, 13, 16, 0, 93, 95, 97, 98, 99, 100, 96, 94, 91, 92, 69, 70, 66, 67, 68, 65, 64, 63, 61, 62, 0]
Elapsed time: 211.3210482597351

i:0	155081.285001302
i:50	105923.92746364922
i:100	104074.0636715956
i:150	97472.52276229594
i:200	93093.34929206793
i:250	91373.2653235234
i:300	91269.7784865341
i:350	91268.76031135708
i:400	91239.49859060832
i:450	91239.49859060832
i:500	91239.49859060832
i:550	91239.49859060832
i:600	91239.49859060832
i:650	91239.49859060832
best: 91239.49859060832
routes: [0, 92, 91, 93, 95, 94, 96, 97, 100, 99, 98, 63, 69, 70, 66, 67, 68, 65, 64, 61, 62, 0, 89, 90, 84, 86, 83, 85, 82, 81, 87, 88, 41, 42, 43, 45, 44, 46, 49, 50, 47, 48, 14, 12, 11, 13, 15, 17, 19, 20, 18, 16, 0, 21, 24, 23, 26, 22, 25, 29, 27, 28, 30, 35, 36, 40, 37, 39, 38, 31, 34, 33, 32, 0, 52, 51, 53, 56, 55, 54, 57, 59, 60, 58, 76, 74, 71, 72, 73, 75, 78, 77, 79, 80, 2, 1, 3, 6, 7, 8, 9, 10, 5, 4, 0]
Elapsed time: 186.92995262145996

i:0	149921.46477059947
i:50	112180.2547796815
i:100	108894.46310439522
i:150	98185.02920374586
i:200	96702.40718219621
i:250	94727.21074416509
i:300	94385.0048565063
i:350	93926.82925491183
i:400	93926.82925491183
i:450	93926.82925491183
i:500	93926.82925491183
i:550	93926.82925491183
i:600	93926.82925491183
i:650	93926.82925491183
best: 93926.82925491183
routes: [0, 51, 52, 53, 56, 55, 54, 57, 59, 60, 58, 79, 77, 80, 78, 74, 71, 72, 73, 75, 76, 0, 100, 97, 98, 94, 99, 95, 96, 93, 91, 92, 61, 69, 70, 66, 67, 68, 65, 64, 63, 62, 0, 33, 38, 37, 36, 35, 40, 39, 31, 34, 32, 28, 30, 29, 27, 25, 26, 24, 21, 23, 22, 16, 15, 14, 17, 19, 20, 18, 13, 11, 12, 0, 43, 44, 46, 49, 50, 48, 47, 45, 42, 41, 88, 87, 81, 82, 83, 85, 86, 89, 90, 84, 2, 1, 3, 6, 7, 8, 9, 10, 5, 4, 0]
Elapsed time: 183.70241117477417

i:0	138937.4685713266
i:50	107571.97865974408
i:100	101464.80869861951
i:150	98073.54167135892
i:200	96613.75061757868
i:250	95722.94196026969
i:300	94518.9199186954
i:350	93958.31627455496
i:400	93958.31627455496
i:450	93958.31627455496
i:500	93958.31627455496
i:550	93958.31627455496
i:600	93958.31627455496
i:650	93958.31627455496
best: 93958.31627455496
routes: [0, 79, 80, 76, 77, 74, 71, 72, 73, 75, 78, 58, 59, 60, 56, 52, 51, 53, 57, 55, 54, 0, 43, 44, 46, 49, 50, 48, 47, 45, 42, 41, 89, 90, 86, 84, 83, 85, 82, 81, 87, 88, 8, 7, 9, 10, 5, 6, 2, 1, 3, 4, 0, 91, 92, 93, 95, 98, 99, 100, 97, 94, 96, 69, 70, 67, 68, 66, 65, 64, 62, 63, 61, 0, 34, 31, 39, 38, 40, 35, 36, 37, 33, 32, 28, 30, 29, 27, 25, 26, 24, 21, 23, 22, 20, 19, 17, 18, 15, 14, 12, 11, 13, 16, 0]
Elapsed time: 181.89047694206238

i:0	153525.23415705387
i:50	99779.88223092124
i:100	94982.14807444476
i:150	94241.1362667192
i:200	93038.48682080995
i:250	91273.19621864292
i:300	89796.62304671
i:350	89796.62304671
i:400	89796.62304671
i:450	89796.62304671
i:500	89796.62304671
i:550	89796.62304671
i:600	89796.62304671
i:650	89796.62304671
best: 89796.62304671
routes: [0, 51, 52, 53, 56, 54, 55, 57, 59, 60, 58, 79, 80, 76, 77, 74, 71, 72, 73, 75, 78, 0, 90, 84, 83, 82, 81, 87, 88, 85, 86, 89, 41, 42, 43, 45, 44, 46, 49, 50, 47, 48, 11, 13, 16, 20, 19, 17, 18, 15, 14, 12, 0, 94, 92, 91, 93, 96, 95, 99, 100, 97, 98, 69, 70, 66, 67, 68, 65, 64, 63, 61, 62, 1, 2, 8, 7, 9, 10, 5, 6, 3, 4, 0, 21, 22, 23, 24, 26, 25, 29, 27, 28, 30, 35, 36, 37, 40, 39, 38, 31, 34, 33, 32, 0]
Elapsed time: 174.85240030288696

mean: 91556.42446333289
std: 1905.7542612959692
mean-time: 182.21619976758956
std-time: 9.477270873724274