i:0	66563.98432998291
i:50	52864.3364411568
i:100	51253.06616586966
i:150	50221.590557072275
i:200	50161.276222525485
i:250	49429.72364742214
i:300	49429.72364742214
i:350	49429.72364742214
i:400	49429.72364742214
i:450	49429.72364742214
i:500	49429.72364742214
i:550	49429.72364742214
i:600	49429.72364742214
i:650	49429.72364742214
best: 49429.72364742214
routes: [0, 4, 3, 6, 5, 10, 9, 7, 8, 2, 1, 31, 32, 33, 34, 35, 38, 36, 37, 39, 40, 0, 23, 22, 25, 27, 29, 30, 28, 26, 24, 21, 47, 41, 42, 43, 45, 48, 46, 49, 50, 44, 0, 11, 13, 12, 15, 17, 19, 20, 18, 16, 14, 0]
Elapsed time: 84.67006945610046

i:0	64966.83372343944
i:50	52355.31743992296
i:100	51000.53681005846
i:150	50164.55078225988
i:200	49839.04049882352
i:250	49582.32313467978
i:300	49582.32313467978
i:350	49582.32313467978
i:400	49582.32313467978
i:450	49582.32313467978
i:500	49582.32313467978
i:550	49582.32313467978
i:600	49582.32313467978
i:650	49582.32313467978
best: 49582.32313467978
routes: [0, 23, 22, 25, 27, 29, 30, 28, 26, 24, 21, 47, 48, 45, 42, 41, 43, 44, 46, 49, 50, 0, 4, 5, 6, 7, 10, 9, 8, 2, 3, 1, 31, 32, 33, 34, 35, 38, 36, 37, 39, 40, 0, 11, 13, 12, 15, 17, 19, 20, 18, 16, 14, 0]
Elapsed time: 91.78684782981873

i:0	67306.48776196741
i:50	52648.17634110993
i:100	51263.258878503286
i:150	50439.5151460194
i:200	49574.765608654256
i:250	49370.52855066538
i:300	49370.52855066538
i:350	49370.52855066538
i:400	49370.52855066538
i:450	49370.52855066538
i:500	49370.52855066538
i:550	49370.52855066538
i:600	49370.52855066538
i:650	49370.52855066538
best: 49370.52855066538
routes: [0, 12, 15, 17, 19, 20, 18, 16, 14, 13, 11, 39, 40, 36, 37, 38, 35, 34, 33, 31, 32, 0, 23, 24, 26, 29, 30, 28, 27, 25, 22, 21, 48, 47, 41, 42, 43, 45, 46, 49, 50, 44, 0, 1, 2, 8, 7, 9, 10, 5, 6, 3, 4, 0]
Elapsed time: 91.32054781913757

i:0	68322.78061328326
i:50	51022.636605015075
i:100	50752.69156974562
i:150	50068.098684663906
i:200	49537.35820627046
i:250	49228.471005182386
i:300	49228.471005182386
i:350	49228.471005182386
i:400	49228.471005182386
i:450	49228.471005182386
i:500	49228.471005182386
i:550	49228.471005182386
i:600	49228.471005182386
i:650	49228.471005182386
best: 49228.471005182386
routes: [0, 23, 24, 26, 29, 30, 28, 27, 25, 22, 21, 48, 47, 41, 42, 43, 45, 46, 49, 50, 44, 0, 11, 13, 12, 15, 17, 19, 20, 18, 16, 14, 39, 40, 36, 37, 38, 35, 34, 33, 31, 32, 0, 5, 6, 10, 9, 7, 8, 2, 1, 3, 4, 0]
Elapsed time: 83.8454532623291

i:0	68196.20156381954
i:50	51094.09382043245
i:100	50256.549498332635
i:150	49948.11007515371
i:200	49603.555470578205
i:250	49338.95712503661
i:300	49338.95712503661
i:350	49338.95712503661
i:400	49338.95712503661
i:450	49338.95712503661
i:500	49338.95712503661
i:550	49338.95712503661
i:600	49338.95712503661
i:650	49338.95712503661
best: 49338.95712503661
routes: [0, 23, 24, 26, 29, 30, 28, 27, 25, 22, 21, 48, 47, 41, 42, 43, 45, 46, 49, 50, 44, 0, 4, 3, 6, 5, 10, 9, 7, 8, 2, 1, 31, 32, 33, 34, 35, 38, 36, 37, 39, 40, 0, 11, 13, 12, 15, 17, 19, 20, 18, 16, 14, 0]
Elapsed time: 85.86658430099487

i:0	68038.49429986991
i:50	50362.34680732744
i:100	49891.47819184688
i:150	49578.46805055502
i:200	49304.789696048756
i:250	49304.789696048756
i:300	49304.789696048756
i:350	49304.789696048756
i:400	49304.789696048756
i:450	49304.789696048756
i:500	49304.789696048756
i:550	49304.789696048756
i:600	49304.789696048756
i:650	49304.789696048756
best: 49304.789696048756
routes: [0, 23, 22, 25, 27, 29, 30, 28, 26, 24, 21, 48, 47, 41, 42, 43, 45, 46, 49, 50, 44, 0, 4, 3, 6, 5, 10, 9, 7, 8, 2, 1, 31, 32, 33, 34, 35, 38, 36, 37, 39, 40, 0, 11, 13, 12, 15, 17, 19, 20, 18, 16, 14, 0]
Elapsed time: 84.8068675994873

i:0	68185.09516664859
i:50	52404.60978806948
i:100	51569.28042796583
i:150	51513.37830299485
i:200	51513.37830299485
i:250	51058.62730015474
i:300	50771.23259655146
i:350	50771.23259655146
i:400	50771.23259655146
i:450	50771.23259655146
i:500	50771.23259655146
i:550	50771.23259655146
i:600	50771.23259655146
i:650	50771.23259655146
best: 50771.23259655146
routes: [0, 23, 22, 25, 27, 29, 30, 28, 26, 24, 21, 48, 47, 41, 42, 43, 45, 46, 49, 50, 44, 0, 4, 3, 6, 5, 10, 9, 7, 8, 2, 1, 31, 35, 38, 37, 39, 40, 36, 34, 33, 32, 0, 11, 13, 15, 17, 19, 20, 18, 16, 14, 12, 0]
Elapsed time: 84.5253496170044

i:0	67390.46075299486
i:50	51509.93502377308
i:100	50529.354403956444
i:150	49711.14879716963
i:200	49711.14879716963
i:250	49565.13804550322
i:300	49565.13804550322
i:350	49565.13804550322
i:400	49565.13804550322
i:450	49565.13804550322
i:500	49565.13804550322
i:550	49565.13804550322
i:600	49565.13804550322
i:650	49565.13804550322
best: 49565.13804550322
routes: [0, 23, 22, 25, 27, 29, 30, 28, 26, 24, 21, 48, 47, 41, 42, 43, 45, 46, 49, 50, 44, 0, 4, 3, 6, 5, 10, 9, 7, 8, 2, 1, 31, 32, 33, 34, 35, 38, 36, 37, 39, 40, 0, 11, 13, 15, 17, 19, 20, 18, 16, 14, 12, 0]
Elapsed time: 86.11887097358704

i:0	68659.79903113989
i:50	53019.68688615451
i:100	52264.622615736924
i:150	51892.94614409089
i:200	50537.09836284797
i:250	50425.197621600135
i:300	50343.94733134277
i:350	50343.94733134277
i:400	50343.94733134277
i:450	50343.94733134277
i:500	50343.94733134277
i:550	50343.94733134277
i:600	50343.94733134277
i:650	50343.94733134277
best: 50343.94733134277
routes: [0, 50, 46, 49, 44, 43, 45, 42, 41, 47, 48, 21, 22, 23, 25, 24, 26, 29, 30, 27, 28, 0, 1, 3, 4, 6, 5, 10, 9, 7, 8, 2, 31, 32, 33, 34, 35, 38, 36, 37, 39, 40, 0, 11, 15, 17, 19, 20, 18, 16, 14, 13, 12, 0]
Elapsed time: 90.87052655220032

i:0	72244.90402914165
i:50	52291.977754034124
i:100	51375.31185626155
i:150	51122.20304118259
i:200	50110.55672919058
i:250	49824.87088095338
i:300	49738.92598903586
i:350	49516.768868343446
i:400	49516.768868343446
i:450	49516.768868343446
i:500	49516.768868343446
i:550	49516.768868343446
i:600	49516.768868343446
i:650	49516.768868343446
best: 49516.768868343446
routes: [0, 1, 3, 4, 6, 5, 10, 9, 7, 8, 2, 31, 32, 33, 34, 35, 38, 36, 37, 39, 40, 0, 23, 24, 26, 29, 30, 28, 27, 25, 22, 21, 48, 47, 41, 42, 43, 45, 46, 49, 50, 44, 0, 11, 13, 12, 15, 17, 19, 20, 18, 16, 14, 0]
Elapsed time: 91.61748242378235

i:0	65845.67758858074
i:50	51951.65503573965
i:100	50960.01436487054
i:150	50239.942815580114
i:200	50017.07092848936
i:250	49607.535390728975
i:300	49482.60143935559
i:350	49482.60143935559
i:400	49482.60143935559
i:450	49482.60143935559
i:500	49482.60143935559
i:550	49482.60143935559
i:600	49482.60143935559
i:650	49482.60143935559
best: 49482.60143935559
routes: [0, 23, 22, 25, 27, 29, 30, 28, 26, 24, 21, 48, 47, 41, 42, 43, 45, 46, 49, 50, 44, 0, 1, 3, 4, 6, 5, 10, 9, 7, 8, 2, 31, 32, 33, 34, 35, 38, 36, 37, 39, 40, 0, 11, 13, 12, 15, 17, 19, 20, 18, 16, 14, 0]
Elapsed time: 89.4745283126831

i:0	67396.67425430185
i:50	52530.98051528783
i:100	52423.658688963915
i:150	51537.729864757355
i:200	50695.13434341637
i:250	49559.0421332314
i:300	49338.95712503661
i:350	49338.95712503661
i:400	49338.95712503661
i:450	49338.95712503661
i:500	49338.95712503661
i:550	49338.95712503661
i:600	49338.95712503661
i:650	49338.95712503661
best: 49338.95712503661
routes: [0, 23, 24, 26, 29, 30, 28, 27, 25, 22, 21, 48, 47, 41, 42, 43, 45, 46, 49, 50, 44, 0, 4, 3, 6, 5, 10, 9, 7, 8, 2, 1, 31, 32, 33, 34, 35, 38, 36, 37, 39, 40, 0, 11, 13, 12, 15, 17, 19, 20, 18, 16, 14, 0]
Elapsed time: 90.89613127708435

i:0	68346.73870162838
i:50	50320.31007610411
i:100	50127.35152267265
i:150	49677.642248915545
i:200	49677.642248915545
i:250	49244.26887436323
i:300	49114.65008331442
i:350	49114.65008331442
i:400	49114.65008331442
i:450	49114.65008331442
i:500	49114.65008331442
i:550	49114.65008331442
i:600	49114.65008331442
i:650	49114.65008331442
best: 49114.65008331442
routes: [0, 23, 24, 26, 29, 30, 28, 27, 25, 22, 21, 48, 47, 41, 42, 43, 45, 46, 49, 50, 44, 0, 11, 13, 12, 15, 17, 19, 20, 18, 16, 14, 39, 40, 36, 37, 38, 35, 34, 33, 31, 32, 0, 1, 3, 2, 8, 7, 9, 10, 5, 6, 4, 0]
Elapsed time: 85.04009938240051

i:0	65131.742743210314
i:50	51146.05207386636
i:100	50579.369372150606
i:150	50010.10840456358
i:200	49693.747285310834
i:250	49471.59016461842
i:300	49471.59016461842
i:350	49468.73221554684
i:400	49468.73221554684
i:450	49468.73221554684
i:500	49468.73221554684
i:550	49468.73221554684
i:600	49468.73221554684
i:650	49468.73221554684
best: 49468.73221554684
routes: [0, 4, 6, 5, 10, 9, 7, 8, 3, 2, 1, 31, 32, 33, 34, 35, 38, 36, 37, 39, 40, 0, 23, 22, 25, 27, 29, 30, 28, 26, 24, 21, 48, 47, 41, 42, 43, 45, 46, 49, 50, 44, 0, 11, 13, 12, 15, 17, 19, 20, 18, 16, 14, 0]
Elapsed time: 89.97151517868042

i:0	65091.88665771006
i:50	51357.4317660551
i:100	50586.434608628755
i:150	50242.39284738658
i:200	50176.854339886624
i:250	49449.690095097976
i:300	49449.690095097976
i:350	49449.690095097976
i:400	49449.690095097976
i:450	49449.690095097976
i:500	49449.690095097976
i:550	49449.690095097976
i:600	49449.690095097976
i:650	49449.690095097976
best: 49449.690095097976
routes: [0, 23, 24, 26, 29, 30, 28, 27, 25, 22, 21, 47, 48, 45, 42, 41, 43, 44, 46, 49, 50, 0, 4, 3, 6, 5, 10, 9, 7, 8, 2, 1, 31, 32, 33, 34, 35, 38, 36, 37, 39, 40, 0, 11, 13, 12, 15, 17, 19, 20, 18, 16, 14, 0]
Elapsed time: 87.51803278923035

i:0	66253.96913633838
i:50	52761.322014818186
i:100	51858.414835993186
i:150	51540.74610778902
i:200	51540.74610778902
i:250	51462.38976725428
i:300	51462.38976725428
i:350	51462.38976725428
i:400	51462.38976725428
i:450	51462.38976725428
i:500	51462.38976725428
i:550	51462.38976725428
i:600	51462.38976725428
i:650	51462.38976725428
best: 51462.38976725428
routes: [0, 50, 44, 43, 42, 41, 47, 45, 46, 49, 48, 21, 22, 23, 25, 24, 26, 29, 30, 27, 28, 0, 4, 3, 6, 5, 10, 9, 7, 8, 2, 1, 31, 35, 38, 37, 39, 40, 36, 34, 33, 32, 0, 11, 15, 17, 19, 20, 18, 16, 14, 13, 12, 0]
Elapsed time: 81.43265771865845

i:0	65221.43033934356
i:50	50758.86867022931
i:100	49767.702800367646
i:150	49581.91416516549
i:200	49581.91416516549
i:250	49553.8702130932
i:300	49456.9802137921
i:350	49456.9802137921
i:400	49456.9802137921
i:450	49456.9802137921
i:500	49456.9802137921
i:550	49456.9802137921
i:600	49456.9802137921
i:650	49456.9802137921
best: 49456.9802137921
routes: [0, 23, 24, 26, 29, 30, 28, 27, 25, 22, 21, 48, 47, 41, 42, 43, 45, 46, 49, 50, 44, 0, 12, 13, 15, 17, 19, 20, 18, 16, 14, 11, 39, 40, 36, 37, 38, 35, 34, 33, 31, 32, 0, 3, 6, 5, 10, 9, 7, 8, 2, 1, 4, 0]
Elapsed time: 86.10497856140137

i:0	67393.90165745279
i:50	50639.693417511226
i:100	49685.98142882073
i:150	49230.50592288265
i:200	49184.82595722317
i:250	49184.82595722317
i:300	49184.82595722317
i:350	49184.82595722317
i:400	49184.82595722317
i:450	49184.82595722317
i:500	49184.82595722317
i:550	49184.82595722317
i:600	49184.82595722317
i:650	49184.82595722317
best: 49184.82595722317
routes: [0, 11, 13, 12, 16, 15, 17, 19, 20, 18, 14, 39, 40, 36, 37, 38, 35, 34, 33, 31, 32, 0, 23, 24, 26, 29, 30, 28, 27, 25, 22, 21, 48, 47, 41, 42, 43, 45, 46, 49, 50, 44, 0, 1, 2, 8, 7, 9, 10, 5, 6, 3, 4, 0]
Elapsed time: 83.46053409576416

i:0	70114.31575822928
i:50	51205.68720177649
i:100	50052.770178245155
i:150	49877.08114151121
i:200	49528.14407385567
i:250	49338.95712503661
i:300	49338.95712503661
i:350	49338.95712503661
i:400	49338.95712503661
i:450	49338.95712503661
i:500	49338.95712503661
i:550	49338.95712503661
i:600	49338.95712503661
i:650	49338.95712503661
best: 49338.95712503661
routes: [0, 23, 24, 26, 29, 30, 28, 27, 25, 22, 21, 48, 47, 41, 42, 43, 45, 46, 49, 50, 44, 0, 4, 3, 6, 5, 10, 9, 7, 8, 2, 1, 31, 32, 33, 34, 35, 38, 36, 37, 39, 40, 0, 11, 13, 12, 15, 17, 19, 20, 18, 16, 14, 0]
Elapsed time: 86.82602572441101

i:0	62099.94526684875
i:50	52573.25489183551
i:100	51181.24148975538
i:150	50919.44138210514
i:200	50919.44138210514
i:250	50682.92470141598
i:300	50432.22475397006
i:350	50432.22475397006
i:400	50432.22475397006
i:450	50432.22475397006
i:500	50432.22475397006
i:550	50432.22475397006
i:600	50432.22475397006
i:650	50432.22475397006
best: 50432.22475397006
routes: [0, 4, 3, 6, 5, 10, 9, 7, 8, 2, 1, 31, 32, 33, 34, 35, 38, 36, 37, 39, 40, 0, 50, 46, 49, 44, 43, 45, 42, 41, 47, 48, 21, 25, 24, 26, 29, 30, 27, 28, 23, 22, 0, 11, 13, 15, 17, 19, 20, 18, 16, 14, 12, 0]
Elapsed time: 74.7726058959961

mean: 49659.09443882018
std: 592.3769476894814
mean-time: 86.5462854385376
std-time: 4.063537428124979