i:0	82470.0149630211
i:50	67236.86671676664
i:100	67236.86671676664
i:150	66648.49784067263
i:200	66648.49784067263
i:250	66648.49784067263
i:300	66648.49784067263
i:350	66648.49784067263
i:400	66648.49784067263
i:450	66648.49784067263
i:500	66648.49784067263
i:550	66648.49784067263
i:600	66648.49784067263
i:650	66648.49784067263
best: 66648.49784067263
routes: [0, 26, 28, 27, 29, 30, 39, 36, 38, 37, 40, 31, 32, 34, 35, 33, 50, 49, 48, 47, 46, 0, 6, 8, 7, 10, 9, 24, 25, 23, 22, 21, 45, 43, 41, 42, 44, 3, 1, 2, 4, 5, 0, 16, 18, 17, 19, 20, 15, 13, 14, 11, 12, 0]
Elapsed time: 24.130495071411133

i:0	502020.8813565632
i:50	67099.00807092476
i:100	67099.00807092476
i:150	67099.00807092476
i:200	67099.00807092476
i:250	67099.00807092476
i:300	67099.00807092476
i:350	67099.00807092476
i:400	67099.00807092476
i:450	67099.00807092476
i:500	67099.00807092476
i:550	67099.00807092476
i:600	67099.00807092476
i:650	67099.00807092476
best: 67099.00807092476
routes: [0, 6, 8, 10, 7, 9, 25, 23, 22, 24, 21, 44, 43, 45, 41, 42, 5, 3, 4, 1, 2, 0, 49, 50, 48, 47, 46, 33, 31, 32, 34, 35, 40, 38, 37, 39, 36, 29, 30, 28, 27, 26, 0, 16, 18, 17, 19, 20, 14, 13, 12, 15, 11, 0]
Elapsed time: 20.483559608459473

i:0	99163.44580102674
i:50	65363.78743361779
i:100	65363.78743361779
i:150	65363.78743361779
i:200	65363.78743361779
i:250	65363.78743361779
i:300	65363.78743361779
i:350	65363.78743361779
i:400	65363.78743361779
i:450	65363.78743361779
i:500	65363.78743361779
i:550	65363.78743361779
i:600	65363.78743361779
i:650	65363.78743361779
best: 65363.78743361779
routes: [0, 8, 7, 9, 10, 6, 23, 22, 24, 25, 21, 41, 42, 45, 43, 44, 29, 30, 28, 27, 26, 0, 4, 1, 2, 5, 3, 39, 36, 38, 37, 40, 33, 34, 31, 32, 35, 50, 49, 48, 47, 46, 0, 13, 14, 11, 12, 15, 20, 18, 17, 19, 16, 0]
Elapsed time: 18.480571031570435

i:0	103482.38744282187
i:50	66812.68718934184
i:100	66812.68718934184
i:150	66812.68718934184
i:200	66812.68718934184
i:250	66812.68718934184
i:300	66812.68718934184
i:350	66812.68718934184
i:400	66812.68718934184
i:450	66812.68718934184
i:500	66812.68718934184
i:550	66812.68718934184
i:600	66812.68718934184
i:650	66812.68718934184
best: 66812.68718934184
routes: [0, 4, 3, 1, 2, 5, 44, 43, 42, 45, 41, 24, 21, 22, 25, 23, 6, 8, 7, 9, 10, 0, 49, 50, 48, 47, 46, 33, 34, 31, 32, 35, 40, 38, 37, 39, 36, 29, 30, 28, 27, 26, 0, 12, 15, 13, 14, 11, 18, 17, 20, 19, 16, 0]
Elapsed time: 21.06383728981018

i:0	91398.80122333612
i:50	67437.87551855056
i:100	67437.87551855056
i:150	67437.87551855056
i:200	67437.87551855056
i:250	67437.87551855056
i:300	67437.87551855056
i:350	67437.87551855056
i:400	67437.87551855056
i:450	67437.87551855056
i:500	67437.87551855056
i:550	67437.87551855056
i:600	67437.87551855056
i:650	67437.87551855056
best: 67437.87551855056
routes: [0, 1, 2, 4, 3, 5, 44, 43, 42, 45, 41, 24, 21, 22, 25, 23, 6, 8, 7, 9, 10, 0, 26, 28, 27, 29, 30, 39, 36, 38, 37, 40, 33, 31, 32, 34, 35, 50, 49, 48, 47, 46, 0, 14, 13, 12, 15, 11, 18, 17, 20, 19, 16, 0]
Elapsed time: 20.59112238883972

i:0	90154.79091084418
i:50	68345.77350405442
i:100	66855.19419035733
i:150	66769.76227592959
i:200	66769.76227592959
i:250	66769.76227592959
i:300	66769.76227592959
i:350	66769.76227592959
i:400	66769.76227592959
i:450	66769.76227592959
i:500	66769.76227592959
i:550	66769.76227592959
i:600	66769.76227592959
i:650	66769.76227592959
best: 66769.76227592959
routes: [0, 4, 1, 2, 5, 3, 44, 43, 45, 41, 42, 23, 25, 21, 22, 24, 9, 10, 8, 7, 6, 0, 49, 50, 48, 47, 46, 33, 31, 32, 34, 35, 40, 38, 37, 39, 36, 29, 30, 28, 27, 26, 0, 13, 14, 11, 12, 15, 20, 18, 17, 19, 16, 0]
Elapsed time: 30.56541895866394

i:0	93948.53662679001
i:50	66444.0092316378
i:100	66444.0092316378
i:150	66444.0092316378
i:200	66444.0092316378
i:250	66444.0092316378
i:300	66444.0092316378
i:350	66444.0092316378
i:400	66444.0092316378
i:450	66444.0092316378
i:500	66444.0092316378
i:550	66444.0092316378
i:600	66444.0092316378
i:650	66444.0092316378
best: 66444.0092316378
routes: [0, 6, 8, 7, 10, 9, 24, 25, 23, 22, 21, 45, 43, 41, 42, 44, 29, 30, 28, 27, 26, 0, 4, 5, 3, 2, 1, 39, 36, 38, 37, 40, 33, 34, 31, 32, 35, 50, 49, 48, 47, 46, 0, 12, 15, 13, 14, 11, 18, 17, 20, 19, 16, 0]
Elapsed time: 18.093183994293213

i:0	86617.90733094106
i:50	65691.52825912352
i:100	65691.52825912352
i:150	65691.52825912352
i:200	65691.52825912352
i:250	65691.52825912352
i:300	65691.52825912352
i:350	65691.52825912352
i:400	65691.52825912352
i:450	65691.52825912352
i:500	65691.52825912352
i:550	65691.52825912352
i:600	65691.52825912352
i:650	65691.52825912352
best: 65691.52825912352
routes: [0, 49, 50, 48, 47, 46, 33, 31, 32, 34, 35, 40, 38, 37, 39, 36, 29, 30, 28, 27, 26, 0, 8, 7, 9, 10, 6, 23, 24, 21, 22, 25, 41, 42, 45, 43, 44, 5, 3, 4, 1, 2, 0, 13, 14, 11, 12, 15, 20, 18, 17, 19, 16, 0]
Elapsed time: 23.499775886535645

i:0	90870.19671638848
i:50	69222.42931353791
i:100	68829.11821809951
i:150	68829.11821809951
i:200	68829.11821809951
i:250	68829.11821809951
i:300	68829.11821809951
i:350	68829.11821809951
i:400	68829.11821809951
i:450	68829.11821809951
i:500	68829.11821809951
i:550	68829.11821809951
i:600	68829.11821809951
i:650	68829.11821809951
best: 68829.11821809951
routes: [0, 26, 28, 27, 29, 30, 39, 36, 38, 37, 40, 33, 34, 31, 32, 35, 50, 49, 48, 47, 46, 0, 1, 2, 4, 3, 5, 44, 43, 42, 45, 41, 24, 25, 23, 21, 22, 0, 16, 20, 19, 18, 17, 14, 13, 11, 12, 15, 8, 7, 9, 10, 6, 0]
Elapsed time: 19.230711221694946

i:0	82712.43315680492
i:50	66120.59052623088
i:100	66120.59052623088
i:150	66120.59052623088
i:200	66120.59052623088
i:250	66120.59052623088
i:300	66120.59052623088
i:350	66120.59052623088
i:400	66120.59052623088
i:450	66120.59052623088
i:500	66120.59052623088
i:550	66120.59052623088
i:600	66120.59052623088
i:650	66120.59052623088
best: 66120.59052623088
routes: [0, 49, 50, 48, 47, 46, 34, 35, 33, 32, 31, 40, 38, 37, 39, 36, 28, 27, 29, 30, 26, 0, 4, 3, 1, 2, 5, 6, 8, 7, 10, 9, 25, 23, 22, 24, 21, 45, 43, 41, 42, 44, 0, 16, 18, 17, 19, 20, 14, 15, 13, 12, 11, 0]
Elapsed time: 24.570210218429565

i:0	91245.90884267668
i:50	66311.67625879249
i:100	66311.67625879249
i:150	66311.67625879249
i:200	66311.67625879249
i:250	66311.67625879249
i:300	66311.67625879249
i:350	66311.67625879249
i:400	66311.67625879249
i:450	66311.67625879249
i:500	66311.67625879249
i:550	66311.67625879249
i:600	66311.67625879249
i:650	66311.67625879249
best: 66311.67625879249
routes: [0, 4, 3, 1, 2, 5, 44, 43, 42, 45, 41, 24, 25, 23, 21, 22, 9, 10, 8, 7, 6, 0, 26, 28, 27, 29, 30, 39, 36, 38, 37, 40, 32, 34, 35, 33, 31, 50, 49, 48, 47, 46, 0, 12, 15, 13, 14, 11, 18, 17, 20, 19, 16, 0]
Elapsed time: 20.63108801841736

i:0	83071.87104039924
i:50	65875.11996919588
i:100	64831.331768411765
i:150	64831.331768411765
i:200	64831.331768411765
i:250	64831.331768411765
i:300	64831.331768411765
i:350	64831.331768411765
i:400	64831.331768411765
i:450	64831.331768411765
i:500	64831.331768411765
i:550	64831.331768411765
i:600	64831.331768411765
i:650	64831.331768411765
best: 64831.331768411765
routes: [0, 8, 7, 9, 10, 6, 25, 23, 22, 24, 21, 41, 42, 45, 43, 44, 5, 3, 1, 2, 4, 0, 26, 28, 27, 29, 30, 39, 36, 38, 37, 40, 32, 34, 35, 33, 31, 50, 49, 48, 47, 46, 0, 12, 15, 13, 14, 11, 18, 17, 20, 19, 16, 0]
Elapsed time: 19.493438482284546

i:0	288464.5719695209
i:50	65356.95812396604
i:100	65079.69466197686
i:150	64551.36869629404
i:200	64551.36869629404
i:250	64551.36869629404
i:300	64551.36869629404
i:350	64551.36869629404
i:400	64551.36869629404
i:450	64551.36869629404
i:500	64551.36869629404
i:550	64551.36869629404
i:600	64551.36869629404
i:650	64551.36869629404
best: 64551.36869629404
routes: [0, 4, 5, 3, 1, 2, 44, 43, 42, 45, 41, 21, 22, 24, 25, 23, 6, 8, 7, 9, 10, 0, 49, 50, 48, 47, 46, 34, 35, 33, 32, 31, 40, 38, 37, 39, 36, 28, 27, 29, 30, 26, 0, 13, 14, 11, 12, 15, 20, 18, 17, 19, 16, 0]
Elapsed time: 20.907914876937866

i:0	81514.16001987661
i:50	66327.81804673022
i:100	66327.81804673022
i:150	66327.81804673022
i:200	66327.81804673022
i:250	66327.81804673022
i:300	66327.81804673022
i:350	66327.81804673022
i:400	66327.81804673022
i:450	66327.81804673022
i:500	66327.81804673022
i:550	66327.81804673022
i:600	66327.81804673022
i:650	66327.81804673022
best: 66327.81804673022
routes: [0, 26, 28, 27, 29, 30, 39, 36, 38, 37, 40, 31, 32, 34, 35, 33, 50, 49, 48, 47, 46, 0, 4, 3, 1, 2, 5, 44, 43, 45, 41, 42, 24, 25, 23, 21, 22, 9, 10, 8, 7, 6, 0, 16, 18, 17, 19, 20, 15, 13, 11, 12, 14, 0]
Elapsed time: 20.871628046035767

i:0	305252.1442696496
i:50	65746.04345895138
i:100	65746.04345895138
i:150	65746.04345895138
i:200	65746.04345895138
i:250	65746.04345895138
i:300	65746.04345895138
i:350	65746.04345895138
i:400	65746.04345895138
i:450	65746.04345895138
i:500	65746.04345895138
i:550	65746.04345895138
i:600	65746.04345895138
i:650	65746.04345895138
best: 65746.04345895138
routes: [0, 49, 50, 48, 47, 46, 33, 31, 32, 34, 35, 40, 38, 37, 39, 36, 29, 30, 28, 27, 26, 0, 8, 7, 9, 10, 6, 24, 25, 23, 22, 21, 45, 43, 41, 42, 44, 5, 3, 4, 1, 2, 0, 13, 14, 11, 12, 15, 20, 18, 17, 19, 16, 0]
Elapsed time: 20.80001425743103

i:0	297889.4590184286
i:50	66408.81657035448
i:100	66408.81657035448
i:150	66408.81657035448
i:200	66408.81657035448
i:250	66408.81657035448
i:300	66408.81657035448
i:350	66408.81657035448
i:400	66408.81657035448
i:450	66408.81657035448
i:500	66408.81657035448
i:550	66408.81657035448
i:600	66408.81657035448
i:650	66408.81657035448
best: 66408.81657035448
routes: [0, 50, 49, 48, 47, 46, 26, 28, 27, 29, 30, 39, 36, 38, 37, 40, 35, 33, 31, 32, 34, 0, 4, 5, 3, 1, 2, 44, 43, 45, 41, 42, 21, 22, 24, 25, 23, 6, 8, 7, 9, 10, 0, 14, 13, 12, 15, 11, 18, 17, 20, 19, 16, 0]
Elapsed time: 22.806729793548584

i:0	92043.78446377516
i:50	65591.56901829426
i:100	65507.681048428465
i:150	65507.681048428465
i:200	65507.681048428465
i:250	65507.681048428465
i:300	65507.681048428465
i:350	65507.681048428465
i:400	65507.681048428465
i:450	65507.681048428465
i:500	65507.681048428465
i:550	65507.681048428465
i:600	65507.681048428465
i:650	65507.681048428465
best: 65507.681048428465
routes: [0, 49, 50, 48, 47, 46, 34, 35, 33, 32, 31, 40, 38, 37, 39, 36, 29, 30, 28, 27, 26, 0, 4, 3, 1, 2, 5, 44, 43, 45, 41, 42, 24, 25, 23, 21, 22, 9, 10, 8, 7, 6, 0, 12, 15, 13, 14, 11, 18, 17, 20, 19, 16, 0]
Elapsed time: 20.003159761428833

i:0	289965.29176353075
i:50	67531.96096019639
i:100	67531.96096019639
i:150	67531.96096019639
i:200	67531.96096019639
i:250	67531.96096019639
i:300	67531.96096019639
i:350	67531.96096019639
i:400	67531.96096019639
i:450	67531.96096019639
i:500	67531.96096019639
i:550	67531.96096019639
i:600	67531.96096019639
i:650	67531.96096019639
best: 67531.96096019639
routes: [0, 26, 28, 27, 29, 30, 39, 36, 38, 37, 40, 33, 31, 32, 34, 35, 50, 49, 48, 47, 46, 0, 4, 1, 2, 5, 3, 44, 43, 41, 42, 45, 24, 25, 23, 21, 22, 9, 10, 8, 7, 6, 0, 12, 15, 13, 14, 11, 18, 17, 20, 19, 16, 0]
Elapsed time: 20.654234647750854

i:0	297110.95152127265
i:50	65671.62210048168
i:100	65041.459521481345
i:150	65041.459521481345
i:200	65041.459521481345
i:250	65041.459521481345
i:300	65041.459521481345
i:350	65041.459521481345
i:400	65041.459521481345
i:450	65041.459521481345
i:500	65041.459521481345
i:550	65041.459521481345
i:600	65041.459521481345
i:650	65041.459521481345
best: 65041.459521481345
routes: [0, 4, 5, 3, 1, 2, 44, 43, 45, 41, 42, 21, 22, 24, 25, 23, 6, 8, 7, 9, 10, 0, 26, 28, 27, 29, 30, 39, 36, 38, 37, 40, 33, 31, 32, 34, 35, 50, 49, 48, 47, 46, 0, 16, 18, 17, 19, 20, 14, 13, 12, 15, 11, 0]
Elapsed time: 24.29763960838318

i:0	87859.47357860637
i:50	67537.6646196644
i:100	66247.75261898628
i:150	66247.75261898628
i:200	66247.75261898628
i:250	66247.75261898628
i:300	66247.75261898628
i:350	66247.75261898628
i:400	66247.75261898628
i:450	66247.75261898628
i:500	66247.75261898628
i:550	66247.75261898628
i:600	66247.75261898628
i:650	66247.75261898628
best: 66247.75261898628
routes: [0, 4, 5, 3, 1, 2, 44, 43, 42, 45, 41, 24, 21, 22, 25, 23, 6, 8, 7, 9, 10, 0, 49, 50, 48, 47, 46, 33, 31, 32, 34, 35, 40, 38, 37, 39, 36, 29, 30, 28, 27, 26, 0, 12, 15, 13, 14, 11, 18, 17, 20, 19, 16, 0]
Elapsed time: 29.663312673568726

mean: 66286.13867563778
std: 987.3416963782879
mean-time: 22.04190229177475
std-time: 3.238228453454432