i:0	65361.894485070945
i:50	50112.87225882929
i:100	48076.83112468719
i:150	47875.19838055923
i:200	46884.45210181638
i:250	46663.91507002199
i:300	46536.9731581119
i:350	46382.852101836324
i:400	46382.852101836324
i:450	46382.852101836324
i:500	46382.852101836324
i:550	46382.852101836324
i:600	46382.852101836324
i:650	46382.852101836324
best: 46382.852101836324
routes: [0, 23, 24, 26, 29, 30, 28, 27, 25, 22, 21, 49, 50, 46, 44, 43, 45, 42, 41, 47, 48, 9, 10, 5, 6, 7, 8, 2, 1, 3, 4, 0, 11, 13, 12, 15, 17, 19, 20, 18, 16, 14, 39, 40, 36, 37, 38, 35, 34, 33, 31, 32, 0]
Elapsed time: 95.424156665802

i:0	64822.515687443345
i:50	47549.18180689456
i:100	46852.24103247812
i:150	46649.243946337956
i:200	46444.05244295242
i:250	46344.1965388097
i:300	46344.1965388097
i:350	46344.1965388097
i:400	46344.1965388097
i:450	46344.1965388097
i:500	46344.1965388097
i:550	46344.1965388097
i:600	46344.1965388097
i:650	46344.1965388097
best: 46344.1965388097
routes: [0, 12, 13, 15, 17, 19, 20, 18, 16, 14, 11, 39, 40, 36, 37, 38, 35, 34, 33, 31, 32, 0, 23, 22, 25, 27, 29, 30, 28, 26, 24, 21, 48, 47, 41, 42, 45, 43, 44, 46, 49, 50, 9, 10, 7, 8, 2, 1, 3, 6, 5, 4, 0]
Elapsed time: 98.62919330596924

i:0	63292.6874339163
i:50	48131.907935115945
i:100	48121.16015667514
i:150	47963.029269898674
i:200	47710.12368479372
i:250	47288.51139152754
i:300	47288.51139152754
i:350	46933.76377603866
i:400	46933.76377603866
i:450	46933.76377603866
i:500	46933.76377603866
i:550	46933.76377603866
i:600	46933.76377603866
i:650	46933.76377603866
best: 46933.76377603866
routes: [0, 4, 5, 10, 6, 3, 1, 2, 8, 7, 9, 50, 44, 46, 49, 45, 43, 42, 41, 47, 48, 21, 22, 23, 25, 24, 26, 29, 30, 27, 28, 0, 11, 12, 13, 15, 17, 19, 20, 18, 16, 14, 31, 32, 33, 34, 35, 38, 37, 36, 39, 40, 0]
Elapsed time: 97.46226620674133

i:0	66660.262837012
i:50	50967.85279503397
i:100	50590.74168267602
i:150	49995.92003065251
i:200	49787.72464504616
i:250	49655.59495120981
i:300	49655.59495120981
i:350	49655.59495120981
i:400	49655.59495120981
i:450	49655.59495120981
i:500	49655.59495120981
i:550	49655.59495120981
i:600	49655.59495120981
i:650	49655.59495120981
best: 49655.59495120981
routes: [0, 11, 13, 12, 17, 18, 20, 19, 15, 16, 14, 39, 40, 37, 38, 36, 32, 31, 33, 35, 34, 0, 4, 2, 10, 6, 1, 3, 5, 7, 8, 9, 44, 46, 50, 49, 45, 43, 42, 41, 47, 48, 21, 25, 24, 26, 29, 30, 27, 28, 23, 22, 0]
Elapsed time: 100.25028610229492

i:0	67859.0048656522
i:50	48871.788909206305
i:100	47326.356180883464
i:150	46973.31437423873
i:200	46885.917684466964
i:250	46885.917684466964
i:300	46885.917684466964
i:350	46885.917684466964
i:400	46885.917684466964
i:450	46885.917684466964
i:500	46885.917684466964
i:550	46885.917684466964
i:600	46885.917684466964
i:650	46885.917684466964
best: 46885.917684466964
routes: [0, 4, 1, 2, 3, 6, 5, 10, 7, 8, 9, 23, 25, 24, 26, 29, 30, 28, 27, 22, 21, 48, 47, 41, 42, 45, 43, 44, 46, 49, 50, 0, 12, 13, 15, 17, 19, 20, 18, 16, 14, 11, 39, 40, 36, 37, 38, 35, 34, 33, 31, 32, 0]
Elapsed time: 93.31568312644958

i:0	66207.2886569225
i:50	50712.18830742355
i:100	47615.071218314566
i:150	47433.007443117414
i:200	47250.08667611428
i:250	46386.63293259297
i:300	46293.07113304225
i:350	46216.483741030504
i:400	46216.483741030504
i:450	46216.483741030504
i:500	46216.483741030504
i:550	46216.483741030504
i:600	46216.483741030504
i:650	46216.483741030504
best: 46216.483741030504
routes: [0, 23, 24, 26, 29, 30, 28, 27, 25, 22, 21, 48, 47, 41, 42, 43, 45, 46, 49, 50, 44, 8, 7, 9, 10, 5, 6, 2, 1, 3, 4, 0, 12, 13, 15, 17, 19, 20, 18, 16, 14, 11, 39, 40, 36, 37, 38, 35, 34, 33, 31, 32, 0]
Elapsed time: 99.46481108665466

i:0	63645.62056833119
i:50	48939.89693728385
i:100	47908.72268006532
i:150	47221.55756556662
i:200	47012.31851447907
i:250	46589.751775816236
i:300	46292.95861622804
i:350	46292.95861622804
i:400	46292.95861622804
i:450	46292.95861622804
i:500	46292.95861622804
i:550	46292.95861622804
i:600	46292.95861622804
i:650	46292.95861622804
best: 46292.95861622804
routes: [0, 4, 1, 2, 3, 6, 5, 10, 7, 8, 9, 50, 44, 46, 49, 45, 43, 42, 41, 47, 48, 21, 22, 23, 25, 24, 26, 29, 30, 27, 28, 0, 12, 13, 15, 17, 19, 20, 18, 16, 14, 11, 39, 40, 36, 37, 38, 35, 34, 33, 31, 32, 0]
Elapsed time: 97.18235850334167

i:0	66083.11471768633
i:50	48568.0813313299
i:100	47128.760941939996
i:150	46766.44230004196
i:200	46369.5371270936
i:250	46344.1965388097
i:300	46344.1965388097
i:350	46344.1965388097
i:400	46297.3874343067
i:450	46297.3874343067
i:500	46297.3874343067
i:550	46297.3874343067
i:600	46297.3874343067
i:650	46297.3874343067
best: 46297.3874343067
routes: [0, 23, 22, 25, 27, 29, 30, 28, 26, 24, 21, 48, 47, 41, 42, 43, 45, 46, 49, 50, 44, 9, 10, 7, 8, 2, 1, 3, 6, 5, 4, 0, 12, 13, 15, 17, 19, 20, 18, 16, 14, 11, 39, 40, 36, 37, 38, 35, 34, 33, 31, 32, 0]
Elapsed time: 93.80098915100098

i:0	59001.06776692784
i:50	50602.68696734459
i:100	50387.378803656204
i:150	50210.57714842259
i:200	49871.83520490778
i:250	49433.69142606326
i:300	49290.740032020854
i:350	48697.522296050505
i:400	47681.515403790494
i:450	47681.515403790494
i:500	47681.515403790494
i:550	47681.515403790494
i:600	47681.515403790494
i:650	47681.515403790494
best: 47681.515403790494
routes: [0, 4, 1, 2, 3, 6, 5, 10, 7, 8, 9, 23, 22, 25, 27, 29, 30, 28, 26, 24, 21, 48, 47, 41, 42, 43, 45, 46, 49, 50, 44, 0, 11, 12, 13, 15, 17, 19, 20, 18, 16, 14, 31, 32, 33, 34, 35, 38, 37, 36, 39, 40, 0]
Elapsed time: 110.89902639389038

i:0	62174.05619284005
i:50	48591.603697457016
i:100	48297.82229213981
i:150	47747.085544619695
i:200	47309.02733039195
i:250	46991.830748753564
i:300	46991.830748753564
i:350	46991.830748753564
i:400	46991.830748753564
i:450	46991.830748753564
i:500	46991.830748753564
i:550	46991.830748753564
i:600	46991.830748753564
i:650	46991.830748753564
best: 46991.830748753564
routes: [0, 11, 12, 13, 15, 17, 19, 20, 18, 16, 14, 31, 32, 33, 34, 35, 38, 37, 36, 39, 40, 0, 23, 24, 26, 29, 30, 28, 27, 25, 22, 21, 48, 47, 41, 42, 45, 43, 44, 46, 49, 50, 8, 7, 9, 10, 5, 6, 2, 1, 3, 4, 0]
Elapsed time: 97.113529920578

i:0	67887.85974659698
i:50	50631.90384267981
i:100	49343.01830955946
i:150	48124.09207512574
i:200	47599.328103788794
i:250	47599.328103788794
i:300	47302.5349442006
i:350	46960.43203102966
i:400	46960.43203102966
i:450	46960.43203102966
i:500	46960.43203102966
i:550	46960.43203102966
i:600	46960.43203102966
i:650	46960.43203102966
best: 46960.43203102966
routes: [0, 4, 1, 2, 3, 6, 5, 10, 7, 8, 9, 50, 44, 46, 49, 45, 43, 42, 41, 47, 48, 21, 22, 23, 25, 24, 26, 29, 30, 27, 28, 0, 12, 13, 15, 17, 19, 20, 18, 16, 14, 11, 31, 32, 33, 34, 35, 38, 37, 36, 39, 40, 0]
Elapsed time: 94.12687397003174

i:0	66096.14492282542
i:50	49500.34722490575
i:100	49384.951347471375
i:150	47868.34119812476
i:200	46953.45834915381
i:250	46520.83319596217
i:300	46337.22373399758
i:350	46109.89050916357
i:400	46109.89050916357
i:450	46109.89050916357
i:500	46109.89050916357
i:550	46109.89050916357
i:600	46109.89050916357
i:650	46109.89050916357
best: 46109.89050916357
routes: [0, 11, 13, 12, 15, 17, 19, 20, 18, 16, 14, 39, 40, 36, 37, 38, 35, 34, 33, 31, 32, 0, 23, 22, 25, 27, 29, 30, 28, 26, 24, 21, 48, 47, 41, 42, 45, 43, 44, 46, 49, 50, 9, 10, 7, 8, 2, 1, 3, 6, 5, 4, 0]
Elapsed time: 100.6606547832489

i:0	67783.13350604253
i:50	47775.778237017636
i:100	47257.22519061786
i:150	47257.22519061786
i:200	47257.22519061786
i:250	47257.22519061786
i:300	46960.43203102966
i:350	46960.43203102966
i:400	46960.43203102966
i:450	46960.43203102966
i:500	46960.43203102966
i:550	46960.43203102966
i:600	46960.43203102966
i:650	46960.43203102966
best: 46960.43203102966
routes: [0, 4, 1, 2, 3, 6, 5, 10, 7, 8, 9, 50, 44, 46, 49, 45, 43, 42, 41, 47, 48, 21, 22, 23, 25, 24, 26, 29, 30, 27, 28, 0, 12, 13, 15, 17, 19, 20, 18, 16, 14, 11, 31, 32, 33, 34, 35, 38, 37, 36, 39, 40, 0]
Elapsed time: 80.32078385353088

i:0	67368.69112699316
i:50	48624.83867239526
i:100	48154.878065089135
i:150	46995.10362475695
i:200	46697.54865934104
i:250	46697.54865934104
i:300	46697.54865934104
i:350	46058.652586581906
i:400	46058.652586581906
i:450	46058.652586581906
i:500	46058.652586581906
i:550	46058.652586581906
i:600	46058.652586581906
i:650	46058.652586581906
best: 46058.652586581906
routes: [0, 4, 1, 2, 3, 6, 5, 10, 7, 8, 9, 50, 44, 46, 49, 45, 43, 42, 41, 47, 48, 21, 22, 23, 25, 24, 26, 29, 30, 27, 28, 0, 11, 13, 12, 15, 17, 19, 20, 18, 16, 14, 39, 40, 36, 37, 38, 35, 34, 33, 31, 32, 0]
Elapsed time: 91.60541701316833

i:0	61773.15451627047
i:50	51259.216707046944
i:100	50711.02203314323
i:150	50467.576250880535
i:200	49899.90508233149
i:250	49181.25307109881
i:300	49181.122602865515
i:350	49181.122602865515
i:400	49181.122602865515
i:450	49181.122602865515
i:500	49181.122602865515
i:550	49181.122602865515
i:600	49181.122602865515
i:650	49181.122602865515
best: 49181.122602865515
routes: [0, 14, 12, 15, 17, 19, 20, 18, 16, 13, 11, 31, 32, 33, 34, 35, 38, 37, 36, 39, 40, 0, 4, 2, 5, 6, 10, 8, 3, 1, 7, 9, 23, 24, 26, 29, 30, 28, 27, 25, 22, 21, 48, 47, 41, 42, 43, 45, 46, 49, 50, 44, 0]
Elapsed time: 106.44024515151978

i:0	61494.46357124581
i:50	50453.728475291515
i:100	49059.02944943076
i:150	48815.53329938206
i:200	48491.083084855534
i:250	47268.660683110764
i:300	47135.66399063097
i:350	47057.70872138803
i:400	47057.70872138803
i:450	47057.70872138803
i:500	47057.70872138803
i:550	47057.70872138803
i:600	47057.70872138803
i:650	47057.70872138803
best: 47057.70872138803
routes: [0, 11, 12, 13, 15, 17, 19, 20, 18, 16, 14, 31, 32, 33, 34, 35, 38, 37, 36, 39, 40, 0, 23, 25, 27, 29, 30, 28, 26, 24, 22, 21, 48, 47, 41, 42, 43, 45, 46, 49, 50, 44, 8, 7, 9, 10, 5, 6, 2, 1, 3, 4, 0]
Elapsed time: 103.68592858314514

i:0	68329.13319751121
i:50	49563.86607392431
i:100	49428.53195737827
i:150	48391.50664489839
i:200	47477.67525504202
i:250	46710.69551896104
i:300	46710.69551896104
i:350	46058.652586581906
i:400	46058.652586581906
i:450	46058.652586581906
i:500	46058.652586581906
i:550	46058.652586581906
i:600	46058.652586581906
i:650	46058.652586581906
best: 46058.652586581906
routes: [0, 4, 1, 2, 3, 6, 5, 10, 7, 8, 9, 50, 44, 46, 49, 45, 43, 42, 41, 47, 48, 21, 22, 23, 25, 24, 26, 29, 30, 27, 28, 0, 11, 13, 12, 15, 17, 19, 20, 18, 16, 14, 39, 40, 36, 37, 38, 35, 34, 33, 31, 32, 0]
Elapsed time: 99.79391288757324

i:0	67316.07031377466
i:50	48379.91572515725
i:100	48240.39373257173
i:150	47524.12106954196
i:200	47277.50133692258
i:250	46659.493824343386
i:300	46659.493824343386
i:350	46659.493824343386
i:400	46659.493824343386
i:450	46659.493824343386
i:500	46659.493824343386
i:550	46659.493824343386
i:600	46659.493824343386
i:650	46659.493824343386
best: 46659.493824343386
routes: [0, 12, 13, 15, 17, 19, 20, 18, 16, 14, 11, 39, 40, 36, 37, 38, 35, 34, 33, 31, 32, 0, 23, 24, 26, 29, 30, 28, 27, 25, 22, 21, 47, 41, 42, 43, 45, 48, 46, 49, 50, 44, 8, 2, 1, 3, 6, 7, 9, 10, 5, 4, 0]
Elapsed time: 98.1052074432373

i:0	62287.87514070252
i:50	50712.035312888096
i:100	50144.155569420574
i:150	49971.9346109979
i:200	49086.579793140954
i:250	47820.62890187452
i:300	47516.81554514935
i:350	47516.81554514935
i:400	47516.81554514935
i:450	47516.81554514935
i:500	47516.81554514935
i:550	47516.81554514935
i:600	47516.81554514935
i:650	47516.81554514935
best: 47516.81554514935
routes: [0, 11, 13, 15, 17, 19, 20, 18, 16, 14, 12, 23, 22, 25, 27, 26, 29, 30, 28, 24, 21, 48, 47, 41, 42, 43, 45, 46, 49, 50, 44, 0, 4, 1, 3, 6, 5, 10, 9, 7, 8, 2, 31, 32, 33, 34, 35, 38, 37, 36, 39, 40, 0]
Elapsed time: 102.1516284942627

i:0	69942.14297260309
i:50	49820.44044663816
i:100	48805.72399767238
i:150	48805.72399767238
i:200	48804.74101138605
i:250	48072.91324252321
i:300	47744.03675594537
i:350	47663.40693919573
i:400	47663.40693919573
i:450	47663.40693919573
i:500	47663.40693919573
i:550	47663.40693919573
i:600	47663.40693919573
i:650	47663.40693919573
best: 47663.40693919573
routes: [0, 1, 3, 4, 5, 6, 10, 7, 9, 8, 2, 31, 32, 33, 34, 35, 38, 37, 36, 39, 40, 0, 50, 44, 46, 45, 43, 42, 41, 47, 49, 48, 21, 22, 23, 25, 24, 26, 29, 30, 27, 28, 15, 17, 19, 20, 18, 16, 14, 11, 13, 12, 0]
Elapsed time: 100.89937162399292

mean: 46995.45541868998
std: 951.4093898471936
mean-time: 98.06661621332168
std-time: 6.040774512212443