i:0	81669.02514881648
i:50	59144.1100532063
i:100	58714.96651372487
i:150	58714.96651372487
i:200	58714.96651372487
i:250	58714.96651372487
i:300	58714.96651372487
i:350	58714.96651372487
i:400	58714.96651372487
i:450	58714.96651372487
i:500	58714.96651372487
i:550	58714.96651372487
i:600	58714.96651372487
i:650	58714.96651372487
best: 58714.96651372487
routes: [0, 4, 3, 1, 2, 5, 23, 25, 22, 24, 21, 41, 42, 45, 43, 44, 39, 40, 38, 37, 36, 29, 30, 28, 27, 26, 0, 50, 49, 48, 47, 46, 31, 32, 35, 33, 34, 16, 18, 17, 19, 20, 15, 13, 14, 11, 12, 8, 7, 9, 10, 6, 0]
Elapsed time: 29.936116456985474

i:0	83856.67325340674
i:50	61968.95421839959
i:100	61475.89040108981
i:150	61475.89040108981
i:200	61475.89040108981
i:250	61475.89040108981
i:300	61475.89040108981
i:350	61475.89040108981
i:400	61475.89040108981
i:450	61475.89040108981
i:500	61475.89040108981
i:550	61475.89040108981
i:600	61475.89040108981
i:650	61475.89040108981
best: 61475.89040108981
routes: [0, 26, 28, 27, 29, 30, 39, 36, 38, 37, 40, 33, 34, 35, 32, 31, 50, 49, 48, 47, 46, 1, 2, 5, 3, 4, 0, 23, 25, 22, 24, 21, 41, 42, 45, 43, 44, 6, 8, 7, 9, 10, 12, 15, 13, 14, 11, 18, 17, 20, 19, 16, 0]
Elapsed time: 24.4893741607666

i:0	80881.88935124996
i:50	62495.72773759177
i:100	62495.72773759177
i:150	62495.72773759177
i:200	62495.72773759177
i:250	62495.72773759177
i:300	62495.72773759177
i:350	62495.72773759177
i:400	62495.72773759177
i:450	62495.72773759177
i:500	62495.72773759177
i:550	62495.72773759177
i:600	62495.72773759177
i:650	62495.72773759177
best: 62495.72773759177
routes: [0, 26, 28, 27, 29, 30, 39, 36, 38, 37, 40, 33, 34, 35, 32, 31, 50, 49, 48, 47, 46, 0, 8, 7, 9, 10, 6, 23, 22, 24, 25, 21, 41, 42, 45, 43, 44, 11, 14, 13, 12, 15, 20, 18, 17, 19, 16, 0, 4, 5, 3, 1, 2, 0]
Elapsed time: 23.605717658996582

i:0	78976.87592649343
i:50	63844.1296099959
i:100	63844.1296099959
i:150	63844.1296099959
i:200	63844.1296099959
i:250	63844.1296099959
i:300	63844.1296099959
i:350	63844.1296099959
i:400	63844.1296099959
i:450	63844.1296099959
i:500	63844.1296099959
i:550	63844.1296099959
i:600	63844.1296099959
i:650	63844.1296099959
best: 63844.1296099959
routes: [0, 4, 3, 1, 2, 5, 23, 25, 22, 24, 21, 41, 42, 45, 43, 44, 6, 8, 7, 9, 10, 0, 26, 28, 27, 30, 29, 39, 36, 38, 37, 40, 31, 32, 34, 35, 33, 50, 49, 48, 47, 46, 0, 11, 14, 13, 12, 15, 20, 18, 17, 19, 16, 0]
Elapsed time: 26.669437646865845

i:0	82523.37460230397
i:50	61253.15699286558
i:100	61253.15699286558
i:150	61253.15699286558
i:200	61253.15699286558
i:250	61253.15699286558
i:300	61253.15699286558
i:350	61253.15699286558
i:400	61253.15699286558
i:450	61253.15699286558
i:500	61253.15699286558
i:550	61253.15699286558
i:600	61253.15699286558
i:650	61253.15699286558
best: 61253.15699286558
routes: [0, 26, 28, 27, 29, 30, 39, 36, 38, 37, 40, 33, 34, 35, 32, 31, 50, 49, 48, 47, 46, 1, 2, 5, 3, 4, 0, 8, 7, 9, 10, 6, 23, 25, 22, 24, 21, 41, 42, 45, 43, 44, 11, 14, 13, 12, 15, 20, 18, 17, 19, 16, 0]
Elapsed time: 25.253663063049316

i:0	83910.68002826232
i:50	58541.737781532174
i:100	58541.737781532174
i:150	58541.737781532174
i:200	58541.737781532174
i:250	58541.737781532174
i:300	58541.737781532174
i:350	58541.737781532174
i:400	58541.737781532174
i:450	58541.737781532174
i:500	58541.737781532174
i:550	58541.737781532174
i:600	58541.737781532174
i:650	58541.737781532174
best: 58541.737781532174
routes: [0, 26, 28, 27, 29, 30, 39, 36, 38, 37, 40, 33, 34, 35, 32, 31, 50, 49, 48, 47, 46, 0, 16, 18, 17, 19, 20, 15, 13, 14, 11, 12, 8, 7, 9, 10, 6, 23, 25, 22, 24, 21, 41, 42, 45, 43, 44, 5, 3, 2, 1, 4, 0]
Elapsed time: 26.84852170944214

i:0	81968.9258672061
i:50	58528.924641529404
i:100	58528.924641529404
i:150	58528.924641529404
i:200	58528.924641529404
i:250	58528.924641529404
i:300	58528.924641529404
i:350	58528.924641529404
i:400	58528.924641529404
i:450	58528.924641529404
i:500	58528.924641529404
i:550	58528.924641529404
i:600	58528.924641529404
i:650	58528.924641529404
best: 58528.924641529404
routes: [0, 26, 28, 27, 29, 30, 39, 36, 38, 37, 40, 33, 34, 35, 32, 31, 50, 49, 48, 47, 46, 0, 16, 20, 17, 19, 18, 11, 14, 13, 15, 12, 8, 7, 9, 10, 6, 23, 25, 22, 24, 21, 41, 42, 45, 43, 44, 5, 3, 2, 1, 4, 0]
Elapsed time: 26.85573410987854

i:0	81688.79912589073
i:50	60270.60787782262
i:100	59998.287796153236
i:150	59998.287796153236
i:200	59998.287796153236
i:250	59998.287796153236
i:300	59998.287796153236
i:350	59998.287796153236
i:400	59998.287796153236
i:450	59998.287796153236
i:500	59998.287796153236
i:550	59998.287796153236
i:600	59998.287796153236
i:650	59998.287796153236
best: 59998.287796153236
routes: [0, 26, 28, 27, 29, 30, 36, 38, 37, 39, 40, 32, 31, 34, 33, 35, 49, 50, 47, 46, 48, 0, 4, 5, 3, 1, 2, 44, 43, 45, 41, 42, 21, 24, 25, 23, 22, 6, 8, 7, 9, 10, 12, 11, 14, 13, 15, 20, 18, 17, 19, 16, 0]
Elapsed time: 23.938812732696533

i:0	78738.92261429413
i:50	60143.97945273193
i:100	59541.67599600241
i:150	59541.67599600241
i:200	59541.67599600241
i:250	59541.67599600241
i:300	59541.67599600241
i:350	59541.67599600241
i:400	59541.67599600241
i:450	59541.67599600241
i:500	59541.67599600241
i:550	59541.67599600241
i:600	59541.67599600241
i:650	59541.67599600241
best: 59541.67599600241
routes: [0, 49, 50, 48, 47, 46, 33, 34, 35, 32, 31, 40, 38, 37, 39, 36, 29, 30, 28, 27, 26, 1, 2, 5, 3, 4, 0, 44, 43, 45, 42, 41, 21, 24, 23, 25, 22, 6, 8, 7, 9, 10, 12, 11, 14, 13, 15, 20, 18, 17, 19, 16, 0]
Elapsed time: 25.93533730506897

i:0	81358.32888644749
i:50	60499.700845897096
i:100	59541.67599600241
i:150	59541.67599600241
i:200	59541.67599600241
i:250	59541.67599600241
i:300	59541.67599600241
i:350	59541.67599600241
i:400	59541.67599600241
i:450	59541.67599600241
i:500	59541.67599600241
i:550	59541.67599600241
i:600	59541.67599600241
i:650	59541.67599600241
best: 59541.67599600241
routes: [0, 49, 50, 48, 47, 46, 33, 34, 35, 32, 31, 40, 38, 37, 39, 36, 29, 30, 28, 27, 26, 1, 2, 5, 3, 4, 0, 44, 43, 45, 42, 41, 21, 24, 23, 25, 22, 6, 8, 7, 9, 10, 12, 11, 14, 13, 15, 20, 18, 17, 19, 16, 0]
Elapsed time: 26.074750661849976

i:0	82689.88097064022
i:50	59541.67599600241
i:100	59541.67599600241
i:150	59541.67599600241
i:200	59541.67599600241
i:250	59541.67599600241
i:300	59541.67599600241
i:350	59541.67599600241
i:400	59541.67599600241
i:450	59541.67599600241
i:500	59541.67599600241
i:550	59541.67599600241
i:600	59541.67599600241
i:650	59541.67599600241
best: 59541.67599600241
routes: [0, 49, 50, 48, 47, 46, 33, 34, 35, 32, 31, 40, 38, 37, 39, 36, 29, 30, 28, 27, 26, 1, 2, 5, 3, 4, 0, 44, 43, 45, 42, 41, 21, 24, 23, 25, 22, 6, 8, 7, 9, 10, 12, 11, 14, 13, 15, 20, 18, 17, 19, 16, 0]
Elapsed time: 24.31916618347168

i:0	77506.2595806238
i:50	60688.48945494899
i:100	60600.447054835866
i:150	60600.447054835866
i:200	60600.447054835866
i:250	60600.447054835866
i:300	60600.447054835866
i:350	60600.447054835866
i:400	60600.447054835866
i:450	60600.447054835866
i:500	60600.447054835866
i:550	60600.447054835866
i:600	60600.447054835866
i:650	60600.447054835866
best: 60600.447054835866
routes: [0, 26, 28, 27, 29, 30, 39, 36, 38, 37, 40, 33, 34, 35, 32, 31, 50, 49, 48, 47, 46, 1, 2, 5, 3, 4, 0, 44, 43, 45, 42, 41, 21, 24, 23, 25, 22, 6, 8, 7, 9, 10, 12, 11, 14, 13, 15, 20, 18, 17, 19, 16, 0]
Elapsed time: 22.553105115890503

i:0	77304.34116384873
i:50	60026.272964204494
i:100	59920.13857562061
i:150	59920.13857562061
i:200	59920.13857562061
i:250	59920.13857562061
i:300	59920.13857562061
i:350	59920.13857562061
i:400	59920.13857562061
i:450	59920.13857562061
i:500	59920.13857562061
i:550	59920.13857562061
i:600	59920.13857562061
i:650	59920.13857562061
best: 59920.13857562061
routes: [0, 26, 28, 27, 29, 30, 39, 36, 38, 37, 40, 32, 34, 35, 33, 31, 46, 48, 47, 49, 50, 0, 4, 3, 5, 1, 2, 44, 43, 45, 41, 42, 21, 24, 25, 23, 22, 6, 8, 7, 9, 10, 12, 15, 13, 14, 11, 18, 17, 20, 19, 16, 0]
Elapsed time: 28.610507011413574

i:0	82810.30831612971
i:50	60717.29155459309
i:100	60194.38593403212
i:150	60194.38593403212
i:200	60194.38593403212
i:250	60194.38593403212
i:300	60194.38593403212
i:350	60194.38593403212
i:400	60194.38593403212
i:450	60194.38593403212
i:500	60194.38593403212
i:550	60194.38593403212
i:600	60194.38593403212
i:650	60194.38593403212
best: 60194.38593403212
routes: [0, 49, 50, 48, 47, 46, 33, 34, 35, 32, 31, 40, 38, 37, 39, 36, 29, 30, 28, 27, 26, 1, 2, 5, 3, 4, 0, 8, 7, 9, 10, 6, 23, 25, 22, 24, 21, 41, 42, 45, 43, 44, 11, 14, 13, 12, 15, 20, 18, 17, 19, 16, 0]
Elapsed time: 28.976011276245117

i:0	80080.8287881745
i:50	60656.74166439795
i:100	60656.74166439795
i:150	60656.74166439795
i:200	60656.74166439795
i:250	60656.74166439795
i:300	60656.74166439795
i:350	60656.74166439795
i:400	60656.74166439795
i:450	60656.74166439795
i:500	60656.74166439795
i:550	60656.74166439795
i:600	60656.74166439795
i:650	60656.74166439795
best: 60656.74166439795
routes: [0, 26, 28, 27, 29, 30, 39, 36, 38, 37, 40, 33, 34, 35, 32, 31, 50, 49, 48, 47, 46, 1, 2, 5, 3, 4, 0, 44, 43, 45, 42, 41, 21, 24, 23, 25, 22, 6, 8, 7, 9, 10, 12, 15, 13, 14, 11, 18, 17, 20, 19, 16, 0]
Elapsed time: 21.35450768470764

i:0	98004.28516811486
i:50	59133.19036038673
i:100	58528.924641529404
i:150	58528.924641529404
i:200	58528.924641529404
i:250	58528.924641529404
i:300	58528.924641529404
i:350	58528.924641529404
i:400	58528.924641529404
i:450	58528.924641529404
i:500	58528.924641529404
i:550	58528.924641529404
i:600	58528.924641529404
i:650	58528.924641529404
best: 58528.924641529404
routes: [0, 26, 28, 27, 29, 30, 39, 36, 38, 37, 40, 33, 34, 35, 32, 31, 50, 49, 48, 47, 46, 0, 16, 20, 17, 19, 18, 11, 14, 13, 15, 12, 8, 7, 9, 10, 6, 23, 25, 22, 24, 21, 41, 42, 45, 43, 44, 5, 3, 2, 1, 4, 0]
Elapsed time: 32.63398218154907

i:0	81124.07631268247
i:50	62324.552358047185
i:100	62324.552358047185
i:150	62324.552358047185
i:200	62324.552358047185
i:250	62324.552358047185
i:300	62324.552358047185
i:350	62324.552358047185
i:400	62324.552358047185
i:450	62324.552358047185
i:500	62324.552358047185
i:550	62324.552358047185
i:600	62324.552358047185
i:650	62324.552358047185
best: 62324.552358047185
routes: [0, 49, 50, 48, 47, 46, 33, 34, 35, 32, 31, 40, 38, 37, 39, 36, 29, 30, 28, 27, 26, 0, 6, 8, 10, 9, 7, 23, 22, 24, 25, 21, 41, 42, 45, 43, 44, 11, 14, 13, 12, 15, 20, 18, 17, 19, 16, 0, 4, 5, 3, 1, 2, 0]
Elapsed time: 26.69220519065857

i:0	87956.65002201234
i:50	64483.33925052782
i:100	64054.14519045311
i:150	64054.14519045311
i:200	64054.14519045311
i:250	64054.14519045311
i:300	64054.14519045311
i:350	64054.14519045311
i:400	64054.14519045311
i:450	64054.14519045311
i:500	64054.14519045311
i:550	64054.14519045311
i:600	64054.14519045311
i:650	64054.14519045311
best: 64054.14519045311
routes: [0, 26, 28, 27, 29, 30, 39, 36, 38, 37, 40, 33, 34, 35, 32, 31, 50, 49, 48, 47, 46, 0, 8, 7, 9, 10, 6, 23, 25, 22, 24, 21, 41, 42, 45, 43, 44, 5, 3, 2, 1, 4, 0, 16, 20, 19, 18, 17, 14, 13, 15, 12, 11, 0]
Elapsed time: 24.51183032989502

i:0	77877.00245918386
i:50	60525.43148671243
i:100	60117.673976175174
i:150	60117.673976175174
i:200	60117.673976175174
i:250	60117.673976175174
i:300	60117.673976175174
i:350	60117.673976175174
i:400	60117.673976175174
i:450	60117.673976175174
i:500	60117.673976175174
i:550	60117.673976175174
i:600	60117.673976175174
i:650	60117.673976175174
best: 60117.673976175174
routes: [0, 29, 30, 26, 28, 27, 40, 38, 37, 39, 36, 34, 33, 35, 32, 31, 50, 49, 48, 47, 46, 0, 4, 5, 3, 1, 2, 44, 43, 45, 41, 42, 21, 24, 25, 23, 22, 6, 8, 7, 9, 10, 12, 11, 14, 13, 15, 20, 18, 17, 19, 16, 0]
Elapsed time: 22.991666555404663

i:0	84002.21208666587
i:50	59541.67599600241
i:100	59541.67599600241
i:150	59541.67599600241
i:200	59541.67599600241
i:250	59541.67599600241
i:300	59541.67599600241
i:350	59541.67599600241
i:400	59541.67599600241
i:450	59541.67599600241
i:500	59541.67599600241
i:550	59541.67599600241
i:600	59541.67599600241
i:650	59541.67599600241
best: 59541.67599600241
routes: [0, 49, 50, 48, 47, 46, 33, 34, 35, 32, 31, 40, 38, 37, 39, 36, 29, 30, 28, 27, 26, 1, 2, 5, 3, 4, 0, 44, 43, 45, 42, 41, 21, 24, 23, 25, 22, 6, 8, 7, 9, 10, 12, 11, 14, 13, 15, 20, 18, 17, 19, 16, 0]
Elapsed time: 25.20581865310669

mean: 60470.82674267919
std: 1611.781524363167
mean-time: 25.872813284397125
std-time: 2.6290905796037864