i:0	487971.3647470205
i:50	66833.10828064318
i:100	66833.10828064318
i:150	66833.10828064318
i:200	66833.10828064318
i:250	66833.10828064318
i:300	66833.10828064318
i:350	66833.10828064318
i:400	66833.10828064318
i:450	66833.10828064318
i:500	66833.10828064318
i:550	66833.10828064318
i:600	66833.10828064318
i:650	66833.10828064318
best: 66833.10828064318
routes: [0, 46, 48, 47, 49, 50, 34, 35, 33, 31, 32, 19, 18, 17, 20, 16, 15, 13, 11, 12, 14, 0, 5, 3, 4, 1, 2, 43, 42, 44, 45, 41, 27, 29, 30, 26, 28, 39, 40, 38, 37, 36, 0, 21, 22, 25, 23, 24, 9, 8, 7, 10, 6, 0]
Elapsed time: 23.55147409439087

i:0	79903.4626059175
i:50	65169.36716282632
i:100	65169.36716282632
i:150	65169.36716282632
i:200	65169.36716282632
i:250	65169.36716282632
i:300	65169.36716282632
i:350	65169.36716282632
i:400	65169.36716282632
i:450	65169.36716282632
i:500	65169.36716282632
i:550	65169.36716282632
i:600	65169.36716282632
i:650	65169.36716282632
best: 65169.36716282632
routes: [0, 5, 1, 2, 4, 3, 45, 43, 44, 41, 42, 27, 29, 30, 26, 28, 39, 40, 38, 37, 36, 0, 21, 22, 24, 25, 23, 7, 9, 8, 10, 6, 14, 11, 12, 15, 13, 17, 16, 20, 19, 18, 0, 46, 48, 47, 49, 50, 34, 35, 33, 31, 32, 0]
Elapsed time: 17.648993253707886

i:0	290826.6304545452
i:50	69370.38143216526
i:100	69370.38143216526
i:150	69370.38143216526
i:200	69370.38143216526
i:250	69370.38143216526
i:300	69370.38143216526
i:350	69370.38143216526
i:400	69370.38143216526
i:450	69370.38143216526
i:500	69370.38143216526
i:550	69370.38143216526
i:600	69370.38143216526
i:650	69370.38143216526
best: 69370.38143216526
routes: [0, 46, 48, 47, 49, 50, 35, 33, 31, 32, 34, 19, 18, 17, 20, 16, 0, 43, 42, 44, 45, 41, 27, 26, 30, 29, 28, 40, 39, 38, 37, 36, 0, 11, 12, 14, 15, 13, 6, 10, 9, 8, 7, 24, 21, 22, 25, 23, 4, 3, 5, 1, 2, 0]
Elapsed time: 17.087159633636475

i:0	294368.80304277735
i:50	66775.14741840263
i:100	66304.30725536695
i:150	66304.30725536695
i:200	66304.30725536695
i:250	66304.30725536695
i:300	66304.30725536695
i:350	66304.30725536695
i:400	66304.30725536695
i:450	66304.30725536695
i:500	66304.30725536695
i:550	66304.30725536695
i:600	66304.30725536695
i:650	66304.30725536695
best: 66304.30725536695
routes: [0, 45, 43, 42, 44, 41, 27, 29, 30, 26, 28, 39, 40, 38, 37, 36, 3, 4, 5, 1, 2, 0, 19, 18, 17, 20, 16, 15, 13, 12, 14, 11, 23, 24, 21, 22, 25, 7, 9, 8, 10, 6, 0, 33, 31, 32, 34, 35, 47, 49, 48, 50, 46, 0]
Elapsed time: 21.865067720413208

i:0	82672.19620229724
i:50	65869.51596501793
i:100	65869.51596501793
i:150	65869.51596501793
i:200	65869.51596501793
i:250	65869.51596501793
i:300	65869.51596501793
i:350	65869.51596501793
i:400	65869.51596501793
i:450	65869.51596501793
i:500	65869.51596501793
i:550	65869.51596501793
i:600	65869.51596501793
i:650	65869.51596501793
best: 65869.51596501793
routes: [0, 3, 4, 5, 1, 2, 45, 43, 44, 41, 42, 27, 29, 30, 26, 28, 39, 40, 38, 37, 36, 0, 46, 48, 47, 49, 50, 35, 33, 31, 32, 34, 19, 18, 17, 20, 16, 15, 13, 14, 11, 12, 0, 6, 10, 8, 7, 9, 25, 23, 24, 21, 22, 0]
Elapsed time: 18.012473821640015

i:0	86247.67874300668
i:50	65483.73353718194
i:100	65483.73353718194
i:150	65483.73353718194
i:200	65483.73353718194
i:250	65483.73353718194
i:300	65483.73353718194
i:350	65483.73353718194
i:400	65483.73353718194
i:450	65483.73353718194
i:500	65483.73353718194
i:550	65483.73353718194
i:600	65483.73353718194
i:650	65483.73353718194
best: 65483.73353718194
routes: [0, 3, 5, 1, 2, 4, 45, 43, 42, 44, 41, 27, 26, 30, 29, 28, 39, 40, 38, 37, 36, 0, 19, 18, 17, 20, 16, 15, 13, 14, 11, 12, 24, 21, 22, 25, 23, 7, 9, 8, 10, 6, 0, 46, 48, 47, 49, 50, 34, 35, 33, 31, 32, 0]
Elapsed time: 21.861746311187744

i:0	80124.71206055282
i:50	66200.60865362232
i:100	66200.60865362232
i:150	66200.60865362232
i:200	66200.60865362232
i:250	66200.60865362232
i:300	66200.60865362232
i:350	66200.60865362232
i:400	66200.60865362232
i:450	66200.60865362232
i:500	66200.60865362232
i:550	66200.60865362232
i:600	66200.60865362232
i:650	66200.60865362232
best: 66200.60865362232
routes: [0, 45, 43, 42, 44, 41, 39, 40, 38, 37, 36, 28, 27, 29, 30, 26, 3, 4, 5, 1, 2, 0, 25, 23, 24, 21, 22, 7, 9, 8, 10, 6, 14, 11, 12, 15, 13, 17, 16, 20, 19, 18, 0, 33, 32, 34, 35, 31, 48, 47, 49, 50, 46, 0]
Elapsed time: 17.327046632766724

i:0	293723.48623613885
i:50	63831.82666847379
i:100	63831.82666847379
i:150	63831.82666847379
i:200	63831.82666847379
i:250	63831.82666847379
i:300	63831.82666847379
i:350	63831.82666847379
i:400	63831.82666847379
i:450	63831.82666847379
i:500	63831.82666847379
i:550	63831.82666847379
i:600	63831.82666847379
i:650	63831.82666847379
best: 63831.82666847379
routes: [0, 19, 18, 17, 20, 16, 15, 13, 11, 12, 14, 6, 10, 9, 8, 7, 25, 23, 24, 21, 22, 0, 45, 43, 42, 44, 41, 39, 40, 38, 37, 36, 28, 27, 29, 30, 26, 3, 4, 5, 1, 2, 0, 46, 48, 47, 49, 50, 34, 35, 33, 31, 32, 0]
Elapsed time: 20.85664939880371

i:0	76432.29614136869
i:50	62880.051196581146
i:100	62880.051196581146
i:150	62880.051196581146
i:200	62880.051196581146
i:250	62880.051196581146
i:300	62880.051196581146
i:350	62880.051196581146
i:400	62880.051196581146
i:450	62880.051196581146
i:500	62880.051196581146
i:550	62880.051196581146
i:600	62880.051196581146
i:650	62880.051196581146
best: 62880.051196581146
routes: [0, 46, 48, 47, 49, 50, 34, 35, 33, 32, 31, 40, 38, 37, 39, 36, 29, 30, 28, 27, 26, 0, 5, 1, 2, 4, 3, 45, 43, 44, 41, 42, 25, 23, 24, 21, 22, 8, 7, 9, 10, 6, 0, 19, 18, 17, 20, 16, 15, 13, 14, 11, 12, 0]
Elapsed time: 21.135558605194092

i:0	104117.1543857203
i:50	66558.977656037
i:100	66558.977656037
i:150	66558.977656037
i:200	66558.977656037
i:250	66558.977656037
i:300	66558.977656037
i:350	66558.977656037
i:400	66558.977656037
i:450	66558.977656037
i:500	66558.977656037
i:550	66558.977656037
i:600	66558.977656037
i:650	66558.977656037
best: 66558.977656037
routes: [0, 45, 43, 42, 44, 41, 27, 29, 30, 26, 28, 39, 40, 38, 37, 36, 3, 4, 5, 1, 2, 0, 23, 24, 21, 22, 25, 7, 9, 8, 10, 6, 12, 14, 15, 13, 11, 17, 16, 20, 19, 18, 0, 33, 32, 34, 35, 31, 50, 49, 48, 47, 46, 0]
Elapsed time: 17.166765213012695

i:0	300403.9964890837
i:50	66066.40718659828
i:100	65839.11834391719
i:150	65839.11834391719
i:200	65839.11834391719
i:250	65839.11834391719
i:300	65839.11834391719
i:350	65839.11834391719
i:400	65839.11834391719
i:450	65839.11834391719
i:500	65839.11834391719
i:550	65839.11834391719
i:600	65839.11834391719
i:650	65839.11834391719
best: 65839.11834391719
routes: [0, 3, 4, 5, 1, 2, 43, 42, 44, 45, 41, 27, 26, 30, 29, 28, 39, 40, 38, 37, 36, 0, 17, 16, 20, 19, 18, 34, 35, 33, 32, 31, 48, 47, 49, 50, 46, 0, 24, 21, 22, 25, 23, 7, 9, 8, 10, 6, 14, 15, 13, 11, 12, 0]
Elapsed time: 19.039323329925537

i:0	301317.36097818206
i:50	66467.0057241508
i:100	66467.0057241508
i:150	66467.0057241508
i:200	66467.0057241508
i:250	66467.0057241508
i:300	66467.0057241508
i:350	66467.0057241508
i:400	66467.0057241508
i:450	66467.0057241508
i:500	66467.0057241508
i:550	66467.0057241508
i:600	66467.0057241508
i:650	66467.0057241508
best: 66467.0057241508
routes: [0, 27, 29, 30, 26, 28, 39, 40, 38, 37, 36, 33, 32, 34, 35, 31, 48, 47, 49, 50, 46, 0, 3, 4, 5, 1, 2, 45, 43, 44, 41, 42, 24, 21, 22, 25, 23, 7, 9, 8, 10, 6, 0, 14, 15, 13, 12, 11, 17, 16, 20, 19, 18, 0]
Elapsed time: 32.16915941238403

i:0	285373.025709381
i:50	65618.01205943513
i:100	65618.01205943513
i:150	65618.01205943513
i:200	65084.418045619874
i:250	64393.717122309456
i:300	64393.717122309456
i:350	64393.717122309456
i:400	64393.717122309456
i:450	64393.717122309456
i:500	64393.717122309456
i:550	64393.717122309456
i:600	64393.717122309456
i:650	64393.717122309456
best: 64393.717122309456
routes: [0, 46, 48, 47, 49, 50, 34, 31, 32, 35, 33, 40, 39, 38, 37, 36, 29, 30, 28, 27, 26, 0, 3, 5, 1, 2, 4, 45, 43, 44, 41, 42, 25, 23, 24, 21, 22, 7, 9, 8, 10, 6, 0, 11, 12, 14, 13, 15, 16, 20, 17, 19, 18, 0]
Elapsed time: 35.301053285598755

i:0	89342.16190794746
i:50	64850.36891288427
i:100	64850.36891288427
i:150	64850.36891288427
i:200	64850.36891288427
i:250	64850.36891288427
i:300	64850.36891288427
i:350	64850.36891288427
i:400	64850.36891288427
i:450	64850.36891288427
i:500	64850.36891288427
i:550	64850.36891288427
i:600	64850.36891288427
i:650	64850.36891288427
best: 64850.36891288427
routes: [0, 46, 48, 47, 49, 50, 31, 32, 34, 35, 33, 40, 38, 37, 39, 36, 29, 30, 28, 27, 26, 0, 6, 8, 7, 10, 9, 25, 23, 22, 24, 21, 43, 45, 41, 42, 44, 3, 4, 5, 1, 2, 0, 19, 18, 17, 20, 16, 15, 13, 12, 14, 11, 0]
Elapsed time: 17.65618872642517

i:0	86105.23808419
i:50	63581.08607077603
i:100	63581.08607077603
i:150	63581.08607077603
i:200	63581.08607077603
i:250	63581.08607077603
i:300	63581.08607077603
i:350	63581.08607077603
i:400	63581.08607077603
i:450	63581.08607077603
i:500	63581.08607077603
i:550	63581.08607077603
i:600	63581.08607077603
i:650	63581.08607077603
best: 63581.08607077603
routes: [0, 5, 1, 2, 4, 3, 45, 43, 44, 41, 42, 21, 22, 24, 25, 23, 7, 9, 8, 10, 6, 0, 46, 48, 47, 49, 50, 34, 31, 32, 35, 33, 40, 38, 37, 39, 36, 28, 27, 29, 30, 26, 0, 19, 18, 17, 20, 16, 15, 13, 12, 14, 11, 0]
Elapsed time: 20.97754716873169

i:0	88839.34502175721
i:50	67410.75610686094
i:100	66952.14244283535
i:150	66952.14244283535
i:200	66952.14244283535
i:250	66952.14244283535
i:300	66952.14244283535
i:350	66952.14244283535
i:400	66952.14244283535
i:450	66952.14244283535
i:500	66952.14244283535
i:550	66952.14244283535
i:600	66952.14244283535
i:650	66952.14244283535
best: 66952.14244283535
routes: [0, 2, 4, 3, 5, 1, 45, 41, 42, 44, 43, 21, 22, 24, 25, 23, 7, 9, 8, 10, 6, 0, 50, 49, 48, 47, 46, 34, 33, 31, 32, 35, 39, 40, 38, 37, 36, 28, 27, 29, 30, 26, 0, 13, 11, 12, 14, 15, 17, 16, 20, 19, 18, 0]
Elapsed time: 45.13298487663269

i:0	83906.81183023428
i:50	65826.98473292979
i:100	65067.34401323906
i:150	65067.34401323906
i:200	65067.34401323906
i:250	65067.34401323906
i:300	65067.34401323906
i:350	65067.34401323906
i:400	65067.34401323906
i:450	65067.34401323906
i:500	65067.34401323906
i:550	65067.34401323906
i:600	65067.34401323906
i:650	65067.34401323906
best: 65067.34401323906
routes: [0, 5, 1, 2, 4, 3, 45, 43, 42, 44, 41, 27, 29, 30, 26, 28, 39, 40, 38, 37, 36, 0, 25, 23, 24, 21, 22, 7, 9, 8, 10, 6, 14, 11, 12, 15, 13, 17, 16, 20, 19, 18, 0, 46, 48, 47, 49, 50, 35, 33, 31, 32, 34, 0]
Elapsed time: 19.630570888519287

i:0	294304.4265641749
i:50	65737.61950590927
i:100	64218.202804910106
i:150	64218.202804910106
i:200	64218.202804910106
i:250	64218.202804910106
i:300	64218.202804910106
i:350	64218.202804910106
i:400	64218.202804910106
i:450	64218.202804910106
i:500	64218.202804910106
i:550	64218.202804910106
i:600	64218.202804910106
i:650	64218.202804910106
best: 64218.202804910106
routes: [0, 46, 48, 47, 49, 50, 34, 35, 33, 32, 31, 40, 38, 37, 39, 36, 29, 30, 28, 27, 26, 0, 6, 10, 8, 7, 9, 24, 25, 23, 22, 21, 43, 41, 42, 44, 45, 3, 4, 5, 1, 2, 0, 19, 18, 17, 20, 16, 15, 13, 12, 14, 11, 0]
Elapsed time: 22.764123916625977

i:0	79205.86312393482
i:50	66957.18061508954
i:100	64205.10425482594
i:150	64205.10425482594
i:200	64205.10425482594
i:250	64205.10425482594
i:300	64205.10425482594
i:350	64205.10425482594
i:400	64205.10425482594
i:450	64205.10425482594
i:500	64205.10425482594
i:550	64205.10425482594
i:600	64205.10425482594
i:650	64205.10425482594
best: 64205.10425482594
routes: [0, 46, 48, 47, 49, 50, 34, 33, 31, 32, 35, 40, 38, 37, 39, 36, 28, 27, 29, 30, 26, 0, 5, 1, 2, 4, 3, 45, 43, 44, 41, 42, 21, 22, 24, 25, 23, 7, 9, 8, 10, 6, 0, 19, 18, 17, 20, 16, 15, 13, 12, 14, 11, 0]
Elapsed time: 31.217347383499146

i:0	298103.1937331831
i:50	64434.87551261172
i:100	64434.87551261172
i:150	64170.45318781922
i:200	64170.45318781922
i:250	64170.45318781922
i:300	64170.45318781922
i:350	64170.45318781922
i:400	64170.45318781922
i:450	64170.45318781922
i:500	64170.45318781922
i:550	64170.45318781922
i:600	64170.45318781922
i:650	64170.45318781922
best: 64170.45318781922
routes: [0, 3, 5, 1, 2, 4, 45, 43, 44, 41, 42, 21, 22, 24, 25, 23, 7, 9, 8, 10, 6, 0, 46, 48, 47, 49, 50, 34, 31, 32, 35, 33, 40, 38, 37, 39, 36, 28, 27, 29, 30, 26, 0, 19, 18, 17, 20, 16, 15, 13, 12, 14, 11, 0]
Elapsed time: 21.0040066242218

mean: 65412.321034279164
std: 1458.0313803819836
mean-time: 23.070262014865875
std-time: 7.148594484939008