i:0	87810.55687325959
i:50	57619.39789570039
i:100	57619.39789570039
i:150	57619.39789570039
i:200	57080.247765303146
i:250	57080.247765303146
i:300	57080.247765303146
i:350	57080.247765303146
i:400	57080.247765303146
i:450	57080.247765303146
i:500	57080.247765303146
i:550	57080.247765303146
i:600	57080.247765303146
i:650	57080.247765303146
best: 57080.247765303146
routes: [0, 23, 25, 22, 21, 24, 7, 9, 8, 10, 6, 11, 12, 14, 13, 15, 17, 16, 20, 19, 18, 5, 1, 4, 3, 2, 0, 45, 41, 44, 43, 42, 27, 26, 30, 29, 28, 39, 40, 38, 37, 36, 33, 32, 31, 34, 35, 48, 47, 49, 50, 46, 0]
Elapsed time: 30.705737590789795

i:0	88960.72342039454
i:50	54924.543613680085
i:100	54924.543613680085
i:150	54924.543613680085
i:200	54924.543613680085
i:250	54924.543613680085
i:300	54924.543613680085
i:350	54924.543613680085
i:400	54924.543613680085
i:450	54924.543613680085
i:500	54924.543613680085
i:550	54924.543613680085
i:600	54924.543613680085
i:650	54924.543613680085
best: 54924.543613680085
routes: [0, 1, 4, 3, 2, 5, 23, 22, 21, 24, 25, 7, 9, 10, 6, 8, 11, 12, 14, 13, 15, 17, 16, 20, 19, 18, 0, 45, 41, 44, 43, 42, 27, 26, 30, 29, 28, 39, 40, 38, 37, 36, 33, 32, 31, 34, 35, 48, 47, 49, 50, 46, 0]
Elapsed time: 24.665623903274536

i:0	82039.99116737666
i:50	54481.181572381785
i:100	54481.181572381785
i:150	54481.181572381785
i:200	54481.181572381785
i:250	54481.181572381785
i:300	54481.181572381785
i:350	54481.181572381785
i:400	54481.181572381785
i:450	54481.181572381785
i:500	54481.181572381785
i:550	54481.181572381785
i:600	54481.181572381785
i:650	54481.181572381785
best: 54481.181572381785
routes: [0, 45, 41, 44, 43, 42, 27, 26, 30, 29, 28, 39, 40, 38, 37, 36, 33, 32, 31, 34, 35, 48, 47, 49, 50, 46, 0, 19, 18, 17, 20, 16, 15, 13, 11, 12, 14, 6, 8, 10, 9, 7, 23, 25, 22, 21, 24, 5, 1, 4, 3, 2, 0]
Elapsed time: 22.290693998336792

i:0	89891.84553656515
i:50	58408.33499016274
i:100	56839.954127464196
i:150	56839.954127464196
i:200	56839.954127464196
i:250	56839.954127464196
i:300	56839.954127464196
i:350	56839.954127464196
i:400	56839.954127464196
i:450	56839.954127464196
i:500	56839.954127464196
i:550	56839.954127464196
i:600	56839.954127464196
i:650	56839.954127464196
best: 56839.954127464196
routes: [0, 49, 50, 47, 46, 48, 32, 31, 34, 35, 33, 40, 38, 37, 39, 36, 28, 30, 27, 29, 26, 0, 5, 2, 1, 4, 3, 45, 41, 44, 43, 42, 21, 24, 25, 23, 22, 7, 9, 8, 10, 6, 11, 12, 14, 13, 15, 17, 16, 20, 19, 18, 0]
Elapsed time: 32.63560175895691

i:0	89279.8669180235
i:50	57181.12856724159
i:100	55514.63071034917
i:150	55514.63071034917
i:200	55514.63071034917
i:250	55514.63071034917
i:300	55514.63071034917
i:350	55514.63071034917
i:400	55514.63071034917
i:450	55514.63071034917
i:500	55514.63071034917
i:550	55514.63071034917
i:600	55514.63071034917
i:650	55514.63071034917
best: 55514.63071034917
routes: [0, 19, 18, 17, 20, 16, 15, 13, 11, 12, 14, 6, 8, 10, 9, 7, 23, 25, 22, 24, 21, 43, 42, 45, 41, 44, 0, 46, 48, 47, 49, 50, 34, 35, 33, 32, 31, 40, 38, 37, 39, 36, 28, 30, 29, 27, 26, 3, 4, 5, 1, 2, 0]
Elapsed time: 33.58018898963928

i:0	86258.4513182581
i:50	54828.02406729871
i:100	54506.61187204928
i:150	54506.61187204928
i:200	54506.61187204928
i:250	54506.61187204928
i:300	54506.61187204928
i:350	54506.61187204928
i:400	54506.61187204928
i:450	54506.61187204928
i:500	54506.61187204928
i:550	54506.61187204928
i:600	54506.61187204928
i:650	54506.61187204928
best: 54506.61187204928
routes: [0, 5, 1, 2, 4, 3, 27, 29, 30, 26, 28, 39, 40, 38, 37, 36, 33, 32, 31, 34, 35, 48, 47, 49, 50, 46, 0, 45, 41, 44, 43, 42, 21, 24, 25, 23, 22, 7, 9, 8, 10, 6, 11, 12, 14, 13, 15, 17, 16, 20, 19, 18, 0]
Elapsed time: 24.779533863067627

i:0	83385.83393428325
i:50	57047.15924010269
i:100	57047.15924010269
i:150	57047.15924010269
i:200	57047.15924010269
i:250	57047.15924010269
i:300	57047.15924010269
i:350	57047.15924010269
i:400	57047.15924010269
i:450	57047.15924010269
i:500	57047.15924010269
i:550	57047.15924010269
i:600	57047.15924010269
i:650	57047.15924010269
best: 57047.15924010269
routes: [0, 46, 50, 47, 49, 48, 34, 35, 33, 31, 32, 19, 18, 17, 20, 16, 13, 15, 11, 12, 14, 7, 9, 8, 10, 6, 0, 1, 2, 4, 5, 3, 39, 40, 38, 37, 36, 28, 30, 29, 27, 26, 45, 41, 44, 43, 42, 21, 24, 25, 23, 22, 0]
Elapsed time: 26.81758761405945

i:0	80015.65978968857
i:50	55502.06393838542
i:100	55502.06393838542
i:150	55502.06393838542
i:200	55502.06393838542
i:250	55502.06393838542
i:300	55502.06393838542
i:350	55502.06393838542
i:400	55502.06393838542
i:450	55502.06393838542
i:500	55502.06393838542
i:550	55502.06393838542
i:600	55502.06393838542
i:650	55502.06393838542
best: 55502.06393838542
routes: [0, 19, 18, 20, 17, 16, 13, 15, 11, 12, 14, 6, 8, 10, 9, 7, 23, 25, 22, 21, 24, 5, 1, 4, 3, 2, 0, 45, 41, 44, 43, 42, 27, 26, 30, 29, 28, 39, 40, 38, 37, 36, 33, 32, 31, 34, 35, 48, 47, 49, 50, 46, 0]
Elapsed time: 26.234773874282837

i:0	85718.01567348395
i:50	55288.483295549275
i:100	55288.483295549275
i:150	55288.483295549275
i:200	55288.483295549275
i:250	55288.483295549275
i:300	55288.483295549275
i:350	55288.483295549275
i:400	55288.483295549275
i:450	55288.483295549275
i:500	55288.483295549275
i:550	55288.483295549275
i:600	55288.483295549275
i:650	55288.483295549275
best: 55288.483295549275
routes: [0, 19, 20, 18, 17, 16, 15, 13, 11, 12, 14, 6, 8, 10, 9, 7, 23, 25, 22, 21, 24, 4, 3, 2, 5, 1, 0, 45, 41, 44, 43, 42, 27, 26, 30, 29, 28, 39, 40, 38, 37, 36, 33, 32, 31, 34, 35, 48, 47, 49, 50, 46, 0]
Elapsed time: 25.28813099861145

i:0	73667.73930023912
i:50	54512.943893426534
i:100	54481.181572381785
i:150	54481.181572381785
i:200	54481.181572381785
i:250	54481.181572381785
i:300	54481.181572381785
i:350	54481.181572381785
i:400	54481.181572381785
i:450	54481.181572381785
i:500	54481.181572381785
i:550	54481.181572381785
i:600	54481.181572381785
i:650	54481.181572381785
best: 54481.181572381785
routes: [0, 45, 41, 44, 43, 42, 27, 26, 30, 29, 28, 39, 40, 38, 37, 36, 33, 32, 31, 34, 35, 48, 47, 49, 50, 46, 0, 19, 18, 17, 20, 16, 15, 13, 11, 12, 14, 6, 8, 10, 9, 7, 23, 25, 22, 21, 24, 5, 1, 4, 3, 2, 0]
Elapsed time: 24.804738998413086

i:0	78825.56034626905
i:50	55000.14830331542
i:100	55000.14830331542
i:150	55000.14830331542
i:200	55000.14830331542
i:250	55000.14830331542
i:300	55000.14830331542
i:350	55000.14830331542
i:400	55000.14830331542
i:450	55000.14830331542
i:500	55000.14830331542
i:550	55000.14830331542
i:600	55000.14830331542
i:650	55000.14830331542
best: 55000.14830331542
routes: [0, 1, 2, 4, 3, 5, 23, 25, 22, 21, 24, 7, 9, 8, 10, 6, 14, 13, 11, 12, 15, 17, 16, 20, 19, 18, 0, 45, 41, 44, 43, 42, 27, 26, 30, 29, 28, 39, 40, 38, 37, 36, 33, 32, 31, 34, 35, 48, 47, 49, 50, 46, 0]
Elapsed time: 22.461885929107666

i:0	77518.06151996693
i:50	54740.14317574576
i:100	54740.14317574576
i:150	54740.14317574576
i:200	54740.14317574576
i:250	54740.14317574576
i:300	54740.14317574576
i:350	54740.14317574576
i:400	54740.14317574576
i:450	54740.14317574576
i:500	54740.14317574576
i:550	54740.14317574576
i:600	54740.14317574576
i:650	54740.14317574576
best: 54740.14317574576
routes: [0, 45, 41, 44, 43, 42, 27, 26, 30, 29, 28, 39, 40, 38, 37, 36, 33, 32, 31, 34, 35, 48, 47, 49, 50, 46, 0, 19, 18, 17, 20, 16, 15, 13, 11, 12, 14, 6, 10, 9, 8, 7, 23, 25, 22, 21, 24, 5, 1, 4, 3, 2, 0]
Elapsed time: 22.250805854797363

i:0	77654.4234241079
i:50	55065.71087904923
i:100	54673.89895120451
i:150	54673.89895120451
i:200	54673.89895120451
i:250	54673.89895120451
i:300	54673.89895120451
i:350	54673.89895120451
i:400	54673.89895120451
i:450	54673.89895120451
i:500	54673.89895120451
i:550	54673.89895120451
i:600	54673.89895120451
i:650	54673.89895120451
best: 54673.89895120451
routes: [0, 46, 48, 47, 49, 50, 34, 35, 33, 32, 31, 40, 38, 37, 39, 36, 28, 30, 29, 27, 26, 3, 4, 5, 1, 2, 0, 45, 41, 44, 43, 42, 21, 24, 25, 23, 22, 7, 9, 8, 10, 6, 11, 12, 14, 13, 15, 17, 16, 20, 19, 18, 0]
Elapsed time: 23.059508323669434

i:0	88312.57089874538
i:50	59677.45606697476
i:100	59677.45606697476
i:150	59677.45606697476
i:200	59677.45606697476
i:250	59677.45606697476
i:300	59677.45606697476
i:350	59677.45606697476
i:400	59342.29770647554
i:450	55989.96973751337
i:500	55989.96973751337
i:550	55989.96973751337
i:600	55989.96973751337
i:650	55989.96973751337
best: 55989.96973751337
routes: [0, 46, 48, 47, 49, 50, 34, 35, 33, 32, 31, 39, 40, 38, 37, 36, 28, 30, 29, 27, 26, 3, 4, 5, 1, 2, 0, 45, 41, 44, 43, 42, 23, 25, 22, 21, 24, 7, 9, 8, 10, 6, 11, 12, 14, 13, 15, 17, 16, 20, 19, 18, 0]
Elapsed time: 67.82127642631531

i:0	79142.93839503548
i:50	55029.84519421849
i:100	54995.31114645394
i:150	54995.31114645394
i:200	54995.31114645394
i:250	54995.31114645394
i:300	54995.31114645394
i:350	54995.31114645394
i:400	54995.31114645394
i:450	54995.31114645394
i:500	54995.31114645394
i:550	54995.31114645394
i:600	54995.31114645394
i:650	54995.31114645394
best: 54995.31114645394
routes: [0, 46, 48, 47, 49, 50, 34, 35, 33, 32, 31, 40, 38, 37, 39, 36, 28, 30, 29, 27, 26, 3, 4, 5, 1, 2, 0, 45, 41, 44, 43, 42, 21, 24, 25, 23, 22, 7, 9, 8, 10, 6, 14, 13, 11, 12, 15, 17, 16, 20, 19, 18, 0]
Elapsed time: 27.55196189880371

i:0	82647.11130365325
i:50	57913.079196707375
i:100	57913.079196707375
i:150	57913.079196707375
i:200	57913.079196707375
i:250	57913.079196707375
i:300	57913.079196707375
i:350	57913.079196707375
i:400	57913.079196707375
i:450	57913.079196707375
i:500	57913.079196707375
i:550	57913.079196707375
i:600	57913.079196707375
i:650	57913.079196707375
best: 57913.079196707375
routes: [0, 23, 25, 22, 24, 21, 43, 42, 41, 44, 45, 27, 29, 30, 26, 28, 39, 40, 38, 37, 36, 0, 46, 48, 47, 49, 50, 34, 35, 33, 31, 32, 19, 18, 17, 20, 16, 15, 13, 11, 12, 14, 8, 7, 9, 10, 6, 5, 1, 4, 3, 2, 0]
Elapsed time: 26.097196578979492

i:0	81774.03264938017
i:50	54740.14317574576
i:100	54740.14317574576
i:150	54740.14317574576
i:200	54740.14317574576
i:250	54740.14317574576
i:300	54740.14317574576
i:350	54740.14317574576
i:400	54740.14317574576
i:450	54740.14317574576
i:500	54740.14317574576
i:550	54740.14317574576
i:600	54740.14317574576
i:650	54740.14317574576
best: 54740.14317574576
routes: [0, 45, 41, 44, 43, 42, 27, 26, 30, 29, 28, 39, 40, 38, 37, 36, 33, 32, 31, 34, 35, 48, 47, 49, 50, 46, 0, 19, 18, 17, 20, 16, 15, 13, 11, 12, 14, 6, 10, 9, 8, 7, 23, 25, 22, 21, 24, 5, 1, 4, 3, 2, 0]
Elapsed time: 19.778095483779907

i:0	82167.68774698058
i:50	57883.5081860112
i:100	54938.03240080192
i:150	54938.03240080192
i:200	54938.03240080192
i:250	54938.03240080192
i:300	54938.03240080192
i:350	54938.03240080192
i:400	54938.03240080192
i:450	54938.03240080192
i:500	54938.03240080192
i:550	54938.03240080192
i:600	54938.03240080192
i:650	54938.03240080192
best: 54938.03240080192
routes: [0, 45, 41, 44, 43, 42, 27, 26, 30, 29, 28, 39, 40, 38, 37, 36, 33, 32, 31, 34, 35, 48, 47, 49, 50, 46, 0, 1, 2, 4, 3, 5, 22, 21, 24, 25, 23, 7, 9, 10, 6, 8, 11, 12, 14, 13, 15, 17, 16, 20, 19, 18, 0]
Elapsed time: 36.25704908370972

i:0	91763.71193704061
i:50	55339.30203342144
i:100	55339.30203342144
i:150	55339.30203342144
i:200	55339.30203342144
i:250	55339.30203342144
i:300	55339.30203342144
i:350	55339.30203342144
i:400	55339.30203342144
i:450	55339.30203342144
i:500	55339.30203342144
i:550	55339.30203342144
i:600	55339.30203342144
i:650	55339.30203342144
best: 55339.30203342144
routes: [0, 46, 48, 47, 49, 50, 34, 35, 33, 32, 31, 40, 38, 37, 39, 36, 28, 30, 29, 27, 26, 45, 41, 44, 43, 42, 0, 19, 18, 17, 20, 16, 15, 13, 11, 12, 14, 6, 8, 10, 9, 7, 23, 25, 22, 21, 24, 5, 1, 4, 3, 2, 0]
Elapsed time: 28.874741315841675

i:0	83377.21508366661
i:50	54708.43299896906
i:100	54673.89895120451
i:150	54673.89895120451
i:200	54673.89895120451
i:250	54673.89895120451
i:300	54673.89895120451
i:350	54673.89895120451
i:400	54673.89895120451
i:450	54673.89895120451
i:500	54673.89895120451
i:550	54673.89895120451
i:600	54673.89895120451
i:650	54673.89895120451
best: 54673.89895120451
routes: [0, 46, 48, 47, 49, 50, 34, 35, 33, 32, 31, 40, 38, 37, 39, 36, 28, 30, 29, 27, 26, 3, 4, 5, 1, 2, 0, 45, 41, 44, 43, 42, 21, 24, 25, 23, 22, 7, 9, 8, 10, 6, 11, 12, 14, 13, 15, 17, 16, 20, 19, 18, 0]
Elapsed time: 31.117037296295166

mean: 55433.499238988035
std: 986.5518382632102
mean-time: 28.85360848903656
std-time: 9.862774941165394