i:0	68344.44462461685
i:50	50397.967206819914
i:100	49221.743816978735
i:150	49059.0102943464
i:200	48992.402345899754
i:250	48831.82852628193
i:300	48660.89773470663
i:350	48660.89773470663
i:400	48660.89773470663
i:450	48660.89773470663
i:500	48660.89773470663
i:550	48660.89773470663
i:600	48660.89773470663
i:650	48660.89773470663
best: 48660.89773470663
routes: [0, 13, 14, 12, 17, 15, 16, 20, 19, 18, 11, 50, 49, 47, 48, 46, 45, 44, 43, 41, 42, 0, 21, 22, 23, 26, 24, 25, 27, 29, 30, 28, 39, 40, 36, 37, 34, 31, 32, 33, 35, 38, 0, 1, 2, 3, 5, 4, 7, 9, 10, 8, 6, 0]
Elapsed time: 86.22052907943726

i:0	68865.41473935946
i:50	51437.113247282985
i:100	51010.451556882595
i:150	50671.36566373504
i:200	50001.73630254
i:250	49974.972050663484
i:300	49539.36688967661
i:350	49539.36688967661
i:400	49539.36688967661
i:450	49539.36688967661
i:500	49539.36688967661
i:550	49539.36688967661
i:600	49539.36688967661
i:650	49539.36688967661
best: 49539.36688967661
routes: [0, 36, 34, 31, 32, 33, 35, 38, 37, 39, 40, 28, 30, 29, 27, 22, 21, 23, 26, 25, 24, 0, 41, 42, 43, 44, 45, 46, 47, 48, 49, 50, 11, 19, 20, 15, 16, 17, 18, 14, 13, 12, 0, 1, 3, 5, 8, 6, 10, 9, 7, 4, 2, 0]
Elapsed time: 89.26632642745972

i:0	74162.243516877
i:50	50126.422323604515
i:100	49442.79418511275
i:150	49384.29868428337
i:200	49384.29868428337
i:250	49384.29868428337
i:300	49343.797734094805
i:350	49343.797734094805
i:400	49343.797734094805
i:450	49343.797734094805
i:500	49343.797734094805
i:550	49343.797734094805
i:600	49343.797734094805
i:650	49343.797734094805
best: 49343.797734094805
routes: [0, 41, 42, 43, 44, 45, 46, 47, 48, 49, 50, 11, 13, 14, 18, 19, 20, 15, 16, 17, 12, 0, 36, 37, 34, 31, 32, 33, 35, 38, 40, 39, 28, 30, 29, 27, 24, 25, 26, 23, 21, 22, 0, 1, 2, 3, 5, 4, 7, 9, 10, 8, 6, 0]
Elapsed time: 75.93444490432739

i:0	67513.06121120963
i:50	49906.61423125954
i:100	49534.61489036225
i:150	48684.93016430295
i:200	48571.32621178134
i:250	47778.31112997508
i:300	47778.31112997508
i:350	47778.31112997508
i:400	47778.31112997508
i:450	47778.31112997508
i:500	47778.31112997508
i:550	47778.31112997508
i:600	47778.31112997508
i:650	47778.31112997508
best: 47778.31112997508
routes: [0, 21, 22, 23, 26, 24, 25, 27, 29, 30, 28, 39, 40, 36, 37, 34, 31, 32, 33, 35, 38, 0, 41, 42, 43, 44, 45, 46, 47, 48, 49, 50, 11, 19, 20, 15, 16, 17, 18, 14, 13, 12, 0, 1, 2, 3, 5, 4, 7, 9, 10, 8, 6, 0]
Elapsed time: 89.33426785469055

i:0	68138.16970853982
i:50	50277.52970272476
i:100	49961.881224073804
i:150	49559.481679384946
i:200	49449.57944312448
i:250	47948.272580604964
i:300	47416.23666547685
i:350	47416.23666547685
i:400	47416.23666547685
i:450	47416.23666547685
i:500	47416.23666547685
i:550	47416.23666547685
i:600	47416.23666547685
i:650	47416.23666547685
best: 47416.23666547685
routes: [0, 21, 22, 23, 26, 24, 25, 27, 29, 30, 28, 36, 34, 31, 32, 33, 35, 38, 37, 39, 40, 0, 41, 42, 43, 44, 45, 46, 47, 48, 49, 50, 11, 19, 18, 20, 15, 16, 17, 12, 13, 14, 0, 1, 2, 3, 5, 4, 7, 9, 10, 8, 6, 0]
Elapsed time: 85.48303031921387

i:0	63996.09979397566
i:50	49863.12171559948
i:100	49207.48936497385
i:150	48660.89773470663
i:200	48660.89773470663
i:250	48660.89773470663
i:300	48660.89773470663
i:350	48660.89773470663
i:400	48660.89773470663
i:450	48660.89773470663
i:500	48660.89773470663
i:550	48660.89773470663
i:600	48660.89773470663
i:650	48660.89773470663
best: 48660.89773470663
routes: [0, 21, 22, 23, 26, 24, 25, 27, 29, 30, 28, 39, 40, 36, 37, 34, 31, 32, 33, 35, 38, 0, 13, 14, 12, 17, 15, 16, 20, 19, 18, 11, 50, 49, 47, 48, 46, 45, 44, 43, 41, 42, 0, 1, 2, 3, 5, 4, 7, 9, 10, 8, 6, 0]
Elapsed time: 82.66172218322754

i:0	67543.36870241752
i:50	49333.003446899034
i:100	49255.44489336752
i:150	49159.35163346176
i:200	49159.35163346176
i:250	49159.35163346176
i:300	49159.35163346176
i:350	49063.14539302163
i:400	49063.14539302163
i:450	49063.14539302163
i:500	49063.14539302163
i:550	49063.14539302163
i:600	49063.14539302163
i:650	49063.14539302163
best: 49063.14539302163
routes: [0, 36, 37, 34, 31, 32, 33, 35, 38, 40, 39, 28, 30, 29, 27, 24, 25, 26, 23, 21, 22, 0, 41, 42, 43, 44, 45, 46, 47, 48, 49, 50, 11, 19, 20, 15, 16, 17, 18, 14, 13, 12, 0, 1, 2, 3, 5, 4, 7, 9, 10, 8, 6, 0]
Elapsed time: 83.82948279380798

i:0	67105.22605345154
i:50	50115.57505694375
i:100	49346.690196492826
i:150	49346.690196492826
i:200	49236.78796023236
i:250	48708.28583819846
i:300	48708.28583819846
i:350	48708.28583819846
i:400	48708.28583819846
i:450	48708.28583819846
i:500	48708.28583819846
i:550	48708.28583819846
i:600	48708.28583819846
i:650	48708.28583819846
best: 48708.28583819846
routes: [0, 24, 25, 27, 29, 30, 26, 22, 21, 23, 28, 36, 39, 37, 34, 31, 32, 33, 35, 38, 40, 0, 41, 42, 43, 44, 45, 46, 47, 48, 49, 50, 11, 19, 18, 20, 15, 16, 17, 12, 13, 14, 0, 1, 2, 3, 5, 4, 7, 9, 10, 8, 6, 0]
Elapsed time: 79.69590163230896

i:0	71391.23726521748
i:50	50007.758593855906
i:100	49151.61501329788
i:150	48719.18419673863
i:200	48627.13273261721
i:250	48627.13273261721
i:300	48627.13273261721
i:350	48627.13273261721
i:400	48627.13273261721
i:450	48627.13273261721
i:500	48627.13273261721
i:550	48627.13273261721
i:600	48627.13273261721
i:650	48627.13273261721
best: 48627.13273261721
routes: [0, 24, 25, 27, 29, 30, 26, 22, 21, 23, 28, 36, 34, 31, 32, 33, 35, 38, 37, 39, 40, 0, 41, 42, 43, 44, 45, 46, 47, 48, 49, 50, 11, 19, 18, 20, 15, 16, 17, 12, 13, 14, 0, 1, 2, 3, 5, 4, 7, 9, 10, 8, 6, 0]
Elapsed time: 84.75250768661499

i:0	67905.24196867507
i:50	50968.46346002892
i:100	50301.6380756015
i:150	50301.6380756015
i:200	49712.83929286537
i:250	49183.18670859337
i:300	48627.13273261721
i:350	48627.13273261721
i:400	48627.13273261721
i:450	48627.13273261721
i:500	48627.13273261721
i:550	48627.13273261721
i:600	48627.13273261721
i:650	48627.13273261721
best: 48627.13273261721
routes: [0, 41, 42, 43, 44, 45, 46, 47, 48, 49, 50, 11, 19, 18, 20, 15, 16, 17, 12, 13, 14, 0, 24, 25, 27, 29, 30, 26, 22, 21, 23, 28, 36, 34, 31, 32, 33, 35, 38, 37, 39, 40, 0, 1, 2, 3, 5, 4, 7, 9, 10, 8, 6, 0]
Elapsed time: 85.40743350982666

i:0	66099.80982077614
i:50	49191.5331228445
i:100	47802.916636185575
i:150	47788.114970209375
i:200	47678.21273394891
i:250	47678.21273394891
i:300	47678.21273394891
i:350	47678.21273394891
i:400	47678.21273394891
i:450	47678.21273394891
i:500	47678.21273394891
i:550	47678.21273394891
i:600	47678.21273394891
i:650	47678.21273394891
best: 47678.21273394891
routes: [0, 21, 22, 23, 26, 25, 24, 27, 29, 30, 28, 36, 39, 37, 34, 31, 32, 33, 35, 38, 40, 0, 41, 42, 43, 44, 45, 46, 47, 48, 49, 50, 11, 19, 20, 15, 16, 17, 18, 14, 13, 12, 0, 1, 2, 3, 5, 4, 7, 9, 10, 8, 6, 0]
Elapsed time: 80.17139887809753

i:0	74462.32510058102
i:50	49676.208616052245
i:100	49551.299844448025
i:150	48058.96347104826
i:200	48058.96347104826
i:250	48058.96347104826
i:300	48058.96347104826
i:350	48058.96347104826
i:400	48058.96347104826
i:450	48058.96347104826
i:500	48058.96347104826
i:550	48058.96347104826
i:600	48058.96347104826
i:650	48058.96347104826
best: 48058.96347104826
routes: [0, 41, 42, 43, 44, 45, 46, 47, 48, 49, 50, 11, 13, 14, 18, 19, 20, 15, 16, 17, 12, 0, 21, 22, 23, 26, 24, 25, 27, 29, 30, 28, 39, 40, 36, 37, 34, 31, 32, 33, 35, 38, 0, 1, 2, 3, 5, 4, 7, 9, 10, 8, 6, 0]
Elapsed time: 85.13935112953186

i:0	71926.93485141023
i:50	50816.002794859756
i:100	49262.40220180942
i:150	48598.620709047056
i:200	48498.207524591366
i:250	48385.14744162961
i:300	47958.86507502209
i:350	47958.86507502209
i:400	47958.86507502209
i:450	47958.86507502209
i:500	47958.86507502209
i:550	47958.86507502209
i:600	47958.86507502209
i:650	47958.86507502209
best: 47958.86507502209
routes: [0, 21, 22, 23, 26, 25, 24, 27, 29, 30, 28, 36, 39, 37, 34, 31, 32, 33, 35, 38, 40, 0, 41, 42, 43, 44, 45, 46, 47, 48, 49, 50, 11, 13, 14, 18, 19, 20, 15, 16, 17, 12, 0, 1, 2, 3, 5, 4, 7, 9, 10, 8, 6, 0]
Elapsed time: 90.60126948356628

i:0	73135.73583345581
i:50	48445.320756680834
i:100	48139.60078437795
i:150	47500.83168297684
i:200	47416.23666547685
i:250	47416.23666547685
i:300	47416.23666547685
i:350	47416.23666547685
i:400	47416.23666547685
i:450	47416.23666547685
i:500	47416.23666547685
i:550	47416.23666547685
i:600	47416.23666547685
i:650	47416.23666547685
best: 47416.23666547685
routes: [0, 41, 42, 43, 44, 45, 46, 47, 48, 49, 50, 11, 19, 18, 20, 15, 16, 17, 12, 13, 14, 0, 21, 22, 23, 26, 24, 25, 27, 29, 30, 28, 36, 34, 31, 32, 33, 35, 38, 37, 39, 40, 0, 1, 2, 3, 5, 4, 7, 9, 10, 8, 6, 0]
Elapsed time: 85.78809928894043

i:0	69910.52114528332
i:50	49839.99259592762
i:100	49839.99259592762
i:150	49279.01536776805
i:200	48429.310788224546
i:250	47600.6827661099
i:300	47600.6827661099
i:350	47600.6827661099
i:400	47600.6827661099
i:450	47600.6827661099
i:500	47600.6827661099
i:550	47600.6827661099
i:600	47600.6827661099
i:650	47600.6827661099
best: 47600.6827661099
routes: [0, 21, 22, 23, 26, 24, 25, 27, 29, 30, 28, 36, 34, 31, 32, 33, 35, 38, 37, 39, 40, 0, 41, 42, 43, 44, 45, 46, 47, 48, 49, 50, 11, 13, 14, 18, 19, 20, 15, 16, 17, 12, 0, 1, 2, 3, 5, 4, 7, 9, 10, 8, 6, 0]
Elapsed time: 91.0465624332428

i:0	67042.4443069336
i:50	50234.87076003719
i:100	49240.48681934981
i:150	48194.2133189345
i:200	47972.29064145301
i:250	47972.29064145301
i:300	47416.23666547685
i:350	47416.23666547685
i:400	47416.23666547685
i:450	47416.23666547685
i:500	47416.23666547685
i:550	47416.23666547685
i:600	47416.23666547685
i:650	47416.23666547685
best: 47416.23666547685
routes: [0, 21, 22, 23, 26, 24, 25, 27, 29, 30, 28, 36, 34, 31, 32, 33, 35, 38, 37, 39, 40, 0, 41, 42, 43, 44, 45, 46, 47, 48, 49, 50, 11, 19, 18, 20, 15, 16, 17, 12, 13, 14, 0, 1, 2, 3, 5, 4, 7, 9, 10, 8, 6, 0]
Elapsed time: 88.57764315605164

i:0	68252.54441169694
i:50	48714.88086438011
i:100	48363.047979210154
i:150	48125.03938304724
i:200	48125.03938304724
i:250	48125.03938304724
i:300	48125.03938304724
i:350	48125.03938304724
i:400	48125.03938304724
i:450	48125.03938304724
i:500	48125.03938304724
i:550	48125.03938304724
i:600	48125.03938304724
i:650	48125.03938304724
best: 48125.03938304724
routes: [0, 41, 42, 43, 44, 45, 46, 47, 48, 49, 50, 11, 13, 12, 17, 15, 16, 20, 19, 18, 14, 0, 21, 22, 23, 26, 24, 25, 27, 29, 30, 28, 36, 37, 34, 31, 32, 33, 35, 38, 39, 40, 0, 1, 2, 3, 5, 4, 7, 9, 10, 8, 6, 0]
Elapsed time: 82.06772470474243

i:0	68294.81248874751
i:50	49762.10127079
i:100	49751.61774257689
i:150	48666.97507520555
i:200	48481.96687324987
i:250	48481.96687324987
i:300	48481.96687324987
i:350	48481.96687324987
i:400	48481.96687324987
i:450	48481.96687324987
i:500	48481.96687324987
i:550	48481.96687324987
i:600	48481.96687324987
i:650	48481.96687324987
best: 48481.96687324987
routes: [0, 13, 12, 17, 15, 16, 20, 19, 18, 14, 11, 50, 49, 47, 48, 46, 45, 44, 43, 41, 42, 0, 21, 22, 23, 26, 25, 24, 27, 29, 30, 28, 36, 39, 37, 34, 31, 32, 33, 35, 38, 40, 0, 1, 2, 3, 5, 4, 7, 9, 10, 8, 6, 0]
Elapsed time: 85.39025235176086

i:0	72848.10782704582
i:50	48450.527269073995
i:100	48187.493661845685
i:150	47508.288129598266
i:200	47416.23666547685
i:250	47416.23666547685
i:300	47416.23666547685
i:350	47416.23666547685
i:400	47416.23666547685
i:450	47416.23666547685
i:500	47416.23666547685
i:550	47416.23666547685
i:600	47416.23666547685
i:650	47416.23666547685
best: 47416.23666547685
routes: [0, 41, 42, 43, 44, 45, 46, 47, 48, 49, 50, 11, 19, 18, 20, 15, 16, 17, 12, 13, 14, 0, 21, 22, 23, 26, 24, 25, 27, 29, 30, 28, 36, 34, 31, 32, 33, 35, 38, 37, 39, 40, 0, 1, 2, 3, 5, 4, 7, 9, 10, 8, 6, 0]
Elapsed time: 86.33926200866699

i:0	64522.53601468731
i:50	51195.702781927874
i:100	50960.617830844465
i:150	50780.56052754474
i:200	50421.24296141075
i:250	50380.742011222195
i:300	50380.742011222195
i:350	50380.742011222195
i:400	50380.742011222195
i:450	50380.742011222195
i:500	50380.742011222195
i:550	50380.742011222195
i:600	50380.742011222195
i:650	50380.742011222195
best: 50380.742011222195
routes: [0, 39, 40, 36, 37, 34, 31, 32, 33, 35, 38, 28, 29, 30, 26, 22, 21, 23, 27, 25, 24, 0, 41, 42, 43, 44, 45, 46, 47, 48, 49, 50, 11, 13, 14, 18, 19, 20, 15, 16, 17, 12, 0, 1, 3, 5, 8, 6, 10, 9, 7, 4, 2, 0]
Elapsed time: 88.00513863563538

mean: 48347.9193447585
std: 795.0751179780857
mean-time: 85.28561742305756
std-time: 3.7331429860457757