i:0	67384.68010782049
i:50	49566.972357640836
i:100	48175.397310595166
i:150	47522.81668353539
i:200	47450.67673584915
i:250	47439.328230925166
i:300	47406.3137023341
i:350	47406.3137023341
i:400	47406.3137023341
i:450	47406.3137023341
i:500	47406.3137023341
i:550	47406.3137023341
i:600	47406.3137023341
i:650	47406.3137023341
best: 47406.3137023341
routes: [0, 21, 22, 23, 28, 26, 24, 25, 27, 29, 30, 36, 39, 37, 34, 31, 32, 33, 35, 38, 40, 0, 3, 1, 2, 4, 7, 9, 8, 10, 6, 5, 12, 13, 14, 19, 20, 15, 16, 17, 18, 11, 50, 49, 48, 47, 46, 45, 44, 43, 41, 42, 0]
Elapsed time: 98.67470073699951

i:0	69088.06988442483
i:50	48300.050118596155
i:100	47675.97811514566
i:150	47370.55761390005
i:200	47370.55761390005
i:250	47012.01468695188
i:300	46794.774881706675
i:350	46348.93635799861
i:400	46348.93635799861
i:450	46348.93635799861
i:500	46348.93635799861
i:550	46348.93635799861
i:600	46348.93635799861
i:650	46348.93635799861
best: 46348.93635799861
routes: [0, 3, 1, 2, 4, 5, 7, 9, 10, 8, 6, 12, 13, 14, 19, 20, 16, 15, 17, 18, 11, 50, 49, 48, 47, 46, 45, 44, 43, 41, 42, 0, 21, 22, 23, 26, 24, 25, 27, 29, 30, 28, 36, 31, 32, 33, 35, 38, 34, 37, 39, 40, 0]
Elapsed time: 93.23110175132751

i:0	73118.1440722828
i:50	49374.6185620524
i:100	49373.461424523026
i:150	48967.98369054725
i:200	48911.6440617295
i:250	48911.6440617295
i:300	48911.6440617295
i:350	48910.55648361922
i:400	48910.55648361922
i:450	48910.55648361922
i:500	48910.55648361922
i:550	48910.55648361922
i:600	48910.55648361922
i:650	48910.55648361922
best: 48910.55648361922
routes: [0, 21, 22, 24, 27, 29, 30, 26, 25, 23, 28, 39, 40, 34, 31, 32, 33, 35, 38, 37, 36, 0, 46, 47, 48, 45, 44, 42, 41, 43, 49, 50, 11, 19, 20, 15, 16, 17, 18, 14, 13, 12, 3, 1, 2, 4, 5, 7, 9, 10, 8, 6, 0]
Elapsed time: 93.80617952346802

i:0	74331.77360853752
i:50	48496.30608170519
i:100	47575.6752455784
i:150	46806.80959380603
i:200	46279.50163388948
i:250	45825.22502157166
i:300	45729.15115888472
i:350	45722.089505259995
i:400	45722.089505259995
i:450	45722.089505259995
i:500	45722.089505259995
i:550	45722.089505259995
i:600	45722.089505259995
i:650	45722.089505259995
best: 45722.089505259995
routes: [0, 41, 42, 43, 44, 45, 46, 47, 48, 49, 50, 11, 17, 16, 15, 20, 19, 18, 14, 13, 12, 6, 5, 8, 10, 9, 7, 4, 3, 1, 2, 0, 21, 22, 23, 26, 24, 25, 27, 29, 30, 28, 36, 37, 34, 31, 32, 33, 35, 38, 39, 40, 0]
Elapsed time: 100.2736930847168

i:0	64831.846282238475
i:50	50695.04010535296
i:100	49950.80766563768
i:150	47856.72055133445
i:200	47621.30233429883
i:250	46405.68094333378
i:300	45963.96503175094
i:350	45963.96503175094
i:400	45963.96503175094
i:450	45963.96503175094
i:500	45963.96503175094
i:550	45963.96503175094
i:600	45963.96503175094
i:650	45963.96503175094
best: 45963.96503175094
routes: [0, 41, 42, 43, 44, 45, 47, 48, 49, 50, 46, 21, 22, 23, 26, 24, 25, 27, 29, 30, 28, 39, 37, 36, 34, 31, 32, 33, 35, 38, 40, 0, 11, 19, 18, 17, 20, 15, 16, 14, 13, 12, 6, 10, 9, 7, 8, 5, 4, 3, 1, 2, 0]
Elapsed time: 106.43705725669861

i:0	72891.99327842388
i:50	48411.317256293725
i:100	47393.80835203024
i:150	46931.03635674044
i:200	46374.00006784666
i:250	45887.25330859318
i:300	45887.25330859318
i:350	45877.1116883754
i:400	45877.1116883754
i:450	45877.1116883754
i:500	45877.1116883754
i:550	45877.1116883754
i:600	45877.1116883754
i:650	45877.1116883754
best: 45877.1116883754
routes: [0, 41, 42, 43, 45, 47, 48, 49, 50, 46, 44, 40, 39, 37, 38, 35, 33, 32, 31, 34, 36, 28, 30, 29, 27, 26, 23, 21, 22, 25, 24, 0, 11, 19, 20, 15, 16, 17, 18, 14, 13, 12, 3, 1, 2, 4, 5, 7, 9, 10, 8, 6, 0]
Elapsed time: 100.61731743812561

i:0	63727.42611374865
i:50	49768.22969576129
i:100	48714.59638616114
i:150	48113.89965687762
i:200	46790.509448457335
i:250	46427.17109089758
i:300	45729.01924187211
i:350	45729.01924187211
i:400	45729.01924187211
i:450	45729.01924187211
i:500	45729.01924187211
i:550	45729.01924187211
i:600	45729.01924187211
i:650	45729.01924187211
best: 45729.01924187211
routes: [0, 46, 50, 49, 47, 48, 45, 44, 43, 41, 42, 40, 39, 37, 38, 35, 33, 32, 31, 34, 36, 28, 30, 29, 27, 26, 23, 21, 22, 25, 24, 0, 11, 14, 13, 18, 19, 20, 16, 15, 17, 12, 10, 9, 7, 8, 5, 4, 2, 1, 3, 6, 0]
Elapsed time: 106.29273843765259

i:0	74644.38012342699
i:50	46764.320590089046
i:100	45672.2149556936
i:150	45509.91999072357
i:200	45230.99170440222
i:250	45230.99170440222
i:300	45230.99170440222
i:350	45230.99170440222
i:400	45230.99170440222
i:450	45230.99170440222
i:500	45230.99170440222
i:550	45230.99170440222
i:600	45230.99170440222
i:650	45230.99170440222
best: 45230.99170440222
routes: [0, 41, 42, 43, 44, 45, 46, 47, 48, 49, 50, 11, 13, 14, 18, 19, 20, 15, 16, 17, 12, 3, 1, 2, 4, 5, 7, 9, 10, 8, 6, 0, 21, 22, 23, 26, 24, 25, 27, 29, 30, 28, 39, 37, 36, 34, 31, 32, 33, 35, 38, 40, 0]
Elapsed time: 97.60327625274658

i:0	66782.59264378311
i:50	49101.608826793716
i:100	48436.961602086114
i:150	47320.865945689045
i:200	47086.183239023594
i:250	47072.88658120035
i:300	47072.88658120035
i:350	47062.74496098257
i:400	47062.74496098257
i:450	47062.74496098257
i:500	47062.74496098257
i:550	47062.74496098257
i:600	47062.74496098257
i:650	47062.74496098257
best: 47062.74496098257
routes: [0, 41, 42, 43, 44, 45, 46, 47, 48, 49, 50, 11, 13, 14, 18, 19, 20, 15, 16, 17, 12, 10, 9, 7, 4, 2, 1, 3, 5, 8, 6, 0, 38, 35, 33, 32, 31, 34, 37, 36, 39, 40, 28, 30, 29, 27, 26, 23, 21, 22, 25, 24, 0]
Elapsed time: 95.09425759315491

i:0	68095.81024883714
i:50	51288.125803605726
i:100	49708.80436556444
i:150	49229.511482510454
i:200	48103.93134533802
i:250	46677.051067634966
i:300	46635.431103572904
i:350	46635.431103572904
i:400	46635.431103572904
i:450	46635.431103572904
i:500	46635.431103572904
i:550	46635.431103572904
i:600	46635.431103572904
i:650	46635.431103572904
best: 46635.431103572904
routes: [0, 41, 43, 44, 45, 47, 48, 49, 50, 46, 42, 36, 34, 31, 32, 33, 35, 38, 37, 39, 40, 28, 30, 29, 27, 26, 23, 21, 22, 25, 24, 0, 3, 1, 2, 4, 5, 7, 9, 10, 8, 6, 15, 16, 17, 20, 19, 18, 11, 14, 13, 12, 0]
Elapsed time: 111.26385879516602

i:0	61908.225348081236
i:50	48783.837605996174
i:100	48404.16625717339
i:150	47622.370494465926
i:200	47109.3095569197
i:250	46766.91270418729
i:300	46766.91270418729
i:350	46766.91270418729
i:400	46766.91270418729
i:450	46766.91270418729
i:500	46766.91270418729
i:550	46766.91270418729
i:600	46766.91270418729
i:650	46766.91270418729
best: 46766.91270418729
routes: [0, 21, 23, 22, 24, 25, 27, 26, 29, 30, 28, 39, 37, 36, 34, 31, 32, 33, 35, 38, 40, 0, 6, 3, 1, 2, 4, 5, 8, 10, 7, 9, 12, 13, 14, 19, 20, 15, 16, 17, 18, 11, 50, 49, 48, 47, 46, 45, 44, 43, 41, 42, 0]
Elapsed time: 104.8014760017395

i:0	73115.11051632356
i:50	50343.11782381633
i:100	49983.4466704402
i:150	49220.31512704634
i:200	49220.31512704634
i:250	49220.31512704634
i:300	49214.74045797878
i:350	48997.98240479222
i:400	48997.98240479222
i:450	48997.98240479222
i:500	48997.98240479222
i:550	48997.98240479222
i:600	48997.98240479222
i:650	48997.98240479222
best: 48997.98240479222
routes: [0, 21, 22, 23, 26, 27, 24, 25, 29, 30, 28, 34, 31, 32, 33, 35, 38, 37, 39, 40, 36, 0, 50, 44, 43, 42, 41, 45, 46, 47, 49, 48, 11, 14, 13, 12, 19, 18, 17, 20, 15, 16, 10, 9, 7, 4, 2, 1, 3, 5, 8, 6, 0]
Elapsed time: 97.74191188812256

i:0	65560.34541956591
i:50	49165.78664202076
i:100	48714.0877956504
i:150	47954.370171959614
i:200	47338.84211729411
i:250	46324.6063621145
i:300	46142.611163665744
i:350	46142.611163665744
i:400	46142.611163665744
i:450	46142.611163665744
i:500	46142.611163665744
i:550	46142.611163665744
i:600	46142.611163665744
i:650	46142.611163665744
best: 46142.611163665744
routes: [0, 41, 42, 43, 44, 45, 47, 48, 49, 50, 46, 36, 34, 31, 32, 33, 35, 38, 37, 39, 40, 28, 30, 29, 27, 26, 23, 21, 22, 25, 24, 0, 11, 19, 20, 15, 16, 17, 18, 14, 13, 12, 3, 1, 2, 4, 5, 7, 9, 10, 8, 6, 0]
Elapsed time: 105.82321524620056

i:0	63589.16144003412
i:50	49345.89630938166
i:100	48204.028073740265
i:150	47994.722502468096
i:200	47549.27674168759
i:250	47415.82618798707
i:300	46818.4059019153
i:350	46818.4059019153
i:400	46818.4059019153
i:450	46818.4059019153
i:500	46818.4059019153
i:550	46818.4059019153
i:600	46818.4059019153
i:650	46818.4059019153
best: 46818.4059019153
routes: [0, 41, 42, 43, 44, 45, 47, 48, 49, 50, 46, 21, 22, 23, 26, 24, 25, 27, 29, 30, 28, 36, 37, 39, 40, 38, 35, 33, 32, 31, 34, 0, 11, 14, 13, 18, 19, 20, 16, 15, 17, 12, 6, 3, 1, 2, 4, 5, 7, 9, 10, 8, 0]
Elapsed time: 103.15960764884949

i:0	69981.01922000234
i:50	49943.06370273825
i:100	49746.618557279275
i:150	49486.59783172018
i:200	49355.34572065361
i:250	46205.17829476052
i:300	46205.17829476052
i:350	45997.66990483714
i:400	45997.66990483714
i:450	45997.66990483714
i:500	45997.66990483714
i:550	45997.66990483714
i:600	45997.66990483714
i:650	45997.66990483714
best: 45997.66990483714
routes: [0, 41, 42, 43, 44, 45, 47, 48, 49, 50, 46, 21, 22, 23, 26, 24, 25, 27, 29, 30, 28, 36, 34, 31, 32, 33, 35, 38, 37, 39, 40, 0, 11, 19, 20, 15, 16, 17, 18, 14, 13, 12, 6, 5, 4, 7, 9, 10, 8, 3, 1, 2, 0]
Elapsed time: 102.87870645523071

i:0	64256.74605800156
i:50	48527.32880767541
i:100	46648.91190207525
i:150	46335.715005721504
i:200	45615.01159870584
i:250	45477.44737028249
i:300	45477.44737028249
i:350	45477.44737028249
i:400	45477.44737028249
i:450	45477.44737028249
i:500	45477.44737028249
i:550	45477.44737028249
i:600	45477.44737028249
i:650	45477.44737028249
best: 45477.44737028249
routes: [0, 3, 1, 2, 4, 5, 7, 9, 10, 8, 6, 15, 16, 17, 20, 19, 18, 12, 13, 14, 11, 50, 49, 48, 47, 46, 45, 44, 43, 41, 42, 0, 21, 22, 23, 26, 24, 25, 27, 29, 30, 28, 36, 34, 31, 32, 33, 35, 38, 37, 39, 40, 0]
Elapsed time: 99.51418113708496

i:0	65807.25744673866
i:50	49656.45852917049
i:100	49057.883989902526
i:150	48883.14272471393
i:200	48834.9943035813
i:250	48728.960884877204
i:300	48502.397496066
i:350	48502.397496066
i:400	48502.397496066
i:450	48502.397496066
i:500	48502.397496066
i:550	48502.397496066
i:600	48502.397496066
i:650	48502.397496066
best: 48502.397496066
routes: [0, 40, 35, 38, 33, 32, 31, 34, 37, 36, 39, 28, 30, 29, 27, 26, 23, 21, 22, 25, 24, 0, 46, 44, 42, 41, 43, 45, 47, 48, 49, 50, 11, 19, 18, 14, 13, 12, 17, 20, 15, 16, 10, 9, 7, 8, 5, 4, 2, 1, 3, 6, 0]
Elapsed time: 103.20394706726074

i:0	64895.695951304166
i:50	50030.39134317501
i:100	48972.34434630093
i:150	48639.50519142131
i:200	47412.77150165045
i:250	45781.704616717274
i:300	45704.56129858623
i:350	45686.71052644719
i:400	45686.71052644719
i:450	45686.71052644719
i:500	45686.71052644719
i:550	45686.71052644719
i:600	45686.71052644719
i:650	45686.71052644719
best: 45686.71052644719
routes: [0, 46, 49, 50, 47, 48, 45, 44, 43, 41, 42, 38, 35, 33, 32, 31, 34, 36, 37, 39, 40, 28, 30, 29, 27, 26, 23, 21, 22, 25, 24, 0, 11, 19, 20, 15, 16, 17, 18, 14, 13, 12, 3, 1, 2, 4, 5, 7, 9, 10, 8, 6, 0]
Elapsed time: 103.09021854400635

i:0	73451.96591663144
i:50	47080.120992769866
i:100	46149.95052779194
i:150	45521.312200875
i:200	45349.470255853055
i:250	45349.470255853055
i:300	45349.470255853055
i:350	45349.470255853055
i:400	45349.470255853055
i:450	45349.470255853055
i:500	45349.470255853055
i:550	45349.470255853055
i:600	45349.470255853055
i:650	45349.470255853055
best: 45349.470255853055
routes: [0, 41, 42, 43, 44, 45, 46, 47, 48, 49, 50, 11, 13, 14, 18, 19, 20, 15, 16, 17, 12, 10, 9, 7, 4, 2, 1, 3, 5, 8, 6, 0, 21, 22, 23, 26, 24, 25, 27, 29, 30, 28, 36, 34, 31, 32, 33, 35, 38, 37, 39, 40, 0]
Elapsed time: 91.40130925178528

i:0	72490.10752764446
i:50	49641.933396807784
i:100	48867.893976650084
i:150	48282.335817492574
i:200	47433.387065816016
i:250	46593.79356953187
i:300	46408.58616479577
i:350	46223.64411817055
i:400	46223.64411817055
i:450	46223.64411817055
i:500	46223.64411817055
i:550	46223.64411817055
i:600	46223.64411817055
i:650	46223.64411817055
best: 46223.64411817055
routes: [0, 41, 42, 43, 44, 45, 47, 48, 49, 50, 46, 21, 22, 23, 26, 24, 25, 27, 29, 30, 28, 39, 37, 36, 34, 31, 32, 33, 35, 38, 40, 0, 11, 13, 14, 19, 18, 17, 20, 15, 16, 12, 3, 1, 2, 4, 5, 7, 9, 10, 8, 6, 0]
Elapsed time: 105.38983750343323

mean: 46542.52058131926
std: 1103.3692945490475
mean-time: 101.01492958068847
std-time: 5.034298123804344