i:0	118697.29818733461
i:50	87483.3360020227
i:100	82864.51120708416
i:150	80214.69701742021
i:200	77877.02252649817
i:250	76491.94654273927
i:300	76425.94177100352
i:350	76415.80015078574
i:400	76415.80015078574
i:450	76415.80015078574
i:500	76415.80015078574
i:550	76415.80015078574
i:600	76415.80015078574
i:650	76415.80015078574
best: 76415.80015078574
routes: [0, 21, 23, 25, 27, 29, 30, 28, 26, 24, 22, 16, 20, 19, 17, 18, 15, 14, 13, 12, 11, 48, 47, 49, 50, 46, 44, 41, 43, 45, 42, 0, 33, 32, 40, 36, 35, 37, 38, 39, 34, 31, 69, 70, 66, 67, 68, 65, 64, 63, 61, 62, 0, 4, 5, 10, 6, 3, 2, 1, 7, 8, 9, 76, 77, 74, 71, 72, 73, 75, 78, 80, 79, 58, 60, 59, 57, 56, 53, 51, 52, 55, 54, 0]
Elapsed time: 146.847980260849

i:0	127594.42838224035
i:50	84913.79870107301
i:100	81399.91470464664
i:150	78033.17266283404
i:200	76889.68659370134
i:250	75541.73527837766
i:300	74787.46113602637
i:350	74787.46113602637
i:400	74787.46113602637
i:450	74787.46113602637
i:500	74787.46113602637
i:550	74787.46113602637
i:600	74787.46113602637
i:650	74787.46113602637
best: 74787.46113602637
routes: [0, 61, 62, 63, 64, 65, 68, 67, 66, 69, 70, 31, 39, 38, 37, 40, 35, 36, 32, 33, 34, 0, 79, 80, 78, 75, 73, 72, 71, 74, 77, 76, 58, 60, 59, 57, 56, 53, 51, 52, 55, 54, 9, 10, 5, 6, 7, 8, 2, 1, 3, 4, 0, 43, 45, 42, 41, 44, 46, 49, 50, 47, 48, 14, 12, 11, 13, 15, 18, 17, 19, 20, 16, 25, 27, 29, 30, 28, 26, 24, 21, 23, 22, 0]
Elapsed time: 148.12384486198425

i:0	124358.62343908258
i:50	87646.2194486072
i:100	82946.0694204058
i:150	79924.36861162267
i:200	78472.42515962469
i:250	76602.08623758046
i:300	76520.84778084581
i:350	76520.84778084581
i:400	76520.84778084581
i:450	76520.84778084581
i:500	76520.84778084581
i:550	76520.84778084581
i:600	76520.84778084581
i:650	76520.84778084581
best: 76520.84778084581
routes: [0, 79, 80, 78, 75, 73, 72, 71, 74, 77, 76, 58, 60, 59, 57, 56, 53, 51, 52, 55, 54, 8, 2, 1, 3, 6, 7, 9, 10, 5, 4, 0, 61, 62, 63, 64, 65, 68, 67, 66, 69, 70, 31, 34, 33, 38, 39, 40, 35, 36, 37, 32, 21, 23, 25, 27, 29, 30, 28, 26, 24, 22, 0, 11, 12, 15, 14, 17, 19, 20, 18, 16, 13, 48, 46, 49, 50, 47, 45, 44, 41, 43, 42, 0]
Elapsed time: 151.07851338386536

i:0	114418.93275097189
i:50	82087.41619438992
i:100	78738.54322507465
i:150	77541.55877169389
i:200	76921.95201981919
i:250	76562.74599728268
i:300	75795.2610280838
i:350	75766.67360435179
i:400	75766.67360435179
i:450	75766.67360435179
i:500	75766.67360435179
i:550	75766.67360435179
i:600	75766.67360435179
i:650	75766.67360435179
best: 75766.67360435179
routes: [0, 21, 24, 28, 30, 29, 27, 25, 26, 23, 22, 16, 13, 15, 18, 20, 19, 17, 14, 12, 11, 43, 45, 42, 41, 44, 46, 49, 50, 47, 48, 0, 61, 62, 63, 64, 65, 68, 67, 66, 69, 70, 31, 34, 39, 38, 37, 40, 35, 36, 33, 32, 0, 4, 1, 3, 2, 8, 6, 5, 10, 7, 9, 76, 77, 74, 71, 72, 73, 75, 78, 80, 79, 58, 60, 59, 57, 56, 53, 51, 52, 55, 54, 0]
Elapsed time: 143.98814511299133

i:0	122687.52270237879
i:50	82334.30000706749
i:100	78446.60071722625
i:150	77550.89170892247
i:200	75967.30254384276
i:250	74714.15332831212
i:300	74669.30622960681
i:350	74669.30622960681
i:400	74669.30622960681
i:450	74669.30622960681
i:500	74669.30622960681
i:550	74669.30622960681
i:600	74669.30622960681
i:650	74669.30622960681
best: 74669.30622960681
routes: [0, 79, 77, 76, 74, 71, 72, 73, 75, 78, 80, 58, 60, 59, 57, 56, 53, 51, 52, 55, 54, 0, 61, 62, 63, 64, 65, 68, 67, 66, 69, 70, 31, 34, 33, 32, 39, 38, 37, 40, 35, 36, 30, 28, 27, 29, 25, 26, 24, 21, 23, 22, 0, 4, 3, 1, 2, 8, 6, 5, 10, 7, 9, 43, 45, 42, 41, 44, 46, 49, 50, 47, 48, 14, 12, 11, 13, 15, 17, 19, 20, 18, 16, 0]
Elapsed time: 146.32890486717224

i:0	113501.15125518432
i:50	85004.63671050177
i:100	74702.91285075975
i:150	73246.00683187475
i:200	72543.74498931169
i:250	71418.25745688169
i:300	70569.82210841188
i:350	70470.90453262771
i:400	70470.90453262771
i:450	70470.90453262771
i:500	70470.90453262771
i:550	70470.90453262771
i:600	70470.90453262771
i:650	70470.90453262771
best: 70470.90453262771
routes: [0, 4, 1, 2, 3, 6, 5, 10, 7, 8, 9, 43, 42, 41, 44, 45, 47, 46, 49, 50, 48, 14, 12, 11, 13, 15, 17, 19, 20, 18, 16, 0, 54, 55, 57, 56, 52, 51, 53, 59, 60, 58, 76, 77, 74, 71, 72, 73, 75, 78, 79, 80, 61, 62, 63, 64, 65, 68, 67, 66, 69, 70, 0, 31, 34, 33, 32, 38, 39, 40, 37, 35, 36, 30, 28, 27, 29, 25, 26, 24, 21, 23, 22, 0]
Elapsed time: 148.44816756248474

i:0	122787.16021527347
i:50	86570.96019232887
i:100	84030.72834689505
i:150	82922.80046439762
i:200	82453.6751108692
i:250	71105.60657741336
i:300	70958.12089074617
i:350	70929.43361273137
i:400	70929.43361273137
i:450	70929.43361273137
i:500	70929.43361273137
i:550	70929.43361273137
i:600	70929.43361273137
i:650	70929.43361273137
best: 70929.43361273137
routes: [0, 4, 1, 2, 3, 6, 5, 10, 7, 8, 9, 43, 45, 42, 41, 44, 46, 49, 50, 47, 48, 14, 12, 11, 13, 15, 17, 19, 20, 18, 16, 0, 31, 34, 33, 32, 39, 38, 40, 37, 35, 36, 30, 28, 27, 29, 25, 26, 23, 22, 21, 24, 0, 52, 51, 53, 56, 55, 54, 57, 59, 60, 58, 76, 77, 74, 71, 72, 73, 75, 78, 79, 80, 61, 62, 63, 64, 65, 68, 67, 66, 69, 70, 0]
Elapsed time: 149.4054582118988

i:0	127651.18383100902
i:50	88228.41485111354
i:100	86755.80525133159
i:150	81934.10553058892
i:200	79808.73819222902
i:250	78373.49684015603
i:300	75123.04912992494
i:350	74816.86235415161
i:400	74816.86235415161
i:450	74816.86235415161
i:500	74816.86235415161
i:550	74816.86235415161
i:600	74816.86235415161
i:650	74816.86235415161
best: 74816.86235415161
routes: [0, 43, 42, 41, 44, 45, 47, 46, 49, 50, 48, 11, 12, 14, 17, 19, 20, 18, 15, 13, 16, 25, 27, 29, 30, 28, 26, 24, 21, 23, 22, 0, 33, 34, 32, 37, 36, 35, 40, 39, 38, 31, 69, 70, 66, 67, 68, 65, 64, 63, 61, 62, 0, 80, 76, 79, 77, 78, 75, 73, 72, 71, 74, 58, 60, 59, 57, 56, 53, 51, 52, 55, 54, 8, 7, 9, 10, 5, 6, 2, 1, 3, 4, 0]
Elapsed time: 152.23507285118103

i:0	126408.24259951556
i:50	82190.70337702386
i:100	79765.35339673096
i:150	75750.98391119462
i:200	75135.3696822498
i:250	72608.9015733866
i:300	72384.97516291484
i:350	72384.97516291484
i:400	72384.97516291484
i:450	72384.97516291484
i:500	72384.97516291484
i:550	72384.97516291484
i:600	72384.97516291484
i:650	72384.97516291484
best: 72384.97516291484
routes: [0, 4, 3, 6, 5, 10, 9, 7, 8, 2, 1, 31, 34, 33, 38, 39, 40, 35, 36, 37, 32, 0, 51, 52, 53, 56, 54, 55, 57, 59, 60, 58, 76, 74, 71, 72, 73, 75, 78, 77, 79, 80, 61, 62, 63, 64, 65, 68, 67, 66, 69, 70, 0, 43, 42, 41, 44, 45, 47, 46, 49, 50, 48, 17, 19, 20, 18, 15, 14, 12, 11, 13, 16, 22, 23, 25, 27, 29, 30, 28, 26, 24, 21, 0]
Elapsed time: 149.28561425209045

i:0	117388.46663619169
i:50	84217.56413837615
i:100	81227.27327716838
i:150	79846.65092691523
i:200	79609.85042651868
i:250	79443.4157478675
i:300	79098.52742930985
i:350	78348.68044876246
i:400	78348.68044876246
i:450	78348.68044876246
i:500	78348.68044876246
i:550	78348.68044876246
i:600	78348.68044876246
i:650	78348.68044876246
best: 78348.68044876246
routes: [0, 43, 45, 42, 41, 44, 46, 49, 50, 47, 48, 14, 12, 11, 13, 15, 18, 17, 19, 20, 16, 22, 21, 23, 25, 27, 29, 30, 28, 26, 24, 0, 76, 74, 71, 72, 73, 75, 78, 77, 79, 80, 58, 60, 59, 57, 56, 53, 51, 52, 55, 54, 8, 7, 9, 10, 5, 6, 2, 1, 3, 4, 0, 38, 39, 40, 35, 36, 37, 32, 33, 34, 31, 61, 63, 65, 68, 67, 69, 70, 66, 64, 62, 0]
Elapsed time: 143.4183099269867

i:0	119060.98322690705
i:50	84630.6663151436
i:100	81365.3669168546
i:150	79813.1926718643
i:200	77441.7093886387
i:250	76456.55658572647
i:300	76395.43250012171
i:350	76395.43250012171
i:400	76395.43250012171
i:450	76395.43250012171
i:500	76395.43250012171
i:550	76395.43250012171
i:600	76395.43250012171
i:650	76395.43250012171
best: 76395.43250012171
routes: [0, 21, 23, 25, 27, 29, 30, 28, 26, 24, 22, 16, 20, 19, 17, 18, 15, 14, 12, 13, 11, 43, 45, 47, 49, 50, 48, 46, 44, 41, 42, 0, 61, 62, 63, 64, 65, 68, 67, 66, 69, 70, 31, 39, 40, 35, 36, 37, 38, 34, 33, 32, 0, 80, 76, 79, 77, 78, 75, 73, 72, 71, 74, 59, 60, 58, 52, 51, 53, 56, 57, 55, 54, 9, 7, 8, 2, 1, 3, 6, 10, 5, 4, 0]
Elapsed time: 139.69572949409485

i:0	122967.38407652477
i:50	83589.81153536127
i:100	81588.30568628694
i:150	80840.92804561544
i:200	79779.74884026029
i:250	78746.18669776832
i:300	77905.41551397662
i:350	77905.41551397662
i:400	77905.41551397662
i:450	77905.41551397662
i:500	77905.41551397662
i:550	77905.41551397662
i:600	77905.41551397662
i:650	77905.41551397662
best: 77905.41551397662
routes: [0, 78, 75, 73, 72, 71, 74, 77, 76, 79, 80, 61, 62, 63, 64, 65, 68, 67, 66, 69, 70, 0, 4, 1, 2, 3, 6, 5, 10, 9, 7, 8, 55, 56, 57, 59, 60, 58, 53, 51, 52, 54, 41, 42, 43, 48, 47, 45, 44, 46, 49, 50, 0, 31, 39, 40, 35, 36, 37, 38, 34, 33, 32, 30, 28, 27, 29, 25, 26, 24, 21, 23, 22, 20, 19, 17, 18, 15, 14, 12, 11, 13, 16, 0]
Elapsed time: 148.20706176757812

i:0	119768.32355305375
i:50	80483.94364683848
i:100	78604.1773130139
i:150	77779.49621950471
i:200	76640.9771983989
i:250	75521.92102034489
i:300	75408.31706782329
i:350	75408.31706782329
i:400	75408.31706782329
i:450	75408.31706782329
i:500	75408.31706782329
i:550	75408.31706782329
i:600	75408.31706782329
i:650	75408.31706782329
best: 75408.31706782329
routes: [0, 79, 80, 78, 75, 73, 72, 71, 74, 77, 76, 58, 53, 51, 52, 55, 57, 59, 60, 56, 54, 0, 13, 12, 15, 18, 16, 20, 19, 17, 14, 11, 43, 42, 41, 44, 45, 47, 46, 49, 50, 48, 10, 9, 7, 8, 2, 1, 3, 6, 5, 4, 0, 21, 23, 22, 25, 27, 29, 30, 28, 26, 24, 32, 33, 34, 39, 40, 35, 36, 37, 38, 31, 69, 70, 66, 67, 68, 65, 64, 63, 61, 62, 0]
Elapsed time: 144.25081968307495

i:0	115175.18922911199
i:50	82780.328918474
i:100	75365.50534459933
i:150	74522.38482074413
i:200	73997.45238760702
i:250	73528.41323478104
i:300	73508.01272404726
i:350	73508.01272404726
i:400	73508.01272404726
i:450	73508.01272404726
i:500	73508.01272404726
i:550	73508.01272404726
i:600	73508.01272404726
i:650	73508.01272404726
best: 73508.01272404726
routes: [0, 4, 5, 6, 10, 9, 7, 8, 2, 3, 1, 31, 34, 33, 38, 39, 40, 35, 36, 37, 32, 0, 51, 52, 53, 56, 54, 55, 57, 59, 60, 58, 79, 80, 78, 75, 73, 72, 71, 74, 77, 76, 61, 62, 63, 64, 65, 68, 67, 66, 69, 70, 0, 21, 24, 23, 25, 27, 29, 30, 28, 26, 22, 16, 13, 11, 12, 14, 15, 18, 20, 19, 17, 48, 47, 49, 50, 46, 44, 41, 43, 45, 42, 0]
Elapsed time: 144.96152472496033

i:0	113778.52330116567
i:50	83057.26434568685
i:100	79900.90237503081
i:150	78171.23385875004
i:200	76751.18046865548
i:250	76321.1038259631
i:300	75849.39120354105
i:350	75707.80597067391
i:400	75707.80597067391
i:450	75707.80597067391
i:500	75707.80597067391
i:550	75707.80597067391
i:600	75707.80597067391
i:650	75707.80597067391
best: 75707.80597067391
routes: [0, 76, 77, 74, 71, 72, 73, 75, 78, 80, 79, 58, 60, 59, 57, 56, 53, 51, 52, 55, 54, 0, 61, 62, 63, 64, 65, 68, 67, 66, 69, 70, 31, 34, 33, 32, 39, 38, 37, 40, 35, 36, 30, 28, 27, 29, 25, 26, 24, 21, 23, 22, 0, 13, 15, 14, 17, 19, 20, 18, 16, 12, 11, 43, 42, 41, 44, 45, 46, 49, 50, 47, 48, 10, 5, 6, 7, 9, 8, 2, 1, 3, 4, 0]
Elapsed time: 151.94710898399353

i:0	110466.07284286794
i:50	89611.58396033643
i:100	78686.15381469666
i:150	78131.47254024967
i:200	77127.78159251761
i:250	76994.0478239372
i:300	76992.7213830621
i:350	76982.57976284433
i:400	76982.57976284433
i:450	76982.57976284433
i:500	76982.57976284433
i:550	76982.57976284433
i:600	76982.57976284433
i:650	76982.57976284433
best: 76982.57976284433
routes: [0, 34, 33, 32, 37, 36, 35, 40, 39, 38, 31, 69, 70, 67, 68, 66, 65, 64, 63, 61, 62, 0, 21, 23, 22, 25, 24, 28, 30, 29, 27, 26, 20, 19, 17, 18, 16, 15, 14, 13, 11, 12, 48, 46, 44, 41, 42, 43, 45, 47, 49, 50, 0, 4, 5, 10, 9, 7, 8, 6, 3, 1, 2, 78, 75, 73, 72, 71, 74, 76, 77, 79, 80, 58, 60, 59, 57, 56, 53, 51, 52, 55, 54, 0]
Elapsed time: 141.6644904613495

i:0	118630.36099004203
i:50	85420.77572266261
i:100	84251.48175780708
i:150	79149.08481322743
i:200	78236.81397630674
i:250	75724.08346065017
i:300	74976.31813392258
i:350	74893.2326076668
i:400	74893.2326076668
i:450	74893.2326076668
i:500	74893.2326076668
i:550	74893.2326076668
i:600	74893.2326076668
i:650	74893.2326076668
best: 74893.2326076668
routes: [0, 51, 52, 53, 56, 54, 55, 57, 59, 60, 58, 78, 75, 73, 72, 71, 74, 76, 77, 79, 80, 0, 16, 13, 11, 12, 14, 15, 18, 20, 19, 17, 48, 50, 49, 47, 45, 46, 44, 41, 42, 43, 10, 9, 7, 8, 2, 1, 3, 6, 5, 4, 0, 21, 25, 27, 29, 30, 28, 26, 23, 22, 24, 34, 33, 32, 37, 36, 35, 40, 39, 38, 31, 69, 70, 66, 67, 68, 65, 64, 63, 61, 62, 0]
Elapsed time: 151.13506531715393

i:0	123690.34272332335
i:50	89604.1656971856
i:100	84403.94642596756
i:150	81411.29149084837
i:200	80039.57097990849
i:250	78346.83597111068
i:300	77730.074456524
i:350	77181.19713960917
i:400	77181.19713960917
i:450	77181.19713960917
i:500	77181.19713960917
i:550	77181.19713960917
i:600	77181.19713960917
i:650	77181.19713960917
best: 77181.19713960917
routes: [0, 31, 34, 33, 38, 39, 40, 36, 35, 37, 32, 28, 30, 29, 27, 25, 26, 24, 21, 23, 22, 13, 11, 12, 14, 15, 17, 19, 20, 18, 16, 0, 76, 77, 74, 71, 72, 73, 75, 78, 79, 80, 61, 63, 65, 68, 67, 69, 70, 66, 64, 62, 0, 51, 52, 53, 56, 59, 60, 58, 57, 55, 54, 41, 42, 45, 44, 46, 49, 50, 47, 48, 43, 9, 10, 5, 6, 7, 8, 2, 1, 3, 4, 0]
Elapsed time: 152.82745838165283

i:0	121960.94840265489
i:50	85500.9858552063
i:100	80957.75350711963
i:150	79878.88910341622
i:200	77948.74562902286
i:250	77044.75069180471
i:300	76677.0290677216
i:350	76677.0290677216
i:400	76677.0290677216
i:450	76677.0290677216
i:500	76677.0290677216
i:550	76677.0290677216
i:600	76677.0290677216
i:650	76677.0290677216
best: 76677.0290677216
routes: [0, 74, 71, 72, 73, 75, 78, 77, 76, 79, 80, 61, 62, 63, 64, 65, 68, 67, 66, 69, 70, 0, 4, 5, 10, 9, 7, 8, 6, 3, 1, 2, 51, 52, 53, 58, 60, 59, 57, 56, 55, 54, 41, 42, 43, 45, 44, 46, 49, 50, 47, 48, 0, 31, 34, 33, 32, 38, 39, 40, 37, 35, 36, 30, 28, 27, 29, 25, 26, 24, 21, 23, 22, 13, 11, 12, 14, 15, 17, 19, 20, 18, 16, 0]
Elapsed time: 146.00677752494812

i:0	117440.67372710884
i:50	82913.24936189828
i:100	80588.18352664763
i:150	78926.00453948374
i:200	78049.67733334762
i:250	77199.90019477674
i:300	76683.51034587048
i:350	75093.6137661284
i:400	75010.5211311342
i:450	75010.5211311342
i:500	75010.5211311342
i:550	75010.5211311342
i:600	75010.5211311342
i:650	75010.5211311342
best: 75010.5211311342
routes: [0, 33, 34, 32, 37, 36, 35, 40, 39, 38, 31, 69, 70, 64, 62, 61, 63, 65, 68, 67, 66, 0, 51, 52, 53, 56, 54, 55, 57, 59, 60, 58, 76, 74, 71, 72, 73, 75, 78, 77, 79, 80, 2, 1, 3, 6, 7, 8, 9, 10, 5, 4, 0, 43, 42, 41, 44, 45, 47, 46, 49, 50, 48, 17, 19, 20, 18, 15, 14, 12, 11, 13, 16, 22, 21, 23, 25, 27, 29, 30, 28, 26, 24, 0]
Elapsed time: 142.31114506721497

mean: 75239.02442492117
std: 2047.9196133383196
mean-time: 147.10835963487625
std-time: 3.701643758756079