i:0	124574.28502948146
i:50	92715.98005326765
i:100	87589.24471227321
i:150	85228.7693808641
i:200	83622.72332870263
i:250	81886.41367504427
i:300	81368.9013841697
i:350	81347.38846179452
i:400	81347.38846179452
i:450	81347.38846179452
i:500	81347.38846179452
i:550	81347.38846179452
i:600	81347.38846179452
i:650	81347.38846179452
best: 81347.38846179452
routes: [0, 43, 42, 41, 45, 44, 46, 49, 50, 47, 48, 11, 13, 16, 20, 19, 17, 18, 15, 14, 12, 0, 69, 70, 66, 67, 68, 65, 64, 63, 62, 61, 76, 74, 71, 72, 73, 75, 78, 77, 79, 80, 0, 21, 22, 23, 24, 26, 25, 29, 27, 28, 30, 35, 36, 37, 40, 39, 38, 31, 34, 33, 32, 0, 51, 52, 53, 56, 59, 60, 58, 57, 55, 54, 6, 5, 10, 9, 7, 8, 2, 1, 3, 4, 0]
Elapsed time: 140.1500973701477

i:0	123993.24710108222
i:50	86046.32624122262
i:100	84543.26487723211
i:150	83785.70450806426
i:200	83463.91118259201
i:250	83463.91118259201
i:300	83463.91118259201
i:350	83463.91118259201
i:400	83463.91118259201
i:450	83463.91118259201
i:500	83463.91118259201
i:550	83463.91118259201
i:600	83463.91118259201
i:650	83463.91118259201
best: 83463.91118259201
routes: [0, 21, 22, 23, 24, 26, 25, 29, 27, 28, 30, 35, 36, 37, 40, 39, 38, 31, 34, 33, 32, 0, 4, 1, 3, 6, 5, 10, 9, 7, 8, 2, 61, 63, 65, 68, 67, 69, 70, 66, 64, 62, 0, 43, 45, 42, 41, 44, 46, 49, 50, 47, 48, 17, 19, 20, 18, 16, 15, 14, 13, 11, 12, 0, 79, 80, 71, 72, 73, 75, 78, 77, 74, 76, 59, 60, 58, 52, 51, 53, 56, 57, 55, 54, 0]
Elapsed time: 119.14754462242126

i:0	122746.37894560164
i:50	88143.08548965646
i:100	83352.09410275154
i:150	82680.8699521232
i:200	81645.19641943293
i:250	80564.13852437108
i:300	80032.74159241538
i:350	80032.74159241538
i:400	80032.74159241538
i:450	80032.74159241538
i:500	80032.74159241538
i:550	80032.74159241538
i:600	80032.74159241538
i:650	80032.74159241538
best: 80032.74159241538
routes: [0, 43, 45, 42, 41, 44, 46, 49, 50, 47, 48, 14, 12, 11, 13, 15, 18, 17, 19, 20, 16, 0, 31, 34, 33, 38, 39, 40, 36, 35, 37, 32, 21, 23, 22, 25, 27, 29, 30, 28, 26, 24, 0, 51, 52, 53, 56, 54, 55, 57, 59, 60, 58, 76, 71, 72, 73, 75, 78, 74, 77, 79, 80, 0, 4, 3, 6, 5, 10, 9, 7, 8, 2, 1, 61, 62, 63, 64, 65, 68, 66, 67, 69, 70, 0]
Elapsed time: 129.40464854240417

i:0	133911.0812359665
i:50	85189.45921720126
i:100	83787.4308327162
i:150	82836.20125906175
i:200	81889.9355324742
i:250	81193.81978653715
i:300	81060.82309405736
i:350	81060.82309405736
i:400	81060.82309405736
i:450	81060.82309405736
i:500	81060.82309405736
i:550	81060.82309405736
i:600	81060.82309405736
i:650	81060.82309405736
best: 81060.82309405736
routes: [0, 1, 3, 4, 6, 5, 10, 9, 7, 8, 2, 61, 62, 63, 64, 65, 68, 66, 67, 69, 70, 0, 51, 52, 53, 56, 55, 54, 57, 59, 60, 58, 76, 79, 77, 74, 71, 72, 73, 75, 78, 80, 0, 43, 45, 47, 49, 50, 48, 46, 44, 41, 42, 11, 13, 15, 18, 16, 20, 19, 17, 14, 12, 0, 21, 22, 23, 24, 26, 25, 29, 27, 28, 30, 35, 36, 37, 40, 39, 38, 31, 34, 33, 32, 0]
Elapsed time: 130.73794078826904

i:0	128603.41880531485
i:50	88752.08036051362
i:100	86623.906301728
i:150	83578.73745716493
i:200	81918.4466956804
i:250	81573.93341077543
i:300	81138.32824978855
i:350	81138.32824978855
i:400	81138.32824978855
i:450	81138.32824978855
i:500	81138.32824978855
i:550	81138.32824978855
i:600	81138.32824978855
i:650	81138.32824978855
best: 81138.32824978855
routes: [0, 43, 45, 42, 41, 44, 46, 49, 50, 47, 48, 14, 12, 11, 13, 15, 18, 17, 19, 20, 16, 0, 76, 74, 71, 72, 73, 75, 78, 77, 79, 80, 58, 60, 59, 57, 54, 55, 56, 53, 51, 52, 0, 4, 3, 6, 5, 10, 9, 7, 8, 2, 1, 69, 70, 66, 67, 68, 65, 64, 63, 61, 62, 0, 31, 34, 33, 38, 39, 40, 36, 35, 37, 32, 28, 30, 29, 27, 25, 26, 24, 21, 23, 22, 0]
Elapsed time: 122.37143087387085

i:0	131930.08523437797
i:50	88674.12482252873
i:100	85237.10626174512
i:150	83438.84380903549
i:200	83000.99628955437
i:250	82514.9482755168
i:300	82012.0258274998
i:350	81960.80665320612
i:400	81960.80665320612
i:450	81960.80665320612
i:500	81960.80665320612
i:550	81960.80665320612
i:600	81960.80665320612
i:650	81960.80665320612
best: 81960.80665320612
routes: [0, 76, 74, 71, 72, 73, 75, 78, 77, 79, 80, 58, 57, 59, 60, 56, 53, 51, 52, 55, 54, 0, 4, 5, 10, 9, 7, 8, 6, 3, 2, 1, 69, 70, 66, 67, 68, 65, 64, 63, 61, 62, 0, 31, 39, 40, 35, 36, 37, 38, 34, 33, 32, 30, 28, 27, 29, 25, 26, 24, 21, 23, 22, 0, 43, 45, 42, 41, 44, 46, 49, 50, 47, 48, 12, 11, 13, 15, 14, 17, 19, 20, 18, 16, 0]
Elapsed time: 124.76472187042236

i:0	129113.39646782647
i:50	89510.0770228239
i:100	87140.71666319831
i:150	85661.91725988206
i:200	83490.13397535533
i:250	83218.48327326527
i:300	82870.01745949441
i:350	82870.01745949441
i:400	82870.01745949441
i:450	82870.01745949441
i:500	82870.01745949441
i:550	82870.01745949441
i:600	82870.01745949441
i:650	82870.01745949441
best: 82870.01745949441
routes: [0, 4, 5, 6, 10, 9, 7, 8, 2, 3, 1, 69, 70, 66, 67, 68, 65, 64, 63, 61, 62, 0, 11, 12, 13, 14, 15, 18, 16, 20, 19, 17, 48, 43, 45, 47, 49, 50, 46, 44, 41, 42, 0, 31, 39, 38, 34, 33, 32, 37, 40, 35, 36, 30, 28, 27, 29, 25, 26, 24, 21, 23, 22, 0, 76, 77, 74, 71, 72, 73, 75, 78, 80, 79, 58, 60, 59, 57, 54, 55, 56, 53, 51, 52, 0]
Elapsed time: 129.33744883537292

i:0	124412.59469813872
i:50	87786.433536453
i:100	86213.66542899644
i:150	83254.20918825494
i:200	82728.1923908221
i:250	81975.34348140031
i:300	81778.33664507412
i:350	81463.01723236007
i:400	81463.01723236007
i:450	81463.01723236007
i:500	81463.01723236007
i:550	81463.01723236007
i:600	81463.01723236007
i:650	81463.01723236007
best: 81463.01723236007
routes: [0, 61, 62, 63, 64, 65, 68, 66, 67, 69, 70, 31, 39, 38, 37, 40, 35, 36, 32, 33, 34, 0, 76, 74, 71, 72, 73, 75, 78, 77, 79, 80, 58, 59, 60, 56, 52, 51, 53, 57, 55, 54, 0, 4, 1, 2, 3, 6, 5, 10, 7, 8, 9, 43, 45, 42, 41, 44, 46, 49, 50, 47, 48, 0, 21, 24, 23, 25, 27, 29, 30, 28, 26, 22, 13, 11, 12, 15, 14, 17, 19, 20, 18, 16, 0]
Elapsed time: 130.36934065818787

i:0	127550.63947227136
i:50	87253.22836138195
i:100	85758.58183158303
i:150	84480.96483114403
i:200	83242.27701170993
i:250	82730.67298545118
i:300	82596.05298477743
i:350	82463.05629229764
i:400	82463.05629229764
i:450	82463.05629229764
i:500	82463.05629229764
i:550	82463.05629229764
i:600	82463.05629229764
i:650	82463.05629229764
best: 82463.05629229764
routes: [0, 4, 1, 2, 3, 6, 5, 10, 9, 7, 8, 54, 55, 57, 59, 60, 58, 56, 53, 51, 52, 0, 21, 22, 23, 24, 26, 25, 29, 27, 28, 30, 35, 36, 37, 40, 39, 38, 31, 34, 33, 32, 0, 76, 77, 74, 71, 72, 73, 75, 78, 79, 80, 61, 63, 66, 69, 70, 67, 68, 65, 64, 62, 0, 43, 45, 47, 49, 50, 48, 46, 44, 41, 42, 11, 12, 13, 15, 14, 17, 19, 20, 18, 16, 0]
Elapsed time: 135.47337245941162

i:0	126843.83437651843
i:50	87332.89782144681
i:100	86108.97464873425
i:150	85155.89798705821
i:200	84265.56035650571
i:250	82284.51534798279
i:300	81745.19062379644
i:350	81160.72209037551
i:400	81160.72209037551
i:450	81160.72209037551
i:500	81160.72209037551
i:550	81160.72209037551
i:600	81160.72209037551
i:650	81160.72209037551
best: 81160.72209037551
routes: [0, 13, 15, 18, 16, 20, 19, 17, 14, 12, 11, 43, 42, 41, 45, 44, 46, 49, 50, 47, 48, 0, 51, 52, 53, 56, 59, 60, 58, 57, 55, 54, 2, 8, 7, 9, 10, 5, 6, 3, 1, 4, 0, 76, 71, 72, 73, 75, 78, 74, 77, 79, 80, 61, 62, 63, 64, 65, 68, 66, 67, 69, 70, 0, 31, 39, 38, 37, 40, 35, 36, 34, 33, 32, 28, 30, 29, 27, 25, 26, 24, 21, 23, 22, 0]
Elapsed time: 134.79232335090637

i:0	124510.11029891342
i:50	87820.9707947371
i:100	86575.93427998366
i:150	85712.51420786406
i:200	84392.84090101077
i:250	82629.49753915708
i:300	82440.57960094346
i:350	82440.57960094346
i:400	82440.57960094346
i:450	82440.57960094346
i:500	82440.57960094346
i:550	82440.57960094346
i:600	82440.57960094346
i:650	82440.57960094346
best: 82440.57960094346
routes: [0, 4, 5, 10, 9, 7, 8, 6, 3, 2, 1, 69, 70, 66, 67, 68, 65, 64, 63, 61, 62, 0, 31, 34, 33, 38, 39, 40, 36, 35, 37, 32, 28, 30, 29, 27, 25, 26, 24, 21, 23, 22, 0, 80, 76, 77, 74, 71, 72, 73, 75, 78, 79, 58, 59, 60, 56, 57, 55, 54, 53, 51, 52, 0, 13, 15, 18, 16, 20, 19, 17, 14, 12, 11, 43, 47, 45, 42, 41, 44, 46, 49, 50, 48, 0]
Elapsed time: 125.45802211761475

i:0	117473.34095041767
i:50	88922.39964271737
i:100	82748.75761152139
i:150	81694.58125479938
i:200	80720.17751345865
i:250	80564.39942926318
i:300	80158.3029657998
i:350	80097.9335778809
i:400	80097.9335778809
i:450	80097.9335778809
i:500	80097.9335778809
i:550	80097.9335778809
i:600	80097.9335778809
i:650	80097.9335778809
best: 80097.9335778809
routes: [0, 43, 45, 42, 41, 44, 46, 49, 50, 47, 48, 14, 12, 11, 13, 15, 18, 17, 19, 20, 16, 0, 21, 22, 23, 24, 26, 25, 29, 27, 28, 30, 35, 36, 37, 40, 39, 38, 31, 34, 33, 32, 0, 51, 52, 53, 56, 54, 55, 57, 59, 60, 58, 79, 80, 76, 77, 74, 71, 72, 73, 75, 78, 0, 4, 1, 3, 5, 6, 10, 7, 9, 8, 2, 61, 62, 63, 64, 65, 68, 66, 67, 69, 70, 0]
Elapsed time: 131.074378490448

i:0	127845.0844937467
i:50	88066.62252342829
i:100	85746.14514606944
i:150	85571.6789941749
i:200	84838.46955479626
i:250	84159.4317250666
i:300	84110.38744838859
i:350	84110.38744838859
i:400	84110.38744838859
i:450	84110.38744838859
i:500	84110.38744838859
i:550	84110.38744838859
i:600	84110.38744838859
i:650	84110.38744838859
best: 84110.38744838859
routes: [0, 31, 34, 33, 38, 39, 40, 36, 35, 37, 32, 21, 23, 22, 25, 27, 29, 30, 28, 26, 24, 0, 76, 77, 74, 71, 72, 73, 75, 78, 80, 79, 58, 52, 51, 53, 56, 59, 60, 57, 55, 54, 0, 43, 45, 47, 49, 50, 48, 46, 44, 41, 42, 11, 13, 15, 18, 16, 20, 19, 17, 14, 12, 0, 4, 5, 6, 10, 9, 7, 8, 2, 3, 1, 61, 62, 63, 66, 69, 70, 67, 68, 65, 64, 0]
Elapsed time: 135.75266551971436

i:0	127743.0766499954
i:50	87286.80256117464
i:100	86447.11490028324
i:150	85992.30629823962
i:200	84245.73013801212
i:250	80638.962707929
i:300	80413.75142680857
i:350	80413.75142680857
i:400	80413.75142680857
i:450	80413.75142680857
i:500	80413.75142680857
i:550	80413.75142680857
i:600	80413.75142680857
i:650	80413.75142680857
best: 80413.75142680857
routes: [0, 21, 23, 25, 27, 29, 30, 28, 26, 24, 22, 16, 20, 19, 17, 18, 15, 14, 13, 11, 12, 0, 76, 77, 74, 71, 72, 73, 75, 78, 80, 79, 58, 59, 60, 56, 52, 51, 53, 57, 55, 54, 0, 33, 34, 32, 37, 35, 36, 40, 39, 38, 31, 69, 70, 66, 67, 68, 65, 64, 63, 61, 62, 0, 4, 1, 2, 3, 6, 5, 10, 7, 8, 9, 43, 41, 44, 46, 49, 50, 48, 47, 45, 42, 0]
Elapsed time: 135.06068420410156

i:0	125185.93917666447
i:50	86522.68374325547
i:100	85091.34631176105
i:150	84705.46385107991
i:200	84128.2084973898
i:250	83270.95837178038
i:300	82784.8700064078
i:350	82388.1917555698
i:400	82388.1917555698
i:450	82388.1917555698
i:500	82388.1917555698
i:550	82388.1917555698
i:600	82388.1917555698
i:650	82388.1917555698
best: 82388.1917555698
routes: [0, 76, 74, 71, 72, 73, 75, 78, 77, 79, 80, 58, 60, 59, 57, 52, 51, 53, 56, 55, 54, 0, 21, 22, 23, 24, 26, 25, 29, 27, 28, 30, 35, 36, 37, 40, 39, 38, 31, 34, 33, 32, 0, 13, 16, 15, 17, 19, 20, 18, 14, 12, 11, 43, 45, 47, 49, 50, 48, 46, 44, 41, 42, 0, 4, 3, 6, 5, 10, 9, 7, 8, 2, 1, 61, 62, 63, 64, 65, 68, 66, 67, 69, 70, 0]
Elapsed time: 126.52423310279846

i:0	125564.29627435975
i:50	86482.86179884251
i:100	84256.06344282119
i:150	82548.60179106239
i:200	81417.01944284572
i:250	80343.6694297062
i:300	80193.02114756043
i:350	80127.67730919339
i:400	80127.67730919339
i:450	80127.67730919339
i:500	80127.67730919339
i:550	80127.67730919339
i:600	80127.67730919339
i:650	80127.67730919339
best: 80127.67730919339
routes: [0, 51, 52, 53, 56, 54, 55, 57, 59, 60, 58, 76, 77, 74, 71, 72, 73, 75, 78, 79, 80, 0, 43, 42, 41, 45, 44, 46, 49, 50, 47, 48, 11, 13, 15, 18, 16, 20, 19, 17, 14, 12, 0, 31, 34, 33, 38, 39, 40, 36, 35, 37, 32, 28, 30, 29, 27, 25, 26, 24, 21, 23, 22, 0, 4, 5, 6, 7, 10, 9, 8, 2, 3, 1, 61, 62, 63, 64, 65, 68, 66, 67, 69, 70, 0]
Elapsed time: 132.99334812164307

i:0	125878.93069670523
i:50	85514.51374612903
i:100	83699.92885443801
i:150	82631.91174361057
i:200	81636.63800315672
i:250	81075.6494535951
i:300	81075.6494535951
i:350	81075.6494535951
i:400	81075.6494535951
i:450	81075.6494535951
i:500	81075.6494535951
i:550	81075.6494535951
i:600	81075.6494535951
i:650	81075.6494535951
best: 81075.6494535951
routes: [0, 51, 52, 53, 56, 54, 55, 57, 59, 60, 58, 76, 77, 74, 71, 72, 73, 75, 78, 79, 80, 0, 4, 3, 6, 5, 10, 9, 7, 8, 2, 1, 61, 62, 63, 64, 65, 68, 66, 67, 69, 70, 0, 11, 12, 13, 16, 20, 18, 15, 14, 17, 19, 49, 50, 46, 44, 41, 42, 43, 45, 47, 48, 0, 31, 34, 33, 38, 39, 40, 36, 35, 37, 32, 21, 23, 22, 25, 27, 29, 30, 28, 26, 24, 0]
Elapsed time: 128.33303093910217

i:0	126425.81515016402
i:50	82596.12279727371
i:100	80691.63336176352
i:150	80083.906459644
i:200	79476.24472481193
i:250	79148.5307151531
i:300	79148.5307151531
i:350	78928.69167886644
i:400	78928.69167886644
i:450	78928.69167886644
i:500	78928.69167886644
i:550	78928.69167886644
i:600	78928.69167886644
i:650	78928.69167886644
best: 78928.69167886644
routes: [0, 11, 12, 13, 15, 14, 17, 19, 20, 18, 16, 25, 27, 29, 30, 28, 26, 24, 21, 23, 22, 0, 61, 62, 63, 64, 65, 68, 66, 67, 69, 70, 31, 39, 40, 35, 36, 37, 38, 34, 33, 32, 0, 51, 52, 53, 56, 54, 55, 57, 59, 60, 58, 76, 74, 71, 72, 73, 75, 78, 77, 79, 80, 0, 4, 1, 2, 3, 6, 5, 10, 7, 8, 9, 43, 47, 45, 42, 41, 44, 46, 49, 50, 48, 0]
Elapsed time: 122.26012420654297

i:0	118530.60338899611
i:50	85976.25679148699
i:100	84586.99578780291
i:150	83729.86329547694
i:200	82932.03679366925
i:250	81507.54022808399
i:300	81507.54022808399
i:350	81507.54022808399
i:400	81507.54022808399
i:450	81507.54022808399
i:500	81507.54022808399
i:550	81507.54022808399
i:600	81507.54022808399
i:650	81507.54022808399
best: 81507.54022808399
routes: [0, 43, 48, 47, 45, 42, 41, 44, 46, 49, 50, 17, 19, 20, 18, 15, 14, 12, 11, 13, 16, 0, 31, 39, 38, 37, 40, 35, 36, 34, 33, 32, 28, 30, 29, 27, 25, 26, 24, 21, 23, 22, 0, 80, 76, 77, 74, 71, 72, 73, 75, 78, 79, 58, 60, 59, 57, 54, 55, 56, 53, 51, 52, 0, 4, 3, 6, 5, 10, 9, 7, 8, 2, 1, 61, 62, 63, 64, 65, 68, 66, 67, 69, 70, 0]
Elapsed time: 125.69585156440735

i:0	123768.64039044174
i:50	85969.14399325804
i:100	85265.18689505546
i:150	84051.19227814158
i:200	82123.89474195079
i:250	81554.17302234113
i:300	80406.04459098753
i:350	80305.63140653184
i:400	80305.63140653184
i:450	80305.63140653184
i:500	80305.63140653184
i:550	80305.63140653184
i:600	80305.63140653184
i:650	80305.63140653184
best: 80305.63140653184
routes: [0, 51, 52, 53, 56, 55, 54, 57, 59, 60, 58, 76, 79, 77, 74, 71, 72, 73, 75, 78, 80, 0, 13, 15, 18, 16, 20, 19, 17, 14, 12, 11, 43, 42, 41, 45, 44, 46, 49, 50, 47, 48, 0, 4, 3, 6, 5, 10, 9, 7, 8, 2, 1, 61, 62, 63, 64, 65, 68, 66, 67, 69, 70, 0, 31, 34, 33, 38, 39, 40, 36, 35, 37, 32, 21, 23, 22, 25, 27, 29, 30, 28, 26, 24, 0]
Elapsed time: 132.9484634399414

mean: 81417.84230971218
std: 1246.7955135039851
mean-time: 129.6324835538864
std-time: 5.241816845245523