i:0	112731.57267809931
i:50	87373.46080435111
i:100	86612.20891500881
i:150	85130.4737279783
i:200	80023.08015237078
i:250	78360.00515345013
i:300	78360.00515345013
i:350	78360.00515345013
i:400	78360.00515345013
i:450	78360.00515345013
i:500	78360.00515345013
i:550	78360.00515345013
i:600	78360.00515345013
i:650	78360.00515345013
best: 78360.00515345013
routes: [0, 4, 5, 6, 7, 8, 1, 3, 2, 64, 61, 59, 58, 60, 57, 63, 62, 48, 46, 47, 45, 44, 43, 41, 42, 0, 27, 26, 30, 29, 31, 32, 28, 25, 78, 79, 76, 74, 73, 75, 77, 80, 54, 55, 56, 53, 52, 51, 49, 50, 0, 70, 68, 67, 66, 69, 65, 71, 72, 33, 36, 38, 39, 37, 34, 35, 40, 12, 10, 9, 11, 13, 15, 16, 14, 18, 17, 19, 21, 23, 24, 22, 20, 0]
Elapsed time: 141.09622883796692

i:0	119416.35141307181
i:50	88991.83706709128
i:100	87317.53809977505
i:150	80863.17980970879
i:200	78150.62238596591
i:250	78105.66170894983
i:300	78105.66170894983
i:350	78105.66170894983
i:400	78105.66170894983
i:450	78105.66170894983
i:500	78105.66170894983
i:550	78105.66170894983
i:600	78105.66170894983
i:650	78105.66170894983
best: 78105.66170894983
routes: [0, 54, 55, 56, 53, 52, 51, 50, 49, 73, 74, 75, 76, 77, 80, 79, 78, 25, 28, 27, 32, 30, 29, 31, 26, 0, 60, 58, 57, 59, 61, 64, 63, 62, 48, 46, 47, 45, 44, 43, 41, 42, 2, 1, 3, 6, 7, 8, 5, 4, 0, 17, 19, 21, 23, 24, 22, 20, 18, 14, 16, 13, 15, 12, 11, 10, 9, 35, 40, 39, 37, 38, 36, 34, 33, 72, 71, 65, 66, 69, 67, 70, 68, 0]
Elapsed time: 122.90633058547974

i:0	120806.04210574174
i:50	83072.88467701012
i:100	77775.5576768929
i:150	76685.93690577621
i:200	74926.10731621047
i:250	74926.10731621047
i:300	74926.10731621047
i:350	74926.10731621047
i:400	74926.10731621047
i:450	74926.10731621047
i:500	74926.10731621047
i:550	74926.10731621047
i:600	74926.10731621047
i:650	74926.10731621047
best: 74926.10731621047
routes: [0, 35, 34, 37, 40, 39, 38, 36, 33, 72, 71, 65, 66, 69, 67, 68, 70, 7, 8, 2, 1, 3, 6, 5, 4, 0, 41, 42, 43, 46, 44, 45, 47, 48, 62, 60, 61, 59, 58, 57, 63, 64, 50, 49, 51, 52, 53, 55, 56, 54, 0, 73, 74, 75, 76, 77, 80, 79, 78, 25, 27, 28, 32, 30, 29, 31, 26, 24, 23, 21, 22, 20, 17, 19, 18, 11, 9, 10, 12, 13, 15, 16, 14, 0]
Elapsed time: 115.2651538848877

i:0	126125.01230986297
i:50	83475.65809055735
i:100	78556.68932441222
i:150	77175.02504749766
i:200	77175.02504749766
i:250	77126.20096392957
i:300	77126.20096392957
i:350	77126.20096392957
i:400	77126.20096392957
i:450	77126.20096392957
i:500	77126.20096392957
i:550	77126.20096392957
i:600	77126.20096392957
i:650	77126.20096392957
best: 77126.20096392957
routes: [0, 73, 74, 75, 76, 77, 79, 78, 80, 54, 55, 56, 53, 52, 51, 50, 49, 64, 61, 59, 58, 57, 63, 60, 62, 0, 41, 42, 43, 48, 46, 47, 45, 44, 68, 70, 67, 66, 69, 65, 71, 72, 33, 36, 38, 39, 37, 34, 35, 40, 0, 25, 32, 30, 29, 31, 28, 27, 26, 24, 21, 23, 22, 20, 17, 19, 18, 14, 16, 13, 15, 12, 11, 9, 10, 5, 6, 7, 8, 2, 1, 3, 4, 0]
Elapsed time: 109.04965400695801

i:0	118901.76619917412
i:50	91504.82609588903
i:100	84894.20272619446
i:150	79080.25545094398
i:200	78842.58745484795
i:250	78416.41966969601
i:300	78025.53455852195
i:350	78025.53455852195
i:400	78025.53455852195
i:450	78025.53455852195
i:500	78025.53455852195
i:550	78025.53455852195
i:600	78025.53455852195
i:650	78025.53455852195
best: 78025.53455852195
routes: [0, 68, 70, 67, 66, 69, 65, 71, 72, 33, 34, 35, 39, 38, 36, 37, 40, 10, 9, 11, 13, 12, 15, 16, 14, 0, 41, 42, 43, 46, 44, 45, 47, 48, 62, 60, 61, 59, 58, 57, 63, 64, 50, 49, 51, 52, 53, 55, 56, 54, 0, 73, 74, 75, 76, 77, 80, 79, 78, 25, 27, 28, 32, 30, 29, 31, 26, 20, 17, 19, 21, 23, 24, 22, 18, 4, 5, 6, 7, 8, 2, 1, 3, 0]
Elapsed time: 118.42956042289734

i:0	118422.75057938462
i:50	86408.6922905236
i:100	86408.6922905236
i:150	83211.94024338383
i:200	83211.94024338383
i:250	79111.94563188672
i:300	79103.30318940266
i:350	79103.30318940266
i:400	79103.30318940266
i:450	79103.30318940266
i:500	79103.30318940266
i:550	79103.30318940266
i:600	79103.30318940266
i:650	79103.30318940266
best: 79103.30318940266
routes: [0, 25, 28, 27, 32, 30, 29, 31, 26, 24, 23, 21, 22, 20, 17, 19, 18, 14, 11, 13, 15, 16, 12, 10, 9, 35, 34, 33, 36, 38, 39, 37, 40, 0, 72, 71, 65, 66, 69, 67, 70, 68, 57, 58, 60, 59, 61, 64, 63, 62, 48, 46, 47, 45, 44, 43, 41, 42, 0, 4, 5, 6, 7, 8, 2, 1, 3, 50, 49, 51, 52, 53, 55, 56, 54, 80, 79, 78, 76, 77, 75, 73, 74, 0]
Elapsed time: 131.82815289497375

i:0	119684.36514350295
i:50	85424.25963261367
i:100	82200.80212849789
i:150	77505.92615163818
i:200	76043.87890794007
i:250	76029.98189444048
i:300	75920.9416419626
i:350	75920.9416419626
i:400	75920.9416419626
i:450	75920.9416419626
i:500	75920.9416419626
i:550	75920.9416419626
i:600	75920.9416419626
i:650	75920.9416419626
best: 75920.9416419626
routes: [0, 44, 45, 42, 41, 43, 46, 47, 48, 60, 58, 57, 59, 61, 64, 63, 62, 50, 49, 51, 52, 53, 55, 56, 54, 0, 11, 14, 16, 13, 15, 12, 10, 9, 35, 40, 39, 38, 36, 37, 34, 33, 72, 71, 65, 66, 69, 67, 68, 70, 7, 8, 2, 1, 3, 6, 5, 4, 0, 73, 74, 75, 76, 77, 80, 79, 78, 25, 27, 28, 32, 30, 29, 31, 26, 24, 23, 21, 22, 20, 17, 19, 18, 0]
Elapsed time: 112.44032001495361

i:0	119140.62546855614
i:50	89705.763441555
i:100	86092.83696212058
i:150	81120.38407903776
i:200	77491.79438155197
i:250	77459.01707708265
i:300	76274.9499471435
i:350	76274.9499471435
i:400	76274.9499471435
i:450	76274.9499471435
i:500	76274.9499471435
i:550	76274.9499471435
i:600	76274.9499471435
i:650	76274.9499471435
best: 76274.9499471435
routes: [0, 11, 14, 16, 13, 15, 12, 10, 9, 40, 39, 38, 36, 37, 35, 34, 33, 72, 71, 65, 66, 69, 67, 68, 70, 7, 8, 2, 1, 3, 6, 5, 4, 0, 42, 46, 47, 45, 44, 41, 43, 48, 62, 60, 59, 58, 57, 63, 61, 64, 50, 49, 51, 52, 53, 55, 56, 54, 0, 73, 74, 75, 76, 77, 80, 79, 78, 25, 30, 29, 31, 32, 28, 27, 26, 17, 19, 18, 21, 23, 24, 22, 20, 0]
Elapsed time: 121.29312324523926

i:0	114829.20432393039
i:50	90001.11918068916
i:100	87698.0882314941
i:150	78085.59465740668
i:200	75922.10890482136
i:250	74905.93164881197
i:300	74905.93164881197
i:350	74905.93164881197
i:400	74905.93164881197
i:450	74905.93164881197
i:500	74905.93164881197
i:550	74905.93164881197
i:600	74905.93164881197
i:650	74905.93164881197
best: 74905.93164881197
routes: [0, 11, 14, 16, 13, 15, 12, 10, 9, 35, 40, 39, 38, 36, 37, 34, 33, 72, 71, 65, 66, 69, 67, 68, 70, 7, 8, 2, 1, 3, 6, 5, 4, 0, 41, 42, 43, 46, 44, 45, 47, 48, 62, 60, 61, 59, 58, 57, 63, 64, 50, 49, 51, 52, 53, 55, 56, 54, 0, 73, 74, 75, 76, 77, 80, 79, 78, 25, 30, 29, 31, 32, 28, 27, 26, 20, 17, 19, 18, 21, 23, 24, 22, 0]
Elapsed time: 124.26623725891113

i:0	118946.94615976355
i:50	86049.25981044842
i:100	81792.55342084459
i:150	79959.52438773253
i:200	79526.98400413597
i:250	78938.700374998
i:300	78895.13764628494
i:350	78895.13764628494
i:400	78895.13764628494
i:450	78895.13764628494
i:500	78895.13764628494
i:550	78895.13764628494
i:600	78895.13764628494
i:650	78895.13764628494
best: 78895.13764628494
routes: [0, 9, 11, 14, 16, 13, 15, 12, 10, 40, 39, 38, 36, 37, 35, 34, 33, 72, 71, 65, 66, 69, 67, 68, 70, 7, 8, 2, 1, 3, 6, 5, 4, 0, 41, 42, 43, 46, 45, 44, 47, 48, 62, 61, 59, 58, 60, 57, 63, 64, 0, 17, 19, 18, 20, 22, 21, 24, 23, 26, 31, 30, 29, 32, 28, 27, 25, 54, 55, 56, 53, 52, 51, 50, 49, 73, 74, 75, 76, 77, 80, 79, 78, 0]
Elapsed time: 114.80894732475281

i:0	114393.06593064599
i:50	88611.37934622518
i:100	85499.54014072481
i:150	81019.79728972365
i:200	76817.06307882705
i:250	76817.06307882705
i:300	76817.06307882705
i:350	76817.06307882705
i:400	76817.06307882705
i:450	76817.06307882705
i:500	76817.06307882705
i:550	76817.06307882705
i:600	76817.06307882705
i:650	76817.06307882705
best: 76817.06307882705
routes: [0, 35, 34, 33, 36, 38, 39, 37, 40, 12, 10, 9, 11, 13, 15, 16, 14, 18, 17, 19, 21, 23, 24, 22, 20, 27, 28, 25, 32, 30, 29, 31, 26, 0, 73, 74, 75, 76, 77, 79, 78, 80, 54, 55, 56, 53, 52, 51, 50, 49, 64, 61, 59, 58, 57, 63, 60, 62, 48, 42, 41, 43, 46, 47, 45, 44, 0, 70, 68, 67, 66, 69, 65, 71, 72, 7, 8, 2, 1, 3, 6, 5, 4, 0]
Elapsed time: 118.33706641197205

i:0	125669.14879319225
i:50	90565.61344507105
i:100	86728.50461483824
i:150	82423.59328629465
i:200	79609.19890895409
i:250	78705.42863047186
i:300	78705.42863047186
i:350	78705.42863047186
i:400	78705.42863047186
i:450	78705.42863047186
i:500	78705.42863047186
i:550	78705.42863047186
i:600	78705.42863047186
i:650	78705.42863047186
best: 78705.42863047186
routes: [0, 11, 14, 16, 13, 15, 12, 10, 9, 35, 34, 37, 40, 39, 38, 36, 33, 72, 71, 65, 66, 69, 67, 70, 68, 8, 7, 5, 6, 2, 1, 3, 4, 0, 63, 62, 60, 57, 59, 58, 61, 64, 48, 46, 47, 45, 44, 43, 41, 42, 0, 54, 55, 56, 53, 52, 51, 50, 49, 73, 74, 75, 76, 77, 80, 79, 78, 25, 32, 30, 29, 31, 28, 27, 26, 17, 19, 18, 21, 23, 24, 22, 20, 0]
Elapsed time: 123.83670973777771

i:0	119424.99238145181
i:50	91706.38529708768
i:100	90316.65237505923
i:150	89306.98858459186
i:200	81823.19573959385
i:250	81256.15966598767
i:300	81256.15966598767
i:350	81256.15966598767
i:400	81256.15966598767
i:450	81256.15966598767
i:500	81256.15966598767
i:550	81256.15966598767
i:600	81256.15966598767
i:650	81256.15966598767
best: 81256.15966598767
routes: [0, 73, 75, 80, 78, 79, 77, 76, 74, 49, 51, 55, 54, 56, 53, 52, 50, 1, 2, 8, 7, 5, 6, 3, 4, 0, 72, 71, 65, 66, 69, 67, 70, 68, 57, 58, 60, 59, 61, 64, 63, 62, 48, 42, 41, 43, 46, 47, 45, 44, 0, 35, 39, 38, 36, 33, 34, 37, 40, 12, 10, 9, 11, 13, 15, 16, 14, 18, 17, 19, 20, 22, 21, 23, 24, 26, 30, 29, 31, 32, 25, 27, 28, 0]
Elapsed time: 130.0759494304657

i:0	114135.13020466833
i:50	82119.1872612501
i:100	80715.97724725518
i:150	80261.30640051808
i:200	80185.83808738794
i:250	80185.83808738794
i:300	80172.49283523254
i:350	80172.49283523254
i:400	80172.49283523254
i:450	80172.49283523254
i:500	80172.49283523254
i:550	80172.49283523254
i:600	80172.49283523254
i:650	80172.49283523254
best: 80172.49283523254
routes: [0, 70, 68, 67, 69, 65, 66, 71, 72, 33, 34, 35, 39, 38, 36, 37, 40, 15, 16, 13, 12, 10, 9, 11, 14, 19, 18, 21, 23, 24, 22, 20, 17, 0, 27, 28, 26, 31, 30, 29, 32, 25, 78, 80, 79, 77, 75, 74, 73, 76, 51, 54, 55, 56, 53, 52, 49, 50, 0, 4, 5, 6, 1, 3, 2, 8, 7, 60, 63, 64, 61, 59, 58, 57, 62, 48, 46, 47, 45, 44, 43, 41, 42, 0]
Elapsed time: 104.24739170074463

i:0	117599.02783475046
i:50	88322.81219623743
i:100	86453.40329804795
i:150	78470.80355375829
i:200	78120.37013685377
i:250	77166.67023994701
i:300	77166.67023994701
i:350	77166.67023994701
i:400	77166.67023994701
i:450	77166.67023994701
i:500	77166.67023994701
i:550	77166.67023994701
i:600	77166.67023994701
i:650	77166.67023994701
best: 77166.67023994701
routes: [0, 54, 55, 56, 53, 52, 51, 50, 49, 73, 74, 75, 76, 77, 80, 79, 78, 25, 28, 27, 32, 30, 29, 31, 26, 17, 19, 18, 21, 23, 24, 22, 20, 0, 11, 14, 16, 13, 15, 12, 10, 9, 35, 34, 37, 40, 39, 38, 36, 33, 72, 71, 65, 66, 69, 67, 68, 70, 7, 8, 2, 1, 3, 6, 5, 4, 0, 41, 42, 43, 46, 44, 45, 47, 48, 63, 64, 61, 59, 58, 57, 62, 60, 0]
Elapsed time: 117.15761041641235

i:0	117636.59999744645
i:50	83818.83207053339
i:100	80622.09001376388
i:150	79033.42083984055
i:200	78504.14010990679
i:250	78504.14010990679
i:300	78504.14010990679
i:350	78504.14010990679
i:400	78504.14010990679
i:450	78504.14010990679
i:500	78504.14010990679
i:550	78504.14010990679
i:600	78504.14010990679
i:650	78504.14010990679
best: 78504.14010990679
routes: [0, 73, 74, 75, 77, 80, 79, 78, 76, 50, 49, 51, 52, 53, 55, 56, 54, 25, 28, 27, 32, 30, 29, 31, 26, 0, 70, 68, 67, 69, 72, 71, 65, 66, 63, 64, 61, 59, 58, 57, 62, 60, 48, 42, 41, 43, 46, 47, 45, 44, 0, 4, 5, 6, 3, 1, 2, 8, 7, 35, 34, 33, 36, 38, 39, 37, 40, 12, 10, 9, 11, 13, 15, 16, 14, 21, 23, 24, 22, 20, 17, 19, 18, 0]
Elapsed time: 110.3637387752533

i:0	122972.36138221795
i:50	90076.61507432784
i:100	88980.925757708
i:150	85123.86674086012
i:200	77773.94193194978
i:250	76950.38983753133
i:300	76950.38983753133
i:350	76950.38983753133
i:400	76950.38983753133
i:450	76950.38983753133
i:500	76950.38983753133
i:550	76950.38983753133
i:600	76950.38983753133
i:650	76950.38983753133
best: 76950.38983753133
routes: [0, 73, 74, 75, 76, 77, 79, 78, 80, 54, 55, 56, 53, 52, 51, 50, 49, 64, 61, 59, 58, 57, 63, 60, 62, 0, 35, 34, 37, 40, 39, 38, 36, 33, 72, 71, 65, 66, 69, 67, 70, 68, 44, 45, 47, 48, 46, 43, 41, 42, 2, 1, 3, 6, 7, 8, 5, 4, 0, 9, 10, 12, 11, 13, 15, 16, 14, 18, 17, 19, 21, 23, 24, 22, 20, 27, 26, 30, 29, 31, 32, 25, 28, 0]
Elapsed time: 125.59343004226685

i:0	112838.29741013383
i:50	79573.00652339382
i:100	77428.38413501203
i:150	76555.51435531816
i:200	76201.26326988371
i:250	76201.26326988371
i:300	76201.26326988371
i:350	76201.26326988371
i:400	76201.26326988371
i:450	76201.26326988371
i:500	76201.26326988371
i:550	76201.26326988371
i:600	76201.26326988371
i:650	76201.26326988371
best: 76201.26326988371
routes: [0, 9, 11, 14, 16, 13, 15, 12, 10, 40, 39, 38, 36, 37, 35, 34, 33, 72, 71, 65, 66, 69, 67, 68, 70, 7, 8, 2, 1, 3, 6, 5, 4, 0, 49, 51, 52, 54, 55, 56, 53, 50, 64, 63, 60, 61, 59, 58, 57, 62, 48, 42, 41, 43, 46, 47, 45, 44, 0, 73, 74, 75, 76, 77, 80, 79, 78, 25, 28, 27, 26, 32, 31, 30, 29, 24, 23, 21, 22, 20, 17, 19, 18, 0]
Elapsed time: 108.80121040344238

i:0	119615.86214374572
i:50	88272.02123323879
i:100	81946.10258015904
i:150	79749.23692709455
i:200	78800.04761438268
i:250	78800.04761438268
i:300	78800.04761438268
i:350	78800.04761438268
i:400	78800.04761438268
i:450	78800.04761438268
i:500	78800.04761438268
i:550	78800.04761438268
i:600	78800.04761438268
i:650	78800.04761438268
best: 78800.04761438268
routes: [0, 73, 74, 75, 76, 77, 79, 78, 80, 54, 55, 56, 53, 52, 51, 49, 50, 1, 3, 4, 5, 6, 7, 8, 2, 0, 25, 28, 27, 32, 30, 29, 31, 26, 24, 23, 21, 22, 20, 17, 19, 18, 14, 11, 13, 15, 16, 12, 10, 9, 35, 40, 39, 37, 38, 36, 33, 34, 0, 70, 67, 69, 72, 71, 65, 66, 68, 60, 63, 64, 61, 59, 58, 57, 62, 48, 46, 47, 45, 44, 43, 41, 42, 0]
Elapsed time: 118.07795214653015

i:0	113105.99894281215
i:50	90092.27416202059
i:100	90092.27416202059
i:150	83083.922986258
i:200	78862.10201244093
i:250	78538.6960785837
i:300	78538.6960785837
i:350	78538.6960785837
i:400	78538.6960785837
i:450	78538.6960785837
i:500	78538.6960785837
i:550	78538.6960785837
i:600	78538.6960785837
i:650	78538.6960785837
best: 78538.6960785837
routes: [0, 11, 14, 16, 13, 15, 12, 10, 9, 40, 39, 38, 36, 37, 35, 34, 33, 72, 71, 65, 66, 69, 67, 70, 68, 8, 7, 5, 6, 2, 1, 3, 4, 0, 63, 60, 57, 59, 58, 61, 64, 62, 48, 46, 47, 45, 44, 43, 41, 42, 0, 51, 52, 54, 55, 56, 53, 50, 49, 73, 74, 75, 76, 77, 80, 79, 78, 25, 28, 27, 26, 32, 31, 30, 29, 24, 23, 21, 22, 20, 17, 19, 18, 0]
Elapsed time: 126.7936041355133

mean: 77737.8062567711
std: 1601.6274609487643
mean-time: 119.73341858386993
std-time: 8.704550179416033