i:0	126627.26026501691
i:50	90444.89861492549
i:100	89594.66384139929
i:150	89369.23126946823
i:200	89204.55591537218
i:250	89204.55591537218
i:300	89204.55591537218
i:350	89204.55591537218
i:400	89204.55591537218
i:450	89204.55591537218
i:500	89204.55591537218
i:550	89204.55591537218
i:600	89204.55591537218
i:650	89204.55591537218
best: 89204.55591537218
routes: [0, 35, 40, 39, 38, 36, 37, 34, 33, 71, 72, 69, 67, 65, 66, 70, 68, 0, 73, 74, 75, 76, 77, 80, 79, 78, 49, 51, 52, 54, 55, 56, 53, 50, 0, 17, 19, 18, 21, 24, 23, 22, 20, 26, 30, 29, 31, 32, 27, 28, 25, 0, 4, 5, 6, 3, 1, 2, 8, 7, 9, 11, 10, 12, 13, 15, 16, 14, 0, 63, 60, 57, 59, 58, 61, 64, 62, 48, 43, 41, 42, 46, 47, 45, 44, 0]
Elapsed time: 85.68988513946533

i:0	120941.03526133142
i:50	89358.48561681312
i:100	88637.11831905076
i:150	88466.11859468161
i:200	88216.71822731316
i:250	88216.71822731316
i:300	88216.71822731316
i:350	88216.71822731316
i:400	88216.71822731316
i:450	88216.71822731316
i:500	88216.71822731316
i:550	88216.71822731316
i:600	88216.71822731316
i:650	88216.71822731316
best: 88216.71822731316
routes: [0, 75, 80, 79, 78, 77, 76, 73, 74, 50, 49, 51, 52, 53, 55, 56, 54, 0, 25, 28, 27, 32, 31, 30, 29, 26, 24, 23, 21, 22, 20, 17, 19, 18, 0, 4, 5, 6, 3, 1, 2, 8, 7, 9, 11, 10, 12, 13, 15, 16, 14, 0, 35, 40, 39, 38, 36, 37, 34, 33, 71, 72, 69, 67, 65, 66, 70, 68, 0, 44, 47, 45, 46, 42, 41, 43, 48, 63, 64, 61, 59, 58, 57, 62, 60, 0]
Elapsed time: 80.83212494850159

i:0	120921.4361209141
i:50	92220.52832465395
i:100	89210.12852028038
i:150	87546.75662698287
i:200	87546.75662698287
i:250	87546.75662698287
i:300	87546.75662698287
i:350	87546.75662698287
i:400	87546.75662698287
i:450	87546.75662698287
i:500	87546.75662698287
i:550	87546.75662698287
i:600	87546.75662698287
i:650	87546.75662698287
best: 87546.75662698287
routes: [0, 25, 28, 27, 26, 32, 31, 30, 29, 24, 23, 21, 22, 20, 17, 19, 18, 0, 4, 3, 1, 2, 7, 8, 6, 5, 9, 11, 10, 12, 13, 15, 16, 14, 0, 41, 42, 43, 46, 44, 45, 47, 48, 60, 63, 64, 61, 59, 58, 57, 62, 0, 35, 40, 39, 38, 36, 37, 34, 33, 71, 72, 69, 67, 65, 66, 70, 68, 0, 54, 55, 56, 53, 52, 51, 50, 49, 73, 74, 75, 76, 77, 80, 79, 78, 0]
Elapsed time: 88.39707088470459

i:0	120803.67964761386
i:50	97724.81317566305
i:100	90361.08720540302
i:150	89817.6950814972
i:200	89817.6950814972
i:250	89817.6950814972
i:300	89817.6950814972
i:350	89817.6950814972
i:400	89817.6950814972
i:450	89817.6950814972
i:500	89817.6950814972
i:550	89817.6950814972
i:600	89817.6950814972
i:650	89817.6950814972
best: 89817.6950814972
routes: [0, 60, 63, 64, 61, 59, 58, 57, 62, 48, 46, 47, 45, 44, 43, 41, 42, 0, 25, 28, 27, 32, 31, 30, 29, 26, 24, 23, 21, 22, 20, 17, 19, 18, 0, 70, 68, 67, 69, 65, 66, 71, 72, 33, 35, 40, 39, 38, 36, 37, 34, 0, 4, 5, 6, 3, 1, 2, 8, 7, 9, 11, 10, 12, 13, 15, 16, 14, 0, 54, 55, 56, 53, 52, 51, 50, 49, 77, 76, 80, 79, 78, 75, 73, 74, 0]
Elapsed time: 87.43746280670166

i:0	127369.47131492279
i:50	95530.8014312054
i:100	91886.88779111367
i:150	90858.7340432698
i:200	90148.33442892328
i:250	89569.33900705038
i:300	89569.33900705038
i:350	89569.33900705038
i:400	89569.33900705038
i:450	89569.33900705038
i:500	89569.33900705038
i:550	89569.33900705038
i:600	89569.33900705038
i:650	89569.33900705038
best: 89569.33900705038
routes: [0, 17, 19, 18, 21, 24, 23, 22, 20, 27, 26, 30, 29, 31, 32, 25, 28, 0, 41, 42, 43, 46, 44, 45, 47, 48, 64, 61, 59, 58, 57, 63, 60, 62, 0, 4, 5, 6, 3, 1, 2, 8, 7, 68, 67, 69, 72, 71, 65, 66, 70, 0, 73, 74, 75, 76, 77, 80, 79, 78, 50, 49, 51, 52, 53, 55, 56, 54, 0, 35, 34, 33, 36, 38, 39, 37, 40, 15, 16, 14, 13, 12, 9, 11, 10, 0]
Elapsed time: 98.33122301101685

i:0	122313.3098027505
i:50	90411.73780258409
i:100	89461.78408259283
i:150	88875.81721799646
i:200	88425.0134880819
i:250	88130.53666311201
i:300	88130.53666311201
i:350	88130.53666311201
i:400	88130.53666311201
i:450	88130.53666311201
i:500	88130.53666311201
i:550	88130.53666311201
i:600	88130.53666311201
i:650	88130.53666311201
best: 88130.53666311201
routes: [0, 73, 74, 75, 76, 77, 80, 79, 78, 54, 55, 56, 53, 50, 49, 51, 52, 0, 70, 68, 67, 69, 65, 66, 71, 72, 33, 35, 40, 39, 38, 36, 37, 34, 0, 41, 42, 43, 46, 44, 45, 47, 48, 63, 64, 61, 59, 58, 57, 62, 60, 0, 4, 3, 1, 2, 7, 8, 6, 5, 9, 11, 10, 12, 13, 15, 16, 14, 0, 25, 28, 27, 26, 32, 31, 30, 29, 24, 23, 21, 22, 17, 19, 18, 20, 0]
Elapsed time: 83.96698880195618

i:0	129010.80067369288
i:50	99012.86889151056
i:100	91940.46908887564
i:150	89669.06230999196
i:200	88899.98333544513
i:250	88519.25885081786
i:300	88519.25885081786
i:350	88519.25885081786
i:400	88519.25885081786
i:450	88519.25885081786
i:500	88519.25885081786
i:550	88519.25885081786
i:600	88519.25885081786
i:650	88519.25885081786
best: 88519.25885081786
routes: [0, 4, 3, 1, 2, 7, 8, 6, 5, 9, 11, 10, 12, 13, 15, 16, 14, 0, 73, 74, 75, 77, 80, 79, 78, 76, 50, 49, 51, 52, 53, 55, 56, 54, 0, 35, 40, 39, 38, 36, 37, 34, 33, 71, 72, 69, 67, 65, 66, 70, 68, 0, 17, 19, 18, 21, 24, 23, 22, 20, 27, 26, 30, 29, 31, 32, 25, 28, 0, 60, 58, 57, 59, 61, 64, 63, 62, 48, 46, 47, 45, 44, 43, 41, 42, 0]
Elapsed time: 92.30207395553589

i:0	124161.8718039995
i:50	92071.15179525502
i:100	89214.24705866122
i:150	87709.51043079414
i:200	87592.72874582151
i:250	87592.72874582151
i:300	87592.72874582151
i:350	87592.72874582151
i:400	87592.72874582151
i:450	87592.72874582151
i:500	87592.72874582151
i:550	87592.72874582151
i:600	87592.72874582151
i:650	87592.72874582151
best: 87592.72874582151
routes: [0, 73, 74, 75, 76, 77, 80, 79, 78, 54, 55, 56, 53, 50, 49, 51, 52, 0, 41, 42, 43, 46, 44, 45, 47, 48, 63, 62, 60, 58, 57, 59, 61, 64, 0, 4, 3, 1, 2, 7, 8, 6, 5, 9, 11, 10, 12, 13, 15, 16, 14, 0, 25, 28, 27, 32, 31, 30, 29, 26, 20, 17, 19, 23, 24, 22, 21, 18, 0, 35, 40, 39, 38, 36, 37, 34, 33, 71, 72, 69, 67, 65, 66, 70, 68, 0]
Elapsed time: 86.90965127944946

i:0	326924.9927889344
i:50	91308.33216114911
i:100	88940.31608491228
i:150	88131.5657644192
i:200	88076.99099224512
i:250	88076.99099224512
i:300	88076.99099224512
i:350	88076.99099224512
i:400	88076.99099224512
i:450	88076.99099224512
i:500	88076.99099224512
i:550	88076.99099224512
i:600	88076.99099224512
i:650	88076.99099224512
best: 88076.99099224512
routes: [0, 35, 40, 39, 38, 36, 37, 34, 33, 71, 72, 69, 67, 65, 66, 70, 68, 0, 73, 74, 75, 77, 80, 79, 78, 76, 50, 49, 51, 52, 53, 55, 56, 54, 0, 4, 3, 1, 2, 7, 8, 6, 5, 9, 11, 10, 12, 13, 15, 16, 14, 0, 64, 61, 59, 58, 57, 63, 60, 62, 48, 46, 47, 45, 44, 43, 41, 42, 0, 25, 28, 27, 32, 31, 30, 29, 26, 24, 23, 22, 21, 20, 17, 19, 18, 0]
Elapsed time: 87.852787733078

i:0	121902.60437740438
i:50	92237.0879334881
i:100	90018.73573608839
i:150	89400.75654957797
i:200	89025.6057941226
i:250	88981.47545235392
i:300	88981.47545235392
i:350	88981.47545235392
i:400	88981.47545235392
i:450	88981.47545235392
i:500	88981.47545235392
i:550	88981.47545235392
i:600	88981.47545235392
i:650	88981.47545235392
best: 88981.47545235392
routes: [0, 35, 34, 33, 36, 38, 39, 37, 40, 15, 16, 13, 12, 10, 9, 11, 14, 0, 4, 5, 6, 3, 1, 2, 8, 7, 70, 68, 67, 69, 72, 71, 65, 66, 0, 73, 74, 75, 77, 80, 79, 78, 76, 50, 49, 51, 52, 53, 55, 56, 54, 0, 41, 42, 43, 46, 44, 45, 47, 48, 60, 63, 64, 61, 59, 58, 57, 62, 0, 25, 28, 27, 30, 29, 31, 32, 26, 24, 23, 21, 22, 20, 19, 17, 18, 0]
Elapsed time: 86.87219452857971

i:0	122474.06561881864
i:50	90902.0293896746
i:100	89876.84111002648
i:150	89145.46417772566
i:200	88624.69382021771
i:250	88191.04060336672
i:300	88191.04060336672
i:350	88191.04060336672
i:400	88191.04060336672
i:450	88191.04060336672
i:500	88191.04060336672
i:550	88191.04060336672
i:600	88191.04060336672
i:650	88191.04060336672
best: 88191.04060336672
routes: [0, 4, 1, 2, 3, 5, 6, 7, 8, 68, 67, 69, 72, 71, 65, 66, 70, 0, 35, 34, 33, 36, 38, 39, 37, 40, 15, 16, 13, 12, 10, 9, 11, 14, 0, 73, 74, 75, 76, 77, 80, 79, 78, 50, 49, 51, 52, 53, 55, 56, 54, 0, 25, 28, 27, 26, 32, 31, 30, 29, 24, 23, 21, 22, 20, 17, 19, 18, 0, 41, 42, 43, 46, 44, 45, 47, 48, 63, 64, 61, 59, 58, 57, 62, 60, 0]
Elapsed time: 86.15504717826843

i:0	117174.71801142738
i:50	92912.50452044953
i:100	90062.33691581897
i:150	89342.8267098536
i:200	89342.8267098536
i:250	89086.95370743428
i:300	89086.95370743428
i:350	89086.95370743428
i:400	89086.95370743428
i:450	89086.95370743428
i:500	89086.95370743428
i:550	89086.95370743428
i:600	89086.95370743428
i:650	89086.95370743428
best: 89086.95370743428
routes: [0, 9, 11, 14, 13, 15, 16, 12, 10, 5, 6, 7, 8, 3, 2, 1, 4, 0, 41, 42, 43, 46, 44, 45, 47, 48, 63, 64, 61, 59, 58, 57, 62, 60, 0, 17, 19, 18, 21, 22, 20, 23, 24, 30, 29, 31, 32, 25, 28, 27, 26, 0, 73, 74, 75, 76, 77, 80, 79, 78, 54, 55, 56, 53, 50, 49, 51, 52, 0, 70, 68, 67, 69, 65, 66, 71, 72, 33, 35, 40, 39, 38, 36, 37, 34, 0]
Elapsed time: 84.52094268798828

i:0	125167.39702067862
i:50	91511.0840675761
i:100	89401.8271260162
i:150	89314.60551793498
i:200	89314.60551793498
i:250	89314.60551793498
i:300	89314.60551793498
i:350	89314.60551793498
i:400	89314.60551793498
i:450	89314.60551793498
i:500	89314.60551793498
i:550	89314.60551793498
i:600	89314.60551793498
i:650	89314.60551793498
best: 89314.60551793498
routes: [0, 4, 1, 2, 3, 5, 6, 7, 8, 68, 67, 69, 72, 71, 65, 66, 70, 0, 25, 28, 27, 32, 31, 30, 29, 26, 20, 17, 19, 23, 24, 22, 21, 18, 0, 73, 74, 75, 76, 77, 80, 79, 78, 54, 55, 56, 53, 50, 49, 51, 52, 0, 64, 61, 59, 58, 57, 63, 60, 62, 48, 46, 47, 45, 44, 43, 41, 42, 0, 35, 34, 33, 36, 38, 39, 37, 40, 9, 11, 10, 12, 13, 15, 16, 14, 0]
Elapsed time: 82.39496278762817

i:0	127166.67212800309
i:50	95643.0085115583
i:100	88935.58833873176
i:150	87888.9432158228
i:200	87616.4830761501
i:250	87451.81706431715
i:300	87451.81706431715
i:350	87451.81706431715
i:400	87451.81706431715
i:450	87451.81706431715
i:500	87451.81706431715
i:550	87451.81706431715
i:600	87451.81706431715
i:650	87451.81706431715
best: 87451.81706431715
routes: [0, 4, 3, 1, 2, 7, 8, 6, 5, 9, 11, 10, 12, 13, 15, 16, 14, 0, 41, 42, 43, 46, 44, 45, 47, 48, 64, 61, 59, 58, 57, 63, 60, 62, 0, 73, 74, 75, 76, 77, 80, 79, 78, 54, 55, 56, 53, 50, 49, 51, 52, 0, 25, 28, 27, 26, 32, 31, 30, 29, 24, 23, 21, 22, 20, 17, 19, 18, 0, 70, 68, 67, 69, 65, 66, 71, 72, 33, 35, 40, 39, 38, 36, 37, 34, 0]
Elapsed time: 89.28781843185425

i:0	125658.50178221485
i:50	91714.73224345487
i:100	89159.42476199984
i:150	88323.96106647333
i:200	87466.11129801853
i:250	87466.11129801853
i:300	87466.11129801853
i:350	87466.11129801853
i:400	87466.11129801853
i:450	87466.11129801853
i:500	87466.11129801853
i:550	87466.11129801853
i:600	87466.11129801853
i:650	87466.11129801853
best: 87466.11129801853
routes: [0, 4, 3, 1, 2, 7, 8, 6, 5, 9, 11, 10, 12, 13, 15, 16, 14, 0, 35, 40, 39, 38, 36, 37, 34, 33, 71, 72, 69, 67, 65, 66, 70, 68, 0, 25, 28, 27, 32, 31, 30, 29, 26, 24, 23, 21, 22, 20, 17, 19, 18, 0, 73, 74, 75, 77, 80, 79, 78, 76, 54, 55, 56, 53, 50, 49, 51, 52, 0, 44, 47, 45, 46, 42, 41, 43, 48, 63, 64, 61, 59, 58, 57, 62, 60, 0]
Elapsed time: 83.96300268173218

i:0	122312.22994304783
i:50	95302.00864834378
i:100	93609.48618383758
i:150	90512.83379995513
i:200	88987.94729369268
i:250	88609.53802489952
i:300	88609.53802489952
i:350	88609.53802489952
i:400	88609.53802489952
i:450	88609.53802489952
i:500	88609.53802489952
i:550	88609.53802489952
i:600	88609.53802489952
i:650	88609.53802489952
best: 88609.53802489952
routes: [0, 80, 79, 78, 76, 77, 75, 73, 74, 50, 49, 51, 52, 53, 55, 56, 54, 0, 25, 28, 27, 32, 31, 30, 29, 26, 24, 23, 21, 22, 20, 17, 19, 18, 0, 70, 68, 67, 69, 65, 66, 71, 72, 33, 36, 38, 39, 37, 34, 35, 40, 0, 4, 3, 1, 2, 7, 8, 6, 5, 9, 11, 10, 12, 13, 15, 16, 14, 0, 41, 42, 43, 46, 44, 45, 47, 48, 60, 57, 59, 58, 61, 64, 63, 62, 0]
Elapsed time: 97.91726088523865

i:0	142719.68418116306
i:50	97655.0469571002
i:100	94761.44315542202
i:150	93274.08708807525
i:200	89800.1512285637
i:250	89358.75983346225
i:300	89353.0409784507
i:350	89353.0409784507
i:400	89353.0409784507
i:450	89353.0409784507
i:500	89353.0409784507
i:550	89353.0409784507
i:600	89353.0409784507
i:650	89353.0409784507
best: 89353.0409784507
routes: [0, 54, 55, 56, 53, 52, 51, 50, 49, 64, 61, 59, 58, 57, 63, 60, 62, 0, 17, 19, 20, 23, 24, 22, 21, 18, 14, 12, 10, 9, 11, 13, 15, 16, 0, 35, 34, 37, 40, 39, 38, 36, 33, 71, 72, 69, 67, 65, 66, 70, 68, 0, 4, 1, 2, 3, 5, 6, 7, 8, 44, 45, 47, 48, 46, 43, 41, 42, 0, 27, 28, 26, 30, 29, 31, 32, 25, 80, 79, 77, 76, 78, 75, 73, 74, 0]
Elapsed time: 103.32493567466736

i:0	123008.78110636515
i:50	94905.69070213802
i:100	92084.95528477698
i:150	89368.59398643734
i:200	88584.06866253991
i:250	88584.06866253991
i:300	88584.06866253991
i:350	88584.06866253991
i:400	88584.06866253991
i:450	88584.06866253991
i:500	88584.06866253991
i:550	88584.06866253991
i:600	88584.06866253991
i:650	88584.06866253991
best: 88584.06866253991
routes: [0, 25, 28, 27, 32, 31, 30, 29, 26, 24, 23, 21, 22, 20, 17, 19, 18, 0, 4, 3, 1, 2, 7, 8, 6, 5, 9, 11, 10, 12, 13, 15, 16, 14, 0, 73, 74, 75, 76, 77, 80, 79, 78, 54, 55, 56, 53, 50, 49, 51, 52, 0, 70, 68, 67, 69, 65, 66, 71, 72, 33, 35, 40, 39, 38, 36, 37, 34, 0, 63, 64, 61, 59, 58, 60, 57, 62, 48, 43, 41, 42, 46, 47, 45, 44, 0]
Elapsed time: 92.33269882202148

i:0	126990.58156358995
i:50	95154.25939697136
i:100	90230.687791302
i:150	88944.19707630354
i:200	88814.38626316661
i:250	88814.38626316661
i:300	88814.38626316661
i:350	88814.38626316661
i:400	88814.38626316661
i:450	88814.38626316661
i:500	88814.38626316661
i:550	88814.38626316661
i:600	88814.38626316661
i:650	88814.38626316661
best: 88814.38626316661
routes: [0, 35, 34, 33, 36, 38, 39, 37, 40, 9, 11, 10, 12, 13, 15, 16, 14, 0, 41, 42, 43, 46, 44, 45, 47, 48, 63, 60, 57, 59, 58, 61, 64, 62, 0, 4, 1, 2, 3, 5, 6, 7, 8, 68, 67, 69, 72, 71, 65, 66, 70, 0, 73, 74, 75, 76, 77, 80, 79, 78, 54, 55, 56, 53, 50, 49, 51, 52, 0, 25, 27, 28, 26, 32, 31, 30, 29, 24, 23, 22, 21, 18, 17, 19, 20, 0]
Elapsed time: 89.4112138748169

i:0	138308.69679712303
i:50	90851.39112077729
i:100	88960.99243176293
i:150	88585.84167630755
i:200	88421.17566447459
i:250	88421.17566447459
i:300	88421.17566447459
i:350	88421.17566447459
i:400	88421.17566447459
i:450	88421.17566447459
i:500	88421.17566447459
i:550	88421.17566447459
i:600	88421.17566447459
i:650	88421.17566447459
best: 88421.17566447459
routes: [0, 70, 68, 67, 69, 65, 66, 71, 72, 33, 35, 40, 39, 38, 36, 37, 34, 0, 41, 42, 43, 46, 44, 45, 47, 48, 64, 61, 59, 58, 57, 63, 60, 62, 0, 73, 74, 75, 76, 77, 80, 79, 78, 50, 49, 51, 52, 53, 55, 56, 54, 0, 4, 3, 1, 2, 7, 8, 6, 5, 9, 11, 10, 12, 13, 15, 16, 14, 0, 25, 32, 30, 29, 31, 28, 27, 26, 24, 23, 21, 22, 20, 19, 17, 18, 0]
Elapsed time: 80.42309236526489

mean: 88547.43966735846
std: 700.4944612631912
mean-time: 88.4161219239235
std-time: 5.80506115212571