random: -g=1.3742e-05, -a=6, -f=50
i:0	73048.55680575097
i:100	51526.56819837906
i:200	50068.402672091426
i:300	49965.42785594727
i:400	49868.53785664617
i:500	49824.21076743437
i:600	49394.15625678982
i:700	49394.15625678982
i:800	49394.15625678982
i:900	49394.15625678982
i:1000	49394.15625678982
i:1100	49394.15625678982
i:1200	49394.15625678982
i:1300	49394.15625678982
i:1400	49394.15625678982
i:1500	49394.15625678982
i:1600	49394.15625678982
i:1700	49394.15625678982
i:1800	49394.15625678982
routes: [0, 4, 3, 6, 5, 10, 9, 7, 8, 2, 1, 31, 32, 33, 34, 35, 38, 37, 36, 39, 40, 0, 23, 22, 25, 27, 29, 30, 28, 26, 24, 21, 48, 47, 41, 42, 43, 45, 46, 49, 50, 44, 0, 11, 13, 12, 15, 16, 17, 19, 20, 18, 14, 0]
Elapsed time: 515.5084595680237

