i:0	73134.51185894394
i:100	50579.18522353224
i:200	50014.98917001066
i:300	50014.98917001066
i:400	50014.98917001066
i:500	50014.98917001066
i:600	50014.98917001066
i:700	50014.98917001066
i:800	49792.61888387455
i:900	49792.61888387455
i:1000	49792.61888387455
i:1100	49792.61888387455
i:1200	49792.61888387455
i:1300	49792.61888387455
i:1400	49792.61888387455
i:1500	49792.61888387455
i:1600	49792.61888387455
i:1700	49792.61888387455
i:1800	49792.61888387455
i:1900	49792.61888387455
i:2000	49792.61888387455
Elapsed time: 159.85514569282532

[0, 50, 44, 46, 49, 45, 43, 42, 41, 47, 48, 21, 24, 26, 29, 30, 28, 27, 25, 23, 22, 0, 4, 3, 6, 5, 10, 9, 7, 8, 2, 1, 31, 32, 33, 34, 35, 38, 37, 36, 39, 40, 0, 11, 13, 12, 15, 17, 19, 20, 18, 16, 14, 0]

