4.2504042453410164e-05	3	32	58749.184947494075
8.396342142350457e-05	4	36	55327.23821198484
2.406864417902397e-05	1	35	50834.79896764216
2.876718884451048e-05	3	36	54803.52888132792
5.627137120859227e-05	3	26	53113.871136404145
2.7255403427494986e-05	2	33	55257.96418547677
6.0694564349567084e-05	1	26	50147.53178423809
8.491390535236974e-05	3	25	53877.95375802091
1.2252380047238585e-05	4	39	56797.74667197006
1.3518725291109298e-05	1	20	51516.161241581234
0.0001	5	40	56337.16794485759
6.069456401481441e-05	1	26	51541.35616955597
1.3518725291109298e-05	1	20	51202.83133017857
6.03769413333624e-05	1	26	51588.21466846762
2.4244723207345556e-05	1	35	50286.08631696003
6.206391276192541e-05	1	26	49501.672505305614
6.400617174509006e-05	1	26	52051.752024519956
6.577065885486907e-05	1	25	50705.36816985823
6.81150728226758e-05	1	27	50833.18485928196
6.229478364180455e-05	1	25	51748.1782260016
1.0730741144521282e-05	1	31	50791.90228844609
2.280952457706025e-05	1	36	50069.849977731064
3.946959794437157e-05	1	35	51111.875428133266
1.4289946525767754e-05	1	39	50568.699405811094
6.94717540311013e-05	1	20	51124.77133034125
9.518205636530236e-05	1	21	50790.85380126334
1.2024510009388929e-05	1	40	50115.53498937714
3.435977774680745e-05	1	33	50728.25131619163
6.705800362584877e-05	1	20	51727.266342653544
2.897272690147747e-05	1	36	52033.85601603412
7.551883184837496e-05	1	40	50507.888187060926
1e-05	1	40	52241.03051425315
5.081777946635997e-05	1	20	51850.463796455246
7.353592976821697e-05	1	32	50728.66646229557
2.897272690147747e-05	1	36	50913.155280159925
9.952661514030891e-05	1	35	50774.8709005122
9.518205636530236e-05	1	21	50565.20693286567
4.28709519233734e-05	1	39	53339.0519385125
7.617737695446737e-05	1	32	50240.49317462614
0.0001	1	40	51668.476662764006
8.355222442867426e-05	1	28	50891.98643413119
6.0684163616620256e-05	1	32	52356.88027183923
9.518205636530236e-05	1	21	50141.71056654685
1e-05	1	33	50918.08620857954
7.824920876034385e-05	1	29	51060.229001538966
0.0001	1	23	50300.460558592604
9.952661514030891e-05	1	35	52557.697378872756
1e-05	1	33	51473.55884191761
7.195639847162284e-05	1	23	49634.02311175332
0.0001	1	20	51213.95615487909
1e-05	1	34	50582.08831924683
8.753711484026993e-05	1	31	49499.5638067642
6.639732087258265e-05	1	24	51659.606674175884
9.518205636530236e-05	1	21	50516.11931807004
8.440131286832307e-05	1	25	50754.23255892814
1e-05	1	34	51004.617364868136
6.866724938314095e-05	1	30	51081.3747227842
9.518205636530236e-05	1	21	49599.31051516376
1e-05	1	35	53138.88676057718
8.734406858270685e-05	1	25	49807.73660095521
7.824920876034385e-05	1	29	52751.467928855796
2.0872786207975357e-05	1	32	52032.426311086776
9.191509257207939e-05	1	22	52137.68610931135
6.705800362584877e-05	1	20	52204.00112895978
5.081777946635997e-05	1	20	51325.39489298834
0.0001	1	20	51409.154722183106
7.824920876034385e-05	1	29	51214.58471721145
1e-05	1	38	51817.35929407441
6.705800362584877e-05	1	20	51079.20157773169
2.5768077285369153e-05	1	31	50045.914155057886
9.964024707107812e-05	1	21	51214.34124568812
7.824920876034385e-05	1	29	49966.93529151159
8.997480176037417e-05	1	24	50188.85493757767
6.508491848635569e-05	1	28	50460.323071996776
2.343976560093701e-05	1	33	50004.90885629677
9.952661514030891e-05	1	35	50575.52585938299
6.508491848635569e-05	1	28	51077.953683330365
2.585142877570169e-05	1	33	51395.511568857684
9.952661514030891e-05	1	35	52539.83552244328
9.076498624142865e-05	1	25	51398.864968519796
8.743894776481156e-05	1	24	49998.102538973595
2.782549429896778e-05	1	30	50377.54426696103
6.508491848635569e-05	1	28	51007.53848395266
9.786298112917147e-05	1	31	50964.468500423645
9.786298112917147e-05	1	31	52372.75843169503
8.753972495126447e-05	1	24	50541.30281923906
6.508491848635569e-05	1	28	50271.09363065643
2.756938607706324e-05	1	30	51745.89447237647
2.34397656009258e-05	1	33	51981.15177072765
6.158691576604069e-05	1	28	50530.99670795966
9.518205636530236e-05	1	21	49816.18849713388
8.537310875991981e-05	1	24	51077.530282294116
8.829350391527788e-05	1	22	51601.021719647884
8.753711484026993e-05	1	31	50348.65984225709
2.6477702166955474e-05	1	33	50363.94306702013
6.508491848635569e-05	1	28	50896.99869582817
6.158691576604058e-05	1	28	51192.61066538402
8.617512020125739e-05	1	24	51212.6927149895
2.41508763622325e-05	1	33	53390.96712464847
9.518205636530236e-05	1	21	50576.525648887524
6.692256124948319e-05	1	28	52689.70311577622
9.222464442364631e-05	1	21	52122.5646660293
9.786298112917147e-05	1	31	51525.22212934867
2.910877147025809e-05	1	32	50575.242838277976
8.85216247341204e-05	1	23	49929.13583574145
6.158691576604058e-05	1	28	51387.15870421764
2.1379773188184084e-05	1	20	50990.680578141335
2.343976560093531e-05	1	33	49789.068488157376
8.936417998947033e-05	1	22	51704.732844522776
1.0841984083386013e-05	1	22	51807.2319556957
6.508491848635574e-05	1	28	50294.03608487235
2.622447731429484e-05	1	33	50181.11871612413
5.076270577653822e-05	1	27	50775.78665104683
8.629884025448145e-05	1	24	51950.18585920157
7.566846871560637e-05	1	34	52684.54917213115
2.0916517736391412e-05	1	35	50287.97755463074
9.809929381747907e-05	1	20	51298.53334398646
6.917773525664171e-05	1	25	50473.24386266633
3.496024875182795e-05	1	30	51572.58492909541
9.786298112917147e-05	1	31	50288.42799437372
8.757386021139747e-05	1	24	50786.185320708384
5.960491464618076e-05	1	26	51689.95960138858
9.786298112917147e-05	1	31	48937.34557854064
2.9003804669331868e-05	1	30	50859.530660770455
9.622696041887547e-05	1	24	51013.3479923356
6.639732087258265e-05	1	24	50734.81667746137
2.7570481172475557e-05	1	30	51296.3014207052
9.952661514030891e-05	1	35	50556.052847350984
6.639732087258265e-05	1	24	51946.7543185633
8.692994648021643e-05	1	39	49926.201796410656
9.637856778827013e-05	1	25	50671.62092002056
2.7380254611783112e-05	1	31	51234.75540431676
6.639732087258265e-05	1	24	52780.196098797314
9.743091279733885e-05	1	25	51261.72118113956
2.7417371022345156e-05	1	31	49353.2404010421
8.74966259290331e-05	1	39	51178.994003960375
6.705800362584877e-05	1	20	49725.785772313284
7.566846871560637e-05	1	34	50642.96503958507
9.923668761429422e-05	1	25	50223.18321607605
2.7350364967926334e-05	1	31	51773.46766339041
6.705800362584877e-05	1	20	51247.51643197987
0.0001	1	23	50488.43263577085
2.889466964815538e-05	1	31	51863.147931090185
8.21120111731213e-05	1	35	51708.94388866361
6.705800362584877e-05	1	20	52813.3387602002
7.703415402402127e-05	1	34	51180.328561768365
0.0001	1	23	51090.80639038613
2.7467562109072098e-05	1	31	50517.75616758112
2.6452222396548758e-05	1	32	50475.81387996801
0.0001	1	25	51110.331861913844
6.866724938314139e-05	1	30	50297.932110952715
9.784211890691469e-05	1	38	52036.69690738405
2.6633197338239117e-05	1	32	52860.75128529057
6.866724938314095e-05	1	30	51073.36463810961
9.845452359041047e-05	1	25	52785.4619577339
9.784211890691465e-05	1	38	50949.622510441965
2.7739496162209686e-05	1	32	53320.83361842306
9.04383566318726e-05	1	26	51755.35088494889
5.081777946635997e-05	1	20	52429.62375489683
7.752042562180145e-05	1	38	51440.9164033263
5.423434607096548e-05	1	22	51335.54437233495
9.100630882820344e-05	1	26	50244.2583990207
7.752042562180145e-05	1	38	49959.707362283814
2.2680424451418508e-05	1	34	49937.737065068366
5.543832798484295e-05	1	22	51609.974636129955
2.2602226409907906e-05	1	34	52420.40567227282
7.474006950136353e-05	1	39	49892.38601555749
8.919223634114869e-05	1	27	50546.08359747186
5.5221320153709464e-05	1	22	50177.87629819652
2.500198949500897e-05	1	35	52768.702587366366
8.810138446918487e-05	1	27	51000.370054521794
7.370557926150713e-05	1	39	50730.119953461275
8.830796024232713e-05	1	27	52550.33633070082
1.0730741144521282e-05	1	31	51668.894382347
9.778451896090704e-05	1	39	51858.08099301549
5.374284722574635e-05	1	34	50816.86121870179
0.0001	1	21	51987.852588500005
5.2636571107622886e-05	1	21	51390.05408349474
2.2210158014896573e-05	1	35	50266.99274972603
7.188031281501175e-05	1	36	49629.72041947176
9.518205636530236e-05	1	21	51843.348433647385
7.840380345706977e-05	1	31	52150.18752822467
5.081777946635997e-05	1	20	49615.168449997414
2.937465454337037e-05	1	36	51125.045545950394
7.964113865570833e-05	1	29	52749.86385737607
5.081777946636036e-05	1	20	51044.88296046178
9.518205636530236e-05	1	21	50260.887227376625
3.261701459802941e-05	1	37	50147.88415120274
5.081777946635997e-05	1	20	50338.403506583556
0.0001	1	20	51034.02913384543
6.881762992584012e-05	1	36	51635.28647593472
2.1739869972467854e-05	1	38	51688.827593661495
6.655414345693654e-05	1	36	52405.38065035712
5.081777946636013e-05	1	20	51140.42177889138
9.877599644688521e-05	1	20	51112.482054122724
2.0916517736391412e-05	1	35	49141.72713243208
0.0001	1	20	49616.7689379144
5.40363018857843e-05	1	32	50565.166375468274
0.0001	1	40	50639.33150951645
1.0730741144521282e-05	1	31	50414.94633395688
0.0001	1	40	51227.66594355911
0.0001	1	20	49802.42507601564
5.403315944456227e-05	1	32	51085.07112899397
1.0730741144521282e-05	1	31	50343.65505580986
0.0001	1	20	50361.73460529089
1.0730741144521282e-05	1	31	48917.516868678846
0.0001	1	40	49378.3952774305
5.523223287567838e-05	1	32	49695.57320465587
5.081777946635997e-05	1	20	51553.40217377143
0.0001	1	20	50451.345324927184
1.560860836904788e-05	1	32	52139.56498188904
0.0001	1	40	49607.44796653042
0.0001	1	20	52708.296131038114
5.263851282945622e-05	1	31	52362.24263283531
0.0001	1	40	50882.86990818314
1.0730741144521282e-05	1	31	52427.21911504658
0.0001	1	20	51361.47054909304
5.263851282945622e-05	1	31	52667.69755538167
1.0841984083386013e-05	1	22	50611.552560343705
0.0001	1	40	49433.726152106385
5.0817779466365007e-05	1	20	50102.270308492974
9.518205636530236e-05	1	21	51607.961498623896
2.2134676937773674e-05	1	33	49577.69944366196
0.0001	1	40	51360.41210088605
9.518205636530236e-05	1	21	51699.71129746298
2.713047036547958e-05	1	27	50834.57102577452
0.0001	1	40	51187.663876675644
5.405968327189995e-05	1	39	50951.14131936065
9.518205636530236e-05	1	21	50823.80889611083
0.0001	1	40	53625.51587087938
2.428704033425449e-05	1	29	50044.812365112506
5.795174369515379e-05	1	38	51169.74287671493
0.0001	1	20	51503.368553081644
2.7157146053049776e-05	1	27	52109.65382563544
0.0001	1	40	51787.37311716805
5.405968327189995e-05	1	39	50718.18643709313
0.0001	1	20	51099.90975074569
5.081777946635997e-05	1	20	48937.75794071644
2.6050731897811023e-05	1	34	52694.56620990453
8.689105223183267e-05	1	39	49306.861418966146
5.081777946635997e-05	1	20	51569.85467074962
0.0001	1	20	51692.604791234095
2.018015430858751e-05	1	38	50256.318141024465
8.689105223183267e-05	1	39	50942.40975831306
9.518205636530236e-05	1	21	52366.76180996218
6.705800362588228e-05	1	20	50741.96144780732
8.64196114718379e-05	1	40	50188.010804771744
1.5636372837763488e-05	1	32	51025.087684863574
6.70580036258558e-05	1	20	50974.634780490975
2.0916517736391412e-05	1	35	51188.567346277356
1.3518725291109298e-05	1	20	49974.545626117586
8.574806748893219e-05	1	40	49527.03013197741
1e-05	1	20	51665.45494851565
6.705800362584877e-05	1	20	50431.4844864173
8.599883538968436e-05	1	40	51844.87447422545
2.888027195341108e-05	1	38	50532.932304347785
5.0817779466875076e-05	1	20	52022.49197616884
9.518205636531095e-05	1	21	51038.408586488775
8.549437321300985e-05	1	40	53498.537763126915
2.0180154308585397e-05	1	38	51424.86315335001
2.852945217563686e-05	1	20	51432.3614702475
5.6871258157981366e-05	1	39	52095.41214553692
9.132789572724905e-05	1	24	50819.30600491003
0.0001	1	40	51233.76726928516
3.668297504139825e-05	1	20	51712.738175951024
0.0001	1	24	49322.579022251804
2.0180154308585397e-05	1	38	50966.33393816885
7.44671734732274e-05	1	39	50962.29907413647
6.705800362584906e-05	1	20	53853.39066950316
8.689105223186844e-05	1	39	51367.26884551085
0.0001	1	24	50641.40489262713
2.2849353003511558e-05	1	27	51086.27884185341
0.0001	1	26	50829.924691891945
5.081777946635997e-05	1	20	50524.855486841814
1.379764190558072e-05	1	30	50394.07615618499
7.370557926150713e-05	1	39	51147.87534534319
5.081777946636644e-05	1	20	51532.83290681386
1e-05	1	28	50138.00045421863
0.0001	1	26	50527.34254950163
6.406033433962775e-05	1	38	51583.0210586561
5.081777946635997e-05	1	20	53910.22691487506
0.0001	1	26	51476.96222560047
6.406231437085362e-05	1	36	50732.31386762609
1e-05	1	27	52778.77593119263
5.081777946635997e-05	1	20	50039.9891750037
0.0001	1	27	50775.70024058161
1.4616967435961917e-05	1	33	52359.36335082641
7.370557926150713e-05	1	39	50896.12246135235
5.081777946636041e-05	1	20	50264.92658321413
0.0001	1	27	50116.792386279885
7.537439820437303e-05	1	39	52044.33963304246
2.571398220254001e-05	1	32	49433.88236531901
6.705800362585144e-05	1	20	51394.11155708855
0.0001	1	26	50672.48220650505
2.5228933800453577e-05	1	31	51947.82514189653
7.512277418342078e-05	1	39	52238.50425016959
2.3271128762503164e-05	1	31	51457.17071967133
6.705800362585295e-05	1	20	50285.627849024495
7.471391079676413e-05	1	39	52251.00038711776
0.0001	1	26	50737.84145915319
6.705800362584877e-05	1	20	50399.27634426306
2.2974006092138825e-05	1	30	50777.725926606974
0.0001	1	25	50994.39617242184
8.689105223183267e-05	1	39	50986.89251847944
0.0001	1	25	51311.87228472395
6.705800362584877e-05	1	20	53161.34054623899
2.3930217807870362e-05	1	30	50853.81390888862
0.0001	1	40	50750.80302456645
5.081777946636436e-05	1	20	50602.27695351112
0.0001	1	26	50555.79846710228
2.0907762020901354e-05	1	30	52590.56970393093
7.370557926150713e-05	1	39	50834.844805729226
6.705800362584877e-05	1	20	52772.97149227722
0.0001	1	26	51187.88352339526
2.6714751853286307e-05	1	30	51301.02381678843
7.785467735276641e-05	1	39	49610.44638367364
7.512730498999557e-05	1	39	52200.33180510629
6.705800362585077e-05	1	20	51241.65754512193
0.0001	1	27	51378.923558321
2.6578109365095615e-05	1	32	51602.755227618974
0.0001	1	27	53143.98789463005
6.705800362584877e-05	1	20	50761.39472108943
7.40992113606466e-05	1	39	51565.667020510744
2.3829879391417567e-05	1	32	50521.64871360295
0.0001	1	26	51483.31196581982
5.081777946635997e-05	1	20	50969.55976611525
2.522917374490983e-05	1	31	50361.76470052091
7.789550880085443e-05	1	39	51588.83932763241
6.705800362584877e-05	1	20	50138.535310902516
7.783472417380759e-05	1	39	51817.94235630532
0.0001	1	25	50615.74656913468
2.483724293452867e-05	1	30	51219.63210512141
6.705800362585075e-05	1	20	50662.562025610205
0.0001	1	25	52116.87012558384
2.6698166698266547e-05	1	30	52721.34352990455
0.0001	1	40	50660.4141652128
6.705800362584877e-05	1	20	52260.42759180265
0.0001	1	24	50615.61119196998
2.482721341107126e-05	1	30	51491.24824916507
0.0001	1	40	49724.75337116578
6.70580036258557e-05	1	20	50986.16270878961
2.1561552476166316e-05	1	32	51504.81868324444
0.0001	1	28	50316.76004619551
7.370557926150713e-05	1	39	50468.39546951384
6.705800362584877e-05	1	20	51435.78941567147
2.3796555944271783e-05	1	32	49853.421420240404
0.0001	1	29	48891.418025418876
7.370557926150949e-05	1	39	52252.62530975145
0.0001	1	29	51262.07362836795
6.705800362591438e-05	1	20	50517.40640909848
7.370557926150713e-05	1	39	51697.31192966205
1.9791628786326637e-05	1	32	50570.250615597644
6.705800362584877e-05	1	20	51133.978968796495
0.0001	1	29	51823.19182591201
1.7707228806885217e-05	1	31	51217.7230050854
7.37055792615093e-05	1	39	50943.7060276084
6.705800362584877e-05	1	20	50782.098920099066
0.0001	1	28	51029.03733526747
7.370557926150713e-05	1	39	50790.70826548656
1.934941234714278e-05	1	31	50456.35164024187
6.705800362584877e-05	1	20	51117.832603735915
0.0001	1	28	52152.98288532593
7.370557926150893e-05	1	39	51022.07497020871
1.8408102938795983e-05	1	31	51998.06925790631
2.251716125546511e-05	1	32	51941.53593702696
0.0001	1	28	49528.18278676134
6.70580036258503e-05	1	20	50024.622240828176
7.370557926150713e-05	1	39	51475.07834269663
6.705800362584918e-05	1	20	50397.36846031505
0.0001	1	27	51640.88407831089
7.370557926150713e-05	1	39	52089.64630399508
2.4730550962981722e-05	1	31	50701.7307115528
6.705800362584877e-05	1	20	50818.37636620172
0.0001	1	26	50870.902322894406
3.2599846519695654e-05	1	28	51627.83649460271
8.689105223183267e-05	1	39	51053.82878831951
0.0001	1	26	50919.66492832355
6.705800362584899e-05	1	20	50355.15921669447
2.151404352139708e-05	1	30	51802.502321611646
0.0001	1	40	49418.28626364528
5.081777946635997e-05	1	20	52204.641502750404
0.0001	1	29	50494.827846646054
7.370557926151426e-05	1	39	49533.34251071051
2.0180154308614392e-05	1	38	51536.76831769018
6.705800362584877e-05	1	20	50167.39454335428
2.487584754042568e-05	1	31	49564.14740924929
0.0001	1	31	50463.8836158987
7.370557926150713e-05	1	39	52151.177436664446
2.4564537181676332e-05	1	31	51395.77592778497
6.705800362584877e-05	1	20	50037.76525379335
0.0001	1	30	50717.43343649529
7.370557926151468e-05	1	39	50146.744717767964
0.0001	1	30	50906.186576689324
5.081777946635997e-05	1	20	50332.56667879075
7.370557926150753e-05	1	39	50725.56868034607
2.0180154308946304e-05	1	38	51403.91515482772
5.081777946635997e-05	1	20	52568.120178854086
2.0180154308585397e-05	1	38	53528.640202865085
0.0001	1	30	51302.14355183706
7.370557926150716e-05	1	39	50746.649142293514
5.081777946635997e-05	1	20	50991.24737304972
1.0730741144544347e-05	1	31	51028.67461561814
0.0001	1	31	52390.99966904618
6.322667705353106e-05	1	39	54399.02172311712
5.081777946635997e-05	1	20	50712.92550958367
0.0001	1	29	51428.21844779761
1.0730741144521282e-05	1	31	51313.32040336466
7.37055792615099e-05	1	39	52283.82032439401
