i:0	82525.85089093937
i:100	63229.68824194803
i:200	59100.42666438126
i:300	56586.26387736492
i:400	53672.69543705294
i:500	51613.049896768236
i:600	51291.78921776393
i:700	50853.1426397591
i:800	50853.1426397591
i:900	50853.1426397591
i:1000	50846.982037703216
i:1100	50304.12648290499
i:1200	49831.424861541294
i:1300	49794.02397570513
i:1400	49766.85061445073
i:1500	49766.85061445073
i:1600	49766.85061445073
i:1700	49766.85061445073
i:1800	49766.85061445073
i:1900	49766.85061445073
i:2000	49766.85061445073
i:2100	49766.85061445073
i:2200	49766.85061445073
i:2300	49766.85061445073
i:2400	49766.85061445073
i:2500	49766.85061445073
i:2600	49766.85061445073
Elapsed time: 238.3932192325592

[0, 23, 22, 25, 27, 29, 30, 28, 26, 24, 21, 47, 41, 42, 43, 45, 48, 46, 49, 50, 44, 0, 4, 5, 7, 8, 9, 10, 6, 3, 2, 1, 31, 32, 33, 34, 35, 38, 37, 36, 39, 40, 0, 11, 13, 12, 15, 16, 17, 19, 20, 18, 14, 0]

