i:0	88689.23855230497
i:50	79118.79202418381
i:100	78689.63152293708
i:150	78627.7295537338
i:200	78627.7295537338
i:250	78627.7295537338
i:300	78627.7295537338
i:350	78627.7295537338
i:400	78627.7295537338
i:450	78542.33717195634
i:500	78542.33717195634
i:550	78542.33717195634
i:600	78542.33717195634
i:650	78542.33717195634
i:700	78542.33717195634
i:750	78542.33717195634
i:800	78542.33717195634
i:850	78542.33717195634
i:900	78542.33717195634
i:950	78542.33717195634
i:1000	78542.33717195634
i:1050	78542.33717195634
i:1100	78542.33717195634
i:1150	78542.33717195634
i:1200	78542.33717195634
i:1250	78542.33717195634
i:1300	78542.33717195634
i:1350	78542.33717195634
i:1400	78542.33717195634
i:1450	78542.33717195634
i:1500	78542.33717195634
i:1550	78542.33717195634
i:1600	78542.33717195634
i:1650	78542.33717195634
i:1700	78542.33717195634
i:1750	78542.33717195634
Elapsed time: 2195.368403673172

[0, 11, 13, 12, 15, 17, 19, 20, 18, 16, 14, 10, 9, 7, 8, 2, 1, 3, 6, 5, 4, 0, 23, 22, 25, 27, 29, 30, 28, 26, 24, 21, 48, 47, 41, 42, 43, 45, 46, 49, 50, 44, 0, 40, 39, 35, 34, 36, 33, 38, 37, 31, 32, 0]