i:0	88367.92102126534
i:50	78949.50874175093
i:100	78730.41960865197
i:150	78730.41960865197
i:200	78730.41960865197
i:250	78600.80081760316
i:300	78600.80081760316
i:350	78600.80081760316
i:400	78542.33717195634
i:450	78542.33717195634
i:500	78542.33717195634
i:550	78542.33717195634
i:600	78542.33717195634
i:650	78542.33717195634
i:700	78542.33717195634
i:750	78542.33717195634
i:800	78542.33717195634
i:850	78542.33717195634
i:900	78542.33717195634
i:950	78542.33717195634
i:1000	78542.33717195634
i:1050	78542.33717195634
i:1100	78542.33717195634
i:1150	78542.33717195634
i:1200	78542.33717195634
i:1250	78542.33717195634
i:1300	78542.33717195634
i:1350	78542.33717195634
i:1400	78542.33717195634
i:1450	78542.33717195634
i:1500	78542.33717195634
i:1550	78542.33717195634
i:1600	78542.33717195634
i:1650	78542.33717195634
Elapsed time: 2088.390078306198

[0, 23, 22, 25, 27, 29, 30, 28, 26, 24, 21, 48, 47, 41, 42, 43, 45, 46, 49, 50, 44, 0, 11, 13, 12, 15, 17, 19, 20, 18, 16, 14, 10, 9, 7, 8, 2, 1, 3, 6, 5, 4, 0, 36, 35, 31, 33, 38, 32, 39, 40, 37, 34, 0]