i:0	152256.94465799298
i:50	115468.21634262492
i:100	112728.4519048054
i:150	110874.41953566
i:200	110604.85559659482
i:250	110423.77025349974
i:300	109447.23402979666
i:350	109074.94933693104
i:400	108777.17530121199
i:450	107499.82582499186
i:500	107091.44838454945
i:550	106776.01111799147
i:600	106634.17155265657
i:650	105839.36305589236
best: 105240.33214844116
routes: [0, 91, 92, 95, 93, 94, 96, 97, 98, 99, 100, 31, 39, 38, 40, 35, 36, 37, 32, 33, 34, 0, 1, 3, 2, 8, 7, 9, 10, 5, 6, 4, 0, 21, 23, 22, 25, 26, 27, 29, 30, 28, 24, 0, 13, 11, 12, 14, 15, 18, 17, 19, 20, 16, 0, 90, 89, 88, 87, 81, 82, 83, 85, 86, 84, 0, 61, 62, 63, 64, 65, 68, 67, 66, 69, 70, 0, 43, 42, 41, 44, 45, 47, 46, 49, 50, 48, 0, 51, 52, 53, 56, 54, 55, 57, 59, 60, 58, 71, 72, 73, 75, 78, 80, 79, 77, 74, 76, 0]
Elapsed time: 353.17177295684814

i:0	150154.42302447016
i:50	117147.45700516166
i:100	113769.22330191088
i:150	113047.72794095258
i:200	112867.0982550901
i:250	111428.55326501343
i:300	110447.47926220283
i:350	109857.64323702034
i:400	109062.5127104935
i:450	108748.25834666517
i:500	108005.42088467217
i:550	107378.39427508616
i:600	107243.24067445633
i:650	106970.82559772552
best: 106970.82559772552
routes: [0, 5, 10, 9, 7, 8, 2, 1, 3, 6, 4, 0, 21, 23, 25, 27, 29, 30, 28, 26, 24, 22, 0, 84, 83, 85, 82, 81, 87, 88, 86, 89, 90, 0, 91, 92, 93, 95, 94, 96, 97, 98, 99, 100, 31, 39, 40, 35, 36, 37, 38, 34, 33, 32, 0, 69, 70, 67, 68, 66, 65, 64, 63, 61, 62, 0, 13, 11, 12, 14, 15, 17, 19, 20, 18, 16, 0, 43, 42, 41, 44, 46, 45, 47, 49, 50, 48, 0, 76, 74, 71, 72, 73, 75, 78, 77, 80, 79, 58, 56, 53, 51, 52, 55, 57, 59, 60, 54, 0]
Elapsed time: 354.55936574935913

i:0	156576.1259535851
i:50	119929.60967024308
i:100	115972.99401466083
i:150	115650.39651566661
i:200	115279.45781562028
i:250	114255.59835508597
i:300	113510.03331872828
i:350	113243.38465399345
i:400	111713.4023286497
i:450	109167.62901834959
i:500	108878.89131081189
i:550	107627.43423298483
i:600	107266.19465823247
i:650	105992.8456768072
best: 105890.28059509506
routes: [0, 1, 3, 2, 8, 7, 9, 10, 5, 6, 4, 0, 43, 42, 41, 44, 45, 47, 46, 49, 50, 48, 0, 91, 92, 93, 94, 95, 96, 97, 98, 99, 100, 31, 33, 34, 38, 39, 40, 35, 36, 37, 32, 0, 79, 77, 76, 80, 78, 75, 73, 72, 71, 74, 58, 59, 60, 56, 57, 55, 54, 53, 51, 52, 0, 21, 23, 22, 25, 26, 27, 29, 30, 28, 24, 0, 90, 86, 89, 88, 87, 81, 82, 85, 83, 84, 0, 61, 62, 63, 64, 65, 68, 67, 66, 69, 70, 0, 13, 11, 12, 14, 15, 17, 19, 20, 18, 16, 0]
Elapsed time: 353.0860323905945

i:0	151702.4130219845
i:50	119026.96332182261
i:100	116343.38564926856
i:150	113426.29276589504
i:200	112929.13270298675
i:250	112080.16878059541
i:300	111262.08949241665
i:350	109431.56989162271
i:400	107920.52833158289
i:450	107343.0075010404
i:500	106767.8849861537
i:550	106006.43441519147
i:600	105892.83046266987
i:650	104807.73916229304
best: 104807.73916229303
routes: [0, 3, 6, 5, 10, 9, 7, 8, 2, 1, 4, 0, 69, 70, 66, 67, 68, 65, 64, 63, 61, 62, 0, 54, 52, 51, 53, 56, 55, 57, 59, 60, 58, 79, 80, 77, 76, 74, 71, 72, 73, 75, 78, 0, 43, 42, 41, 44, 45, 47, 46, 49, 50, 48, 0, 84, 83, 82, 81, 87, 88, 85, 86, 89, 90, 0, 11, 12, 14, 17, 19, 20, 18, 15, 13, 16, 0, 21, 25, 27, 29, 30, 28, 26, 24, 23, 22, 0, 91, 92, 93, 94, 95, 96, 97, 98, 99, 100, 31, 33, 34, 38, 39, 40, 35, 36, 37, 32, 0]
Elapsed time: 353.39343452453613

i:0	152863.398888517
i:50	118151.85301146118
i:100	115873.78463778048
i:150	113994.82600127801
i:200	112922.53629950981
i:250	110884.49057583824
i:300	109302.74379754848
i:350	108829.97059527953
i:400	108552.59415759119
i:450	108366.67239585551
i:500	107258.68433085244
i:550	106017.7854955103
i:600	105468.94722125288
i:650	104679.41392470502
best: 104671.7863644769
routes: [0, 90, 84, 86, 89, 85, 83, 82, 81, 87, 88, 0, 21, 23, 22, 25, 26, 27, 29, 30, 28, 24, 0, 43, 48, 47, 45, 42, 41, 44, 46, 49, 50, 0, 5, 6, 10, 9, 7, 8, 2, 1, 3, 4, 0, 11, 13, 15, 18, 16, 20, 19, 17, 14, 12, 0, 61, 62, 63, 64, 65, 68, 67, 66, 69, 70, 0, 51, 52, 53, 56, 54, 55, 57, 59, 60, 58, 79, 80, 77, 76, 74, 71, 72, 73, 75, 78, 0, 91, 92, 93, 94, 95, 96, 97, 98, 99, 100, 31, 39, 40, 35, 36, 37, 38, 32, 33, 34, 0]
Elapsed time: 324.80595231056213

i:0	157190.45024470042
i:50	115658.0793247883
i:100	113224.15004306336
i:150	111489.36734729033
i:200	111489.36734729033
i:250	110460.86363568957
i:300	110460.86363568957
i:350	109313.9373187226
i:400	108688.63909935097
i:450	108296.27737612432
i:500	108197.89516535462
i:550	107130.44894948797
i:600	107023.32167749786
i:650	106638.63770068591
best: 106450.32671970583
routes: [0, 4, 3, 6, 5, 10, 9, 7, 8, 2, 1, 0, 13, 11, 12, 14, 15, 17, 19, 20, 18, 16, 0, 90, 86, 89, 85, 83, 82, 81, 87, 88, 84, 0, 43, 45, 42, 41, 44, 46, 49, 50, 47, 48, 0, 99, 100, 97, 98, 94, 93, 92, 91, 95, 96, 31, 33, 34, 39, 38, 37, 40, 35, 36, 32, 0, 69, 70, 67, 68, 66, 65, 64, 63, 61, 62, 0, 51, 52, 53, 56, 54, 55, 57, 59, 60, 58, 76, 77, 74, 71, 72, 73, 75, 78, 79, 80, 0, 21, 24, 23, 22, 25, 26, 27, 29, 30, 28, 0]
Elapsed time: 349.57684087753296

i:0	149769.5352685601
i:50	119460.94942902433
i:100	116880.39039971601
i:150	115927.02197563682
i:200	114639.42751676445
i:250	112377.00137792283
i:300	110594.99012529498
i:350	110213.87841569305
i:400	110115.41163102025
i:450	109807.21973556677
i:500	109235.52681521559
i:550	108292.57169984438
i:600	108034.76589587332
i:650	106424.00822704965
best: 105885.03647112932
routes: [0, 69, 70, 66, 67, 68, 65, 64, 63, 61, 62, 0, 91, 92, 93, 94, 95, 96, 97, 98, 99, 100, 31, 39, 38, 40, 35, 36, 37, 32, 33, 34, 0, 84, 83, 82, 81, 87, 88, 85, 86, 89, 90, 0, 74, 71, 72, 73, 75, 78, 80, 79, 77, 76, 58, 60, 59, 57, 54, 55, 56, 53, 51, 52, 0, 43, 42, 41, 44, 45, 47, 46, 49, 50, 48, 0, 4, 5, 10, 7, 9, 8, 6, 3, 1, 2, 0, 11, 13, 16, 15, 18, 20, 19, 17, 14, 12, 0, 21, 23, 22, 25, 27, 29, 30, 28, 26, 24, 0]
Elapsed time: 356.7295503616333

i:0	153258.20687159643
i:50	116233.35491218691
i:100	114949.6501667557
i:150	114425.84707972949
i:200	113582.66352199148
i:250	111965.42398147515
i:300	110309.19311421488
i:350	110039.01512998446
i:400	109552.9419578428
i:450	108081.67380207585
i:500	106826.46305513324
i:550	106207.95560315356
i:600	105852.33532161827
i:650	105382.32183999638
best: 105115.66588406535
routes: [0, 51, 52, 53, 56, 54, 55, 57, 59, 60, 58, 76, 77, 79, 80, 78, 75, 73, 72, 71, 74, 0, 11, 15, 17, 19, 20, 18, 16, 13, 14, 12, 0, 21, 23, 25, 27, 29, 30, 28, 26, 24, 22, 0, 61, 62, 63, 64, 65, 68, 67, 66, 69, 70, 0, 91, 92, 93, 94, 95, 96, 97, 98, 99, 100, 31, 33, 34, 38, 39, 40, 35, 36, 37, 32, 0, 89, 90, 84, 83, 82, 81, 87, 88, 85, 86, 0, 43, 45, 42, 41, 44, 46, 49, 50, 47, 48, 0, 4, 3, 6, 5, 10, 9, 7, 8, 2, 1, 0]
Elapsed time: 352.9015130996704

i:0	152180.90005285543
i:50	119479.28449215746
i:100	114748.52558586939
i:150	113088.1158616976
i:200	112547.74699143655
i:250	112095.57961859749
i:300	108749.17416532477
i:350	107405.54522554169
i:400	105429.56748848894
i:450	104181.46859258537
i:500	103888.67323249586
i:550	103329.42241772165
i:600	103329.42241772165
i:650	103329.42241772165
best: 103329.42241772165
routes: [0, 13, 11, 12, 14, 15, 17, 19, 20, 18, 16, 0, 21, 23, 22, 25, 27, 29, 30, 28, 26, 24, 0, 84, 83, 82, 81, 87, 88, 85, 86, 89, 90, 0, 51, 52, 53, 56, 54, 55, 57, 59, 60, 58, 79, 77, 76, 74, 71, 72, 73, 75, 78, 80, 0, 43, 42, 41, 44, 45, 47, 46, 49, 50, 48, 0, 1, 2, 8, 7, 9, 10, 5, 6, 3, 4, 0, 61, 62, 63, 64, 65, 68, 67, 66, 69, 70, 0, 33, 34, 32, 37, 36, 35, 40, 39, 38, 31, 100, 99, 98, 97, 96, 95, 94, 93, 91, 92, 0]
Elapsed time: 310.0981070995331

i:0	159872.30035680314
i:50	117250.58806584612
i:100	112510.26153181496
i:150	111981.4002670028
i:200	110184.44380488424
i:250	109184.95543324403
i:300	108842.19820732444
i:350	108468.50855511213
i:400	108093.79181119431
i:450	107540.85925101643
i:500	106767.35068723587
i:550	106616.59648928896
i:600	106528.45422837576
i:650	105475.21593170447
best: 105475.21593170447
routes: [0, 54, 55, 57, 59, 60, 56, 52, 51, 53, 58, 79, 77, 76, 74, 71, 72, 73, 75, 78, 80, 0, 43, 42, 41, 45, 44, 46, 49, 50, 47, 48, 0, 16, 13, 11, 12, 14, 15, 18, 17, 19, 20, 0, 84, 83, 82, 81, 87, 88, 85, 86, 89, 90, 0, 61, 62, 63, 64, 65, 68, 67, 66, 69, 70, 0, 21, 24, 23, 22, 25, 27, 29, 30, 28, 26, 0, 91, 92, 93, 94, 95, 96, 97, 98, 99, 100, 31, 39, 38, 40, 35, 36, 37, 32, 33, 34, 0, 4, 3, 6, 5, 10, 9, 7, 8, 2, 1, 0]
Elapsed time: 350.8731195926666

mean: 105383.66312923582
std: 965.6087434955809
mean-time: 345.91956889629364
std-time: 14.720515946850288