i:0	141061.78101788313
i:50	114577.46150850235
i:100	108672.70893261913
i:150	104567.7666981574
i:200	103671.9194009675
i:250	103586.46452830023
i:300	97338.77085893202
i:350	96647.20226632412
i:400	96259.97322307585
i:450	89988.05981153404
i:500	86908.42363780194
i:550	85015.95557999011
i:600	85015.95557999011
i:650	84186.26076039881
best: 83889.46760081062
routes: [0, 51, 52, 53, 56, 54, 55, 57, 59, 60, 58, 76, 71, 72, 73, 75, 78, 74, 77, 79, 80, 2, 1, 3, 5, 10, 9, 7, 8, 6, 4, 0, 61, 62, 63, 64, 65, 68, 66, 67, 70, 69, 98, 96, 94, 92, 91, 93, 95, 97, 99, 100, 31, 34, 33, 32, 39, 38, 37, 40, 35, 36, 30, 28, 27, 29, 25, 26, 24, 21, 23, 22, 0, 90, 86, 84, 83, 85, 82, 81, 87, 89, 88, 41, 42, 43, 45, 44, 46, 49, 50, 47, 48, 17, 19, 20, 18, 15, 14, 12, 11, 13, 16, 0]
Elapsed time: 331.5009183883667

i:0	150488.99524108347
i:50	111406.28776153194
i:100	99632.56964758087
i:150	96531.58837055063
i:200	96313.61004211342
i:250	94910.81636020323
i:300	94388.10689995471
i:350	93188.7968640045
i:400	92612.7271595468
i:450	92416.13549756522
i:500	92368.03880710155
i:550	92330.24350342024
i:600	92285.66823291243
i:650	92285.66823291243
best: 92186.0076263743
routes: [0, 91, 94, 93, 96, 97, 99, 100, 98, 95, 92, 61, 62, 63, 64, 65, 68, 66, 67, 69, 70, 0, 51, 52, 53, 56, 57, 55, 54, 58, 60, 59, 76, 77, 74, 71, 72, 73, 75, 78, 79, 80, 0, 4, 5, 3, 2, 1, 8, 7, 10, 6, 9, 90, 86, 89, 84, 83, 81, 82, 85, 87, 88, 41, 44, 46, 49, 50, 48, 47, 45, 43, 42, 0, 31, 34, 33, 32, 38, 39, 40, 37, 35, 36, 30, 28, 27, 29, 25, 26, 24, 21, 23, 22, 16, 15, 14, 17, 19, 20, 18, 13, 11, 12, 0]
Elapsed time: 313.54541850090027

i:0	138347.4755575459
i:50	107534.75474917595
i:100	99469.86796212287
i:150	96793.76648679226
i:200	96085.59991808506
i:250	95588.75169982012
i:300	94698.7731323973
i:350	94522.41034605901
i:400	94507.90343801168
i:450	94507.64003758709
i:500	94507.64003758709
i:550	94507.64003758709
i:600	94507.64003758709
i:650	94507.64003758709
best: 94507.64003758709
routes: [0, 91, 92, 93, 94, 95, 96, 99, 100, 97, 98, 69, 70, 67, 68, 61, 62, 63, 64, 65, 66, 0, 51, 52, 53, 56, 60, 58, 54, 55, 57, 59, 76, 77, 74, 71, 72, 73, 75, 78, 79, 80, 0, 13, 14, 11, 12, 17, 18, 15, 19, 20, 16, 21, 23, 22, 27, 28, 30, 29, 25, 26, 24, 32, 33, 37, 36, 35, 40, 39, 38, 31, 34, 0, 4, 3, 6, 5, 10, 1, 2, 8, 7, 9, 90, 86, 89, 84, 83, 85, 82, 81, 87, 88, 41, 44, 45, 47, 46, 49, 50, 48, 43, 42, 0]
Elapsed time: 288.56290459632874

i:0	148272.85372135093
i:50	106609.94242732387
i:100	98700.53646185892
i:150	98362.86090808244
i:200	97501.82253945063
i:250	97467.1767275497
i:300	97349.14963712869
i:350	96399.75837758271
i:400	96123.296338288
i:450	96116.86422695941
i:500	95732.86671798353
i:550	95732.86671798353
i:600	87908.68628366495
i:650	83747.98820227687
best: 83635.05406643834
routes: [0, 51, 52, 53, 58, 56, 54, 55, 57, 59, 60, 76, 77, 74, 71, 72, 73, 75, 78, 79, 80, 61, 62, 63, 64, 65, 68, 66, 67, 69, 70, 0, 91, 92, 93, 94, 95, 96, 99, 97, 98, 100, 31, 32, 33, 34, 39, 38, 37, 40, 35, 36, 30, 28, 27, 29, 25, 26, 24, 21, 23, 22, 16, 13, 11, 12, 14, 15, 17, 19, 20, 18, 0, 1, 2, 3, 4, 6, 5, 10, 8, 7, 9, 90, 83, 82, 81, 85, 86, 84, 89, 87, 88, 41, 44, 46, 49, 50, 47, 45, 42, 43, 48, 0]
Elapsed time: 302.7709083557129

i:0	154554.05430093166
i:50	112316.77647424614
i:100	105232.90485303404
i:150	95844.8021303933
i:200	94523.41943698346
i:250	94195.8142278747
i:300	92673.1089545421
i:350	92673.1089545421
i:400	92673.1089545421
i:450	92673.1089545421
i:500	92673.1089545421
i:550	92673.1089545421
i:600	92673.1089545421
i:650	92673.1089545421
best: 92673.1089545421
routes: [0, 51, 53, 52, 58, 56, 54, 55, 57, 59, 60, 76, 71, 72, 73, 75, 78, 74, 77, 79, 80, 1, 2, 3, 4, 5, 6, 7, 8, 10, 9, 0, 89, 90, 83, 85, 82, 81, 87, 88, 84, 86, 41, 42, 43, 45, 44, 46, 49, 50, 47, 48, 13, 14, 12, 11, 15, 17, 19, 20, 18, 16, 27, 29, 30, 28, 26, 25, 22, 23, 24, 21, 0, 33, 32, 34, 37, 40, 35, 36, 39, 38, 31, 91, 92, 93, 96, 99, 100, 94, 95, 97, 98, 69, 70, 66, 67, 68, 65, 64, 61, 63, 62, 0]
Elapsed time: 365.580677986145

i:0	151544.5083491339
i:50	103856.62129692457
i:100	98494.66079508711
i:150	98082.85509297781
i:200	97885.9555979664
i:250	97698.92897315892
i:300	96698.4580659084
i:350	95441.79344502644
i:400	94469.44893865663
i:450	94399.04309020143
i:500	94269.68244475871
i:550	94057.98524816695
i:600	94057.98524816695
i:650	92503.3593051479
best: 86243.34890651572
routes: [0, 76, 77, 74, 71, 72, 73, 75, 78, 80, 79, 58, 52, 51, 53, 56, 59, 60, 57, 55, 54, 2, 1, 3, 8, 7, 9, 10, 5, 6, 4, 0, 90, 86, 89, 84, 83, 85, 82, 81, 87, 88, 41, 42, 43, 47, 45, 44, 46, 49, 50, 48, 17, 14, 12, 11, 13, 15, 18, 19, 20, 16, 25, 27, 29, 30, 28, 26, 24, 21, 23, 22, 0, 33, 38, 39, 40, 35, 36, 37, 32, 34, 31, 96, 92, 91, 93, 94, 95, 97, 99, 100, 98, 69, 70, 67, 68, 66, 65, 64, 63, 61, 62, 0]
Elapsed time: 317.4289813041687

i:0	140706.66452519322
i:50	98941.23658579498
i:100	94851.62944917002
i:150	94310.15054012217
i:200	93830.55950681749
i:250	92728.9975457742
i:300	91475.94665815194
i:350	91058.7675366922
i:400	90829.27064351815
i:450	90750.97801509412
i:500	90749.03079506576
i:550	90749.03079506576
i:600	90749.03079506576
i:650	90564.78606427794
best: 90564.78606427794
routes: [0, 93, 94, 95, 96, 99, 100, 97, 98, 91, 92, 61, 62, 63, 64, 65, 68, 66, 67, 69, 70, 0, 54, 55, 57, 60, 58, 52, 51, 53, 56, 59, 76, 77, 79, 80, 74, 71, 72, 73, 75, 78, 0, 4, 1, 2, 3, 6, 5, 10, 7, 8, 9, 90, 86, 89, 84, 83, 85, 82, 81, 87, 88, 41, 42, 43, 45, 47, 44, 46, 49, 50, 48, 14, 12, 11, 13, 15, 17, 19, 20, 18, 16, 0, 21, 22, 23, 24, 26, 25, 29, 27, 28, 30, 35, 36, 37, 40, 39, 38, 31, 34, 33, 32, 0]
Elapsed time: 283.7299716472626

i:0	146965.52191355804
i:50	98074.85314590976
i:100	95693.98613683275
i:150	93443.09404317092
i:200	93137.78454365936
i:250	92311.44697948926
i:300	91982.53919549467
i:350	91262.58872751935
i:400	90932.81817935797
i:450	90840.23253289034
i:500	90840.23253289034
i:550	90840.23253289034
i:600	90840.23253289034
i:650	90840.23253289034
best: 90840.23253289034
routes: [0, 51, 52, 53, 56, 54, 55, 57, 59, 60, 58, 76, 77, 74, 71, 72, 73, 75, 78, 79, 80, 0, 13, 11, 12, 15, 18, 20, 16, 14, 17, 19, 29, 30, 28, 27, 25, 26, 23, 22, 21, 24, 32, 37, 36, 35, 40, 39, 38, 31, 33, 34, 0, 43, 44, 46, 49, 50, 48, 47, 45, 42, 41, 86, 84, 83, 82, 81, 85, 88, 87, 89, 90, 9, 8, 7, 10, 5, 6, 3, 1, 2, 4, 0, 91, 92, 93, 95, 94, 96, 99, 100, 97, 98, 69, 70, 66, 67, 68, 63, 65, 64, 61, 62, 0]
Elapsed time: 293.4774429798126

i:0	153710.17207080455
i:50	110110.415090727
i:100	105883.32793947675
i:150	95314.72918090994
i:200	94176.02990633668
i:250	93347.45282650644
i:300	93314.86748460963
i:350	93226.61516326157
i:400	92882.28862155526
i:450	92882.28862155526
i:500	88972.24761574931
i:550	88374.61677905895
i:600	88171.6379398235
i:650	87448.22058681192
best: 86293.41808191486
routes: [0, 91, 92, 93, 94, 95, 96, 99, 100, 97, 98, 63, 65, 68, 67, 69, 70, 66, 64, 62, 61, 80, 79, 77, 74, 71, 72, 73, 75, 78, 76, 0, 1, 2, 8, 9, 7, 10, 5, 6, 3, 4, 11, 13, 12, 15, 14, 17, 19, 20, 18, 16, 22, 23, 25, 27, 29, 30, 28, 26, 24, 21, 33, 34, 31, 39, 38, 37, 40, 35, 36, 32, 0, 43, 44, 46, 49, 50, 48, 47, 45, 42, 41, 90, 89, 88, 87, 81, 82, 83, 85, 86, 84, 54, 55, 57, 59, 60, 58, 56, 53, 51, 52, 0]
Elapsed time: 316.69198870658875

i:0	150260.2590646415
i:50	110764.49009367327
i:100	106922.71146196003
i:150	106165.10357357026
i:200	105686.9868086157
i:250	98404.92518923101
i:300	94249.94612964241
i:350	93324.13090720237
i:400	93024.12369482462
i:450	92926.66188492198
i:500	92926.66188492198
i:550	92479.32119568704
i:600	92479.32119568704
i:650	89530.9304733391
best: 89229.19813399728
routes: [0, 96, 99, 100, 97, 98, 95, 94, 93, 91, 92, 61, 69, 70, 66, 67, 68, 65, 64, 63, 62, 51, 52, 53, 56, 59, 60, 58, 57, 55, 54, 0, 90, 86, 89, 88, 87, 81, 82, 83, 85, 84, 76, 77, 79, 80, 75, 78, 73, 72, 71, 74, 2, 1, 3, 8, 7, 9, 10, 5, 6, 4, 0, 43, 42, 41, 44, 45, 47, 46, 49, 50, 48, 14, 12, 11, 13, 15, 18, 17, 19, 20, 16, 25, 27, 29, 30, 28, 26, 24, 23, 22, 21, 31, 39, 38, 37, 40, 35, 36, 32, 33, 34, 0]
Elapsed time: 314.9829144477844

mean: 89006.22620053486
std: 3601.2293082441406
mean-time: 312.82721269130707
std-time: 22.54741659529471