i:0	149735.88369342196
i:50	108121.29046745984
i:100	107413.63251083906
i:150	95716.66685188361
i:200	94320.44227141472
i:250	93880.49202339385
i:300	92889.13597324249
i:350	92788.97827642034
i:400	92461.56120508042
i:450	92401.06363119102
i:500	92387.60199653685
i:550	91713.98952354543
i:600	91576.566567959
i:650	91411.71404404558
best: 91411.71404404558
routes: [0, 76, 71, 72, 73, 75, 78, 80, 79, 77, 74, 58, 51, 52, 53, 56, 57, 59, 60, 55, 54, 0, 91, 92, 93, 96, 94, 95, 97, 99, 100, 98, 69, 70, 67, 68, 66, 65, 62, 61, 63, 64, 0, 43, 44, 46, 49, 50, 48, 47, 45, 42, 41, 87, 88, 85, 82, 81, 83, 84, 86, 89, 90, 9, 7, 8, 2, 1, 3, 6, 10, 5, 4, 0, 13, 11, 12, 14, 15, 17, 19, 20, 18, 16, 22, 21, 23, 24, 26, 25, 29, 27, 28, 30, 35, 36, 37, 40, 39, 38, 31, 34, 33, 32, 0]
Elapsed time: 315.90451860427856

i:0	149480.23684442672
i:50	111419.89512096734
i:100	108596.02048487932
i:150	108112.24820172146
i:200	105403.41432268411
i:250	101712.83895980846
i:300	94410.14917208534
i:350	93824.905333927
i:400	93227.38232766994
i:450	92094.97731821224
i:500	90330.08267995292
i:550	90318.5439757119
i:600	90123.79077903846
i:650	90119.08995102147
best: 89563.29512422661
routes: [0, 51, 52, 53, 56, 54, 55, 57, 59, 60, 58, 76, 74, 71, 72, 73, 75, 78, 77, 79, 80, 0, 90, 84, 83, 82, 81, 87, 88, 85, 86, 89, 41, 42, 43, 48, 47, 45, 44, 46, 49, 50, 14, 12, 11, 13, 15, 17, 19, 20, 18, 16, 0, 91, 92, 93, 98, 99, 97, 95, 94, 96, 100, 69, 70, 66, 67, 68, 65, 64, 63, 61, 62, 1, 3, 2, 8, 7, 9, 10, 5, 6, 4, 0, 31, 39, 40, 36, 35, 37, 38, 34, 33, 32, 28, 30, 29, 27, 25, 26, 24, 21, 23, 22, 0]
Elapsed time: 344.97775626182556

i:0	150013.71911269292
i:50	110618.07530813874
i:100	94955.02034570106
i:150	93243.08088255551
i:200	91854.08098006927
i:250	91494.51088029708
i:300	90917.73316724098
i:350	90459.91509539308
i:400	89139.47881090267
i:450	89006.93859395497
i:500	89006.93859395497
i:550	88272.54645533148
i:600	88179.99581179433
i:650	88134.31584613485
best: 88134.31584613485
routes: [0, 51, 52, 53, 56, 54, 55, 57, 59, 60, 58, 79, 80, 76, 77, 74, 71, 72, 73, 75, 78, 0, 31, 39, 40, 35, 36, 37, 38, 34, 33, 32, 24, 21, 23, 25, 27, 29, 30, 28, 26, 22, 20, 19, 17, 14, 12, 11, 13, 15, 18, 16, 0, 43, 42, 45, 47, 49, 50, 48, 46, 44, 41, 88, 87, 81, 82, 83, 85, 86, 89, 90, 84, 8, 7, 9, 10, 5, 6, 2, 1, 3, 4, 0, 69, 70, 66, 67, 68, 65, 64, 63, 62, 61, 91, 92, 93, 94, 95, 97, 98, 99, 100, 96, 0]
Elapsed time: 305.8027424812317

i:0	143631.61549561875
i:50	109285.06548248402
i:100	106981.83819946408
i:150	98729.75408578613
i:200	96989.763501456
i:250	94673.07895353674
i:300	94124.68056656371
i:350	93635.45352123839
i:400	93170.35856364244
i:450	92871.86525489773
i:500	92617.16550533385
i:550	92617.16550533385
i:600	92614.77900383621
i:650	92614.77900383621
best: 92614.77900383621
routes: [0, 91, 92, 93, 94, 95, 96, 99, 100, 97, 98, 61, 62, 63, 64, 65, 67, 68, 66, 69, 70, 0, 76, 74, 71, 72, 73, 75, 78, 77, 79, 80, 58, 60, 59, 57, 54, 55, 56, 53, 51, 52, 0, 4, 10, 7, 6, 5, 3, 2, 1, 8, 9, 90, 84, 86, 89, 85, 82, 83, 81, 87, 88, 41, 42, 43, 45, 47, 44, 46, 49, 50, 48, 0, 13, 11, 12, 14, 15, 17, 19, 20, 18, 16, 22, 25, 27, 29, 30, 28, 26, 23, 21, 24, 32, 33, 34, 39, 40, 35, 36, 37, 38, 31, 0]
Elapsed time: 319.40813159942627

i:0	139067.33925062054
i:50	102959.79610261449
i:100	97276.48735774012
i:150	96591.94745102928
i:200	95102.9492035844
i:250	94553.28233186383
i:300	93835.84844511145
i:350	93687.0609357378
i:400	93447.87036698009
i:450	93007.5346101801
i:500	91732.09354378688
i:550	91699.52218300721
i:600	91699.52218300721
i:650	91441.28967994932
best: 91247.35337908144
routes: [0, 93, 95, 94, 98, 97, 99, 100, 96, 91, 92, 61, 62, 63, 64, 65, 68, 66, 67, 69, 70, 0, 76, 77, 74, 71, 72, 73, 75, 78, 80, 79, 58, 60, 59, 57, 54, 55, 56, 53, 51, 52, 0, 43, 42, 45, 44, 46, 49, 50, 47, 48, 41, 86, 84, 83, 82, 81, 87, 88, 85, 89, 90, 8, 7, 9, 10, 5, 6, 2, 1, 3, 4, 0, 11, 12, 14, 13, 16, 15, 18, 17, 19, 20, 22, 21, 23, 24, 26, 25, 29, 27, 28, 30, 35, 36, 37, 40, 39, 38, 31, 34, 33, 32, 0]
Elapsed time: 311.3464481830597

i:0	149312.3032606639
i:50	106938.91361940598
i:100	98093.0450819947
i:150	96785.7907609523
i:200	96359.34343141224
i:250	95555.7481110979
i:300	94467.68272134034
i:350	92984.94342646279
i:400	91967.89510544254
i:450	91733.26314773354
i:500	91500.4902979104
i:550	90369.82077089837
i:600	90006.11839728558
i:650	89944.79846600075
best: 89944.79846600075
routes: [0, 51, 52, 53, 56, 54, 55, 57, 59, 60, 58, 76, 74, 71, 72, 73, 75, 78, 77, 79, 80, 0, 16, 13, 11, 12, 15, 14, 17, 18, 20, 19, 29, 27, 30, 28, 26, 25, 22, 23, 21, 24, 32, 37, 36, 35, 40, 39, 38, 31, 33, 34, 0, 4, 5, 10, 7, 8, 2, 1, 3, 6, 9, 90, 86, 89, 84, 83, 85, 82, 81, 87, 88, 41, 42, 43, 45, 44, 46, 49, 50, 47, 48, 0, 92, 91, 93, 94, 97, 99, 100, 96, 95, 98, 69, 70, 66, 67, 68, 65, 62, 61, 63, 64, 0]
Elapsed time: 328.6272132396698

i:0	136454.90468650847
i:50	112663.84920831866
i:100	110969.9359761562
i:150	104798.27682107159
i:200	98462.66942847575
i:250	96418.2844891604
i:300	94343.37738537531
i:350	93550.35302527032
i:400	92695.3834497361
i:450	91137.35911697961
i:500	91000.68851481966
i:550	90952.98749492347
i:600	90952.98749492347
i:650	90885.03936952345
best: 90741.54559278055
routes: [0, 76, 71, 72, 73, 75, 78, 74, 77, 79, 80, 58, 60, 59, 57, 54, 55, 56, 53, 51, 52, 0, 43, 42, 45, 47, 49, 50, 48, 46, 44, 41, 87, 88, 85, 82, 81, 83, 84, 86, 89, 90, 9, 10, 5, 6, 7, 8, 2, 1, 3, 4, 0, 96, 93, 92, 91, 94, 95, 97, 98, 99, 100, 69, 70, 67, 68, 66, 65, 64, 63, 61, 62, 31, 33, 32, 37, 36, 35, 40, 39, 38, 34, 0, 21, 23, 25, 27, 29, 30, 28, 26, 24, 22, 13, 11, 12, 14, 15, 17, 19, 20, 18, 16, 0]
Elapsed time: 320.4145839214325

i:0	144439.86255912448
i:50	106379.82044409263
i:100	105960.67574379788
i:150	103931.70935361815
i:200	103190.5656004867
i:250	98526.87492839574
i:300	91869.24039135432
i:350	90836.71523894828
i:400	90246.14797318856
i:450	90035.1514959182
i:500	87756.63933639413
i:550	85163.52231152862
i:600	84923.67358228983
i:650	84732.48181443162
best: 84645.35051411879
routes: [0, 51, 52, 53, 56, 54, 55, 57, 59, 60, 58, 76, 74, 71, 72, 73, 75, 78, 77, 79, 80, 61, 62, 63, 64, 65, 67, 68, 66, 69, 70, 0, 91, 92, 93, 94, 95, 96, 97, 98, 99, 100, 31, 37, 36, 35, 40, 39, 38, 34, 33, 32, 28, 30, 29, 27, 25, 26, 24, 21, 23, 22, 0, 13, 12, 14, 15, 17, 19, 20, 18, 16, 11, 43, 42, 45, 46, 49, 50, 48, 47, 44, 41, 89, 90, 86, 85, 88, 87, 81, 82, 83, 84, 0, 10, 9, 7, 8, 2, 1, 3, 6, 5, 4, 0]
Elapsed time: 352.5595257282257

i:0	148583.2269265417
i:50	109213.14575729334
i:100	95595.89881639795
i:150	94755.07287067724
i:200	94259.22002425071
i:250	93645.15370319715
i:300	92330.67094352562
i:350	92245.26473613657
i:400	92143.94710165911
i:450	91233.65226596521
i:500	90609.6608260284
i:550	90609.6608260284
i:600	90609.6608260284
i:650	90592.5114951531
best: 90424.52308468679
routes: [0, 54, 55, 57, 59, 60, 56, 52, 51, 53, 58, 79, 80, 76, 77, 74, 71, 72, 73, 75, 78, 0, 31, 39, 40, 35, 36, 37, 38, 34, 33, 32, 30, 28, 27, 29, 25, 26, 24, 21, 23, 22, 20, 19, 17, 14, 12, 11, 13, 15, 18, 16, 0, 91, 92, 93, 95, 94, 96, 97, 100, 99, 98, 69, 70, 68, 66, 67, 65, 64, 63, 61, 62, 0, 90, 86, 84, 83, 82, 81, 85, 89, 88, 87, 41, 44, 46, 49, 50, 48, 47, 45, 42, 43, 9, 10, 5, 6, 7, 8, 2, 1, 3, 4, 0]
Elapsed time: 312.25847005844116

i:0	146461.5768752285
i:50	104478.66939861572
i:100	97367.87159227078
i:150	97246.61012146423
i:200	96376.80270456652
i:250	95942.57559560682
i:300	95799.72012835837
i:350	95708.27318331353
i:400	94397.97710303836
i:450	93604.01047574313
i:500	93089.74420847901
i:550	92562.44683599123
i:600	92394.62030484123
i:650	92091.79834191359
best: 92091.79834191359
routes: [0, 92, 91, 93, 95, 98, 100, 96, 97, 99, 94, 61, 64, 63, 62, 65, 68, 66, 67, 69, 70, 0, 54, 52, 51, 53, 56, 57, 55, 59, 60, 58, 76, 79, 77, 74, 71, 72, 73, 75, 78, 80, 2, 8, 7, 9, 10, 5, 6, 3, 1, 4, 0, 31, 39, 38, 40, 36, 35, 37, 34, 33, 32, 21, 22, 23, 25, 27, 29, 30, 28, 26, 24, 0, 90, 86, 84, 83, 85, 82, 81, 87, 88, 89, 41, 42, 43, 45, 44, 46, 49, 50, 47, 48, 14, 12, 11, 13, 15, 17, 19, 20, 18, 16, 0]
Elapsed time: 318.29099011421204

mean: 90081.94733968252
std: 2185.6641879278227
mean-time: 322.9590380191803
std-time: 14.238939596887201