i:0	78599.92124976906
i:50	60194.38593403212
i:100	60194.38593403212
i:150	60194.38593403212
i:200	60194.38593403212
i:250	60194.38593403212
i:300	60194.38593403212
i:350	60194.38593403212
i:400	60194.38593403212
i:450	60194.38593403212
i:500	60194.38593403212
i:550	60194.38593403212
i:600	60194.38593403212
i:650	60194.38593403212
best: 60194.38593403212
routes: [0, 49, 50, 48, 47, 46, 33, 34, 35, 32, 31, 40, 38, 37, 39, 36, 29, 30, 28, 27, 26, 1, 2, 5, 3, 4, 0, 8, 7, 9, 10, 6, 23, 25, 22, 24, 21, 41, 42, 45, 43, 44, 11, 14, 13, 12, 15, 20, 18, 17, 19, 16, 0]
Elapsed time: 37.17728638648987

i:0	81245.69019173647
i:50	59146.00661373443
i:100	59117.73577122151
i:150	59117.73577122151
i:200	59117.73577122151
i:250	59117.73577122151
i:300	59117.73577122151
i:350	59117.73577122151
i:400	59117.73577122151
i:450	59117.73577122151
i:500	59117.73577122151
i:550	59117.73577122151
i:600	59117.73577122151
i:650	59117.73577122151
best: 59117.73577122151
routes: [0, 4, 5, 3, 1, 2, 29, 30, 27, 26, 28, 39, 36, 38, 37, 40, 33, 34, 35, 32, 31, 50, 49, 48, 47, 46, 0, 44, 43, 45, 42, 41, 21, 24, 23, 25, 22, 6, 8, 7, 9, 10, 12, 11, 14, 13, 15, 20, 18, 17, 19, 16, 0]
Elapsed time: 34.61186408996582

i:0	90623.1776192701
i:50	58909.42754720416
i:100	58909.42754720416
i:150	58909.42754720416
i:200	58909.42754720416
i:250	58909.42754720416
i:300	58909.42754720416
i:350	58909.42754720416
i:400	58909.42754720416
i:450	58909.42754720416
i:500	58909.42754720416
i:550	58909.42754720416
i:600	58909.42754720416
i:650	58909.42754720416
best: 58909.42754720416
routes: [0, 49, 50, 48, 47, 46, 33, 34, 35, 32, 31, 40, 38, 37, 39, 36, 29, 30, 28, 27, 26, 0, 16, 20, 19, 18, 17, 11, 14, 13, 15, 12, 8, 7, 9, 10, 6, 23, 22, 24, 25, 21, 41, 42, 45, 43, 44, 5, 3, 2, 1, 4, 0]
Elapsed time: 33.86871933937073

i:0	82873.7218504191
i:50	59541.67599600241
i:100	59541.67599600241
i:150	59541.67599600241
i:200	59541.67599600241
i:250	59541.67599600241
i:300	59541.67599600241
i:350	59541.67599600241
i:400	59541.67599600241
i:450	59541.67599600241
i:500	59541.67599600241
i:550	59541.67599600241
i:600	59541.67599600241
i:650	59541.67599600241
best: 59541.67599600241
routes: [0, 49, 50, 48, 47, 46, 33, 34, 35, 32, 31, 40, 38, 37, 39, 36, 29, 30, 28, 27, 26, 1, 2, 5, 3, 4, 0, 44, 43, 45, 42, 41, 21, 24, 23, 25, 22, 6, 8, 7, 9, 10, 12, 11, 14, 13, 15, 20, 18, 17, 19, 16, 0]
Elapsed time: 32.36026382446289

i:0	88481.63294734922
i:50	60609.09161878043
i:100	60600.447054835866
i:150	59923.35307662264
i:200	59923.35307662264
i:250	59923.35307662264
i:300	59923.35307662264
i:350	59923.35307662264
i:400	59923.35307662264
i:450	59923.35307662264
i:500	59923.35307662264
i:550	59923.35307662264
i:600	59923.35307662264
i:650	59923.35307662264
best: 59923.35307662264
routes: [0, 26, 28, 27, 29, 30, 39, 36, 38, 37, 40, 33, 34, 35, 32, 31, 47, 46, 48, 50, 49, 0, 4, 5, 3, 1, 2, 44, 43, 45, 41, 42, 21, 24, 25, 23, 22, 6, 8, 7, 9, 10, 12, 11, 14, 13, 15, 20, 18, 17, 19, 16, 0]
Elapsed time: 32.21783208847046

i:0	86185.31242900819
i:50	66060.27981996498
i:100	66060.27981996498
i:150	66051.63525602041
i:200	66051.63525602041
i:250	66051.63525602041
i:300	66051.63525602041
i:350	66051.63525602041
i:400	66051.63525602041
i:450	66051.63525602041
i:500	66051.63525602041
i:550	66051.63525602041
i:600	66051.63525602041
i:650	66051.63525602041
best: 66051.63525602041
routes: [0, 26, 28, 27, 29, 30, 39, 36, 38, 37, 40, 33, 34, 35, 32, 31, 50, 49, 48, 47, 46, 0, 23, 25, 22, 21, 24, 41, 42, 45, 43, 44, 5, 3, 1, 2, 4, 0, 17, 19, 16, 18, 20, 14, 15, 13, 11, 12, 8, 7, 9, 10, 6, 0]
Elapsed time: 31.763344287872314

i:0	89570.03031443385
i:50	58173.611438460764
i:100	58173.611438460764
i:150	58173.611438460764
i:200	58173.611438460764
i:250	58173.611438460764
i:300	58173.611438460764
i:350	58173.611438460764
i:400	58173.611438460764
i:450	58173.611438460764
i:500	58173.611438460764
i:550	58173.611438460764
i:600	58173.611438460764
i:650	58173.611438460764
best: 58173.611438460764
routes: [0, 49, 50, 48, 47, 46, 33, 34, 35, 32, 31, 40, 38, 37, 39, 36, 29, 30, 28, 27, 26, 0, 16, 20, 17, 19, 18, 11, 14, 13, 15, 12, 8, 7, 9, 10, 6, 23, 25, 22, 24, 21, 41, 42, 45, 43, 44, 5, 3, 2, 1, 4, 0]
Elapsed time: 35.29644274711609

i:0	84444.6344997256
i:50	59951.8409196623
i:100	59763.4217019989
i:150	59763.4217019989
i:200	59763.4217019989
i:250	59763.4217019989
i:300	59763.4217019989
i:350	59763.4217019989
i:400	59763.4217019989
i:450	59763.4217019989
i:500	59763.4217019989
i:550	59763.4217019989
i:600	59763.4217019989
i:650	59763.4217019989
best: 59763.4217019989
routes: [0, 1, 2, 4, 3, 5, 23, 25, 22, 24, 21, 41, 42, 45, 43, 44, 39, 40, 38, 37, 36, 29, 30, 28, 27, 26, 0, 50, 49, 48, 47, 46, 31, 32, 35, 33, 34, 16, 20, 19, 18, 17, 11, 14, 13, 15, 12, 8, 7, 9, 10, 6, 0]
Elapsed time: 39.25233221054077

i:0	76395.70044170514
i:50	61597.44991969348
i:100	61597.44991969348
i:150	61597.44991969348
i:200	61597.44991969348
i:250	61597.44991969348
i:300	61597.44991969348
i:350	61597.44991969348
i:400	61597.44991969348
i:450	61597.44991969348
i:500	61597.44991969348
i:550	61597.44991969348
i:600	61597.44991969348
i:650	61597.44991969348
best: 61597.44991969348
routes: [0, 26, 28, 27, 29, 30, 39, 36, 38, 37, 40, 31, 32, 34, 35, 33, 50, 49, 48, 47, 46, 0, 44, 43, 45, 42, 41, 21, 24, 23, 25, 22, 6, 8, 7, 9, 10, 12, 15, 13, 14, 11, 18, 17, 20, 19, 16, 0, 4, 5, 3, 1, 2, 0]
Elapsed time: 30.563474893569946

i:0	84850.99671635669
i:50	58970.45301553128
i:100	58881.325389211794
i:150	58881.325389211794
i:200	58881.325389211794
i:250	58881.325389211794
i:300	58881.325389211794
i:350	58881.325389211794
i:400	58881.325389211794
i:450	58881.325389211794
i:500	58881.325389211794
i:550	58881.325389211794
i:600	58881.325389211794
i:650	58881.325389211794
best: 58881.325389211794
routes: [0, 26, 28, 27, 29, 30, 39, 36, 38, 37, 40, 33, 34, 35, 32, 31, 50, 49, 48, 47, 46, 0, 16, 20, 17, 19, 18, 11, 14, 13, 15, 12, 8, 7, 9, 10, 6, 23, 22, 24, 25, 21, 41, 42, 45, 43, 44, 5, 3, 2, 1, 4, 0]
Elapsed time: 37.07693648338318

mean: 60215.40220304682
std: 2134.823453115612
mean-time: 34.418849635124204
std-time: 2.6484881957629827