i:0	94733.49770527749
i:50	66994.32183510883
i:100	66364.1592561085
i:150	66364.1592561085
i:200	66364.1592561085
i:250	66364.1592561085
i:300	66364.1592561085
i:350	66364.1592561085
i:400	66364.1592561085
i:450	66364.1592561085
i:500	66364.1592561085
i:550	66364.1592561085
i:600	66364.1592561085
i:650	66364.1592561085
best: 66364.1592561085
routes: [0, 26, 28, 27, 29, 30, 39, 36, 38, 37, 40, 31, 32, 34, 35, 33, 50, 49, 48, 47, 46, 0, 23, 22, 24, 25, 21, 41, 42, 45, 43, 44, 5, 1, 2, 4, 3, 0, 16, 20, 19, 18, 17, 14, 15, 13, 11, 12, 8, 7, 9, 10, 6, 0]
Elapsed time: 27.509451866149902

i:0	81875.38477543482
i:50	65152.03881175103
i:100	65152.03881175103
i:150	65152.03881175103
i:200	65152.03881175103
i:250	65152.03881175103
i:300	65152.03881175103
i:350	65152.03881175103
i:400	65152.03881175103
i:450	65152.03881175103
i:500	65152.03881175103
i:550	65152.03881175103
i:600	65152.03881175103
i:650	65152.03881175103
best: 65152.03881175103
routes: [0, 49, 50, 48, 47, 46, 31, 32, 34, 33, 35, 40, 38, 37, 39, 36, 29, 30, 28, 27, 26, 0, 1, 2, 4, 5, 3, 44, 43, 45, 41, 42, 21, 22, 24, 25, 23, 6, 8, 7, 9, 10, 0, 12, 15, 13, 14, 11, 18, 17, 20, 19, 16, 0]
Elapsed time: 25.84806513786316

i:0	87583.86916031895
i:50	67309.30865972041
i:100	67309.30865972041
i:150	67309.30865972041
i:200	67309.30865972041
i:250	67309.30865972041
i:300	67309.30865972041
i:350	67309.30865972041
i:400	67309.30865972041
i:450	67309.30865972041
i:500	67309.30865972041
i:550	67309.30865972041
i:600	67309.30865972041
i:650	67309.30865972041
best: 67309.30865972041
routes: [0, 44, 43, 42, 45, 41, 24, 25, 23, 21, 22, 8, 7, 9, 10, 6, 5, 3, 1, 2, 4, 0, 26, 28, 27, 29, 30, 39, 36, 38, 37, 40, 33, 34, 31, 32, 35, 50, 49, 48, 47, 46, 0, 11, 12, 15, 13, 14, 20, 18, 17, 19, 16, 0]
Elapsed time: 27.165302276611328

i:0	82450.78187033137
i:50	64590.49148885418
i:100	64590.49148885418
i:150	64590.49148885418
i:200	64590.49148885418
i:250	64590.49148885418
i:300	64590.49148885418
i:350	64590.49148885418
i:400	64590.49148885418
i:450	64590.49148885418
i:500	64590.49148885418
i:550	64590.49148885418
i:600	64590.49148885418
i:650	64590.49148885418
best: 64590.49148885418
routes: [0, 49, 50, 48, 47, 46, 33, 31, 32, 34, 35, 40, 38, 37, 39, 36, 29, 30, 28, 27, 26, 0, 4, 5, 3, 1, 2, 44, 43, 45, 41, 42, 24, 21, 22, 25, 23, 6, 8, 7, 9, 10, 0, 11, 12, 15, 13, 14, 20, 18, 17, 19, 16, 0]
Elapsed time: 27.35404324531555

i:0	94234.79002088317
i:50	67424.85117136966
i:100	67424.85117136966
i:150	67424.85117136966
i:200	67424.85117136966
i:250	67424.85117136966
i:300	67424.85117136966
i:350	67424.85117136966
i:400	67424.85117136966
i:450	67424.85117136966
i:500	67424.85117136966
i:550	67424.85117136966
i:600	67424.85117136966
i:650	67424.85117136966
best: 67424.85117136966
routes: [0, 49, 50, 48, 47, 46, 34, 35, 33, 32, 31, 40, 38, 37, 39, 36, 28, 27, 29, 30, 26, 0, 4, 1, 2, 5, 3, 44, 43, 42, 45, 41, 24, 25, 23, 21, 22, 9, 10, 8, 7, 6, 0, 14, 13, 12, 15, 11, 18, 17, 20, 19, 16, 0]
Elapsed time: 24.95413589477539

i:0	85988.01248700703
i:50	63804.28973177349
i:100	63804.28973177349
i:150	63804.28973177349
i:200	63804.28973177349
i:250	63804.28973177349
i:300	63804.28973177349
i:350	63804.28973177349
i:400	63804.28973177349
i:450	63804.28973177349
i:500	63804.28973177349
i:550	63804.28973177349
i:600	63804.28973177349
i:650	63804.28973177349
best: 63804.28973177349
routes: [0, 26, 28, 27, 29, 30, 39, 36, 38, 37, 40, 33, 34, 31, 32, 35, 50, 49, 48, 47, 46, 0, 4, 5, 3, 1, 2, 44, 43, 45, 41, 42, 21, 22, 24, 25, 23, 6, 8, 7, 9, 10, 0, 11, 12, 15, 13, 14, 20, 18, 17, 19, 16, 0]
Elapsed time: 27.120420455932617

i:0	91028.0058911805
i:50	65825.39871978998
i:100	65825.39871978998
i:150	65825.39871978998
i:200	65825.39871978998
i:250	65825.39871978998
i:300	65825.39871978998
i:350	65825.39871978998
i:400	65825.39871978998
i:450	65825.39871978998
i:500	65825.39871978998
i:550	65825.39871978998
i:600	65825.39871978998
i:650	65825.39871978998
best: 65825.39871978998
routes: [0, 8, 7, 9, 10, 6, 25, 23, 22, 24, 21, 41, 42, 45, 43, 44, 3, 1, 2, 4, 5, 0, 26, 28, 27, 29, 30, 39, 36, 38, 37, 40, 32, 34, 35, 33, 31, 50, 49, 48, 47, 46, 0, 14, 13, 12, 15, 11, 18, 17, 20, 19, 16, 0]
Elapsed time: 23.263543605804443

i:0	89215.83012315066
i:50	64085.4629135437
i:100	64085.4629135437
i:150	64085.4629135437
i:200	64085.4629135437
i:250	64085.4629135437
i:300	64085.4629135437
i:350	64085.4629135437
i:400	64085.4629135437
i:450	64085.4629135437
i:500	64085.4629135437
i:550	64085.4629135437
i:600	64085.4629135437
i:650	64085.4629135437
best: 64085.4629135437
routes: [0, 49, 50, 48, 47, 46, 34, 35, 33, 32, 31, 40, 38, 37, 39, 36, 29, 30, 28, 27, 26, 0, 4, 5, 3, 1, 2, 44, 43, 45, 41, 42, 21, 22, 24, 25, 23, 6, 8, 7, 9, 10, 0, 14, 13, 12, 15, 11, 18, 17, 20, 19, 16, 0]
Elapsed time: 25.129740715026855

i:0	504708.46992736857
i:50	65973.47610514384
i:100	65810.84883407193
i:150	65810.84883407193
i:200	65810.84883407193
i:250	65544.70495817107
i:300	65544.70495817107
i:350	65544.70495817107
i:400	65544.70495817107
i:450	65544.70495817107
i:500	65544.70495817107
i:550	65544.70495817107
i:600	65544.70495817107
i:650	65544.70495817107
best: 65544.70495817107
routes: [0, 8, 7, 9, 10, 6, 24, 25, 23, 22, 21, 41, 42, 45, 43, 44, 5, 3, 1, 2, 4, 0, 49, 50, 48, 47, 46, 33, 31, 32, 34, 35, 40, 38, 37, 39, 36, 29, 30, 28, 27, 26, 0, 12, 15, 13, 14, 11, 18, 17, 20, 19, 16, 0]
Elapsed time: 26.55716609954834

i:0	93125.55592901628
i:50	66606.49637008541
i:100	66606.49637008541
i:150	66606.49637008541
i:200	66606.49637008541
i:250	66606.49637008541
i:300	66606.49637008541
i:350	66606.49637008541
i:400	66606.49637008541
i:450	66606.49637008541
i:500	66606.49637008541
i:550	66606.49637008541
i:600	66606.49637008541
i:650	66606.49637008541
best: 66606.49637008541
routes: [0, 4, 1, 2, 5, 3, 44, 43, 42, 45, 41, 24, 25, 23, 21, 22, 9, 10, 8, 7, 6, 0, 26, 28, 27, 29, 30, 39, 36, 38, 37, 40, 33, 34, 31, 32, 35, 50, 49, 48, 47, 46, 0, 11, 12, 15, 13, 14, 20, 18, 17, 19, 16, 0]
Elapsed time: 27.12636113166809

mean: 65670.72020811675
std: 1207.9244787497203
mean-time: 26.202823042869568
std-time: 1.3135966574230937