i:0	65967.09208382809
i:50	51336.70446912555
i:100	51336.70446912555
i:150	51336.70446912555
i:200	51336.70446912555
i:250	51257.254756404305
i:300	51257.254756404305
i:350	51257.254756404305
i:400	50301.50167537714
i:450	50301.50167537714
i:500	50074.16845054312
i:550	50074.16845054312
i:600	50074.16845054312
i:650	50074.16845054312
best: 50074.16845054312
routes: [0, 11, 13, 12, 15, 17, 19, 20, 18, 16, 14, 39, 40, 36, 37, 38, 35, 34, 33, 31, 32, 0, 50, 46, 49, 44, 43, 45, 42, 41, 47, 48, 21, 24, 26, 29, 30, 27, 25, 22, 23, 28, 0, 3, 6, 5, 10, 9, 7, 8, 2, 1, 4, 0]
Elapsed time: 124.84784293174744

i:0	65054.89858526125
i:50	51864.63394114349
i:100	51073.33301944546
i:150	50355.92385678283
i:200	50131.023361610845
i:250	50131.023361610845
i:300	50131.023361610845
i:350	50131.023361610845
i:400	49931.66009870409
i:450	49834.77009940299
i:500	49834.77009940299
i:550	49834.77009940299
i:600	49834.77009940299
i:650	49826.06962241154
best: 49656.95835609615
routes: [0, 23, 22, 25, 27, 29, 30, 28, 26, 24, 21, 48, 47, 41, 42, 43, 45, 46, 49, 50, 44, 0, 4, 3, 6, 5, 10, 9, 7, 8, 2, 1, 31, 32, 33, 34, 35, 38, 36, 37, 39, 40, 0, 11, 15, 17, 19, 20, 18, 16, 14, 13, 12, 0]
Elapsed time: 149.83463621139526

i:0	69174.72922067334
i:50	52297.78404134333
i:100	52065.9904090095
i:150	51647.78715110581
i:200	51416.83540834696
i:250	51416.83540834696
i:300	51416.83540834696
i:350	51416.83540834696
i:400	51416.83540834696
i:450	51208.52582912811
i:500	51208.52582912811
i:550	50911.73266953992
i:600	50911.73266953992
i:650	50911.73266953992
best: 50911.73266953992
routes: [0, 4, 3, 6, 5, 10, 9, 7, 8, 2, 1, 31, 33, 35, 38, 37, 39, 40, 36, 34, 32, 0, 50, 44, 43, 42, 41, 47, 45, 46, 49, 48, 21, 22, 23, 25, 24, 26, 29, 30, 27, 28, 0, 11, 13, 12, 15, 17, 19, 20, 18, 16, 14, 0]
Elapsed time: 134.96099162101746

i:0	67664.28646482102
i:50	51246.9929957802
i:100	51112.013441287425
i:150	50724.22262784199
i:200	50599.2886764686
i:250	50599.2886764686
i:300	50599.2886764686
i:350	50599.2886764686
i:400	50599.2886764686
i:450	50599.2886764686
i:500	50599.2886764686
i:550	50599.2886764686
i:600	50599.2886764686
i:650	50599.2886764686
best: 50546.79319886389
routes: [0, 4, 1, 3, 6, 5, 10, 9, 7, 8, 2, 31, 32, 33, 36, 39, 40, 37, 38, 35, 34, 0, 23, 24, 26, 29, 30, 28, 27, 25, 22, 21, 48, 47, 41, 42, 43, 45, 46, 49, 50, 44, 0, 11, 13, 12, 15, 17, 19, 20, 18, 16, 14, 0]
Elapsed time: 129.49007391929626

i:0	66091.94924604487
i:50	52643.56786732312
i:100	51576.17162046425
i:150	51437.246330794216
i:200	51392.919241582415
i:250	51161.967498823564
i:300	51161.967498823564
i:350	51124.98045231959
i:400	51043.73016206224
i:450	51043.73016206224
i:500	51043.73016206224
i:550	51043.73016206224
i:600	50182.13480034738
i:650	49813.96692798855
best: 49813.96692798855
routes: [0, 4, 3, 6, 5, 10, 9, 7, 8, 2, 1, 31, 32, 33, 34, 35, 38, 36, 37, 39, 40, 0, 50, 46, 49, 44, 43, 45, 42, 41, 47, 48, 21, 22, 23, 25, 24, 26, 29, 30, 27, 28, 0, 11, 13, 12, 15, 17, 19, 20, 18, 16, 14, 0]
Elapsed time: 130.89016270637512

i:0	66628.10070038417
i:50	52893.10396752474
i:100	51807.4605802268
i:150	50888.54940157329
i:200	50888.54940157329
i:250	50364.561375042395
i:300	50364.561375042395
i:350	50364.561375042395
i:400	50057.778437487126
i:450	50057.778437487126
i:500	50057.778437487126
i:550	50057.778437487126
i:600	49589.65988626635
i:650	49589.65988626635
best: 49589.65988626635
routes: [0, 50, 46, 49, 44, 43, 45, 42, 41, 47, 48, 21, 22, 23, 25, 24, 26, 29, 30, 27, 28, 0, 11, 13, 12, 15, 17, 19, 20, 18, 16, 14, 39, 40, 36, 37, 38, 35, 34, 33, 31, 32, 0, 1, 3, 2, 8, 7, 9, 10, 5, 6, 4, 0]
Elapsed time: 151.9224693775177

i:0	70285.69398815467
i:50	52424.59642185102
i:100	51619.06964253065
i:150	51442.22702502707
i:200	51239.2299388869
i:250	51239.2299388869
i:300	51239.2299388869
i:350	51239.2299388869
i:400	51239.2299388869
i:450	51239.2299388869
i:500	51239.2299388869
i:550	51239.2299388869
i:600	51239.2299388869
i:650	51239.2299388869
best: 51239.2299388869
routes: [0, 4, 5, 6, 10, 9, 7, 8, 2, 3, 1, 31, 35, 38, 37, 39, 40, 36, 34, 33, 32, 0, 23, 22, 25, 27, 29, 30, 28, 26, 24, 21, 47, 48, 45, 42, 41, 43, 44, 46, 49, 50, 0, 11, 15, 17, 19, 20, 18, 16, 14, 13, 12, 0]
Elapsed time: 137.09843373298645

i:0	68039.04034552838
i:50	52965.40634941016
i:100	51977.30273295083
i:150	51359.05338970949
i:200	51180.11435626534
i:250	50993.53525644251
i:300	49452.3567777264
i:350	49452.3567777264
i:400	49225.02355289238
i:450	49225.02355289238
i:500	49225.02355289238
i:550	49225.02355289238
i:600	49190.85612390452
i:650	49190.85612390452
best: 49190.85612390452
routes: [0, 11, 13, 12, 15, 17, 19, 20, 18, 16, 14, 39, 40, 36, 37, 38, 35, 34, 33, 31, 32, 0, 23, 22, 25, 27, 29, 30, 28, 26, 24, 21, 48, 47, 41, 42, 43, 45, 46, 49, 50, 44, 0, 4, 3, 6, 5, 10, 9, 7, 8, 2, 1, 0]
Elapsed time: 152.6525526046753

i:0	67031.97078119736
i:50	51465.873045680135
i:100	51204.072938029894
i:150	51106.567161970466
i:200	51106.567161970466
i:250	51106.567161970466
i:300	50758.65979718825
i:350	50584.64121266522
i:400	50584.64121266522
i:450	50584.64121266522
i:500	50419.378115987754
i:550	50419.378115987754
i:600	50398.8903635317
i:650	50398.8903635317
best: 50398.8903635317
routes: [0, 4, 3, 6, 5, 10, 9, 7, 8, 2, 1, 31, 32, 33, 34, 35, 38, 36, 37, 39, 40, 0, 50, 44, 43, 42, 41, 47, 45, 46, 49, 48, 21, 24, 26, 29, 30, 27, 25, 22, 23, 28, 0, 11, 13, 12, 15, 17, 19, 20, 18, 16, 14, 0]
Elapsed time: 128.11269688606262

i:0	68651.75041427455
i:50	52719.08459802908
i:100	52048.77610296735
i:150	51327.53242743389
i:200	51320.362783811535
i:250	51089.76551593008
i:300	51065.329082705895
i:350	51065.329082705895
i:400	51065.329082705895
i:450	51029.131388478185
i:500	51029.131388478185
i:550	50477.24670406643
i:600	50477.24670406643
i:650	50477.24670406643
best: 50477.24670406643
routes: [0, 50, 44, 43, 42, 41, 45, 46, 49, 47, 48, 21, 24, 26, 29, 30, 27, 25, 22, 23, 28, 0, 4, 3, 6, 5, 10, 9, 7, 8, 2, 1, 31, 32, 33, 34, 35, 38, 36, 37, 39, 40, 0, 11, 13, 12, 15, 17, 19, 20, 18, 16, 14, 0]
Elapsed time: 143.9792356491089

mean: 50189.950261968756
std: 606.0426285713371
mean-time: 138.37890956401824
std-time: 9.933084215611775