i:0	62534.07586949094
i:50	50561.98512914975
i:100	49654.102022140214
i:150	49463.033013520195
i:200	49216.671961570144
i:250	49148.39386025668
i:300	48660.44735327517
i:350	48376.86065548855
i:400	47741.28307796178
i:450	47335.26063522852
i:500	47013.53651830356
i:550	47013.53651830356
i:600	47013.53651830356
i:650	47013.53651830356
best: 47013.53651830356
routes: [0, 50, 44, 46, 49, 45, 43, 42, 41, 47, 48, 21, 22, 23, 25, 24, 26, 29, 30, 27, 28, 15, 17, 19, 20, 18, 16, 14, 11, 13, 12, 0, 4, 3, 6, 5, 10, 9, 7, 8, 2, 1, 31, 32, 33, 34, 35, 38, 37, 36, 39, 40, 0]
Elapsed time: 181.59887409210205

i:0	59033.33442328669
i:50	48684.45339032932
i:100	48124.47128721046
i:150	46860.470954073855
i:200	46512.57175018701
i:250	46512.57175018701
i:300	46512.57175018701
i:350	46474.02409145917
i:400	46269.787033470304
i:450	46248.57561518214
i:500	46248.57561518214
i:550	46248.57561518214
i:600	46248.57561518214
i:650	46248.57561518214
best: 46063.08140466057
routes: [0, 23, 22, 25, 27, 29, 30, 28, 26, 24, 21, 48, 47, 41, 42, 43, 45, 46, 49, 50, 44, 9, 10, 7, 8, 2, 1, 3, 6, 5, 4, 0, 11, 13, 12, 15, 17, 19, 20, 18, 16, 14, 39, 40, 36, 37, 38, 35, 34, 33, 31, 32, 0]
Elapsed time: 163.39424347877502

i:0	62557.29000835923
i:50	49312.53806895212
i:100	48461.33406556961
i:150	48178.19990196252
i:200	48072.72702580728
i:250	47762.69389337881
i:300	47420.590980207875
i:350	47417.939108706465
i:400	47417.939108706465
i:450	47417.939108706465
i:500	47305.731532873244
i:550	47305.731532873244
i:600	47305.731532873244
i:650	47008.93837328505
best: 47008.93837328505
routes: [0, 4, 3, 1, 2, 8, 6, 5, 10, 7, 9, 50, 44, 46, 49, 45, 43, 42, 41, 47, 48, 21, 22, 23, 25, 24, 26, 29, 30, 27, 28, 0, 11, 12, 13, 15, 17, 19, 20, 18, 16, 14, 31, 32, 33, 34, 35, 38, 37, 36, 39, 40, 0]
Elapsed time: 164.38399624824524

i:0	67653.78738342132
i:50	48092.68386374347
i:100	47617.582878900765
i:150	46802.93071955576
i:200	46573.04898971629
i:250	46573.04898971629
i:300	46188.38389444494
i:350	46188.38389444494
i:400	46188.38389444494
i:450	46188.38389444494
i:500	46188.38389444494
i:550	46058.765103396116
i:600	46058.765103396116
i:650	46058.765103396116
best: 46058.765103396116
routes: [0, 23, 24, 26, 29, 30, 28, 27, 25, 22, 21, 48, 47, 41, 42, 45, 43, 44, 46, 49, 50, 8, 7, 9, 10, 5, 6, 2, 1, 3, 4, 0, 11, 13, 12, 15, 17, 19, 20, 18, 16, 14, 39, 40, 36, 37, 38, 35, 34, 33, 31, 32, 0]
Elapsed time: 157.63773012161255

i:0	63889.1332256026
i:50	49695.553317551006
i:100	49335.02085776851
i:150	48227.30786365474
i:200	48194.41772948214
i:250	47669.83797877269
i:300	47622.946675834086
i:350	47146.1874104967
i:400	47010.54081476781
i:450	47010.54081476781
i:500	46964.86084910833
i:550	46964.86084910833
i:600	46964.86084910833
i:650	46964.86084910833
best: 46964.86084910833
routes: [0, 23, 22, 25, 27, 29, 30, 28, 26, 24, 21, 48, 47, 41, 42, 43, 45, 46, 49, 50, 44, 9, 10, 7, 8, 2, 1, 3, 6, 5, 4, 0, 12, 13, 15, 17, 19, 20, 18, 16, 14, 11, 31, 32, 33, 34, 35, 38, 37, 36, 39, 40, 0]
Elapsed time: 164.4357831478119

i:0	68356.00447028987
i:50	48841.93064650088
i:100	48248.001269905064
i:150	48248.001269905064
i:200	47416.868447325374
i:250	47371.06088224766
i:300	47276.53386969288
i:350	47200.55764645497
i:400	46899.856832934085
i:450	46826.9676763595
i:500	46371.00171883422
i:550	46371.00171883422
i:600	46371.00171883422
i:650	46371.00171883422
best: 46371.00171883422
routes: [0, 4, 1, 2, 3, 6, 5, 10, 7, 8, 9, 50, 44, 46, 49, 45, 43, 42, 41, 47, 48, 21, 24, 26, 29, 30, 28, 27, 25, 23, 22, 0, 11, 13, 12, 15, 17, 19, 20, 18, 16, 14, 39, 40, 36, 37, 38, 35, 34, 33, 31, 32, 0]
Elapsed time: 170.72080063819885

i:0	63963.845726549596
i:50	50149.59712905832
i:100	48315.8387657409
i:150	47558.098569467955
i:200	47553.09657636928
i:250	47553.09657636928
i:300	47538.764772324226
i:350	47538.764772324226
i:400	47143.08176018947
i:450	47143.08176018947
i:500	47143.08176018947
i:550	46355.4457461701
i:600	46355.4457461701
i:650	46058.652586581906
best: 46058.652586581906
routes: [0, 4, 1, 2, 3, 6, 5, 10, 7, 8, 9, 50, 44, 46, 49, 45, 43, 42, 41, 47, 48, 21, 22, 23, 25, 24, 26, 29, 30, 27, 28, 0, 11, 13, 12, 15, 17, 19, 20, 18, 16, 14, 39, 40, 36, 37, 38, 35, 34, 33, 31, 32, 0]
Elapsed time: 159.79586505889893

i:0	68014.74225222401
i:50	51734.13722134783
i:100	50793.46097820476
i:150	50085.315063133916
i:200	50085.315063133916
i:250	49953.185369297564
i:300	49933.14006817092
i:350	49841.66973209518
i:400	49841.66973209518
i:450	49840.35955352572
i:500	49840.35955352572
i:550	49840.35955352572
i:600	49561.52095536445
i:650	49299.89139142258
best: 49036.666796079655
routes: [0, 11, 13, 12, 15, 19, 20, 17, 18, 16, 14, 39, 40, 37, 38, 36, 35, 32, 31, 33, 34, 0, 4, 1, 5, 3, 8, 7, 10, 2, 6, 9, 50, 44, 46, 49, 45, 43, 42, 41, 47, 48, 21, 24, 25, 27, 26, 29, 30, 28, 23, 22, 0]
Elapsed time: 182.52136993408203

i:0	69746.78212819659
i:50	49206.35899422604
i:100	47648.32821966933
i:150	47539.95428052517
i:200	47324.57254899797
i:250	47303.58907553404
i:300	46733.290455007824
i:350	46733.290455007824
i:400	46733.290455007824
i:450	46733.290455007824
i:500	46685.464929395195
i:550	46482.46784325504
i:600	46482.46784325504
i:650	46482.46784325504
best: 46482.46784325504
routes: [0, 23, 22, 25, 27, 29, 30, 28, 26, 24, 21, 48, 47, 41, 42, 43, 45, 46, 49, 50, 44, 8, 7, 9, 10, 5, 6, 2, 1, 3, 4, 0, 15, 17, 19, 20, 18, 16, 14, 13, 12, 11, 39, 40, 36, 37, 38, 35, 34, 33, 31, 32, 0]
Elapsed time: 161.26072478294373

i:0	67802.33901081517
i:50	49482.66028299626
i:100	49303.93100614203
i:150	49132.56104160929
i:200	49132.56104160929
i:250	48788.55840699779
i:300	48281.02567495413
i:350	48281.02567495413
i:400	48136.82382350466
i:450	48136.82382350466
i:500	48136.82382350466
i:550	48136.82382350466
i:600	48136.82382350466
i:650	48136.82382350466
best: 48136.82382350466
routes: [0, 4, 5, 10, 6, 3, 1, 2, 8, 7, 9, 50, 44, 46, 49, 45, 43, 42, 41, 47, 48, 21, 22, 23, 25, 24, 26, 29, 30, 27, 28, 0, 11, 13, 12, 15, 17, 19, 20, 18, 16, 14, 31, 33, 35, 38, 37, 39, 40, 36, 34, 32, 0]
Elapsed time: 155.19768047332764

mean: 46919.47950170091
std: 932.2228991957454
mean-time: 166.0947067975998
std-time: 8.932495152478474