i:0	79569.00489706628
i:50	58866.908778354664
i:100	56878.47991017766
i:150	56878.47991017766
i:200	56878.47991017766
i:250	56878.47991017766
i:300	56878.47991017766
i:350	56878.47991017766
i:400	56878.47991017766
i:450	56878.47991017766
i:500	56878.47991017766
i:550	56878.47991017766
i:600	56878.47991017766
i:650	56878.47991017766
best: 56878.47991017766
routes: [0, 39, 40, 38, 37, 36, 30, 29, 26, 28, 27, 45, 41, 44, 43, 42, 21, 24, 25, 23, 22, 5, 1, 4, 3, 2, 0, 46, 48, 47, 49, 50, 34, 35, 33, 31, 32, 19, 18, 17, 20, 16, 15, 13, 11, 12, 14, 8, 7, 9, 10, 6, 0]
Elapsed time: 50.765151500701904

i:0	81890.15234217298
i:50	54765.546386148155
i:100	54765.546386148155
i:150	54765.546386148155
i:200	54765.546386148155
i:250	54765.546386148155
i:300	54765.546386148155
i:350	54765.546386148155
i:400	54765.546386148155
i:450	54765.546386148155
i:500	54765.546386148155
i:550	54765.546386148155
i:600	54765.546386148155
i:650	54765.546386148155
best: 54765.546386148155
routes: [0, 46, 48, 47, 49, 50, 34, 35, 33, 32, 31, 40, 38, 37, 39, 36, 28, 30, 29, 27, 26, 0, 19, 18, 17, 20, 16, 15, 13, 11, 12, 14, 6, 8, 10, 9, 7, 23, 25, 22, 24, 21, 43, 42, 45, 41, 44, 4, 3, 2, 5, 1, 0]
Elapsed time: 37.44641351699829

i:0	79273.24361390644
i:50	58123.2169843716
i:100	56878.47991017766
i:150	56878.47991017766
i:200	56878.47991017766
i:250	56878.47991017766
i:300	56878.47991017766
i:350	56878.47991017766
i:400	56878.47991017766
i:450	56878.47991017766
i:500	56878.47991017766
i:550	56878.47991017766
i:600	56878.47991017766
i:650	56878.47991017766
best: 56878.47991017766
routes: [0, 39, 40, 38, 37, 36, 30, 29, 26, 28, 27, 45, 41, 44, 43, 42, 21, 24, 25, 23, 22, 5, 1, 4, 3, 2, 0, 46, 48, 47, 49, 50, 34, 35, 33, 31, 32, 19, 18, 17, 20, 16, 15, 13, 11, 12, 14, 8, 7, 9, 10, 6, 0]
Elapsed time: 42.31028413772583

i:0	88313.21630461262
i:50	54708.43299896906
i:100	54673.89895120451
i:150	54673.89895120451
i:200	54673.89895120451
i:250	54673.89895120451
i:300	54673.89895120451
i:350	54673.89895120451
i:400	54673.89895120451
i:450	54673.89895120451
i:500	54673.89895120451
i:550	54673.89895120451
i:600	54673.89895120451
i:650	54673.89895120451
best: 54673.89895120451
routes: [0, 46, 48, 47, 49, 50, 34, 35, 33, 32, 31, 40, 38, 37, 39, 36, 28, 30, 29, 27, 26, 3, 4, 5, 1, 2, 0, 45, 41, 44, 43, 42, 21, 24, 25, 23, 22, 7, 9, 8, 10, 6, 11, 12, 14, 13, 15, 17, 16, 20, 19, 18, 0]
Elapsed time: 33.35693025588989

i:0	86409.0291261143
i:50	54995.31114645394
i:100	54995.31114645394
i:150	54995.31114645394
i:200	54995.31114645394
i:250	54995.31114645394
i:300	54995.31114645394
i:350	54995.31114645394
i:400	54995.31114645394
i:450	54995.31114645394
i:500	54995.31114645394
i:550	54995.31114645394
i:600	54995.31114645394
i:650	54995.31114645394
best: 54995.31114645394
routes: [0, 46, 48, 47, 49, 50, 34, 35, 33, 32, 31, 40, 38, 37, 39, 36, 28, 30, 29, 27, 26, 3, 4, 5, 1, 2, 0, 45, 41, 44, 43, 42, 21, 24, 25, 23, 22, 7, 9, 8, 10, 6, 14, 13, 11, 12, 15, 17, 16, 20, 19, 18, 0]
Elapsed time: 35.360109090805054

i:0	78422.25687968136
i:50	56163.396727143525
i:100	55592.66885075791
i:150	55592.66885075791
i:200	54765.546386148155
i:250	54765.546386148155
i:300	54765.546386148155
i:350	54765.546386148155
i:400	54765.546386148155
i:450	54765.546386148155
i:500	54765.546386148155
i:550	54765.546386148155
i:600	54765.546386148155
i:650	54765.546386148155
best: 54765.546386148155
routes: [0, 46, 48, 47, 49, 50, 34, 35, 33, 32, 31, 40, 38, 37, 39, 36, 28, 30, 29, 27, 26, 0, 19, 18, 17, 20, 16, 15, 13, 11, 12, 14, 6, 8, 10, 9, 7, 23, 25, 22, 24, 21, 43, 42, 45, 41, 44, 4, 3, 2, 5, 1, 0]
Elapsed time: 41.842817544937134

i:0	81109.83166519762
i:50	54673.89895120451
i:100	54673.89895120451
i:150	54673.89895120451
i:200	54673.89895120451
i:250	54673.89895120451
i:300	54673.89895120451
i:350	54673.89895120451
i:400	54673.89895120451
i:450	54673.89895120451
i:500	54673.89895120451
i:550	54673.89895120451
i:600	54673.89895120451
i:650	54673.89895120451
best: 54673.89895120451
routes: [0, 46, 48, 47, 49, 50, 34, 35, 33, 32, 31, 40, 38, 37, 39, 36, 28, 30, 29, 27, 26, 3, 4, 5, 1, 2, 0, 45, 41, 44, 43, 42, 21, 24, 25, 23, 22, 7, 9, 8, 10, 6, 11, 12, 14, 13, 15, 17, 16, 20, 19, 18, 0]
Elapsed time: 35.49399399757385

i:0	80977.66860576902
i:50	54744.298683799796
i:100	54744.298683799796
i:150	54744.298683799796
i:200	54673.89895120451
i:250	54673.89895120451
i:300	54673.89895120451
i:350	54673.89895120451
i:400	54673.89895120451
i:450	54673.89895120451
i:500	54673.89895120451
i:550	54673.89895120451
i:600	54673.89895120451
i:650	54673.89895120451
best: 54673.89895120451
routes: [0, 46, 48, 47, 49, 50, 34, 35, 33, 32, 31, 40, 38, 37, 39, 36, 28, 30, 29, 27, 26, 3, 4, 5, 1, 2, 0, 45, 41, 44, 43, 42, 21, 24, 25, 23, 22, 7, 9, 8, 10, 6, 11, 12, 14, 13, 15, 17, 16, 20, 19, 18, 0]
Elapsed time: 36.291277170181274

i:0	80548.79600835615
i:50	63059.394792697996
i:100	63059.394792697996
i:150	63059.394792697996
i:200	61546.9801966856
i:250	61546.9801966856
i:300	61546.9801966856
i:350	60285.00592869472
i:400	60285.00592869472
i:450	60285.00592869472
i:500	60285.00592869472
i:550	60285.00592869472
i:600	60285.00592869472
i:650	60285.00592869472
best: 60285.00592869472
routes: [0, 46, 48, 47, 49, 50, 33, 32, 31, 34, 35, 39, 40, 38, 37, 36, 28, 30, 29, 27, 26, 3, 4, 5, 1, 2, 0, 41, 44, 45, 43, 42, 23, 22, 25, 21, 24, 7, 9, 8, 10, 6, 14, 15, 13, 12, 11, 17, 19, 18, 20, 16, 0]
Elapsed time: 69.63318181037903

i:0	84103.87077158401
i:50	54765.546386148155
i:100	54765.546386148155
i:150	54765.546386148155
i:200	54765.546386148155
i:250	54765.546386148155
i:300	54765.546386148155
i:350	54765.546386148155
i:400	54765.546386148155
i:450	54765.546386148155
i:500	54765.546386148155
i:550	54765.546386148155
i:600	54765.546386148155
i:650	54765.546386148155
best: 54765.546386148155
routes: [0, 46, 48, 47, 49, 50, 34, 35, 33, 32, 31, 40, 38, 37, 39, 36, 28, 30, 29, 27, 26, 0, 19, 18, 17, 20, 16, 15, 13, 11, 12, 14, 6, 8, 10, 9, 7, 23, 25, 22, 24, 21, 43, 42, 45, 41, 44, 4, 3, 2, 5, 1, 0]
Elapsed time: 36.20042967796326

mean: 55735.5612907562
std: 1733.8428488822155
mean-time: 41.87005887031555
std-time: 10.43288721069806