i:0	70258.85978945649
i:50	48361.35089382442
i:100	48029.64607878699
i:150	48029.64607878699
i:200	47571.35325915212
i:250	47451.63980286781
i:300	47412.71567168737
i:350	46403.70366724247
i:400	46311.81104831812
i:450	46098.71598971545
i:500	46033.50134625865
i:550	46033.50134625865
i:600	46033.50134625865
i:650	45456.30194534551
best: 45456.30194534551
routes: [0, 3, 1, 2, 4, 5, 7, 9, 10, 8, 6, 15, 16, 17, 20, 19, 18, 12, 13, 14, 11, 50, 49, 48, 47, 46, 45, 44, 43, 41, 42, 0, 21, 22, 23, 26, 24, 25, 27, 29, 30, 28, 39, 40, 38, 35, 33, 32, 31, 34, 37, 36, 0]
Elapsed time: 173.19135522842407

i:0	64137.541345686055
i:50	49766.352839447565
i:100	47752.95941007472
i:150	47395.95224014885
i:200	47016.10870875127
i:250	46761.20489362183
i:300	46692.60776616938
i:350	46359.27610746401
i:400	46249.90795982892
i:450	46249.90795982892
i:500	46249.90795982892
i:550	46249.90795982892
i:600	46249.90795982892
i:650	46249.90795982892
best: 46249.90795982892
routes: [0, 41, 43, 44, 45, 47, 48, 49, 50, 46, 42, 21, 22, 23, 26, 24, 25, 27, 29, 30, 28, 39, 40, 37, 36, 34, 31, 32, 33, 35, 38, 0, 11, 19, 20, 15, 16, 17, 18, 14, 13, 12, 6, 5, 4, 7, 9, 10, 8, 3, 1, 2, 0]
Elapsed time: 171.23787641525269

i:0	61497.484618042516
i:50	47667.93012968114
i:100	47436.25466882211
i:150	46813.89527026132
i:200	46800.36352156312
i:250	46652.879538949535
i:300	46609.44718444135
i:350	46609.44718444135
i:400	46609.44718444135
i:450	46395.817044184085
i:500	46388.20264844447
i:550	46388.20264844447
i:600	46388.20264844447
i:650	46388.20264844447
best: 46388.20264844447
routes: [0, 21, 23, 22, 24, 25, 27, 26, 29, 30, 28, 39, 37, 36, 34, 31, 32, 33, 35, 38, 40, 0, 3, 1, 2, 5, 8, 10, 6, 4, 7, 9, 15, 16, 17, 20, 19, 18, 12, 13, 14, 11, 50, 49, 48, 47, 46, 45, 44, 43, 41, 42, 0]
Elapsed time: 171.52883291244507

i:0	67597.34667653861
i:50	46971.29654701115
i:100	45808.009339301556
i:150	45618.77285040721
i:200	45508.17411244361
i:250	45487.352239138985
i:300	45483.735115324496
i:350	45483.735115324496
i:400	45483.735115324496
i:450	45483.735115324496
i:500	45483.735115324496
i:550	45454.62376639286
i:600	45432.31162053261
i:650	45411.45255302041
best: 45411.45255302041
routes: [0, 42, 41, 43, 44, 45, 48, 47, 46, 49, 50, 11, 19, 20, 15, 16, 17, 18, 14, 13, 12, 6, 5, 4, 7, 9, 10, 8, 3, 1, 2, 0, 21, 22, 23, 26, 24, 25, 27, 29, 30, 28, 36, 34, 31, 32, 33, 35, 38, 37, 39, 40, 0]
Elapsed time: 171.99252319335938

i:0	61827.74668086561
i:50	47281.54362703388
i:100	46518.9572698729
i:150	46518.9572698729
i:200	46077.71391531864
i:250	45846.68144720158
i:300	45828.830675062534
i:350	45828.830675062534
i:400	45828.830675062534
i:450	45828.830675062534
i:500	45828.830675062534
i:550	45828.830675062534
i:600	45828.830675062534
i:650	45828.830675062534
best: 45828.830675062534
routes: [0, 3, 1, 2, 4, 5, 7, 9, 10, 8, 6, 12, 17, 16, 15, 20, 19, 18, 13, 14, 11, 50, 49, 48, 47, 46, 45, 44, 43, 41, 42, 0, 21, 22, 23, 26, 24, 25, 27, 29, 30, 28, 39, 40, 37, 36, 34, 31, 32, 33, 35, 38, 0]
Elapsed time: 172.43446922302246

i:0	69683.35169257014
i:50	49683.16851777602
i:100	49153.960795359366
i:150	49142.4625529536
i:200	48801.72543370686
i:250	48400.11010411713
i:300	48113.93425974045
i:350	47688.66553408369
i:400	47688.66553408369
i:450	47675.68930177855
i:500	47645.396860142355
i:550	47645.396860142355
i:600	47645.396860142355
i:650	47645.396860142355
best: 47645.396860142355
routes: [0, 40, 38, 35, 33, 32, 31, 34, 37, 36, 39, 28, 30, 29, 27, 26, 23, 21, 22, 25, 24, 0, 3, 1, 2, 4, 5, 6, 10, 8, 7, 9, 12, 13, 14, 19, 20, 15, 16, 17, 18, 11, 50, 49, 48, 47, 46, 45, 44, 43, 41, 42, 0]
Elapsed time: 184.34829449653625

i:0	61573.022147387084
i:50	49476.497063129274
i:100	49357.2749784382
i:150	49095.74189591191
i:200	48987.760484265666
i:250	48883.858026048154
i:300	48684.204360220996
i:350	48684.204360220996
i:400	48684.204360220996
i:450	48684.204360220996
i:500	48684.204360220996
i:550	48684.204360220996
i:600	48684.204360220996
i:650	48684.204360220996
best: 48684.204360220996
routes: [0, 21, 22, 23, 24, 25, 27, 26, 29, 30, 28, 40, 38, 35, 33, 32, 31, 34, 39, 37, 36, 0, 50, 46, 42, 41, 43, 44, 45, 47, 48, 49, 11, 14, 13, 12, 19, 18, 17, 20, 15, 16, 10, 9, 7, 8, 5, 4, 2, 1, 3, 6, 0]
Elapsed time: 178.0554449558258

i:0	64832.915233457665
i:50	48046.95708568442
i:100	47371.236982574264
i:150	46936.09376454525
i:200	46923.11753224011
i:250	46686.051589596726
i:300	46539.35834570641
i:350	46539.35834570641
i:400	46539.35834570641
i:450	46539.35834570641
i:500	46539.35834570641
i:550	46539.35834570641
i:600	46539.35834570641
i:650	46539.35834570641
best: 46539.35834570641
routes: [0, 21, 22, 23, 26, 24, 25, 27, 29, 30, 28, 39, 40, 37, 36, 34, 31, 32, 33, 35, 38, 0, 6, 3, 1, 2, 4, 5, 8, 10, 7, 9, 13, 12, 17, 16, 15, 20, 19, 18, 14, 11, 50, 49, 48, 47, 46, 45, 44, 43, 41, 42, 0]
Elapsed time: 175.70590567588806

i:0	66482.95489885399
i:50	47769.455005502045
i:100	47331.359594489
i:150	47305.11850895542
i:200	46783.84704131419
i:250	46783.84704131419
i:300	46645.24757599337
i:350	46645.24757599337
i:400	46645.24757599337
i:450	46645.24757599337
i:500	46645.24757599337
i:550	46604.26615698362
i:600	46604.26615698362
i:650	46405.29914704757
best: 46405.29914704757
routes: [0, 21, 22, 23, 26, 24, 25, 27, 29, 30, 28, 39, 38, 35, 33, 32, 31, 34, 36, 37, 40, 0, 3, 1, 2, 4, 5, 6, 10, 8, 7, 9, 15, 16, 17, 20, 19, 18, 12, 13, 14, 11, 50, 49, 48, 47, 46, 45, 44, 43, 41, 42, 0]
Elapsed time: 171.61261439323425

i:0	67585.58482461791
i:50	47775.05636444467
i:100	47574.861157173305
i:150	47343.80834653356
i:200	47334.65316628215
i:250	47063.35697977287
i:300	46923.64219949157
i:350	46608.083620439036
i:400	46590.23284829999
i:450	46590.23284829999
i:500	46590.23284829999
i:550	46590.23284829999
i:600	46590.23284829999
i:650	46466.568444012024
best: 46466.568444012024
routes: [0, 43, 45, 44, 47, 48, 49, 50, 46, 41, 42, 21, 22, 23, 26, 24, 25, 27, 29, 30, 28, 39, 40, 38, 35, 33, 32, 31, 34, 37, 36, 0, 3, 1, 2, 4, 5, 7, 9, 10, 8, 6, 13, 12, 17, 16, 15, 20, 19, 18, 11, 14, 0]
Elapsed time: 179.89556312561035

mean: 46507.55229388313
std: 943.0536249646657
mean-time: 175.00028796195983
std-time: 4.216233047025826