i:0	72122.09487040932
i:50	52990.06935318226
i:100	51532.32062750321
i:150	51419.102446490564
i:200	51068.278021310936
i:250	49891.9688075163
i:300	49756.98590786438
i:350	49491.96481431653
i:400	49171.62396385208
i:450	49171.62396385208
i:500	49159.35163346176
i:550	49159.35163346176
i:600	49159.35163346176
i:650	49159.35163346176
best: 49159.35163346176
routes: [0, 41, 42, 43, 44, 45, 46, 47, 48, 49, 50, 11, 19, 18, 20, 15, 16, 17, 12, 13, 14, 0, 36, 37, 34, 31, 32, 33, 35, 38, 40, 39, 28, 30, 29, 27, 24, 25, 26, 23, 21, 22, 0, 1, 2, 3, 5, 4, 7, 9, 10, 8, 6, 0]
Elapsed time: 168.36410760879517

i:0	65252.603425856505
i:50	50777.98136392243
i:100	50183.999624611046
i:150	49942.095099742735
i:200	49857.50008224275
i:250	49857.50008224275
i:300	49857.50008224275
i:350	49857.50008224275
i:400	49857.50008224275
i:450	49857.50008224275
i:500	49857.50008224275
i:550	49857.50008224275
i:600	49857.50008224275
i:650	49421.89492125587
best: 49421.89492125587
routes: [0, 36, 34, 31, 32, 33, 35, 38, 37, 39, 40, 28, 30, 29, 27, 22, 21, 23, 26, 25, 24, 0, 41, 42, 43, 44, 45, 46, 47, 48, 49, 50, 11, 19, 18, 20, 15, 16, 17, 12, 13, 14, 0, 1, 2, 3, 5, 4, 7, 9, 10, 8, 6, 0]
Elapsed time: 147.52101278305054

i:0	65678.96849897515
i:50	52808.38099209315
i:100	51050.88449930808
i:150	50324.63130650284
i:200	49863.90524397268
i:250	49757.052113875056
i:300	49757.052113875056
i:350	49757.052113875056
i:400	49744.77978348474
i:450	49721.89923195466
i:500	49721.89923195466
i:550	49695.13498007815
i:600	49327.86163528895
i:650	49327.86163528895
best: 49327.86163528895
routes: [0, 40, 36, 37, 34, 31, 32, 33, 35, 38, 39, 28, 30, 29, 27, 24, 25, 26, 23, 21, 22, 0, 41, 42, 43, 44, 45, 46, 47, 48, 49, 50, 11, 19, 18, 20, 15, 16, 17, 12, 13, 14, 0, 1, 2, 3, 5, 4, 7, 9, 10, 8, 6, 0]
Elapsed time: 154.78298592567444

i:0	68349.50070125109
i:50	50697.272176578634
i:100	49974.39409115146
i:150	49902.92775640281
i:200	49845.31089979058
i:250	49737.83533076052
i:300	49737.83533076052
i:350	49737.83533076052
i:400	49737.83533076052
i:450	49711.071078884015
i:500	49711.071078884015
i:550	49711.071078884015
i:600	49343.797734094805
i:650	49343.797734094805
best: 49343.797734094805
routes: [0, 36, 37, 34, 31, 32, 33, 35, 38, 40, 39, 28, 30, 29, 27, 24, 25, 26, 23, 21, 22, 0, 41, 42, 43, 44, 45, 46, 47, 48, 49, 50, 11, 13, 14, 18, 19, 20, 15, 16, 17, 12, 0, 1, 2, 3, 5, 4, 7, 9, 10, 8, 6, 0]
Elapsed time: 150.89283180236816

i:0	65106.89742713095
i:50	51912.99552403963
i:100	51165.33745115669
i:150	50754.56002735655
i:200	50662.50856323513
i:250	50662.50856323513
i:300	50434.508353252975
i:350	50434.508353252975
i:400	50434.508353252975
i:450	50434.508353252975
i:500	50276.607101744965
i:550	50276.607101744965
i:600	50276.607101744965
i:650	50276.607101744965
best: 49841.00194075809
routes: [0, 13, 14, 12, 17, 15, 16, 20, 19, 18, 11, 50, 49, 47, 48, 46, 45, 44, 43, 41, 42, 0, 36, 34, 31, 32, 33, 35, 38, 37, 39, 40, 28, 30, 29, 27, 24, 25, 26, 23, 21, 22, 0, 1, 2, 3, 5, 4, 7, 9, 10, 8, 6, 0]
Elapsed time: 150.28423619270325

i:0	65813.71622971554
i:50	51734.063019409965
i:100	50760.48242286692
i:150	50485.10133147546
i:200	50006.2047849998
i:250	50006.2047849998
i:300	49869.49759437111
i:350	49869.49759437111
i:400	49847.835804941446
i:450	48958.41533602654
i:500	48958.41533602654
i:550	48958.41533602654
i:600	48958.41533602654
i:650	47320.03042503672
best: 47320.03042503672
routes: [0, 21, 22, 23, 26, 24, 25, 27, 29, 30, 28, 36, 34, 31, 32, 33, 35, 38, 37, 39, 40, 0, 41, 42, 43, 44, 45, 46, 47, 48, 49, 50, 11, 19, 20, 15, 16, 17, 18, 14, 13, 12, 0, 1, 2, 3, 5, 4, 7, 9, 10, 8, 6, 0]
Elapsed time: 147.98042607307434

i:0	64488.147776894126
i:50	52683.397117265165
i:100	50124.61824915949
i:150	49950.670285666514
i:200	49950.670285666514
i:250	49486.10500912599
i:300	49486.10500912599
i:350	49310.66748569496
i:400	49310.66748569496
i:450	49190.523844502975
i:500	47778.31112997508
i:550	47778.31112997508
i:600	47778.31112997508
i:650	47778.31112997508
best: 47778.31112997508
routes: [0, 41, 42, 43, 44, 45, 46, 47, 48, 49, 50, 11, 19, 20, 15, 16, 17, 18, 14, 13, 12, 0, 21, 22, 23, 26, 24, 25, 27, 29, 30, 28, 39, 40, 36, 37, 34, 31, 32, 33, 35, 38, 0, 1, 2, 3, 5, 4, 7, 9, 10, 8, 6, 0]
Elapsed time: 150.22151446342468

i:0	68885.92481363915
i:50	52363.30602882197
i:100	51935.412160631546
i:150	51846.946974238876
i:200	51690.36040156205
i:250	51681.712664140956
i:300	50941.81864676539
i:350	50274.49697091461
i:400	50227.76101652754
i:450	49852.76734641201
i:500	49711.071078884015
i:550	49711.071078884015
i:600	49711.071078884015
i:650	49711.071078884015
best: 49711.071078884015
routes: [0, 36, 37, 34, 31, 32, 33, 35, 38, 40, 39, 28, 30, 29, 27, 22, 21, 23, 26, 25, 24, 0, 41, 42, 43, 44, 45, 46, 47, 48, 49, 50, 11, 13, 14, 18, 19, 20, 15, 16, 17, 12, 0, 1, 2, 3, 5, 4, 7, 9, 10, 8, 6, 0]
Elapsed time: 178.0295934677124

i:0	66547.27329315039
i:50	51706.31176026617
i:100	49852.7025912929
i:150	49839.700235306365
i:200	49611.70002532421
i:250	49611.70002532421
i:300	49499.39951459111
i:350	49499.39951459111
i:400	49499.39951459111
i:450	49499.39951459111
i:500	49499.39951459111
i:550	49239.067677099716
i:600	49239.067677099716
i:650	49239.067677099716
best: 49239.067677099716
routes: [0, 41, 42, 43, 44, 45, 46, 47, 48, 49, 50, 11, 13, 14, 18, 19, 20, 15, 16, 17, 12, 0, 36, 34, 31, 32, 33, 35, 38, 37, 39, 40, 28, 30, 29, 27, 24, 25, 26, 23, 21, 22, 0, 1, 2, 3, 5, 4, 7, 9, 10, 8, 6, 0]
Elapsed time: 146.19919681549072

i:0	66373.41943769545
i:50	52215.11415643158
i:100	51009.07401733456
i:150	50685.201691811424
i:200	50270.36717362613
i:250	49130.016135150865
i:300	48322.97764746062
i:350	48322.97764746062
i:400	48185.968850313875
i:450	47972.29064145301
i:500	47972.29064145301
i:550	47972.29064145301
i:600	47972.29064145301
i:650	47416.23666547685
best: 47416.23666547685
routes: [0, 41, 42, 43, 44, 45, 46, 47, 48, 49, 50, 11, 19, 18, 20, 15, 16, 17, 12, 13, 14, 0, 21, 22, 23, 26, 24, 25, 27, 29, 30, 28, 36, 34, 31, 32, 33, 35, 38, 37, 39, 40, 0, 1, 2, 3, 5, 4, 7, 9, 10, 8, 6, 0]
Elapsed time: 164.11032271385193

mean: 48855.86248413319
std: 911.8393297216295
mean-time: 155.83862278461456
std-time: 10.14681589608404