i:0	288520.4570079948
i:50	65742.11704998993
i:100	64939.31235554197
i:150	64939.31235554197
i:200	64939.31235554197
i:250	64939.31235554197
i:300	64939.31235554197
i:350	64939.31235554197
i:400	64939.31235554197
i:450	64939.31235554197
i:500	64939.31235554197
i:550	64939.31235554197
i:600	64939.31235554197
i:650	64939.31235554197
best: 64939.31235554197
routes: [0, 46, 48, 47, 49, 50, 34, 33, 31, 32, 35, 40, 38, 37, 39, 36, 29, 30, 28, 27, 26, 0, 3, 4, 5, 1, 2, 45, 43, 44, 41, 42, 24, 21, 22, 25, 23, 7, 9, 8, 10, 6, 0, 19, 18, 17, 20, 16, 15, 13, 14, 11, 12, 0]
Elapsed time: 31.579635858535767

i:0	305103.3947412643
i:50	67627.86567828475
i:100	67627.86567828475
i:150	67627.86567828475
i:200	67627.86567828475
i:250	67627.86567828475
i:300	67627.86567828475
i:350	67627.86567828475
i:400	67627.86567828475
i:450	67627.86567828475
i:500	67627.86567828475
i:550	67627.86567828475
i:600	67627.86567828475
i:650	67627.86567828475
best: 67627.86567828475
routes: [0, 46, 48, 47, 49, 50, 34, 33, 31, 32, 35, 40, 38, 37, 39, 36, 28, 27, 29, 30, 26, 0, 2, 4, 3, 5, 1, 45, 43, 41, 42, 44, 23, 24, 21, 22, 25, 7, 9, 8, 10, 6, 0, 19, 18, 17, 20, 16, 14, 15, 13, 11, 12, 0]
Elapsed time: 53.90361261367798

i:0	495900.8264378095
i:50	65557.98288215113
i:100	65557.98288215113
i:150	65557.98288215113
i:200	65557.98288215113
i:250	65557.98288215113
i:300	65557.98288215113
i:350	65557.98288215113
i:400	65557.98288215113
i:450	65557.98288215113
i:500	65557.98288215113
i:550	65557.98288215113
i:600	65557.98288215113
i:650	65557.98288215113
best: 65557.98288215113
routes: [0, 1, 2, 5, 3, 4, 43, 45, 41, 42, 44, 27, 26, 30, 29, 28, 39, 40, 38, 37, 36, 0, 19, 18, 17, 20, 16, 15, 13, 12, 14, 11, 6, 10, 9, 8, 7, 25, 23, 24, 21, 22, 0, 46, 48, 47, 49, 50, 35, 33, 31, 32, 34, 0]
Elapsed time: 26.384917974472046

i:0	95600.31363302564
i:50	66189.92906522748
i:100	65396.15949618493
i:150	65396.15949618493
i:200	65396.15949618493
i:250	65396.15949618493
i:300	65396.15949618493
i:350	65396.15949618493
i:400	65396.15949618493
i:450	65396.15949618493
i:500	65396.15949618493
i:550	65396.15949618493
i:600	65396.15949618493
i:650	65396.15949618493
best: 65396.15949618493
routes: [0, 19, 18, 17, 20, 16, 15, 13, 12, 14, 11, 6, 10, 8, 7, 9, 25, 23, 24, 21, 22, 0, 3, 4, 5, 1, 2, 45, 43, 42, 44, 41, 27, 26, 30, 29, 28, 39, 40, 38, 37, 36, 0, 46, 48, 47, 49, 50, 35, 33, 31, 32, 34, 0]
Elapsed time: 30.501603603363037

i:0	83298.11921074716
i:50	65144.0327072096
i:100	65144.0327072096
i:150	65144.0327072096
i:200	65144.0327072096
i:250	65144.0327072096
i:300	65144.0327072096
i:350	65144.0327072096
i:400	65144.0327072096
i:450	65144.0327072096
i:500	65144.0327072096
i:550	65144.0327072096
i:600	65144.0327072096
i:650	65144.0327072096
best: 65144.0327072096
routes: [0, 3, 5, 1, 2, 4, 45, 43, 44, 41, 42, 24, 21, 22, 25, 23, 7, 9, 8, 10, 6, 0, 27, 29, 30, 26, 28, 39, 40, 38, 37, 36, 33, 32, 34, 35, 31, 48, 47, 49, 50, 46, 0, 19, 18, 17, 20, 16, 15, 13, 14, 11, 12, 0]
Elapsed time: 27.38331437110901

i:0	80205.32600589731
i:50	65832.88163250194
i:100	65832.88163250194
i:150	65832.88163250194
i:200	65832.88163250194
i:250	65832.88163250194
i:300	65832.88163250194
i:350	65832.88163250194
i:400	65832.88163250194
i:450	65832.88163250194
i:500	65832.88163250194
i:550	65832.88163250194
i:600	65832.88163250194
i:650	65832.88163250194
best: 65832.88163250194
routes: [0, 3, 5, 1, 2, 4, 43, 42, 44, 45, 41, 27, 26, 30, 29, 28, 39, 40, 38, 37, 36, 0, 24, 21, 22, 25, 23, 7, 9, 8, 10, 6, 14, 11, 12, 15, 13, 17, 16, 20, 19, 18, 0, 33, 31, 32, 34, 35, 47, 49, 48, 50, 46, 0]
Elapsed time: 25.67341923713684

i:0	287077.45994762506
i:50	65138.97097877262
i:100	65138.97097877262
i:150	65138.97097877262
i:200	65138.97097877262
i:250	65138.97097877262
i:300	65138.97097877262
i:350	65138.97097877262
i:400	65138.97097877262
i:450	65138.97097877262
i:500	65138.97097877262
i:550	65138.97097877262
i:600	65138.97097877262
i:650	65138.97097877262
best: 65138.97097877262
routes: [0, 6, 10, 8, 7, 9, 24, 25, 23, 22, 21, 43, 44, 45, 41, 42, 4, 3, 2, 5, 1, 0, 26, 28, 30, 27, 29, 38, 37, 39, 36, 40, 33, 31, 32, 34, 35, 50, 49, 48, 47, 46, 0, 19, 18, 17, 20, 16, 15, 13, 12, 14, 11, 0]
Elapsed time: 24.599379301071167

i:0	87864.87943604204
i:50	64164.636349524255
i:100	63838.69427256826
i:150	63838.69427256826
i:200	63838.69427256826
i:250	63838.69427256826
i:300	63838.69427256826
i:350	63838.69427256826
i:400	63838.69427256826
i:450	63838.69427256826
i:500	63838.69427256826
i:550	63838.69427256826
i:600	63838.69427256826
i:650	63838.69427256826
best: 63838.69427256826
routes: [0, 3, 5, 1, 2, 4, 45, 41, 42, 44, 43, 24, 21, 22, 25, 23, 7, 9, 8, 10, 6, 0, 46, 48, 47, 49, 50, 34, 35, 33, 32, 31, 40, 38, 37, 39, 36, 28, 27, 29, 30, 26, 0, 19, 18, 17, 20, 16, 15, 13, 11, 12, 14, 0]
Elapsed time: 36.78262948989868

i:0	82012.82882534138
i:50	66742.66011903723
i:100	65778.23948950143
i:150	65773.53731905893
i:200	65773.53731905893
i:250	65773.53731905893
i:300	65773.53731905893
i:350	65773.53731905893
i:400	65773.53731905893
i:450	65773.53731905893
i:500	65773.53731905893
i:550	65773.53731905893
i:600	65773.53731905893
i:650	65773.53731905893
best: 65773.53731905893
routes: [0, 19, 18, 17, 20, 16, 15, 13, 14, 11, 12, 6, 10, 9, 8, 7, 25, 23, 24, 21, 22, 0, 3, 4, 5, 1, 2, 45, 43, 41, 42, 44, 27, 29, 30, 26, 28, 39, 40, 38, 37, 36, 0, 33, 31, 32, 34, 35, 47, 49, 48, 50, 46, 0]
Elapsed time: 36.5257043838501

i:0	85166.84013699998
i:50	65771.26213151249
i:100	64076.22532620179
i:150	64076.22532620179
i:200	64076.22532620179
i:250	64076.22532620179
i:300	64076.22532620179
i:350	64076.22532620179
i:400	64076.22532620179
i:450	64076.22532620179
i:500	64076.22532620179
i:550	64076.22532620179
i:600	64076.22532620179
i:650	64076.22532620179
best: 64076.22532620179
routes: [0, 5, 1, 2, 4, 3, 41, 42, 45, 43, 44, 24, 21, 22, 25, 23, 7, 9, 8, 10, 6, 0, 46, 48, 47, 49, 50, 34, 35, 33, 32, 31, 40, 38, 37, 39, 36, 29, 30, 28, 27, 26, 0, 19, 18, 17, 20, 16, 15, 13, 14, 11, 12, 0]
Elapsed time: 32.81671929359436

mean: 65332.5662648476
std: 990.2396600460474
mean-time: 32.6150936126709
std-time: 8.185762398332294