i:0	121206.70699785452
i:50	85919.91467703192
i:100	84691.26627143065
i:150	72851.21312692089
i:200	72389.55636496797
i:250	72178.25006263239
i:300	71741.69792385648
i:350	71358.67759633252
i:400	71299.59392058951
i:450	71082.62672891637
i:500	70990.14528195554
i:550	70897.05960481096
i:600	70897.05960481096
i:650	70796.69374163174
best: 70727.03753673911
routes: [0, 31, 33, 34, 39, 40, 36, 35, 37, 38, 32, 21, 23, 22, 25, 27, 29, 30, 28, 26, 24, 0, 54, 55, 57, 56, 52, 51, 53, 59, 60, 58, 79, 80, 77, 76, 74, 71, 72, 73, 75, 78, 61, 62, 63, 64, 65, 68, 67, 66, 69, 70, 0, 4, 1, 2, 3, 6, 5, 10, 7, 8, 9, 43, 45, 42, 41, 44, 46, 49, 50, 47, 48, 14, 12, 11, 13, 15, 17, 19, 20, 18, 16, 0]
Elapsed time: 269.7987427711487

i:0	118065.49003954921
i:50	78142.36670930417
i:100	76134.06586842415
i:150	72968.83840815729
i:200	72247.61633077782
i:250	71910.35342071283
i:300	71486.73542756464
i:350	71058.70358015937
i:400	70789.91654512212
i:450	70784.44463577187
i:500	70565.19357072607
i:550	70565.19357072607
i:600	70565.19357072607
i:650	70495.53736583344
best: 70495.53736583344
routes: [0, 31, 39, 40, 36, 35, 37, 38, 33, 34, 32, 28, 30, 29, 27, 26, 25, 22, 23, 21, 24, 0, 51, 52, 53, 56, 57, 55, 54, 59, 60, 58, 79, 80, 77, 76, 74, 71, 72, 73, 75, 78, 61, 62, 63, 64, 65, 68, 67, 66, 69, 70, 0, 4, 5, 6, 3, 1, 2, 8, 7, 9, 10, 43, 42, 41, 44, 45, 47, 46, 49, 50, 48, 14, 12, 11, 13, 15, 17, 19, 20, 18, 16, 0]
Elapsed time: 260.6989367008209

i:0	112487.74368217518
i:50	75904.87802857488
i:100	75461.50457600375
i:150	75338.35549623516
i:200	75188.05706310621
i:250	74727.15929717841
i:300	74159.78382473858
i:350	74159.78382473858
i:400	73959.16373520043
i:450	73316.80387890473
i:500	73258.87225173392
i:550	72663.92796099237
i:600	72663.92796099237
i:650	72663.92796099237
best: 72663.92796099237
routes: [0, 21, 24, 26, 25, 27, 29, 30, 28, 23, 22, 16, 13, 15, 18, 20, 19, 17, 14, 12, 11, 43, 45, 47, 49, 50, 48, 46, 44, 41, 42, 0, 51, 52, 53, 56, 54, 55, 57, 59, 60, 58, 76, 74, 71, 72, 73, 75, 78, 77, 79, 80, 61, 62, 63, 64, 65, 68, 67, 66, 69, 70, 0, 4, 3, 6, 5, 10, 9, 7, 8, 2, 1, 31, 33, 34, 39, 38, 37, 40, 35, 36, 32, 0]
Elapsed time: 261.62058568000793

i:0	120830.56571176104
i:50	88182.94916334245
i:100	86513.22194923085
i:150	85702.28208022634
i:200	84346.73647277846
i:250	83587.91956647419
i:300	82359.88927783344
i:350	81271.63553253897
i:400	80011.33558536811
i:450	78883.84940392767
i:500	78476.66032459408
i:550	77861.57587334795
i:600	77861.57587334795
i:650	77861.57587334795
best: 77861.57587334795
routes: [0, 61, 65, 66, 69, 70, 67, 68, 62, 63, 64, 31, 39, 38, 37, 40, 35, 36, 32, 33, 34, 0, 43, 41, 44, 46, 49, 50, 48, 47, 45, 42, 11, 13, 12, 14, 15, 17, 19, 20, 18, 16, 25, 27, 29, 30, 28, 26, 24, 21, 23, 22, 0, 79, 80, 78, 75, 73, 72, 71, 74, 77, 76, 58, 60, 59, 57, 56, 53, 51, 52, 55, 54, 8, 7, 9, 10, 5, 6, 2, 1, 3, 4, 0]
Elapsed time: 270.81327176094055

i:0	125455.85532185115
i:50	80237.51990217894
i:100	78168.55331238917
i:150	77727.41004573998
i:200	77445.83721804769
i:250	77390.17844352707
i:300	77236.67111904513
i:350	77039.46724752476
i:400	76355.84060997514
i:450	75840.77490708027
i:500	75840.77490708027
i:550	70823.38247265229
i:600	69973.06403763784
i:650	69774.23724889423
best: 69774.23724889423
routes: [0, 51, 52, 53, 56, 54, 55, 57, 59, 60, 58, 76, 74, 71, 72, 73, 75, 78, 77, 79, 80, 61, 62, 63, 64, 65, 68, 67, 66, 69, 70, 0, 1, 2, 3, 4, 5, 10, 6, 7, 8, 9, 43, 42, 41, 44, 45, 47, 46, 49, 50, 48, 14, 12, 11, 13, 15, 17, 19, 20, 18, 16, 0, 31, 34, 33, 32, 38, 39, 40, 37, 35, 36, 30, 28, 27, 29, 25, 26, 24, 21, 23, 22, 0]
Elapsed time: 280.7843337059021

i:0	115693.28129666828
i:50	82363.19921466963
i:100	79888.88219225552
i:150	79487.00903434206
i:200	78483.50384925737
i:250	78016.05959808918
i:300	75464.61209842513
i:350	74716.75903464729
i:400	73822.83198532804
i:450	73613.41980500001
i:500	73613.41980500001
i:550	73595.78274616998
i:600	73595.78274616998
i:650	73594.21863866848
best: 73594.21863866848
routes: [0, 51, 52, 53, 56, 54, 55, 57, 59, 60, 58, 79, 80, 77, 76, 74, 71, 72, 73, 75, 78, 2, 1, 3, 8, 7, 9, 10, 5, 6, 4, 0, 43, 42, 41, 44, 45, 47, 46, 49, 50, 48, 14, 12, 11, 13, 15, 18, 17, 19, 20, 16, 22, 25, 27, 29, 30, 28, 26, 23, 21, 24, 0, 33, 32, 37, 36, 35, 40, 39, 38, 34, 31, 69, 70, 66, 67, 68, 65, 64, 63, 61, 62, 0]
Elapsed time: 254.36616015434265

i:0	115289.86595175204
i:50	81975.78497254488
i:100	77723.72655780247
i:150	76420.21612344915
i:200	76171.71398803299
i:250	75881.3903792915
i:300	75802.72703534199
i:350	75739.88967535284
i:400	75326.73501823195
i:450	75326.73501823195
i:500	75326.73501823195
i:550	75326.73501823195
i:600	75326.73501823195
i:650	75326.73501823195
best: 75326.73501823195
routes: [0, 43, 42, 41, 44, 45, 47, 46, 49, 50, 48, 14, 12, 11, 13, 15, 18, 17, 19, 20, 16, 22, 21, 23, 26, 25, 27, 29, 30, 28, 24, 0, 61, 62, 63, 64, 65, 68, 67, 66, 69, 70, 31, 39, 40, 35, 36, 37, 38, 34, 33, 32, 0, 80, 76, 79, 77, 78, 75, 73, 72, 71, 74, 58, 60, 59, 57, 56, 53, 51, 52, 55, 54, 8, 7, 9, 10, 5, 6, 2, 1, 3, 4, 0]
Elapsed time: 247.8592939376831

i:0	123643.53743373766
i:50	82366.73647019267
i:100	79107.51263988165
i:150	74764.88455398438
i:200	73105.39205611573
i:250	72729.3466160573
i:300	72523.53662620639
i:350	72478.90108050933
i:400	72357.26076937269
i:450	72244.65610196951
i:500	72244.65610196951
i:550	72232.26150502471
i:600	72162.60530013207
i:650	72002.09781542778
best: 71962.77349805081
routes: [0, 21, 24, 22, 23, 25, 27, 29, 30, 28, 26, 32, 33, 37, 36, 35, 40, 39, 38, 31, 34, 0, 51, 52, 53, 56, 55, 54, 57, 59, 60, 58, 79, 80, 77, 78, 75, 73, 72, 71, 74, 76, 61, 62, 63, 64, 65, 68, 67, 66, 69, 70, 0, 4, 5, 6, 3, 1, 2, 8, 7, 9, 10, 43, 42, 41, 44, 45, 47, 46, 49, 50, 48, 14, 12, 11, 13, 15, 17, 19, 20, 18, 16, 0]
Elapsed time: 269.1567573547363

i:0	126211.07937965175
i:50	88380.41018215363
i:100	78994.76554644963
i:150	78449.68650704701
i:200	78216.43754442674
i:250	77793.75882731396
i:300	77016.80917310837
i:350	76987.94658383648
i:400	76546.00093293475
i:450	75532.581155984
i:500	75482.06084463728
i:550	75202.18102488789
i:600	75202.18102488789
i:650	75002.88323582377
best: 75002.88323582377
routes: [0, 80, 78, 75, 73, 72, 71, 74, 77, 76, 79, 58, 60, 59, 57, 56, 53, 51, 52, 55, 54, 0, 61, 62, 63, 64, 65, 68, 67, 66, 69, 70, 31, 39, 40, 35, 36, 37, 38, 34, 33, 32, 21, 23, 25, 27, 29, 30, 28, 26, 24, 22, 0, 4, 5, 6, 3, 1, 2, 8, 7, 9, 10, 43, 48, 47, 45, 42, 41, 44, 46, 49, 50, 14, 12, 11, 13, 15, 17, 19, 20, 18, 16, 0]
Elapsed time: 269.34454321861267

i:0	112381.00894138844
i:50	83403.30990802927
i:100	79358.96216438875
i:150	78209.25559487482
i:200	75472.3276276301
i:250	75426.3753235953
i:300	74746.6784526441
i:350	74514.30272554295
i:400	74466.6483846099
i:450	74290.53134766204
i:500	73993.40949786914
i:550	73701.54944320119
i:600	73701.54944320119
i:650	73701.54944320119
best: 73701.54944320119
routes: [0, 4, 3, 8, 7, 9, 10, 5, 6, 2, 1, 31, 39, 38, 37, 40, 35, 36, 32, 33, 34, 0, 51, 53, 52, 54, 55, 57, 56, 59, 60, 58, 76, 71, 72, 73, 75, 78, 74, 77, 79, 80, 61, 62, 63, 64, 65, 68, 67, 66, 69, 70, 0, 21, 24, 23, 25, 27, 29, 30, 28, 26, 22, 16, 13, 15, 17, 19, 20, 18, 14, 12, 11, 48, 47, 49, 50, 46, 44, 41, 43, 45, 42, 0]
Elapsed time: 282.39821124076843

mean: 73111.04758197833
std: 2383.5924323254926
mean-time: 266.6840836524963
std-time: 10.262841986964052