i:0	120125.90005249454
i:50	89234.52593686819
i:100	86330.14378050192
i:150	85782.81171669405
i:200	85196.61678373921
i:250	85103.40210120889
i:300	85088.23474570757
i:350	84760.60790806603
i:400	84387.07015982736
i:450	84371.90280432605
i:500	84314.03763571268
i:550	83300.14770875817
i:600	82364.93721109987
i:650	82231.22358128813
best: 82231.22358128813
routes: [0, 31, 39, 40, 35, 36, 37, 38, 34, 33, 32, 21, 23, 22, 25, 27, 29, 30, 28, 26, 24, 0, 43, 41, 44, 46, 49, 50, 48, 47, 45, 42, 11, 13, 15, 18, 16, 20, 19, 17, 14, 12, 0, 80, 76, 77, 74, 71, 72, 73, 75, 78, 79, 58, 60, 59, 57, 54, 55, 56, 53, 51, 52, 0, 4, 3, 6, 5, 10, 9, 7, 8, 2, 1, 61, 62, 63, 64, 65, 68, 66, 67, 69, 70, 0]
Elapsed time: 253.41210055351257

i:0	114620.03872486964
i:50	86998.20192240979
i:100	84405.35962514018
i:150	84081.7642930519
i:200	82922.00214564378
i:250	82560.91209570045
i:300	81885.47209913217
i:350	81800.87708163218
i:400	81800.87708163218
i:450	81471.99721739348
i:500	81471.99721739348
i:550	81471.99721739348
i:600	81471.99721739348
i:650	81471.99721739348
best: 81471.99721739348
routes: [0, 31, 39, 40, 35, 36, 37, 38, 34, 33, 32, 21, 23, 22, 25, 27, 29, 30, 28, 26, 24, 0, 51, 52, 53, 56, 54, 55, 57, 59, 60, 58, 76, 71, 72, 73, 75, 78, 74, 77, 79, 80, 0, 4, 5, 6, 10, 9, 7, 8, 2, 3, 1, 61, 62, 63, 64, 65, 67, 68, 66, 69, 70, 0, 11, 12, 13, 15, 18, 16, 20, 19, 17, 14, 48, 50, 49, 47, 45, 46, 44, 41, 43, 42, 0]
Elapsed time: 223.64803838729858

i:0	123989.38891739401
i:50	86031.0334676496
i:100	85316.56868643225
i:150	85176.60718617811
i:200	84945.13371287899
i:250	84894.31607374438
i:300	84894.31607374438
i:350	84721.9101204476
i:400	83213.25397518753
i:450	82708.85363509587
i:500	81795.61411263714
i:550	81759.67311831952
i:600	81731.00486231585
i:650	81517.02516383823
best: 81517.02516383823
routes: [0, 43, 45, 42, 41, 44, 46, 49, 50, 47, 48, 14, 12, 11, 13, 15, 18, 17, 19, 20, 16, 0, 76, 74, 71, 72, 73, 75, 78, 77, 79, 80, 58, 60, 59, 57, 54, 55, 56, 53, 51, 52, 0, 1, 3, 4, 6, 5, 10, 9, 7, 8, 2, 61, 62, 63, 64, 65, 68, 66, 67, 69, 70, 0, 31, 34, 33, 38, 39, 40, 36, 35, 37, 32, 21, 23, 25, 27, 29, 30, 28, 26, 24, 22, 0]
Elapsed time: 233.00485229492188

i:0	114734.2109055132
i:50	88619.09809784187
i:100	83926.34760177304
i:150	81936.84960897014
i:200	80826.36001090248
i:250	80630.67283653692
i:300	80498.41159380716
i:350	80498.41159380716
i:400	80498.41159380716
i:450	80498.41159380716
i:500	80498.41159380716
i:550	80498.41159380716
i:600	80498.41159380716
i:650	80429.18054479413
best: 80429.18054479413
routes: [0, 61, 62, 63, 64, 65, 68, 66, 67, 69, 70, 31, 34, 33, 38, 39, 40, 35, 36, 37, 32, 0, 21, 23, 25, 27, 29, 30, 28, 26, 24, 22, 20, 19, 17, 18, 15, 14, 12, 11, 13, 16, 0, 54, 55, 57, 59, 60, 56, 52, 51, 53, 58, 76, 79, 77, 74, 71, 72, 73, 75, 78, 80, 0, 4, 3, 1, 2, 8, 6, 5, 10, 7, 9, 43, 45, 47, 49, 50, 48, 46, 44, 41, 42, 0]
Elapsed time: 204.0857527256012

i:0	116842.79797079382
i:50	88367.02089800856
i:100	86280.25049985279
i:150	85370.98619622251
i:200	84794.60923208801
i:250	84092.64337196857
i:300	82907.40428252106
i:350	81969.41893797032
i:400	81918.19976367662
i:450	81918.19976367662
i:500	81373.58928077082
i:550	81373.58928077082
i:600	81373.58928077082
i:650	81373.58928077082
best: 81373.58928077082
routes: [0, 43, 45, 42, 41, 44, 46, 49, 50, 47, 48, 14, 12, 11, 13, 15, 18, 17, 19, 20, 16, 0, 76, 77, 74, 71, 72, 73, 75, 78, 80, 79, 58, 60, 59, 57, 54, 55, 56, 53, 51, 52, 0, 4, 5, 10, 9, 7, 8, 6, 3, 2, 1, 69, 70, 66, 67, 68, 65, 64, 63, 61, 62, 0, 31, 39, 38, 37, 40, 35, 36, 34, 33, 32, 28, 30, 29, 27, 25, 26, 24, 21, 23, 22, 0]
Elapsed time: 227.91919231414795

i:0	115185.15876369865
i:50	86448.74751718645
i:100	82215.9668662913
i:150	81409.62997286372
i:200	79983.13621172564
i:250	79780.30797342511
i:300	79727.61669339536
i:350	79727.61669339536
i:400	79552.39887896017
i:450	79540.00428201539
i:500	79309.78114618581
i:550	78994.46173347176
i:600	78994.46173347176
i:650	78994.46173347176
best: 78994.46173347176
routes: [0, 4, 1, 2, 3, 6, 5, 10, 7, 8, 9, 43, 47, 45, 42, 41, 44, 46, 49, 50, 48, 0, 51, 52, 53, 56, 54, 55, 57, 59, 60, 58, 76, 77, 74, 71, 72, 73, 75, 78, 79, 80, 0, 21, 25, 27, 29, 30, 28, 26, 24, 23, 22, 16, 13, 11, 12, 15, 14, 17, 19, 20, 18, 0, 61, 62, 63, 64, 65, 68, 66, 67, 69, 70, 31, 39, 40, 35, 36, 37, 38, 34, 33, 32, 0]
Elapsed time: 219.62415599822998

i:0	128374.66245232725
i:50	86965.48142534331
i:100	84531.53231994328
i:150	84044.74561932955
i:200	83901.96056556076
i:250	83542.69090672524
i:300	83147.54350415283
i:350	83096.32432985914
i:400	82845.34041458747
i:450	82554.10520699638
i:500	82191.18028898296
i:550	82191.18028898296
i:600	82116.50525314144
i:650	82056.13586522255
best: 81746.2488674047
routes: [0, 80, 76, 77, 74, 71, 72, 73, 75, 78, 79, 58, 60, 59, 57, 54, 55, 56, 53, 51, 52, 0, 31, 39, 38, 37, 40, 35, 36, 34, 33, 32, 24, 21, 23, 22, 25, 27, 29, 30, 28, 26, 0, 43, 45, 42, 41, 44, 46, 49, 50, 47, 48, 14, 12, 11, 13, 15, 18, 17, 19, 20, 16, 0, 4, 5, 6, 10, 9, 7, 8, 3, 1, 2, 61, 62, 63, 64, 65, 68, 66, 67, 69, 70, 0]
Elapsed time: 233.45062899589539

i:0	117827.25223394851
i:50	85547.7171036777
i:100	84225.65068620599
i:150	83511.73681802407
i:200	83061.48502449531
i:250	82438.2681064341
i:300	82025.86692999116
i:350	82025.86692999116
i:400	81182.14241643538
i:450	81182.14241643538
i:500	80842.23135502303
i:550	80229.29321516046
i:600	80229.29321516046
i:650	80055.93061767364
best: 80055.93061767364
routes: [0, 4, 3, 6, 5, 10, 9, 7, 8, 2, 1, 61, 62, 63, 64, 65, 68, 66, 67, 69, 70, 0, 51, 52, 53, 56, 54, 55, 57, 59, 60, 58, 79, 80, 76, 77, 74, 71, 72, 73, 75, 78, 0, 43, 42, 41, 44, 46, 45, 47, 49, 50, 48, 11, 12, 13, 15, 14, 17, 19, 20, 18, 16, 0, 31, 34, 33, 38, 39, 40, 36, 35, 37, 32, 21, 23, 22, 25, 27, 29, 30, 28, 26, 24, 0]
Elapsed time: 230.85551857948303

i:0	116739.94436429841
i:50	86241.7539977475
i:100	85135.42646097482
i:150	84495.47989449702
i:200	83687.4165919656
i:250	83687.4165919656
i:300	83392.82062253242
i:350	82693.88562682256
i:400	82615.40393812896
i:450	82428.16107797582
i:500	82428.16107797582
i:550	82428.16107797582
i:600	82428.16107797582
i:650	82428.16107797582
best: 82428.16107797582
routes: [0, 21, 22, 23, 24, 26, 25, 29, 27, 28, 30, 35, 36, 37, 40, 39, 38, 31, 34, 33, 32, 0, 11, 12, 13, 14, 15, 18, 16, 20, 19, 17, 48, 50, 49, 47, 45, 46, 44, 41, 43, 42, 0, 4, 5, 6, 10, 9, 7, 8, 2, 3, 1, 61, 65, 68, 67, 69, 70, 66, 64, 63, 62, 0, 51, 52, 53, 56, 54, 55, 57, 59, 60, 58, 76, 77, 74, 71, 72, 73, 75, 78, 79, 80, 0]
Elapsed time: 214.40135836601257

i:0	117933.09571027776
i:50	83747.03972914786
i:100	82904.53797011334
i:150	82060.06783441952
i:200	81842.79312476741
i:250	81842.79312476741
i:300	81842.79312476741
i:350	81842.79312476741
i:400	81810.595312964
i:450	81249.11642689191
i:500	81160.86806229278
i:550	81160.86806229278
i:600	81160.86806229278
i:650	81160.86806229278
best: 81160.86806229278
routes: [0, 51, 52, 53, 56, 54, 55, 57, 59, 60, 58, 79, 77, 74, 76, 71, 72, 73, 75, 78, 80, 0, 11, 12, 13, 14, 15, 18, 16, 20, 19, 17, 48, 50, 49, 47, 45, 46, 44, 41, 43, 42, 0, 31, 34, 33, 38, 39, 40, 36, 35, 37, 32, 28, 30, 29, 27, 25, 26, 24, 21, 23, 22, 0, 4, 3, 6, 5, 10, 9, 7, 8, 2, 1, 69, 70, 66, 67, 68, 65, 64, 63, 61, 62, 0]
Elapsed time: 204.34855318069458

mean: 81140.86861469035
std: 990.3955140679178
mean-time: 224.47501513957977
std-time: 14.10580602915769