i:0	122746.81384554092
i:50	91306.52899543213
i:100	89574.38720500653
i:150	88091.04603852853
i:200	86480.79326992837
i:250	82673.36880441282
i:300	80078.74246112104
i:350	79692.87455571987
i:400	79570.29885274726
i:450	79175.20465093887
i:500	79175.20465093887
i:550	79175.20465093887
i:600	79175.20465093887
i:650	79175.20465093887
best: 79175.20465093887
routes: [0, 73, 75, 74, 76, 78, 79, 77, 80, 50, 49, 51, 54, 55, 56, 53, 52, 25, 28, 27, 32, 30, 29, 31, 26, 0, 70, 67, 69, 72, 71, 65, 66, 68, 60, 63, 64, 61, 59, 58, 57, 62, 48, 42, 41, 43, 46, 47, 45, 44, 8, 7, 5, 6, 2, 1, 3, 4, 0, 35, 34, 33, 36, 38, 39, 37, 40, 15, 12, 10, 9, 11, 13, 16, 14, 18, 17, 19, 21, 23, 24, 22, 20, 0]
Elapsed time: 234.14415407180786

i:0	123107.47242503645
i:50	85279.72585808643
i:100	80880.95518383093
i:150	77206.04930041097
i:200	76084.30819855709
i:250	75827.80999960298
i:300	75827.80999960298
i:350	75827.80999960298
i:400	75815.85256006494
i:450	75815.85256006494
i:500	75509.88005279157
i:550	75509.88005279157
i:600	75509.88005279157
i:650	75509.88005279157
best: 75509.88005279157
routes: [0, 35, 34, 37, 40, 39, 38, 36, 33, 72, 71, 65, 66, 69, 67, 68, 70, 7, 8, 2, 1, 3, 6, 5, 4, 0, 41, 42, 43, 46, 44, 45, 47, 48, 64, 61, 59, 58, 57, 63, 60, 62, 50, 49, 51, 52, 53, 55, 56, 54, 0, 73, 74, 75, 76, 77, 80, 79, 78, 25, 27, 28, 32, 30, 29, 31, 26, 20, 17, 19, 21, 23, 24, 22, 18, 14, 16, 13, 15, 12, 11, 9, 10, 0]
Elapsed time: 209.49865818023682

i:0	118733.1837363053
i:50	89195.14472920037
i:100	87503.51161871152
i:150	86568.74024436975
i:200	85933.85122823995
i:250	80818.89452565988
i:300	79865.33625958607
i:350	79462.62402110724
i:400	79462.62402110724
i:450	79462.62402110724
i:500	79462.62402110724
i:550	79462.62402110724
i:600	79462.62402110724
i:650	79462.62402110724
best: 79462.62402110724
routes: [0, 17, 19, 21, 23, 24, 22, 20, 18, 14, 16, 13, 15, 12, 11, 10, 9, 35, 40, 39, 37, 38, 36, 33, 34, 7, 8, 2, 1, 3, 6, 5, 4, 0, 70, 67, 69, 72, 71, 65, 66, 68, 63, 62, 60, 57, 59, 58, 61, 64, 48, 46, 47, 45, 44, 43, 41, 42, 0, 75, 76, 77, 78, 80, 79, 73, 74, 49, 51, 50, 54, 55, 56, 53, 52, 25, 28, 27, 32, 30, 29, 31, 26, 0]
Elapsed time: 222.55864715576172

i:0	113072.80709054768
i:50	85107.14681867143
i:100	80329.69414032683
i:150	78702.99962062949
i:200	77694.4790430306
i:250	77583.84252289
i:300	77583.84252289
i:350	77583.84252289
i:400	77583.84252289
i:450	77583.84252289
i:500	77517.9803712984
i:550	77473.7031005723
i:600	77473.7031005723
i:650	77473.7031005723
best: 77473.7031005723
routes: [0, 41, 42, 43, 48, 46, 47, 45, 44, 68, 70, 67, 66, 69, 65, 71, 72, 33, 36, 38, 39, 37, 34, 35, 40, 0, 75, 76, 77, 80, 79, 78, 73, 74, 63, 62, 60, 57, 59, 58, 61, 64, 50, 49, 51, 52, 53, 55, 56, 54, 0, 25, 28, 27, 26, 32, 31, 30, 29, 24, 23, 21, 22, 20, 17, 19, 18, 14, 16, 13, 15, 12, 11, 9, 10, 5, 6, 7, 8, 2, 1, 3, 4, 0]
Elapsed time: 200.55655241012573

i:0	113931.47108782409
i:50	88913.91942422504
i:100	87892.52254026194
i:150	81077.48935839784
i:200	79956.76582079261
i:250	79078.38570897967
i:300	78845.61179231742
i:350	78608.5304602481
i:400	78602.51327529628
i:450	78602.51327529628
i:500	78602.51327529628
i:550	78602.51327529628
i:600	78601.32290812781
i:650	78601.32290812781
best: 78601.32290812781
routes: [0, 73, 74, 75, 77, 80, 79, 78, 76, 50, 49, 51, 52, 53, 55, 56, 54, 25, 28, 27, 32, 30, 29, 31, 26, 0, 60, 63, 64, 61, 59, 58, 57, 62, 48, 42, 41, 43, 46, 47, 45, 44, 7, 8, 2, 1, 3, 6, 5, 4, 0, 17, 19, 18, 21, 23, 24, 22, 20, 14, 11, 12, 15, 16, 13, 10, 9, 35, 40, 39, 38, 36, 37, 34, 33, 72, 71, 65, 66, 69, 67, 70, 68, 0]
Elapsed time: 210.5625720024109

i:0	114676.26977877945
i:50	86886.37720557228
i:100	84641.13768131996
i:150	76414.46253995495
i:200	75214.40634963369
i:250	73791.93841131494
i:300	73147.60880110793
i:350	73147.60880110793
i:400	73147.60880110793
i:450	73147.60880110793
i:500	73147.60880110793
i:550	73106.86236919847
i:600	73106.86236919847
i:650	73106.86236919847
best: 73106.86236919847
routes: [0, 73, 74, 75, 76, 77, 79, 78, 80, 54, 55, 56, 53, 52, 51, 50, 49, 64, 61, 59, 58, 57, 63, 60, 62, 48, 42, 41, 43, 46, 47, 45, 44, 0, 35, 40, 39, 38, 36, 37, 34, 33, 72, 71, 65, 66, 69, 67, 68, 70, 7, 8, 2, 1, 3, 6, 5, 4, 0, 25, 28, 27, 26, 32, 31, 30, 29, 24, 23, 21, 22, 20, 17, 19, 18, 14, 16, 13, 15, 12, 11, 9, 10, 0]
Elapsed time: 217.63565492630005

i:0	116867.87362551561
i:50	91045.63519993844
i:100	89029.46395456896
i:150	88032.30251898756
i:200	79195.78356477176
i:250	78865.14164637659
i:300	78831.34649847765
i:350	78708.77079550503
i:400	78708.77079550503
i:450	78707.08694740925
i:500	78707.08694740925
i:550	78707.08694740925
i:600	78707.08694740925
i:650	78707.08694740925
best: 78657.06889914774
routes: [0, 27, 28, 26, 30, 29, 31, 32, 25, 80, 79, 77, 75, 78, 76, 73, 74, 49, 51, 50, 52, 53, 55, 56, 54, 0, 17, 24, 23, 21, 22, 20, 19, 18, 14, 11, 13, 15, 16, 12, 10, 9, 35, 40, 39, 38, 36, 37, 34, 33, 72, 71, 65, 66, 69, 67, 70, 68, 0, 64, 61, 59, 58, 57, 63, 60, 62, 48, 42, 41, 43, 46, 47, 45, 44, 8, 7, 5, 6, 2, 1, 3, 4, 0]
Elapsed time: 220.88471579551697

i:0	118093.75750191502
i:50	93394.65847138895
i:100	79044.08706777866
i:150	76974.0316413478
i:200	75866.01873423824
i:250	75481.19922685275
i:300	75234.83337887039
i:350	74837.22185048467
i:400	74837.22185048467
i:450	74837.22185048467
i:500	74837.22185048467
i:550	74837.22185048467
i:600	74837.22185048467
i:650	74837.22185048467
best: 74837.22185048467
routes: [0, 11, 14, 16, 13, 15, 12, 10, 9, 35, 34, 37, 40, 39, 38, 36, 33, 72, 71, 65, 66, 69, 67, 68, 70, 7, 8, 2, 1, 3, 6, 5, 4, 0, 73, 74, 75, 76, 77, 80, 79, 78, 25, 27, 28, 32, 30, 29, 31, 26, 24, 23, 21, 22, 20, 17, 19, 18, 0, 41, 42, 43, 46, 44, 45, 47, 48, 62, 60, 61, 59, 58, 57, 63, 64, 50, 49, 51, 52, 53, 55, 56, 54, 0]
Elapsed time: 198.84978652000427

i:0	112923.25726125429
i:50	85445.34201084825
i:100	78887.37069690299
i:150	78432.29066570503
i:200	78230.75631319385
i:250	78230.75631319385
i:300	78230.75631319385
i:350	78230.75631319385
i:400	78230.75631319385
i:450	78230.75631319385
i:500	78099.99578469558
i:550	78099.99578469558
i:600	78099.99578469558
i:650	78099.99578469558
best: 78099.99578469558
routes: [0, 11, 9, 10, 12, 13, 15, 16, 14, 18, 17, 19, 21, 23, 24, 22, 20, 26, 30, 29, 31, 32, 25, 27, 28, 0, 62, 60, 58, 57, 59, 61, 63, 64, 50, 49, 51, 52, 53, 56, 54, 55, 80, 79, 78, 76, 77, 75, 73, 74, 0, 41, 42, 43, 48, 46, 47, 45, 44, 68, 70, 67, 66, 69, 65, 71, 72, 33, 35, 40, 39, 38, 36, 37, 34, 7, 8, 2, 1, 3, 6, 5, 4, 0]
Elapsed time: 190.18183374404907

i:0	117506.63463785482
i:50	89342.16655022462
i:100	78620.67018642016
i:150	76695.47451057682
i:200	75798.52771940388
i:250	75238.76690630335
i:300	75220.02928551302
i:350	74992.79932470243
i:400	74992.79932470243
i:450	74992.79932470243
i:500	74960.58295072873
i:550	74784.42428521106
i:600	74784.42428521106
i:650	74784.42428521106
best: 74784.42428521106
routes: [0, 41, 42, 43, 46, 44, 45, 47, 48, 63, 62, 60, 58, 57, 59, 61, 64, 50, 49, 51, 52, 53, 55, 56, 54, 0, 73, 74, 75, 77, 76, 80, 79, 78, 25, 28, 27, 26, 32, 31, 30, 29, 24, 23, 21, 22, 20, 17, 19, 18, 14, 16, 13, 15, 12, 11, 9, 10, 0, 35, 34, 37, 40, 39, 38, 36, 33, 72, 71, 65, 66, 69, 67, 70, 68, 8, 7, 5, 6, 2, 1, 3, 4, 0]
Elapsed time: 202.5937476158142

mean: 76970.83079222753
std: 2109.3929174966934
mean-time: 210.74663224220276
std-time: 12.544128281052247