i:0	132130.75579553872
i:50	94125.20338763694
i:100	90239.94647905685
i:150	88346.78535685336
i:200	88346.78535685336
i:250	87663.49919349015
i:300	87435.7822018509
i:350	87435.7822018509
i:400	87435.7822018509
i:450	87423.82476231287
i:500	87423.82476231287
i:550	87423.82476231287
i:600	87423.82476231287
i:650	87423.82476231287
best: 87423.82476231287
routes: [0, 73, 74, 75, 76, 77, 80, 79, 78, 54, 55, 56, 53, 50, 49, 51, 52, 0, 35, 34, 37, 40, 39, 38, 36, 33, 71, 72, 69, 67, 65, 66, 70, 68, 0, 25, 28, 27, 32, 31, 30, 29, 26, 24, 23, 21, 22, 20, 17, 19, 18, 0, 4, 3, 1, 2, 7, 8, 6, 5, 9, 11, 10, 12, 13, 15, 16, 14, 0, 60, 58, 57, 59, 61, 64, 63, 62, 48, 46, 47, 45, 44, 43, 41, 42, 0]
Elapsed time: 164.6773808002472

i:0	124122.57678029776
i:50	92338.77832659397
i:100	89483.7761480188
i:150	89278.49518979093
i:200	89278.49518979093
i:250	89278.49518979093
i:300	88705.22043596784
i:350	87868.04701238681
i:400	87496.35155225749
i:450	87496.35155225749
i:500	87496.35155225749
i:550	87496.35155225749
i:600	87496.35155225749
i:650	87496.35155225749
best: 87496.35155225749
routes: [0, 73, 74, 75, 77, 80, 79, 78, 76, 50, 49, 51, 52, 53, 55, 56, 54, 0, 25, 28, 27, 26, 32, 31, 30, 29, 24, 23, 21, 22, 20, 17, 19, 18, 0, 35, 34, 37, 40, 39, 38, 36, 33, 71, 72, 69, 67, 65, 66, 70, 68, 0, 4, 3, 1, 2, 7, 8, 6, 5, 9, 11, 10, 12, 13, 15, 16, 14, 0, 64, 61, 59, 58, 57, 63, 60, 62, 48, 43, 41, 42, 46, 47, 45, 44, 0]
Elapsed time: 149.7567479610443

i:0	124278.09060340699
i:50	93643.3046221795
i:100	88649.83008838646
i:150	88338.10878762108
i:200	88338.10878762108
i:250	87928.69474977598
i:300	87693.1315050617
i:350	87532.42909910218
i:400	87209.15666687918
i:450	87209.15666687918
i:500	87209.15666687918
i:550	87209.15666687918
i:600	87209.15666687918
i:650	87209.15666687918
best: 87209.15666687918
routes: [0, 25, 28, 27, 26, 32, 31, 30, 29, 24, 23, 21, 22, 20, 17, 19, 18, 0, 75, 77, 80, 79, 78, 76, 73, 74, 50, 49, 51, 52, 53, 55, 56, 54, 0, 41, 42, 43, 46, 44, 45, 47, 48, 64, 61, 59, 58, 57, 63, 60, 62, 0, 4, 3, 1, 2, 7, 8, 6, 5, 9, 11, 10, 12, 13, 15, 16, 14, 0, 35, 40, 39, 38, 36, 37, 34, 33, 71, 72, 69, 67, 65, 66, 70, 68, 0]
Elapsed time: 157.18112969398499

i:0	117683.49746595722
i:50	93607.50192565737
i:100	91003.43580057124
i:150	90562.37394128271
i:200	90548.47692778314
i:250	90405.82760124735
i:300	90405.82760124735
i:350	90405.82760124735
i:400	90405.82760124735
i:450	90405.82760124735
i:500	90276.01678811043
i:550	90276.01678811043
i:600	90276.01678811043
i:650	90276.01678811043
best: 90276.01678811043
routes: [0, 70, 68, 67, 69, 65, 66, 71, 72, 33, 35, 40, 39, 38, 36, 37, 34, 0, 25, 28, 27, 32, 31, 30, 29, 26, 24, 23, 21, 22, 20, 17, 19, 18, 0, 41, 42, 43, 46, 44, 45, 47, 48, 63, 64, 61, 59, 58, 57, 62, 60, 0, 9, 11, 14, 13, 15, 16, 12, 10, 5, 7, 8, 6, 2, 1, 3, 4, 0, 73, 74, 75, 76, 77, 80, 79, 78, 54, 55, 56, 53, 50, 49, 51, 52, 0]
Elapsed time: 157.05186009407043

i:0	129094.76141602464
i:50	94391.6877914942
i:100	89156.2356960574
i:150	88313.34153942535
i:200	88071.2449829724
i:250	88045.1798923121
i:300	88045.1798923121
i:350	87848.47723164684
i:400	87848.47723164684
i:450	87848.47723164684
i:500	87848.47723164684
i:550	87848.47723164684
i:600	87848.47723164684
i:650	87848.47723164684
best: 87848.47723164684
routes: [0, 35, 34, 37, 40, 39, 38, 36, 33, 71, 72, 69, 67, 65, 66, 70, 68, 0, 41, 42, 43, 46, 44, 45, 47, 48, 64, 61, 59, 58, 57, 63, 60, 62, 0, 75, 77, 80, 79, 78, 76, 73, 74, 50, 49, 51, 52, 53, 55, 56, 54, 0, 4, 3, 1, 2, 7, 8, 6, 5, 9, 11, 10, 12, 13, 15, 16, 14, 0, 25, 32, 30, 29, 31, 28, 27, 26, 24, 23, 21, 22, 20, 19, 17, 18, 0]
Elapsed time: 160.89741611480713

i:0	123780.63475718626
i:50	94566.59979792562
i:100	89761.93967316169
i:150	87976.96315305201
i:200	87864.80955147491
i:250	87864.80955147491
i:300	87864.80955147491
i:350	87839.06349404115
i:400	87839.06349404115
i:450	87839.06349404115
i:500	87839.06349404115
i:550	87839.06349404115
i:600	87839.06349404115
i:650	87839.06349404115
best: 87839.06349404115
routes: [0, 35, 34, 37, 40, 39, 38, 36, 33, 71, 72, 69, 67, 65, 66, 70, 68, 0, 73, 74, 75, 76, 77, 80, 79, 78, 54, 55, 56, 53, 50, 49, 51, 52, 0, 4, 3, 1, 2, 7, 8, 6, 5, 9, 11, 10, 12, 13, 15, 16, 14, 0, 60, 58, 57, 59, 61, 64, 63, 62, 48, 46, 47, 45, 44, 43, 41, 42, 0, 25, 28, 27, 32, 31, 30, 29, 26, 24, 23, 22, 21, 20, 17, 19, 18, 0]
Elapsed time: 155.50732016563416

i:0	128209.86572162904
i:50	93976.8491316013
i:100	88785.99258254943
i:150	88785.99258254943
i:200	88785.99258254943
i:250	88785.99258254943
i:300	88260.73973466564
i:350	88089.74001029649
i:400	88077.78257075846
i:450	88077.78257075846
i:500	88077.78257075846
i:550	88077.78257075846
i:600	88077.78257075846
i:650	88077.78257075846
best: 88077.78257075846
routes: [0, 17, 19, 18, 21, 24, 23, 22, 20, 26, 30, 29, 31, 32, 27, 28, 25, 0, 4, 3, 1, 2, 7, 8, 6, 5, 9, 11, 10, 12, 13, 15, 16, 14, 0, 41, 42, 43, 46, 44, 45, 47, 48, 63, 64, 61, 59, 58, 57, 62, 60, 0, 75, 77, 80, 79, 78, 76, 73, 74, 50, 49, 51, 52, 53, 55, 56, 54, 0, 35, 34, 37, 40, 39, 38, 36, 33, 71, 72, 69, 67, 65, 66, 70, 68, 0]
Elapsed time: 150.0761203765869

i:0	121369.09668001044
i:50	93783.36150690264
i:100	88507.87633554148
i:150	87681.3831326844
i:200	87681.3831326844
i:250	87681.3831326844
i:300	87193.61003608064
i:350	86921.14989640797
i:400	86921.14989640797
i:450	86921.14989640797
i:500	86921.14989640797
i:550	86921.14989640797
i:600	86921.14989640797
i:650	86921.14989640797
best: 86921.14989640797
routes: [0, 25, 28, 27, 32, 31, 30, 29, 26, 24, 23, 21, 22, 20, 17, 19, 18, 0, 4, 5, 6, 3, 1, 2, 8, 7, 9, 11, 10, 12, 13, 15, 16, 14, 0, 73, 74, 75, 76, 77, 80, 79, 78, 54, 55, 56, 53, 50, 49, 51, 52, 0, 35, 34, 37, 40, 39, 38, 36, 33, 71, 72, 69, 67, 65, 66, 70, 68, 0, 41, 42, 43, 46, 44, 45, 47, 48, 63, 64, 61, 59, 58, 57, 62, 60, 0]
Elapsed time: 156.18300437927246

i:0	123212.49292171514
i:50	94286.01154179349
i:100	92157.83812946905
i:150	89046.24542237633
i:200	89046.24542237633
i:250	88501.94304793784
i:300	87928.66829411474
i:350	87928.66829411474
i:400	87928.66829411474
i:450	87928.66829411474
i:500	87928.66829411474
i:550	87928.66829411474
i:600	87928.66829411474
i:650	87928.66829411474
best: 87928.66829411474
routes: [0, 4, 5, 6, 3, 1, 2, 8, 7, 9, 11, 10, 12, 13, 15, 16, 14, 0, 25, 28, 27, 26, 32, 31, 30, 29, 24, 23, 21, 22, 20, 17, 19, 18, 0, 75, 77, 80, 79, 78, 76, 73, 74, 49, 54, 55, 56, 53, 52, 51, 50, 0, 64, 61, 59, 58, 57, 63, 60, 62, 48, 46, 47, 45, 44, 43, 41, 42, 0, 35, 40, 39, 38, 36, 37, 34, 33, 71, 72, 69, 67, 65, 66, 70, 68, 0]
Elapsed time: 167.35856866836548

i:0	124731.98076081653
i:50	90285.20781497576
i:100	88593.37595671698
i:150	88206.28409503303
i:200	87600.70588780552
i:250	87455.13451472396
i:300	87278.50172108988
i:350	87278.50172108988
i:400	87278.50172108988
i:450	87278.50172108988
i:500	87278.50172108988
i:550	87278.50172108988
i:600	87278.50172108988
i:650	87278.50172108988
best: 87278.50172108988
routes: [0, 35, 34, 37, 40, 39, 38, 36, 33, 71, 72, 69, 67, 65, 66, 70, 68, 0, 41, 42, 43, 46, 44, 45, 47, 48, 64, 61, 59, 58, 57, 63, 60, 62, 0, 4, 3, 1, 2, 7, 8, 6, 5, 9, 11, 10, 12, 13, 15, 16, 14, 0, 73, 74, 75, 76, 77, 80, 79, 78, 54, 55, 56, 53, 50, 49, 51, 52, 0, 25, 28, 27, 26, 32, 29, 31, 30, 24, 23, 21, 22, 20, 17, 19, 18, 0]
Elapsed time: 152.06021761894226

mean: 87829.89929776192
std: 885.8023556679688
mean-time: 157.07497658729554
std-time: 5.559793968969986