i:0	153587.44061241517
i:50	117446.61335757762
i:100	114960.09606398435
i:150	110521.26988789579
i:200	109868.35044597118
i:250	107488.03702154814
i:300	105516.90864221693
i:350	104827.55552975889
i:400	104566.17934370328
i:450	104226.0102860148
i:500	103779.17820273631
i:550	103779.17820273631
i:600	103779.17820273631
i:650	103779.17820273631
best: 103779.17820273631
routes: [0, 91, 92, 93, 94, 95, 96, 97, 98, 99, 100, 31, 39, 40, 35, 36, 37, 38, 34, 33, 32, 0, 69, 70, 66, 67, 68, 65, 64, 63, 61, 62, 0, 43, 45, 47, 49, 50, 48, 46, 44, 41, 42, 0, 13, 11, 12, 14, 15, 17, 19, 20, 18, 16, 0, 84, 83, 82, 81, 87, 88, 85, 86, 89, 90, 0, 21, 23, 22, 25, 27, 29, 30, 28, 26, 24, 0, 1, 2, 8, 7, 9, 10, 5, 6, 3, 4, 0, 51, 52, 53, 56, 54, 55, 57, 59, 60, 58, 76, 77, 74, 71, 72, 73, 75, 78, 79, 80, 0]
Elapsed time: 252.80111956596375

i:0	147576.33158705014
i:50	117005.57722495313
i:100	114218.85720905663
i:150	111771.28565234397
i:200	110282.5099538991
i:250	107752.2084007942
i:300	107096.26856107682
i:350	106976.41254282567
i:400	106429.55618334799
i:450	104443.30309569197
i:500	104197.9002459273
i:550	104197.9002459273
i:600	104197.90024592729
i:650	104197.90024592729
best: 104197.90024592729
routes: [0, 91, 92, 93, 94, 95, 96, 97, 98, 99, 100, 31, 39, 38, 40, 35, 36, 37, 32, 33, 34, 0, 21, 23, 25, 27, 29, 30, 28, 26, 24, 22, 0, 4, 1, 3, 6, 5, 10, 9, 7, 8, 2, 0, 84, 83, 82, 81, 87, 88, 85, 86, 89, 90, 0, 51, 53, 52, 54, 55, 57, 56, 59, 60, 58, 76, 77, 74, 71, 72, 73, 75, 78, 79, 80, 0, 61, 62, 63, 64, 65, 68, 67, 66, 69, 70, 0, 43, 45, 42, 41, 44, 46, 49, 50, 47, 48, 0, 13, 11, 12, 14, 15, 17, 19, 20, 18, 16, 0]
Elapsed time: 278.0074532032013

i:0	158498.92783266018
i:50	112383.3481390109
i:100	111150.25404837722
i:150	110137.95979397313
i:200	109261.94035329747
i:250	109261.94035329747
i:300	108574.58945894585
i:350	107726.75423164881
i:400	106457.3743677501
i:450	104353.74795708907
i:500	104158.93785613979
i:550	103703.44080946024
i:600	103703.44080946023
i:650	103703.44080946023
best: 103703.44080946023
routes: [0, 43, 42, 41, 44, 45, 47, 46, 49, 50, 48, 0, 51, 52, 53, 56, 54, 55, 57, 59, 60, 58, 79, 77, 76, 74, 71, 72, 73, 75, 78, 80, 0, 11, 12, 14, 17, 19, 20, 18, 15, 13, 16, 0, 84, 83, 82, 81, 87, 88, 85, 86, 89, 90, 0, 5, 6, 10, 9, 7, 8, 2, 1, 3, 4, 0, 33, 34, 32, 37, 36, 35, 40, 39, 38, 31, 100, 99, 98, 97, 96, 95, 94, 93, 91, 92, 0, 61, 62, 63, 64, 65, 68, 67, 66, 69, 70, 0, 21, 23, 22, 25, 27, 29, 30, 28, 26, 24, 0]
Elapsed time: 276.3981170654297

i:0	155482.62114411464
i:50	114889.95877735892
i:100	114462.33749849896
i:150	112782.04334012864
i:200	110944.50806135891
i:250	109956.92757723761
i:300	107924.71576081493
i:350	106486.1617368884
i:400	104742.58515614021
i:450	103662.91543082119
i:500	103622.43526892616
i:550	103622.43526892616
i:600	103622.43526892616
i:650	103622.43526892616
best: 103622.43526892616
routes: [0, 90, 84, 86, 89, 85, 83, 82, 81, 87, 88, 0, 61, 62, 63, 64, 65, 68, 67, 66, 69, 70, 0, 13, 11, 12, 14, 15, 17, 19, 20, 18, 16, 0, 21, 23, 22, 25, 27, 29, 30, 28, 26, 24, 0, 91, 92, 93, 94, 95, 96, 97, 98, 99, 100, 31, 39, 40, 35, 36, 37, 38, 34, 33, 32, 0, 43, 45, 47, 49, 50, 48, 46, 44, 41, 42, 0, 4, 3, 6, 5, 10, 9, 7, 8, 2, 1, 0, 51, 52, 53, 56, 54, 55, 57, 59, 60, 58, 79, 80, 78, 75, 73, 72, 71, 74, 77, 76, 0]
Elapsed time: 265.64318680763245

i:0	154714.01051217187
i:50	118358.81425165384
i:100	115283.92889663424
i:150	113471.85630642301
i:200	112537.15058585243
i:250	112235.34663020603
i:300	111208.25206914147
i:350	109517.62948139392
i:400	108775.37306300536
i:450	106807.52432055054
i:500	106684.9108510471
i:550	106305.85396148934
i:600	106237.19056479128
i:650	106237.19056479128
best: 106237.19056479128
routes: [0, 21, 23, 25, 27, 29, 30, 28, 26, 24, 22, 0, 33, 34, 32, 37, 36, 35, 40, 39, 38, 31, 100, 99, 98, 97, 96, 95, 94, 93, 91, 92, 0, 43, 48, 47, 45, 42, 41, 44, 46, 49, 50, 0, 76, 77, 74, 71, 72, 73, 75, 78, 80, 79, 58, 60, 59, 57, 56, 53, 51, 52, 55, 54, 0, 90, 89, 88, 87, 81, 82, 83, 85, 86, 84, 0, 61, 62, 63, 64, 65, 68, 67, 66, 69, 70, 0, 3, 6, 5, 10, 9, 7, 8, 2, 1, 4, 0, 13, 11, 12, 14, 15, 17, 19, 20, 18, 16, 0]
Elapsed time: 291.50285601615906

i:0	146939.0461821129
i:50	116506.44421111653
i:100	113700.33081456591
i:150	112905.09783672122
i:200	112478.3070395615
i:250	110704.59937987654
i:300	109849.98011430366
i:350	109624.27325760703
i:400	108974.79942630311
i:450	108313.98145260989
i:500	107352.22723905237
i:550	106678.08204695754
i:600	106666.49047953352
i:650	106666.49047953352
best: 106666.49047953352
routes: [0, 76, 77, 74, 71, 72, 73, 75, 78, 80, 79, 58, 60, 59, 57, 56, 55, 54, 53, 51, 52, 0, 61, 62, 63, 65, 68, 67, 69, 70, 66, 64, 0, 84, 86, 85, 83, 82, 81, 87, 88, 89, 90, 0, 91, 92, 93, 94, 95, 96, 97, 98, 99, 100, 31, 39, 38, 40, 35, 36, 37, 32, 33, 34, 0, 43, 45, 42, 41, 44, 46, 49, 50, 47, 48, 0, 21, 23, 22, 25, 27, 29, 30, 28, 26, 24, 0, 1, 3, 2, 8, 7, 9, 10, 5, 6, 4, 0, 13, 11, 12, 14, 15, 17, 19, 20, 18, 16, 0]
Elapsed time: 282.1192648410797

i:0	156197.4950033896
i:50	121027.72382630967
i:100	114779.33656751919
i:150	112486.9170131838
i:200	112163.56401395086
i:250	111900.86791020463
i:300	109733.25971107977
i:350	108594.81470553073
i:400	106992.0225992264
i:450	106317.03636295206
i:500	105943.95884840308
i:550	105943.95884840307
i:600	105687.50424172239
i:650	105687.50424172239
best: 105687.50424172239
routes: [0, 43, 45, 42, 41, 44, 46, 49, 50, 47, 48, 0, 21, 23, 22, 25, 27, 29, 30, 28, 26, 24, 0, 69, 70, 66, 67, 68, 65, 64, 63, 61, 62, 0, 90, 84, 86, 89, 85, 83, 82, 81, 87, 88, 0, 79, 77, 74, 71, 72, 73, 75, 78, 80, 76, 59, 60, 58, 52, 51, 53, 56, 57, 55, 54, 0, 91, 92, 93, 94, 95, 96, 97, 98, 99, 100, 31, 33, 32, 37, 36, 35, 40, 39, 38, 34, 0, 13, 11, 12, 14, 15, 17, 19, 20, 18, 16, 0, 4, 3, 6, 5, 10, 9, 7, 8, 2, 1, 0]
Elapsed time: 291.377170085907

i:0	153137.8355975094
i:50	119471.03172788948
i:100	116783.38997932254
i:150	114588.8946286242
i:200	113211.12562576181
i:250	111968.21327350334
i:300	110106.87886208193
i:350	108573.08804430962
i:400	108338.2147161509
i:450	107171.48514925028
i:500	105354.54873389154
i:550	104869.01319324019
i:600	104828.18298099478
i:650	104828.18298099478
best: 104828.18298099478
routes: [0, 43, 42, 41, 44, 45, 47, 46, 49, 50, 48, 0, 84, 83, 82, 81, 87, 88, 85, 86, 89, 90, 0, 21, 23, 22, 25, 27, 29, 30, 28, 26, 24, 0, 91, 92, 93, 94, 95, 96, 97, 98, 99, 100, 31, 39, 40, 35, 36, 37, 38, 34, 33, 32, 0, 78, 75, 73, 72, 71, 74, 77, 76, 79, 80, 58, 60, 59, 57, 56, 55, 54, 53, 51, 52, 0, 69, 70, 66, 67, 68, 65, 64, 63, 61, 62, 0, 13, 11, 12, 14, 15, 17, 19, 20, 18, 16, 0, 1, 3, 2, 8, 7, 9, 10, 5, 6, 4, 0]
Elapsed time: 284.43268966674805

i:0	154739.82810341977
i:50	116305.89703525127
i:100	113263.84877588713
i:150	111634.23062579994
i:200	109491.60205279407
i:250	109099.12593556468
i:300	108176.74342780645
i:350	105507.33004792169
i:400	103875.08311466026
i:450	103267.9387628
i:500	103267.9387628
i:550	103267.9387628
i:600	103267.9387628
i:650	103267.9387628
best: 103267.9387628
routes: [0, 91, 92, 93, 94, 95, 96, 97, 98, 99, 100, 31, 39, 38, 40, 35, 36, 37, 32, 33, 34, 0, 43, 42, 41, 44, 45, 47, 46, 49, 50, 48, 0, 21, 23, 22, 25, 27, 29, 30, 28, 26, 24, 0, 69, 70, 66, 67, 68, 65, 64, 63, 61, 62, 0, 13, 11, 12, 14, 15, 17, 19, 20, 18, 16, 0, 3, 6, 5, 10, 9, 7, 8, 2, 1, 4, 0, 90, 84, 86, 89, 85, 83, 82, 81, 87, 88, 0, 51, 52, 53, 56, 54, 55, 57, 59, 60, 58, 79, 80, 78, 75, 73, 72, 71, 74, 77, 76, 0]
Elapsed time: 249.93044185638428

i:0	158697.2111265568
i:50	121280.15844539317
i:100	119834.77079440137
i:150	118056.41863782535
i:200	116580.10743543941
i:250	114120.18145467555
i:300	112391.71451925588
i:350	111726.79164877353
i:400	110824.53109922705
i:450	109750.7320808806
i:500	107336.30376013031
i:550	107207.67694459419
i:600	107207.67694459419
i:650	107207.67694459419
best: 107207.67694459419
routes: [0, 61, 62, 63, 64, 65, 68, 67, 66, 69, 70, 0, 21, 23, 22, 25, 26, 27, 29, 30, 28, 24, 0, 13, 11, 12, 14, 15, 17, 19, 20, 18, 16, 0, 1, 3, 2, 8, 7, 9, 10, 5, 6, 4, 0, 43, 42, 41, 44, 45, 47, 46, 49, 50, 48, 0, 90, 89, 88, 87, 81, 82, 83, 85, 86, 84, 0, 75, 73, 72, 71, 74, 77, 76, 79, 80, 78, 58, 59, 60, 56, 52, 51, 53, 57, 55, 54, 0, 32, 37, 36, 35, 40, 39, 38, 33, 34, 31, 100, 99, 97, 98, 96, 95, 94, 93, 91, 92, 0]
Elapsed time: 275.9950656890869

i:0	155769.01115287983
i:50	117306.53663621281
i:100	115770.10493091795
i:150	113969.70693225549
i:200	112133.92420799716
i:250	111076.93766071979
i:300	111020.58200279478
i:350	109918.58760875609
i:400	108652.50467307516
i:450	108354.51510513789
i:500	108163.20522375854
i:550	107824.16260834018
i:600	107772.94343404648
i:650	107772.94343404648
best: 107772.94343404648
routes: [0, 21, 22, 23, 24, 26, 25, 27, 29, 30, 28, 0, 75, 73, 72, 71, 74, 77, 76, 79, 80, 78, 58, 60, 59, 57, 56, 55, 54, 53, 51, 52, 0, 69, 70, 66, 67, 68, 65, 64, 63, 61, 62, 0, 13, 11, 12, 14, 15, 17, 19, 20, 18, 16, 0, 43, 45, 42, 41, 44, 46, 49, 50, 47, 48, 0, 90, 84, 86, 89, 85, 83, 82, 81, 87, 88, 0, 33, 32, 38, 39, 40, 35, 36, 37, 34, 31, 100, 99, 98, 97, 96, 95, 94, 93, 91, 92, 0, 4, 3, 6, 5, 10, 9, 7, 8, 2, 1, 0]
Elapsed time: 299.31003165245056

i:0	155964.8794396328
i:50	120147.74630327869
i:100	117976.89802509228
i:150	116795.16897975399
i:200	114689.54982392385
i:250	113868.74944494377
i:300	112179.27579346969
i:350	108996.41106776483
i:400	108112.92801259019
i:450	106150.95662400048
i:500	105993.50392325912
i:550	105993.50392325912
i:600	105993.50392325912
i:650	105993.50392325912
best: 105993.50392325912
routes: [0, 76, 74, 71, 72, 73, 75, 78, 77, 79, 80, 58, 59, 60, 56, 52, 51, 53, 57, 55, 54, 0, 21, 23, 25, 27, 29, 30, 28, 26, 24, 22, 0, 11, 12, 17, 19, 20, 18, 15, 14, 13, 16, 0, 43, 42, 41, 44, 45, 47, 46, 49, 50, 48, 0, 1, 2, 8, 7, 9, 10, 5, 6, 3, 4, 0, 61, 62, 63, 64, 65, 68, 67, 66, 69, 70, 0, 90, 89, 88, 87, 81, 82, 83, 85, 86, 84, 0, 33, 34, 32, 37, 36, 35, 40, 39, 38, 31, 100, 99, 98, 97, 96, 95, 94, 93, 91, 92, 0]
Elapsed time: 264.2037618160248

i:0	150750.15239934568
i:50	118187.65672469567
i:100	114620.38042469628
i:150	113227.74872731909
i:200	111278.38767894733
i:250	111197.37215918428
i:300	109631.23534489764
i:350	108539.121853054
i:400	108143.47746963348
i:450	107420.93141188117
i:500	105082.97930068568
i:550	104854.46410209325
i:600	104854.46410209325
i:650	104854.46410209325
best: 104854.46410209325
routes: [0, 43, 45, 47, 49, 50, 48, 46, 44, 41, 42, 0, 51, 52, 53, 56, 54, 55, 57, 59, 60, 58, 79, 80, 77, 76, 74, 71, 72, 73, 75, 78, 0, 33, 32, 37, 36, 35, 40, 39, 38, 34, 31, 100, 99, 98, 97, 96, 95, 94, 93, 91, 92, 0, 13, 11, 12, 14, 15, 17, 19, 20, 18, 16, 0, 90, 86, 89, 85, 83, 82, 81, 87, 88, 84, 0, 61, 62, 63, 64, 65, 68, 67, 66, 69, 70, 0, 21, 25, 27, 29, 30, 28, 26, 24, 23, 22, 0, 3, 6, 5, 10, 9, 7, 8, 2, 1, 4, 0]
Elapsed time: 280.89567589759827

i:0	152698.69583727763
i:50	120664.07729240018
i:100	117355.79570349281
i:150	114467.20552648939
i:200	113642.5888463388
i:250	112558.79137449477
i:300	110980.98471822622
i:350	109972.70768692822
i:400	107722.04883625764
i:450	106168.90878812951
i:500	105612.08011624713
i:550	105612.08011624713
i:600	105612.08011624713
i:650	105612.08011624713
best: 105612.08011624713
routes: [0, 76, 77, 74, 71, 72, 73, 75, 78, 80, 79, 58, 60, 59, 57, 56, 55, 54, 53, 51, 52, 0, 43, 45, 47, 49, 50, 48, 46, 44, 41, 42, 0, 21, 23, 22, 25, 27, 29, 30, 28, 26, 24, 0, 13, 11, 12, 14, 15, 17, 19, 20, 18, 16, 0, 90, 89, 88, 87, 81, 82, 83, 85, 86, 84, 0, 61, 62, 63, 64, 65, 68, 67, 66, 69, 70, 0, 91, 92, 93, 94, 95, 96, 97, 98, 99, 100, 31, 33, 34, 38, 39, 40, 35, 36, 37, 32, 0, 5, 6, 10, 9, 7, 8, 2, 1, 3, 4, 0]
Elapsed time: 270.7981536388397

i:0	150647.26156845756
i:50	117832.75374913243
i:100	116850.02856972939
i:150	115154.03226308817
i:200	113763.63323085583
i:250	113153.61425129906
i:300	110635.55666935348
i:350	109550.96529077654
i:400	108909.32787483318
i:450	107991.62738279118
i:500	107898.3599080394
i:550	107257.97063017603
i:600	107061.06403910727
i:650	107061.06403910727
best: 107061.06403910727
routes: [0, 61, 62, 63, 65, 68, 67, 69, 70, 66, 64, 0, 43, 42, 41, 44, 45, 47, 46, 49, 50, 48, 0, 13, 11, 12, 14, 17, 19, 20, 18, 15, 16, 0, 21, 23, 25, 27, 29, 30, 28, 26, 24, 22, 0, 4, 3, 6, 5, 10, 9, 7, 8, 2, 1, 0, 90, 89, 88, 87, 81, 82, 83, 85, 86, 84, 0, 91, 92, 93, 94, 95, 96, 97, 98, 99, 100, 31, 33, 34, 38, 39, 40, 35, 36, 37, 32, 0, 76, 74, 71, 72, 73, 75, 78, 77, 79, 80, 58, 60, 59, 57, 56, 53, 51, 52, 55, 54, 0]
Elapsed time: 317.2723071575165

i:0	146422.43769033102
i:50	116522.1016854102
i:100	111810.37287890975
i:150	110630.20733933347
i:200	109758.32085779158
i:250	109748.39989954984
i:300	109544.34211289404
i:350	109281.80254510522
i:400	108507.76366668362
i:450	107844.37775572069
i:500	106382.13540135484
i:550	105481.40541130728
i:600	105481.40541130728
i:650	105481.40541130728
best: 105481.40541130726
routes: [0, 76, 74, 71, 72, 73, 75, 78, 77, 79, 80, 58, 56, 54, 55, 57, 59, 60, 53, 51, 52, 0, 21, 23, 22, 25, 26, 27, 29, 30, 28, 24, 0, 43, 42, 41, 44, 45, 47, 46, 49, 50, 48, 0, 1, 3, 2, 8, 7, 9, 10, 5, 6, 4, 0, 13, 11, 12, 14, 15, 17, 19, 20, 18, 16, 0, 84, 86, 85, 83, 82, 81, 87, 88, 89, 90, 0, 61, 62, 63, 64, 65, 68, 67, 66, 69, 70, 0, 91, 92, 93, 94, 95, 96, 97, 98, 99, 100, 31, 33, 34, 38, 39, 40, 35, 36, 37, 32, 0]
Elapsed time: 299.08074426651

i:0	156363.36894460002
i:50	115939.32844029032
i:100	113690.42142730948
i:150	112021.34876549065
i:200	111321.80042817374
i:250	110087.86302346058
i:300	108910.10480555746
i:350	108910.10480555745
i:400	107963.99736692445
i:450	107260.819376787
i:500	106903.1300005273
i:550	106757.86097765717
i:600	106491.20502172616
i:650	106491.20502172616
best: 106491.20502172616
routes: [0, 91, 92, 93, 94, 95, 96, 97, 98, 99, 100, 31, 33, 34, 38, 39, 40, 35, 36, 37, 32, 0, 51, 53, 52, 54, 55, 57, 56, 59, 60, 58, 79, 77, 76, 74, 71, 72, 73, 75, 78, 80, 0, 43, 45, 47, 49, 50, 48, 46, 44, 41, 42, 0, 90, 89, 88, 87, 81, 82, 83, 85, 86, 84, 0, 61, 63, 66, 69, 70, 67, 68, 65, 64, 62, 0, 21, 25, 27, 29, 30, 28, 26, 24, 23, 22, 0, 1, 3, 2, 8, 7, 9, 10, 5, 6, 4, 0, 13, 11, 12, 14, 15, 17, 19, 20, 18, 16, 0]
Elapsed time: 282.8753957748413

i:0	159806.7938731368
i:50	114763.56882771348
i:100	112004.84303111507
i:150	111444.43481359446
i:200	110791.62221803205
i:250	110248.2089999202
i:300	109828.02712011978
i:350	107775.03649672611
i:400	107019.5664490374
i:450	106035.13158819894
i:500	105165.65219532816
i:550	104856.62951696417
i:600	104838.77874482512
i:650	104838.77874482512
best: 104838.77874482512
routes: [0, 43, 45, 47, 49, 50, 48, 46, 44, 41, 42, 0, 91, 92, 93, 94, 95, 96, 97, 98, 99, 100, 31, 39, 38, 40, 35, 36, 37, 32, 33, 34, 0, 69, 70, 66, 67, 68, 65, 64, 63, 61, 62, 0, 3, 6, 5, 10, 9, 7, 8, 2, 1, 4, 0, 51, 53, 52, 54, 55, 57, 56, 59, 60, 58, 76, 77, 74, 71, 72, 73, 75, 78, 79, 80, 0, 13, 11, 12, 14, 15, 17, 19, 20, 18, 16, 0, 90, 86, 89, 84, 83, 85, 82, 81, 87, 88, 0, 21, 23, 22, 25, 26, 27, 29, 30, 28, 24, 0]
Elapsed time: 286.022287607193

i:0	153213.1056916692
i:50	117068.24210105947
i:100	114961.78307375102
i:150	112005.92750777153
i:200	110920.68268800859
i:250	110296.68892753497
i:300	108573.91075165926
i:350	107412.45226990551
i:400	104781.78238167685
i:450	104373.16544748755
i:500	103679.99545688993
i:550	103585.76645730977
i:600	103270.3291907518
i:650	103270.3291907518
best: 103270.3291907518
routes: [0, 91, 92, 93, 94, 95, 96, 97, 98, 99, 100, 31, 39, 38, 40, 35, 36, 37, 32, 33, 34, 0, 61, 62, 63, 64, 65, 68, 67, 66, 69, 70, 0, 1, 3, 2, 8, 7, 9, 10, 5, 6, 4, 0, 43, 42, 41, 44, 45, 47, 46, 49, 50, 48, 0, 21, 23, 22, 25, 27, 29, 30, 28, 26, 24, 0, 51, 52, 53, 56, 54, 55, 57, 59, 60, 58, 76, 77, 74, 71, 72, 73, 75, 78, 79, 80, 0, 90, 86, 89, 88, 87, 81, 82, 85, 83, 84, 0, 13, 11, 12, 14, 15, 17, 19, 20, 18, 16, 0]
Elapsed time: 297.64515137672424

i:0	145593.13540664708
i:50	119320.60825450007
i:100	116191.02002439422
i:150	115899.19187990415
i:200	114125.29080303617
i:250	112114.80843950306
i:300	110241.69147885616
i:350	108728.68569086363
i:400	107921.70163836134
i:450	107073.42108720465
i:500	105696.4133180366
i:550	105388.85422136389
i:600	105275.25026884227
i:650	105275.25026884227
best: 105275.25026884227
routes: [0, 21, 23, 22, 25, 27, 29, 30, 28, 26, 24, 0, 84, 86, 85, 83, 82, 81, 87, 88, 89, 90, 0, 43, 41, 44, 46, 49, 50, 48, 47, 45, 42, 0, 91, 92, 93, 94, 95, 96, 97, 98, 99, 100, 31, 39, 38, 40, 35, 36, 37, 32, 33, 34, 0, 76, 74, 71, 72, 73, 75, 78, 77, 79, 80, 58, 60, 59, 57, 56, 53, 51, 52, 55, 54, 0, 61, 62, 63, 64, 65, 68, 67, 66, 69, 70, 0, 13, 11, 12, 14, 15, 17, 19, 20, 18, 16, 0, 4, 1, 3, 6, 5, 10, 9, 7, 8, 2, 0]
Elapsed time: 300.6293098926544

mean: 105292.44813768461
std: 1333.3214636800576
mean-time: 282.34700919389724
std-time: 16.28099426481706