i:0	147688.58655143122
i:50	105749.24238283338
i:100	99996.7465686189
i:150	97028.70616754769
i:200	94697.71226745138
i:250	92477.62177217827
i:300	91248.12964319235
i:350	90917.70195119819
i:400	90889.14569443197
i:450	90775.02433802625
i:500	90453.85468670177
i:550	90453.85468670177
i:600	90453.85468670177
i:650	90453.85468670177
best: 90453.85468670177
routes: [0, 76, 74, 71, 72, 73, 75, 78, 77, 79, 80, 58, 60, 59, 57, 54, 55, 56, 53, 51, 52, 2, 1, 3, 8, 7, 9, 10, 5, 6, 4, 0, 69, 70, 66, 67, 68, 65, 64, 63, 62, 61, 91, 92, 93, 94, 95, 97, 98, 99, 100, 96, 0, 90, 86, 84, 83, 82, 81, 85, 89, 88, 87, 41, 44, 46, 49, 50, 47, 45, 42, 43, 48, 14, 12, 11, 13, 15, 17, 19, 20, 18, 16, 0, 31, 39, 40, 35, 36, 37, 38, 34, 33, 32, 21, 23, 22, 25, 27, 29, 30, 28, 26, 24, 0]
Elapsed time: 255.5086567401886

i:0	143764.73414517663
i:50	110979.49931836725
i:100	101786.67032434387
i:150	97578.1899455621
i:200	96082.11491760609
i:250	94547.78320253504
i:300	93514.66489920771
i:350	91852.0373486836
i:400	91279.30070919052
i:450	91094.59556863722
i:500	91094.59556863722
i:550	91094.59556863722
i:600	91094.59556863722
i:650	91094.59556863722
best: 91094.59556863722
routes: [0, 100, 99, 97, 98, 96, 95, 94, 93, 91, 92, 61, 62, 63, 64, 65, 67, 68, 66, 69, 70, 0, 76, 74, 71, 72, 73, 75, 78, 77, 79, 80, 58, 59, 60, 56, 52, 51, 53, 57, 55, 54, 8, 7, 9, 10, 5, 6, 2, 1, 3, 4, 0, 31, 34, 33, 38, 39, 40, 36, 35, 37, 32, 24, 21, 23, 22, 25, 27, 29, 30, 28, 26, 20, 19, 17, 14, 12, 11, 13, 15, 18, 16, 0, 43, 42, 45, 47, 49, 50, 48, 46, 44, 41, 89, 90, 84, 83, 82, 81, 87, 88, 85, 86, 0]
Elapsed time: 255.7443220615387

i:0	142108.74546942115
i:50	102965.07679184733
i:100	97287.01687771882
i:150	95040.16708263246
i:200	94874.4940778832
i:250	94620.28968375134
i:300	94620.28968375134
i:350	94556.22604903832
i:400	94053.15946276023
i:450	93008.83522888523
i:500	91167.83255601604
i:550	90811.60433288888
i:600	90811.60433288888
i:650	90811.60433288888
best: 90811.60433288888
routes: [0, 76, 77, 74, 71, 72, 73, 75, 78, 80, 79, 58, 59, 60, 56, 52, 51, 53, 57, 55, 54, 2, 1, 3, 8, 7, 9, 10, 5, 6, 4, 0, 91, 92, 93, 95, 97, 98, 99, 100, 96, 94, 62, 61, 63, 64, 65, 66, 67, 68, 69, 70, 0, 90, 86, 89, 84, 83, 85, 82, 81, 87, 88, 41, 42, 43, 45, 44, 46, 49, 50, 47, 48, 14, 12, 11, 13, 15, 17, 19, 20, 18, 16, 0, 31, 34, 33, 32, 38, 39, 40, 37, 35, 36, 30, 28, 27, 29, 25, 26, 24, 21, 23, 22, 0]
Elapsed time: 251.55166244506836

i:0	149783.25662079116
i:50	109069.04328544822
i:100	108623.17806713501
i:150	107693.93298041911
i:200	105168.75593242444
i:250	94878.09578384328
i:300	94493.79034914219
i:350	93363.90006460175
i:400	93079.1030828653
i:450	93079.1030828653
i:500	92512.35532149108
i:550	92512.35532149108
i:600	92512.35532149108
i:650	92512.35532149108
best: 92512.35532149108
routes: [0, 96, 99, 100, 97, 98, 95, 94, 93, 91, 92, 61, 62, 63, 64, 65, 68, 67, 69, 70, 66, 0, 79, 80, 76, 71, 72, 73, 75, 78, 77, 74, 58, 59, 60, 56, 52, 51, 53, 57, 55, 54, 0, 4, 1, 3, 5, 6, 2, 8, 10, 7, 9, 90, 89, 85, 86, 84, 83, 82, 81, 87, 88, 41, 44, 46, 49, 50, 48, 47, 45, 43, 42, 0, 31, 34, 33, 38, 39, 40, 36, 35, 37, 32, 24, 21, 23, 25, 27, 29, 30, 28, 26, 22, 16, 15, 14, 17, 19, 20, 18, 13, 11, 12, 0]
Elapsed time: 272.2343957424164

i:0	149618.37653970628
i:50	109174.50379938455
i:100	103961.9433002305
i:150	103681.70131379968
i:200	96898.38557384722
i:250	93014.988407491
i:300	91241.88745652253
i:350	89617.93503468993
i:400	89099.09009336997
i:450	88987.2288964836
i:500	88578.15785930298
i:550	88578.15785930298
i:600	88578.15785930298
i:650	88578.15785930298
best: 88578.15785930298
routes: [0, 51, 52, 53, 56, 54, 55, 57, 59, 60, 58, 76, 71, 72, 73, 75, 78, 74, 77, 79, 80, 0, 43, 42, 45, 47, 49, 50, 48, 46, 44, 41, 88, 87, 81, 82, 83, 85, 86, 89, 90, 84, 8, 7, 9, 10, 5, 6, 2, 1, 3, 4, 0, 91, 92, 93, 94, 95, 96, 99, 100, 97, 98, 61, 62, 63, 64, 65, 67, 68, 66, 69, 70, 31, 39, 38, 37, 40, 35, 36, 32, 33, 34, 0, 21, 22, 23, 24, 26, 25, 27, 29, 30, 28, 13, 11, 12, 14, 15, 17, 19, 20, 18, 16, 0]
Elapsed time: 268.3199758529663

i:0	154520.6549866954
i:50	112721.00969405229
i:100	104852.43607603703
i:150	103165.13915958122
i:200	99664.72277357415
i:250	93581.0093445025
i:300	92591.4382594246
i:350	92038.41357798027
i:400	91157.75960165593
i:450	91113.75622117668
i:500	91113.75622117668
i:550	91113.75622117668
i:600	91113.75622117668
i:650	91113.75622117668
best: 91113.75622117668
routes: [0, 76, 77, 79, 80, 75, 78, 73, 72, 71, 74, 58, 60, 59, 57, 55, 54, 56, 53, 51, 52, 0, 94, 93, 91, 92, 95, 96, 97, 99, 100, 98, 69, 70, 67, 68, 66, 65, 64, 63, 61, 62, 0, 43, 47, 49, 50, 48, 46, 44, 45, 42, 41, 88, 87, 81, 82, 83, 85, 86, 89, 90, 84, 8, 7, 9, 10, 5, 6, 2, 1, 3, 4, 0, 31, 34, 33, 32, 38, 39, 40, 37, 35, 36, 30, 28, 27, 29, 25, 26, 24, 21, 23, 22, 20, 19, 17, 14, 12, 11, 13, 15, 18, 16, 0]
Elapsed time: 261.51843190193176

i:0	150849.28391987726
i:50	109150.40033304277
i:100	108000.44858431215
i:150	101040.81320382349
i:200	96510.304436631
i:250	95385.1303577536
i:300	92964.93631338121
i:350	91923.52117599579
i:400	91923.52117599579
i:450	91262.68879188802
i:500	91117.80965863023
i:550	91018.12925675276
i:600	90841.44119669852
i:650	90841.44119669852
best: 90841.44119669852
routes: [0, 91, 92, 93, 94, 95, 96, 99, 100, 97, 98, 61, 62, 63, 64, 65, 67, 68, 66, 69, 70, 31, 39, 38, 37, 40, 35, 36, 32, 33, 34, 0, 21, 24, 23, 25, 27, 29, 30, 28, 26, 22, 13, 11, 12, 14, 15, 17, 19, 20, 18, 16, 0, 76, 74, 71, 72, 73, 75, 78, 77, 79, 80, 58, 59, 60, 56, 57, 55, 54, 53, 51, 52, 0, 90, 84, 86, 89, 87, 81, 82, 83, 85, 88, 41, 42, 43, 45, 44, 46, 49, 50, 47, 48, 9, 7, 8, 2, 1, 3, 6, 10, 5, 4, 0]
Elapsed time: 260.26653122901917

i:0	143365.18700233797
i:50	106653.36837790396
i:100	97365.23199364202
i:150	94380.78941234117
i:200	93096.3319286436
i:250	92350.50550068296
i:300	90822.82717540728
i:350	90505.41327439735
i:400	90150.68367172546
i:450	90036.26338817751
i:500	89467.56848313852
i:550	89467.56848313852
i:600	89467.56848313852
i:650	89467.56848313852
best: 89467.56848313852
routes: [0, 91, 92, 93, 94, 95, 96, 99, 100, 97, 98, 61, 62, 63, 64, 65, 67, 68, 66, 69, 70, 31, 34, 33, 38, 39, 40, 35, 36, 37, 32, 0, 43, 42, 45, 47, 49, 50, 48, 46, 44, 41, 88, 87, 81, 82, 83, 85, 86, 89, 90, 84, 8, 7, 9, 10, 5, 6, 2, 1, 3, 4, 0, 21, 24, 23, 25, 27, 29, 30, 28, 26, 22, 16, 20, 19, 17, 18, 15, 14, 13, 11, 12, 0, 76, 77, 74, 71, 72, 73, 75, 78, 80, 79, 58, 60, 59, 57, 54, 55, 56, 53, 51, 52, 0]
Elapsed time: 253.18705582618713

i:0	146560.9799913202
i:50	109440.84925202906
i:100	105144.56411295796
i:150	98519.44360585121
i:200	95098.86199675172
i:250	94187.13923007953
i:300	93397.5525661583
i:350	92552.81460876465
i:400	92214.09468640748
i:450	91895.23816271662
i:500	91895.23816271662
i:550	91895.23816271662
i:600	91895.23816271662
i:650	91895.23816271662
best: 91895.23816271662
routes: [0, 54, 55, 57, 59, 60, 56, 52, 51, 53, 58, 76, 77, 74, 71, 72, 73, 75, 78, 79, 80, 0, 4, 2, 10, 1, 3, 6, 5, 7, 8, 9, 90, 86, 89, 84, 83, 82, 81, 85, 87, 88, 41, 44, 45, 47, 46, 49, 50, 48, 43, 42, 0, 91, 92, 93, 94, 95, 96, 99, 100, 97, 98, 69, 70, 66, 67, 68, 62, 61, 63, 65, 64, 31, 34, 33, 38, 39, 40, 35, 36, 37, 32, 0, 13, 11, 12, 14, 15, 17, 19, 20, 18, 16, 25, 27, 29, 30, 28, 26, 24, 21, 23, 22, 0]
Elapsed time: 256.98105478286743

i:0	143592.15606016034
i:50	108864.79803082033
i:100	102232.75405191121
i:150	95867.00851091722
i:200	93900.58804944762
i:250	92011.7996741999
i:300	91135.553709762
i:350	90653.98383664964
i:400	90540.40868630685
i:450	90511.07671646721
i:500	90511.07671646721
i:550	90511.07671646721
i:600	90511.07671646721
i:650	90511.07671646721
best: 90511.07671646721
routes: [0, 51, 52, 53, 56, 54, 55, 57, 59, 60, 58, 76, 77, 74, 71, 72, 73, 75, 78, 79, 80, 0, 31, 34, 33, 32, 38, 39, 40, 37, 35, 36, 30, 28, 27, 29, 25, 26, 24, 21, 23, 22, 0, 90, 86, 89, 84, 82, 81, 83, 85, 88, 87, 41, 45, 44, 46, 49, 50, 47, 48, 43, 42, 11, 13, 12, 14, 15, 17, 19, 20, 18, 16, 0, 91, 92, 96, 93, 94, 95, 98, 97, 99, 100, 69, 70, 67, 68, 66, 65, 64, 63, 61, 62, 1, 3, 2, 8, 7, 9, 10, 5, 6, 4, 0]
Elapsed time: 257.153293132782

i:0	147196.9880987838
i:50	100971.73972572958
i:100	94011.09173786124
i:150	93528.4709335489
i:200	92904.56842547715
i:250	91854.37280254415
i:300	91036.43343374823
i:350	90713.6760774239
i:400	90322.66043762777
i:450	90308.16603938618
i:500	90275.15151079511
i:550	90275.15151079511
i:600	90275.15151079511
i:650	90275.15151079511
best: 90275.15151079511
routes: [0, 51, 52, 53, 58, 56, 54, 55, 57, 59, 60, 79, 77, 74, 76, 71, 72, 73, 75, 78, 80, 0, 11, 12, 14, 17, 19, 18, 20, 16, 13, 15, 22, 23, 21, 24, 26, 25, 29, 27, 28, 30, 35, 36, 37, 40, 39, 38, 31, 34, 33, 32, 0, 92, 91, 93, 95, 94, 96, 99, 97, 100, 98, 69, 70, 66, 67, 68, 65, 64, 61, 63, 62, 0, 43, 42, 45, 46, 49, 50, 48, 47, 44, 41, 88, 87, 81, 82, 83, 85, 86, 89, 90, 84, 8, 7, 9, 10, 5, 6, 2, 1, 3, 4, 0]
Elapsed time: 240.5393671989441

i:0	146657.72763706977
i:50	108676.78623939843
i:100	98855.36549866793
i:150	96342.59716069893
i:200	93416.21572271288
i:250	91875.12421963527
i:300	90580.12574529886
i:350	89010.7327149436
i:400	89009.38261791966
i:450	89009.38261791966
i:500	89009.38261791966
i:550	89009.38261791966
i:600	89009.38261791966
i:650	89009.38261791966
best: 89009.38261791966
routes: [0, 51, 52, 53, 56, 55, 54, 57, 59, 60, 58, 76, 79, 77, 74, 71, 72, 73, 75, 78, 80, 0, 31, 34, 33, 38, 39, 40, 36, 35, 37, 32, 24, 21, 23, 22, 25, 27, 29, 30, 28, 26, 16, 15, 14, 17, 19, 20, 18, 13, 11, 12, 0, 92, 91, 93, 97, 98, 94, 96, 95, 99, 100, 69, 70, 66, 67, 68, 65, 64, 63, 61, 62, 0, 43, 44, 46, 49, 50, 48, 47, 45, 42, 41, 89, 90, 84, 83, 82, 81, 87, 88, 85, 86, 9, 10, 7, 8, 2, 1, 3, 6, 5, 4, 0]
Elapsed time: 245.6537573337555

i:0	144219.58921859108
i:50	110742.86570535689
i:100	106413.04649616862
i:150	106181.32887921062
i:200	100885.90323488228
i:250	97642.32017604512
i:300	96379.38595135376
i:350	95338.87475844169
i:400	94597.95332201233
i:450	94574.46004158631
i:500	94574.46004158631
i:550	94574.46004158631
i:600	94574.46004158631
i:650	94574.46004158631
best: 94574.46004158631
routes: [0, 51, 53, 55, 54, 56, 52, 57, 59, 60, 58, 79, 80, 76, 77, 74, 71, 72, 73, 75, 78, 0, 4, 1, 2, 8, 3, 6, 5, 10, 7, 9, 43, 44, 46, 49, 50, 48, 47, 45, 42, 41, 88, 87, 81, 82, 83, 85, 86, 89, 90, 84, 0, 92, 91, 93, 96, 97, 100, 99, 94, 95, 98, 69, 70, 66, 67, 68, 65, 64, 63, 62, 61, 0, 13, 11, 12, 14, 16, 20, 18, 15, 17, 19, 29, 27, 26, 24, 21, 23, 22, 25, 28, 30, 35, 36, 37, 40, 39, 38, 31, 34, 33, 32, 0]
Elapsed time: 272.7599673271179

i:0	151656.19240341024
i:50	109096.89966579435
i:100	96571.29230954676
i:150	95010.43565717616
i:200	94345.11231099122
i:250	92659.79907760992
i:300	92494.46936336772
i:350	92239.5239056131
i:400	92239.5239056131
i:450	92239.5239056131
i:500	92221.67313347405
i:550	92221.67313347405
i:600	92221.67313347405
i:650	92221.67313347405
best: 92221.67313347405
routes: [0, 84, 83, 82, 81, 87, 88, 85, 86, 89, 90, 54, 55, 57, 59, 60, 58, 56, 53, 52, 51, 91, 92, 93, 94, 95, 97, 98, 99, 100, 96, 0, 31, 34, 33, 38, 39, 40, 36, 35, 37, 32, 21, 23, 25, 27, 29, 30, 28, 26, 24, 22, 0, 76, 77, 74, 71, 72, 73, 75, 78, 79, 80, 61, 62, 63, 66, 69, 70, 67, 68, 65, 64, 0, 4, 1, 2, 3, 6, 5, 10, 7, 8, 9, 43, 45, 42, 41, 44, 46, 49, 50, 47, 48, 14, 12, 11, 13, 15, 17, 19, 20, 18, 16, 0]
Elapsed time: 233.41048002243042

i:0	150451.7482397539
i:50	111826.96724595904
i:100	108645.57751041412
i:150	105161.3509064554
i:200	96144.68488115152
i:250	94136.71180738154
i:300	92936.6945259702
i:350	91714.21784839034
i:400	91445.40904157022
i:450	91445.40904157022
i:500	91211.8471950088
i:550	91211.8471950088
i:600	91211.8471950088
i:650	91069.76689420381
best: 91069.76689420381
routes: [0, 33, 34, 32, 37, 36, 35, 40, 39, 38, 31, 69, 70, 66, 67, 68, 65, 64, 63, 62, 61, 91, 92, 93, 94, 95, 97, 98, 99, 100, 96, 0, 90, 84, 83, 82, 81, 85, 86, 89, 87, 88, 41, 44, 46, 49, 50, 48, 47, 45, 42, 43, 9, 10, 5, 6, 7, 8, 2, 1, 3, 4, 0, 21, 25, 27, 29, 30, 28, 26, 24, 23, 22, 13, 11, 12, 14, 15, 17, 19, 20, 18, 16, 0, 79, 80, 76, 77, 74, 71, 72, 73, 75, 78, 58, 57, 59, 60, 56, 53, 51, 52, 55, 54, 0]
Elapsed time: 256.33209443092346

i:0	152195.38587506744
i:50	106088.42928514077
i:100	100420.27142562928
i:150	95355.24558211271
i:200	94390.06525785601
i:250	94369.24338455137
i:300	93999.01029567492
i:350	93447.4937904826
i:400	92854.91151696883
i:450	91663.96743535536
i:500	91446.74034415583
i:550	91446.74034415583
i:600	91446.74034415583
i:650	91446.74034415583
best: 91446.74034415583
routes: [0, 21, 24, 23, 25, 26, 27, 29, 30, 28, 22, 13, 11, 12, 14, 17, 19, 15, 18, 20, 16, 0, 51, 52, 53, 56, 60, 58, 54, 55, 57, 59, 76, 77, 79, 80, 75, 78, 73, 72, 71, 74, 0, 4, 1, 2, 3, 6, 5, 10, 7, 8, 9, 90, 86, 89, 84, 83, 85, 82, 81, 87, 88, 41, 42, 43, 45, 44, 46, 49, 50, 47, 48, 0, 33, 32, 37, 36, 35, 40, 39, 38, 34, 31, 69, 70, 66, 67, 68, 65, 64, 63, 62, 61, 91, 92, 93, 94, 95, 97, 98, 99, 100, 96, 0]
Elapsed time: 266.27973437309265

i:0	150221.17522437783
i:50	106099.30048628943
i:100	98483.10873369557
i:150	98126.48041680685
i:200	97275.52573020128
i:250	96446.37897767307
i:300	95819.59772856359
i:350	95595.54731764694
i:400	95329.36494223295
i:450	95329.36494223295
i:500	95216.69785068829
i:550	95014.1999187363
i:600	95014.1999187363
i:650	92839.7727592926
best: 92839.7727592926
routes: [0, 93, 95, 96, 99, 100, 97, 98, 94, 91, 92, 61, 65, 68, 67, 69, 70, 66, 64, 63, 62, 0, 76, 71, 72, 73, 75, 78, 74, 77, 79, 80, 58, 59, 60, 56, 52, 51, 53, 57, 55, 54, 0, 31, 34, 33, 37, 36, 35, 40, 39, 38, 32, 30, 28, 27, 29, 25, 26, 24, 21, 23, 22, 16, 15, 14, 17, 19, 20, 18, 13, 11, 12, 0, 4, 3, 1, 2, 8, 6, 5, 10, 7, 9, 43, 44, 46, 49, 50, 48, 47, 45, 42, 41, 86, 84, 83, 82, 81, 87, 88, 85, 89, 90, 0]
Elapsed time: 263.7514443397522

i:0	141081.78819126898
i:50	108562.48341863434
i:100	107430.49409497289
i:150	96665.54374214612
i:200	94171.74927404728
i:250	93527.95899557008
i:300	92846.80788722762
i:350	92245.76150122612
i:400	91799.40110579757
i:450	89965.81827329096
i:500	89277.19498261673
i:550	89277.19498261673
i:600	88902.31848046747
i:650	88902.31848046747
best: 88902.31848046747
routes: [0, 90, 84, 83, 82, 81, 85, 86, 89, 87, 88, 41, 42, 43, 45, 44, 46, 49, 50, 47, 48, 14, 12, 11, 13, 15, 17, 19, 20, 18, 16, 0, 79, 80, 76, 77, 74, 71, 72, 73, 75, 78, 58, 59, 60, 56, 52, 51, 53, 57, 55, 54, 8, 7, 9, 10, 5, 6, 2, 1, 3, 4, 0, 61, 62, 63, 64, 65, 68, 66, 67, 70, 69, 98, 96, 94, 92, 91, 93, 95, 97, 99, 100, 31, 34, 33, 32, 37, 36, 35, 40, 39, 38, 0, 21, 25, 27, 29, 30, 28, 26, 24, 23, 22, 0]
Elapsed time: 260.3277015686035

i:0	156402.43616406916
i:50	100316.84967073562
i:100	96485.37153800469
i:150	94588.60364178862
i:200	93616.13477075567
i:250	93274.39090919276
i:300	92546.73982439504
i:350	92174.10346695132
i:400	92075.18589116714
i:450	92075.18589116714
i:500	92075.18589116714
i:550	92075.18589116714
i:600	92075.18589116714
i:650	90996.16931856649
best: 90996.16931856649
routes: [0, 93, 95, 97, 98, 96, 99, 100, 94, 91, 92, 61, 62, 63, 64, 65, 68, 66, 67, 69, 70, 0, 51, 53, 56, 55, 54, 52, 57, 58, 60, 59, 76, 77, 74, 71, 72, 73, 75, 78, 79, 80, 0, 31, 34, 33, 32, 38, 39, 40, 37, 35, 36, 30, 28, 27, 29, 25, 26, 24, 21, 23, 22, 20, 19, 17, 18, 15, 14, 12, 11, 13, 16, 0, 4, 1, 2, 3, 6, 5, 10, 7, 8, 9, 43, 45, 44, 46, 49, 50, 48, 47, 42, 41, 88, 87, 81, 82, 83, 85, 86, 89, 90, 84, 0]
Elapsed time: 246.058434009552

i:0	144873.17594174435
i:50	100514.04909921795
i:100	96199.05430703159
i:150	94870.19680825804
i:200	93379.42292453561
i:250	93203.83534804525
i:300	92680.01257800187
i:350	92429.02600425495
i:400	92356.36159658097
i:450	91415.93518941863
i:500	91412.57421620125
i:550	91412.57421620125
i:600	91412.57421620125
i:650	91406.55703124942
best: 91406.55703124942
routes: [0, 54, 52, 51, 53, 56, 55, 57, 60, 59, 58, 76, 79, 77, 74, 71, 72, 73, 75, 78, 80, 0, 100, 99, 97, 95, 94, 91, 92, 96, 93, 98, 69, 70, 66, 67, 68, 63, 65, 64, 61, 62, 0, 31, 34, 33, 32, 39, 38, 40, 37, 36, 35, 30, 28, 27, 29, 25, 26, 24, 21, 23, 22, 16, 15, 14, 17, 19, 20, 18, 13, 11, 12, 0, 43, 42, 45, 47, 49, 50, 48, 46, 44, 41, 88, 87, 81, 82, 83, 85, 86, 89, 90, 84, 8, 7, 9, 10, 5, 6, 2, 1, 3, 4, 0]
Elapsed time: 245.44544863700867

mean: 91001.0820340465
std: 1393.4516051856283
mean-time: 256.1511904478073
std-time: 10.064605182107835