i:0	146585.93235393538
i:50	112037.54798544596
i:100	107279.98106222294
i:150	98150.35437805149
i:200	96153.48657301396
i:250	94273.77528633157
i:300	93488.40217646374
i:350	92660.22139197393
i:400	92194.91063835741
i:450	91310.38841218628
i:500	91189.91456815903
i:550	91077.79195622321
i:600	91077.79195622321
i:650	91077.79195622321
best: 91077.79195622321
routes: [0, 91, 92, 93, 95, 96, 100, 99, 98, 97, 94, 69, 70, 67, 68, 66, 65, 64, 63, 61, 62, 0, 79, 80, 76, 71, 74, 72, 73, 75, 78, 77, 58, 60, 59, 57, 52, 51, 53, 56, 55, 54, 0, 4, 1, 2, 3, 6, 5, 10, 7, 8, 9, 84, 83, 82, 81, 87, 88, 85, 86, 89, 90, 41, 42, 43, 45, 44, 46, 49, 50, 47, 48, 14, 12, 11, 13, 15, 17, 19, 20, 18, 16, 0, 31, 34, 33, 38, 39, 40, 36, 35, 37, 32, 21, 23, 25, 27, 29, 30, 28, 26, 24, 22, 0]
Elapsed time: 277.59396505355835

i:0	149823.2534564295
i:50	106108.91647955563
i:100	105856.5152721062
i:150	105434.59123039825
i:200	103479.44854696147
i:250	100162.09343166993
i:300	93699.90130713792
i:350	92901.36618326884
i:400	92452.17983822714
i:450	91856.19964429825
i:500	91569.31270190615
i:550	90804.67454271641
i:600	90804.67454271641
i:650	90781.2497077301
best: 90781.2497077301
routes: [0, 31, 33, 34, 39, 38, 37, 40, 35, 36, 32, 24, 21, 23, 25, 27, 29, 30, 28, 26, 22, 13, 11, 12, 14, 15, 17, 19, 20, 18, 16, 0, 51, 52, 53, 56, 55, 54, 57, 59, 60, 58, 79, 77, 80, 76, 74, 71, 72, 73, 75, 78, 0, 4, 10, 6, 5, 3, 7, 1, 2, 8, 9, 90, 84, 86, 89, 87, 81, 82, 83, 85, 88, 41, 42, 43, 45, 44, 46, 49, 50, 47, 48, 0, 61, 62, 63, 64, 65, 68, 66, 67, 70, 69, 98, 97, 99, 100, 96, 95, 94, 93, 91, 92, 0]
Elapsed time: 292.3296458721161

i:0	152756.99586812878
i:50	106349.83276596328
i:100	99137.68811799548
i:150	98561.77387303556
i:200	98409.97519608625
i:250	98022.65901103188
i:300	97472.69625414208
i:350	97349.73007491953
i:400	97349.73007491953
i:450	97349.73007491953
i:500	97349.73007491953
i:550	97349.73007491953
i:600	96750.55970622296
i:650	96750.55970622296
best: 96750.55970622296
routes: [0, 100, 99, 98, 97, 95, 94, 92, 91, 93, 96, 69, 70, 67, 68, 66, 65, 64, 62, 61, 63, 0, 16, 14, 12, 11, 13, 15, 18, 17, 20, 19, 22, 25, 27, 29, 30, 28, 26, 23, 21, 24, 32, 31, 39, 40, 35, 36, 37, 38, 33, 34, 0, 76, 74, 71, 72, 73, 75, 78, 77, 80, 79, 58, 52, 51, 53, 56, 57, 59, 60, 55, 54, 0, 4, 3, 1, 2, 8, 7, 6, 10, 5, 9, 90, 86, 89, 84, 83, 85, 82, 81, 87, 88, 41, 44, 46, 49, 50, 48, 47, 45, 43, 42, 0]
Elapsed time: 249.61062788963318

i:0	142856.21211666337
i:50	109794.98242531775
i:100	105289.28498415119
i:150	99116.52814768624
i:200	94276.90588204235
i:250	91991.91312751052
i:300	87819.19721360283
i:350	87223.52689027837
i:400	87223.52689027837
i:450	87197.43009361756
i:500	86836.18355714061
i:550	86558.79302330095
i:600	86558.79302330095
i:650	86558.79302330095
best: 86558.79302330095
routes: [0, 51, 52, 53, 56, 54, 55, 57, 59, 60, 58, 76, 71, 72, 73, 75, 78, 74, 77, 79, 80, 61, 62, 63, 64, 65, 68, 66, 67, 69, 70, 0, 91, 92, 93, 99, 100, 97, 98, 94, 95, 96, 31, 39, 38, 35, 36, 37, 40, 32, 33, 34, 0, 89, 90, 86, 84, 83, 82, 81, 87, 85, 88, 41, 42, 43, 45, 44, 46, 49, 50, 47, 48, 17, 19, 20, 18, 16, 15, 14, 12, 11, 13, 22, 23, 21, 24, 26, 25, 27, 29, 30, 28, 0, 4, 1, 3, 6, 5, 10, 9, 7, 8, 2, 0]
Elapsed time: 265.31936168670654

i:0	142183.45877926447
i:50	101845.91432004904
i:100	95837.05887611561
i:150	95236.33508747123
i:200	95236.33508747123
i:250	95236.33508747123
i:300	94358.50930292759
i:350	94358.50930292759
i:400	90562.92675346995
i:450	86160.69147738116
i:500	85199.43044468216
i:550	85095.11441944866
i:600	85095.11441944866
i:650	85095.11441944866
best: 85095.11441944866
routes: [0, 92, 91, 93, 95, 96, 99, 100, 97, 98, 94, 69, 70, 67, 68, 66, 65, 64, 63, 61, 62, 76, 74, 71, 72, 73, 75, 78, 77, 79, 80, 0, 51, 52, 53, 56, 59, 60, 58, 57, 55, 54, 90, 86, 89, 84, 83, 85, 82, 81, 87, 88, 41, 42, 43, 45, 44, 46, 49, 50, 47, 48, 6, 3, 1, 2, 8, 7, 9, 10, 5, 4, 0, 13, 11, 12, 15, 14, 17, 19, 20, 18, 16, 22, 21, 23, 25, 27, 29, 30, 28, 26, 24, 32, 33, 34, 31, 39, 40, 35, 36, 37, 38, 0]
Elapsed time: 295.5493576526642

i:0	149541.57764599053
i:50	110203.59981757597
i:100	105871.96135405426
i:150	105669.36927253519
i:200	105669.36927253519
i:250	97364.94911048576
i:300	94760.31572285495
i:350	94032.83228878546
i:400	93385.80369321327
i:450	93107.74123670525
i:500	92484.61281929158
i:550	92471.4028742676
i:600	92471.4028742676
i:650	92471.4028742676
best: 92471.4028742676
routes: [0, 61, 62, 63, 64, 65, 68, 66, 67, 70, 69, 98, 97, 99, 100, 96, 95, 94, 93, 91, 92, 0, 76, 71, 72, 73, 75, 78, 80, 79, 77, 74, 58, 52, 51, 53, 56, 59, 60, 57, 55, 54, 0, 4, 1, 2, 8, 3, 6, 5, 10, 7, 9, 43, 48, 50, 49, 47, 46, 44, 45, 42, 41, 88, 87, 81, 82, 83, 85, 86, 89, 90, 84, 0, 13, 11, 12, 14, 15, 16, 20, 18, 17, 19, 29, 27, 25, 26, 23, 22, 21, 24, 28, 30, 35, 36, 37, 40, 39, 38, 31, 34, 33, 32, 0]
Elapsed time: 289.7100648880005

i:0	157821.144750625
i:50	111603.8880455479
i:100	108680.68570424535
i:150	108338.9532752485
i:200	98879.10369677415
i:250	94141.00156845903
i:300	93650.92892530924
i:350	92769.35611543362
i:400	91647.68471396505
i:450	91610.51341566397
i:500	91269.46587183917
i:550	90481.36935219966
i:600	90474.25967754441
i:650	90474.25967754441
best: 90474.25967754441
routes: [0, 31, 34, 33, 32, 38, 39, 40, 37, 35, 36, 30, 28, 27, 29, 25, 26, 24, 21, 23, 22, 16, 15, 14, 17, 19, 20, 18, 13, 11, 12, 0, 51, 52, 53, 56, 54, 55, 57, 59, 60, 58, 79, 74, 76, 77, 71, 72, 73, 75, 78, 80, 0, 4, 2, 8, 7, 1, 3, 6, 10, 5, 9, 90, 86, 89, 84, 83, 85, 82, 81, 87, 88, 41, 42, 43, 45, 44, 46, 49, 50, 47, 48, 0, 96, 93, 92, 91, 94, 95, 97, 98, 99, 100, 69, 70, 67, 68, 66, 65, 64, 63, 61, 62, 0]
Elapsed time: 284.3469805717468

i:0	151631.94950504816
i:50	109759.41336992924
i:100	106059.89911952522
i:150	106003.14533357936
i:200	97631.83179051473
i:250	95588.72036310413
i:300	93623.4973686258
i:350	92486.06907299734
i:400	92112.53172145344
i:450	91396.91804108996
i:500	91381.60797865104
i:550	90902.4175717581
i:600	90902.4175717581
i:650	90902.4175717581
best: 90902.4175717581
routes: [0, 91, 92, 93, 96, 95, 98, 97, 94, 99, 100, 69, 70, 66, 67, 68, 65, 64, 63, 61, 62, 2, 1, 3, 6, 7, 8, 9, 10, 5, 4, 0, 31, 39, 38, 37, 36, 35, 40, 34, 33, 32, 28, 30, 29, 27, 25, 26, 23, 22, 21, 24, 0, 51, 53, 52, 55, 54, 56, 57, 59, 60, 58, 79, 80, 76, 77, 74, 71, 72, 73, 75, 78, 0, 13, 11, 12, 14, 15, 18, 16, 20, 19, 17, 48, 47, 49, 50, 46, 44, 45, 43, 42, 41, 88, 87, 81, 82, 83, 85, 86, 89, 90, 84, 0]
Elapsed time: 273.01232147216797

i:0	142187.69267554535
i:50	111053.71639981079
i:100	99610.16253984769
i:150	96472.12003062015
i:200	95701.95900898724
i:250	95059.98057141944
i:300	94134.7961916455
i:350	93653.9319252174
i:400	92120.06725363914
i:450	92120.06725363914
i:500	92120.06725363914
i:550	91823.27409405095
i:600	91823.27409405095
i:650	91823.27409405095
best: 91823.27409405095
routes: [0, 91, 92, 93, 94, 95, 96, 97, 99, 100, 98, 61, 62, 65, 64, 63, 68, 66, 67, 69, 70, 0, 54, 53, 51, 52, 57, 55, 56, 59, 60, 58, 80, 76, 79, 77, 74, 71, 72, 73, 75, 78, 0, 4, 5, 6, 2, 1, 3, 8, 7, 10, 9, 90, 84, 83, 82, 81, 87, 85, 86, 89, 88, 41, 42, 43, 45, 44, 46, 49, 50, 47, 48, 11, 12, 14, 17, 19, 20, 18, 15, 13, 16, 0, 21, 22, 23, 24, 26, 25, 29, 27, 28, 30, 35, 36, 37, 40, 39, 38, 31, 34, 33, 32, 0]
Elapsed time: 262.3684685230255

i:0	144578.4848456849
i:50	106810.0482290356
i:100	94684.75996088749
i:150	93793.3230791211
i:200	91220.26288350893
i:250	90768.00494399789
i:300	88162.14698248189
i:350	85000.58571847255
i:400	83879.76184530932
i:450	83698.6725934594
i:500	83193.71483039888
i:550	83179.89722705743
i:600	83179.89722705743
i:650	83179.89722705743
best: 83179.89722705743
routes: [0, 51, 52, 53, 56, 55, 54, 57, 59, 60, 58, 76, 79, 77, 74, 71, 72, 73, 75, 78, 80, 2, 8, 7, 9, 10, 5, 6, 3, 1, 4, 0, 21, 23, 25, 27, 29, 30, 28, 26, 24, 22, 16, 20, 19, 17, 18, 15, 14, 12, 13, 11, 43, 42, 45, 47, 49, 50, 48, 46, 44, 41, 88, 87, 81, 82, 83, 85, 86, 89, 90, 84, 0, 33, 34, 32, 37, 36, 35, 40, 39, 38, 31, 96, 92, 91, 93, 94, 95, 97, 99, 100, 98, 69, 70, 66, 67, 68, 65, 64, 63, 61, 62, 0]
Elapsed time: 266.7063503265381

i:0	151709.5711344466
i:50	104652.33785732316
i:100	103419.42516412037
i:150	99366.8825901009
i:200	95331.93998960292
i:250	91273.18004099562
i:300	87625.71223667994
i:350	85543.89976030929
i:400	84514.50351085997
i:450	84352.8808508123
i:500	84352.8808508123
i:550	84352.8808508123
i:600	84352.8808508123
i:650	84352.8808508123
best: 84352.8808508123
routes: [0, 96, 93, 94, 91, 92, 95, 98, 97, 99, 100, 69, 70, 66, 67, 68, 65, 64, 63, 61, 62, 80, 79, 77, 74, 76, 71, 72, 73, 75, 78, 0, 31, 33, 34, 39, 38, 37, 40, 35, 36, 32, 28, 30, 29, 27, 25, 26, 24, 21, 23, 22, 16, 20, 19, 17, 18, 15, 14, 13, 11, 12, 10, 9, 7, 8, 2, 1, 3, 6, 5, 4, 0, 51, 52, 53, 56, 59, 60, 58, 57, 55, 54, 90, 86, 89, 84, 83, 85, 82, 81, 87, 88, 41, 42, 43, 45, 44, 46, 49, 50, 47, 48, 0]
Elapsed time: 272.5285940170288

i:0	156660.0392457854
i:50	107726.79636051702
i:100	96392.54859535795
i:150	90802.22726840523
i:200	89900.10763038715
i:250	89025.72582705248
i:300	88651.18714158145
i:350	87941.57630636056
i:400	87626.67092981201
i:450	87532.19950858054
i:500	85044.50395704893
i:550	84803.78863091479
i:600	84803.78863091479
i:650	84803.78863091479
best: 84803.78863091479
routes: [0, 91, 92, 93, 94, 95, 96, 99, 100, 97, 98, 69, 70, 66, 67, 68, 65, 64, 63, 62, 61, 79, 77, 74, 71, 72, 73, 75, 78, 80, 76, 0, 31, 34, 33, 38, 39, 40, 36, 35, 37, 32, 28, 30, 29, 27, 25, 26, 24, 21, 23, 22, 3, 1, 2, 8, 7, 9, 10, 5, 6, 4, 0, 51, 52, 53, 56, 59, 60, 58, 57, 55, 54, 90, 86, 84, 83, 82, 81, 87, 85, 89, 88, 41, 42, 43, 48, 47, 45, 44, 46, 49, 50, 14, 12, 11, 13, 15, 17, 19, 20, 18, 16, 0]
Elapsed time: 266.5765075683594

i:0	151487.05020319304
i:50	107307.01642410678
i:100	105326.87765880712
i:150	101002.11224424074
i:200	97456.8380417646
i:250	95639.13813185575
i:300	95411.22299291097
i:350	94889.56303074496
i:400	94420.25555449512
i:450	94384.44628782957
i:500	94384.44628782957
i:550	94384.44628782957
i:600	94384.44628782957
i:650	94384.44628782957
best: 94384.44628782957
routes: [0, 31, 39, 38, 33, 34, 35, 36, 40, 37, 32, 30, 28, 29, 27, 25, 26, 24, 21, 23, 22, 12, 11, 13, 15, 14, 17, 19, 20, 18, 16, 0, 1, 4, 3, 2, 6, 10, 8, 5, 7, 9, 90, 84, 86, 89, 87, 81, 82, 83, 85, 88, 41, 44, 45, 47, 46, 49, 50, 48, 43, 42, 0, 91, 92, 93, 95, 94, 96, 99, 100, 97, 98, 61, 62, 63, 65, 64, 66, 67, 68, 69, 70, 0, 54, 55, 56, 52, 51, 53, 57, 60, 59, 58, 76, 79, 77, 74, 71, 72, 73, 75, 78, 80, 0]
Elapsed time: 275.4621880054474

i:0	144710.25114902682
i:50	108878.69163756676
i:100	97583.2873914133
i:150	96358.41602929703
i:200	94813.14217869626
i:250	94401.6496539397
i:300	94204.89395856274
i:350	93975.60583101024
i:400	93408.82713100789
i:450	93194.97779913532
i:500	93127.8774586402
i:550	92968.62396223028
i:600	92968.62396223028
i:650	92968.62396223028
best: 92968.62396223028
routes: [0, 91, 92, 93, 94, 95, 96, 99, 100, 97, 98, 61, 62, 63, 64, 65, 67, 68, 66, 69, 70, 0, 43, 44, 46, 49, 50, 47, 48, 45, 42, 41, 89, 84, 83, 82, 81, 87, 88, 85, 86, 90, 2, 1, 3, 5, 10, 7, 9, 8, 6, 4, 0, 13, 11, 12, 14, 17, 19, 20, 15, 18, 16, 25, 27, 29, 30, 28, 26, 23, 22, 21, 24, 32, 37, 36, 35, 40, 39, 38, 31, 33, 34, 0, 76, 77, 74, 71, 72, 73, 75, 78, 80, 79, 58, 59, 60, 56, 52, 51, 53, 57, 55, 54, 0]
Elapsed time: 253.3778374195099

i:0	147665.0510032735
i:50	109972.95215904935
i:100	108546.06954685357
i:150	105090.12551427452
i:200	100898.16368653049
i:250	100406.04657378478
i:300	96849.37877351874
i:350	94852.0228126892
i:400	94128.4540848707
i:450	91998.43253398962
i:500	91012.99160684568
i:550	91012.99160684568
i:600	90631.02851228682
i:650	90631.02851228682
best: 90631.02851228682
routes: [0, 61, 62, 63, 64, 65, 68, 66, 67, 70, 69, 98, 96, 94, 92, 91, 93, 95, 97, 99, 100, 0, 51, 52, 53, 56, 55, 54, 57, 58, 60, 59, 74, 71, 72, 73, 75, 78, 76, 77, 79, 80, 0, 43, 44, 46, 49, 50, 48, 47, 45, 42, 41, 87, 88, 85, 82, 81, 83, 84, 86, 89, 90, 9, 7, 8, 2, 1, 3, 6, 10, 5, 4, 0, 31, 39, 40, 35, 36, 37, 38, 34, 33, 32, 24, 21, 25, 27, 29, 30, 28, 26, 23, 22, 16, 13, 15, 18, 20, 19, 17, 14, 11, 12, 0]
Elapsed time: 289.20099425315857

i:0	146482.18715283577
i:50	110981.83288272831
i:100	96908.63931929067
i:150	94994.57114352481
i:200	94215.20514430138
i:250	93989.87088549059
i:300	93974.00540038245
i:350	93774.34924829027
i:400	93737.21491058523
i:450	93737.21491058523
i:500	93659.59033193439
i:550	93659.59033193439
i:600	93659.59033193439
i:650	93659.59033193439
best: 93659.59033193439
routes: [0, 51, 53, 54, 52, 56, 55, 57, 60, 59, 58, 76, 74, 71, 72, 73, 75, 78, 77, 79, 80, 0, 100, 97, 94, 95, 92, 91, 93, 96, 99, 98, 69, 70, 64, 62, 61, 63, 65, 67, 68, 66, 0, 90, 86, 84, 83, 85, 82, 81, 87, 89, 88, 41, 42, 43, 45, 44, 46, 49, 50, 47, 48, 10, 9, 7, 8, 2, 1, 3, 6, 5, 4, 0, 31, 39, 40, 35, 36, 37, 38, 34, 33, 32, 24, 21, 23, 22, 25, 27, 29, 30, 28, 26, 20, 19, 17, 18, 15, 14, 12, 11, 13, 16, 0]
Elapsed time: 247.57154989242554

i:0	140016.8806337489
i:50	107774.79901630362
i:100	99095.38143300594
i:150	95329.77402155027
i:200	94836.66714915099
i:250	94252.98659397404
i:300	92973.75033793531
i:350	92328.03470511369
i:400	92227.5625585385
i:450	91782.170073249
i:500	91782.170073249
i:550	91782.170073249
i:600	91782.170073249
i:650	91782.170073249
best: 91782.170073249
routes: [0, 80, 77, 74, 71, 72, 73, 75, 78, 76, 79, 58, 59, 60, 56, 53, 51, 52, 57, 55, 54, 0, 93, 92, 91, 95, 94, 99, 100, 96, 97, 98, 69, 70, 67, 68, 66, 63, 65, 64, 61, 62, 0, 32, 33, 34, 31, 39, 38, 37, 40, 36, 35, 30, 28, 26, 24, 21, 23, 22, 25, 27, 29, 20, 19, 17, 18, 15, 14, 12, 11, 13, 16, 0, 43, 44, 46, 49, 50, 48, 47, 45, 42, 41, 88, 87, 81, 82, 83, 85, 86, 89, 90, 84, 8, 7, 9, 10, 5, 6, 2, 1, 3, 4, 0]
Elapsed time: 250.5318465232849

i:0	139709.26144791523
i:50	108508.9099600187
i:100	105240.55479878813
i:150	98429.94960751846
i:200	95020.98326314824
i:250	93888.78295006679
i:300	92910.09202845249
i:350	91949.63341433395
i:400	91873.783198947
i:450	91792.54149648166
i:500	91786.73316053595
i:550	90794.25178095073
i:600	84551.29207190115
i:650	84551.29207190115
best: 84551.29207190115
routes: [0, 91, 92, 93, 95, 97, 98, 99, 100, 96, 94, 61, 62, 63, 64, 65, 67, 68, 66, 69, 70, 31, 39, 40, 35, 36, 37, 38, 34, 33, 32, 24, 21, 23, 22, 25, 27, 29, 30, 28, 26, 0, 4, 3, 1, 2, 8, 6, 5, 10, 7, 9, 90, 86, 89, 84, 83, 85, 82, 81, 87, 88, 41, 42, 43, 45, 44, 46, 49, 50, 47, 48, 11, 12, 14, 17, 19, 20, 18, 15, 13, 16, 0, 80, 78, 73, 75, 72, 71, 74, 76, 77, 79, 58, 60, 59, 57, 54, 55, 56, 53, 51, 52, 0]
Elapsed time: 263.6335427761078

i:0	153429.99898633818
i:50	104596.30575076054
i:100	98457.84867966952
i:150	96569.7459071307
i:200	95417.16419303112
i:250	94338.1346710173
i:300	93449.83372032916
i:350	92817.97925607585
i:400	92661.68836184978
i:450	92015.16556676567
i:500	91260.6193759838
i:550	91260.6193759838
i:600	91260.6193759838
i:650	91260.6193759838
best: 91260.6193759838
routes: [0, 91, 92, 93, 94, 95, 96, 99, 100, 97, 98, 69, 70, 67, 68, 65, 62, 61, 63, 64, 66, 0, 89, 90, 86, 84, 81, 82, 83, 85, 87, 88, 41, 44, 46, 49, 50, 47, 45, 42, 43, 48, 14, 12, 11, 13, 15, 17, 19, 20, 18, 16, 0, 80, 76, 77, 74, 71, 72, 73, 75, 78, 79, 58, 60, 59, 57, 52, 51, 53, 56, 55, 54, 8, 7, 9, 10, 5, 6, 2, 1, 3, 4, 0, 31, 39, 38, 37, 40, 35, 36, 34, 33, 32, 28, 30, 29, 27, 25, 26, 24, 21, 23, 22, 0]
Elapsed time: 262.47307872772217

i:0	143109.3753046886
i:50	98983.54486330728
i:100	96215.1943602872
i:150	94811.6621895141
i:200	89718.47431239534
i:250	87452.7415342737
i:300	86313.17875492983
i:350	85257.50147259195
i:400	84691.67963631771
i:450	84439.49529785581
i:500	84334.1338073766
i:550	84334.1338073766
i:600	84334.1338073766
i:650	84334.1338073766
best: 84334.1338073766
routes: [0, 96, 99, 100, 98, 97, 95, 94, 93, 91, 92, 61, 62, 63, 64, 65, 66, 67, 68, 69, 70, 31, 39, 40, 35, 36, 37, 38, 34, 33, 32, 21, 23, 25, 27, 29, 30, 28, 26, 24, 22, 0, 76, 71, 72, 73, 75, 78, 74, 77, 79, 80, 58, 60, 59, 57, 54, 55, 56, 53, 51, 52, 0, 13, 15, 18, 16, 20, 19, 17, 14, 12, 11, 43, 42, 45, 46, 49, 50, 48, 47, 44, 41, 88, 87, 81, 82, 83, 85, 86, 89, 90, 84, 8, 7, 9, 10, 5, 6, 2, 1, 3, 4, 0]
Elapsed time: 259.615727186203

mean: 89592.16670810615
std: 3899.831698580395
mean-time: 269.87595051527023
std-time: 14.315814741734094