i:0	67620.18542935429
i:50	51421.46823838177
i:100	51163.39293206741
i:150	51163.39293206741
i:200	50715.84929340544
i:250	50165.725326253334
i:300	49728.924265539885
i:350	49728.924265539885
i:400	49728.924265539885
i:450	49728.924265539885
i:500	49728.924265539885
i:550	49728.924265539885
i:600	49468.57591608543
i:650	49468.57591608543
best: 49468.57591608543
routes: [0, 23, 28, 27, 29, 30, 26, 24, 25, 22, 21, 48, 47, 41, 42, 43, 45, 46, 49, 50, 44, 0, 4, 3, 6, 5, 10, 9, 7, 8, 2, 1, 31, 32, 33, 34, 35, 38, 36, 37, 39, 40, 0, 11, 13, 12, 15, 17, 19, 20, 18, 16, 14, 0]
Elapsed time: 111.44277906417847

i:0	68313.31796629043
i:50	51817.614091834934
i:100	51175.17755368639
i:150	49648.78449865423
i:200	49517.2701302779
i:250	49517.2701302779
i:300	49471.59016461842
i:350	49471.59016461842
i:400	49471.59016461842
i:450	49471.59016461842
i:500	49471.59016461842
i:550	49471.59016461842
i:600	49471.59016461842
i:650	49471.59016461842
best: 49471.59016461842
routes: [0, 4, 5, 6, 7, 10, 9, 8, 2, 3, 1, 31, 32, 33, 34, 35, 38, 36, 37, 39, 40, 0, 23, 22, 25, 27, 29, 30, 28, 26, 24, 21, 48, 47, 41, 42, 43, 45, 46, 49, 50, 44, 0, 11, 13, 12, 15, 17, 19, 20, 18, 16, 14, 0]
Elapsed time: 114.10648441314697

i:0	66810.55946856015
i:50	51963.16717375141
i:100	51563.940711252
i:150	51563.940711252
i:200	51563.940711252
i:250	51563.940711252
i:300	51563.940711252
i:350	51563.940711252
i:400	49563.71456930382
i:450	49333.40715420733
i:500	49333.40715420733
i:550	49333.40715420733
i:600	49333.40715420733
i:650	49333.40715420733
best: 49333.40715420733
routes: [0, 23, 24, 26, 29, 30, 28, 27, 25, 22, 21, 47, 48, 45, 42, 41, 43, 44, 46, 49, 50, 0, 11, 13, 12, 15, 17, 19, 20, 18, 16, 14, 39, 40, 36, 37, 38, 35, 34, 33, 31, 32, 0, 3, 6, 5, 10, 9, 7, 8, 2, 1, 4, 0]
Elapsed time: 109.88296031951904

i:0	67092.52463229414
i:50	52323.77440744817
i:100	51863.01137650231
i:150	50593.75210358825
i:200	49661.11234955089
i:250	49661.11234955089
i:300	49615.432383891406
i:350	49615.432383891406
i:400	49505.75759360628
i:450	49505.75759360628
i:500	49505.75759360628
i:550	49505.75759360628
i:600	49505.75759360628
i:650	49505.75759360628
best: 49505.75759360628
routes: [0, 4, 5, 6, 7, 10, 9, 8, 2, 3, 1, 31, 32, 33, 34, 35, 38, 36, 37, 39, 40, 0, 23, 24, 26, 29, 30, 28, 27, 25, 22, 21, 48, 47, 41, 42, 43, 45, 46, 49, 50, 44, 0, 11, 13, 12, 15, 17, 19, 20, 18, 16, 14, 0]
Elapsed time: 116.54940152168274

i:0	65931.43549256324
i:50	52771.854767719844
i:100	52199.635473723385
i:150	51710.441699959614
i:200	51233.84554906901
i:250	50961.08750953208
i:300	50471.74279160463
i:350	49940.34585964892
i:400	49940.34585964892
i:450	49895.558736698935
i:500	49895.558736698935
i:550	49895.558736698935
i:600	49895.558736698935
i:650	49895.558736698935
best: 49895.558736698935
routes: [0, 23, 24, 26, 29, 30, 28, 27, 25, 22, 21, 46, 44, 43, 42, 41, 47, 48, 45, 49, 50, 0, 4, 3, 6, 5, 10, 9, 7, 8, 2, 1, 31, 32, 33, 34, 35, 38, 36, 37, 39, 40, 0, 11, 13, 15, 17, 19, 20, 18, 16, 14, 12, 0]
Elapsed time: 128.45281720161438

i:0	66125.40359246134
i:50	51410.34122221982
i:100	50691.11448255333
i:150	50590.80295915744
i:200	50590.80295915744
i:250	50375.55868200053
i:300	50108.8983755314
i:350	49607.999891308726
i:400	49596.52411599181
i:450	49596.52411599181
i:500	49596.52411599181
i:550	49596.52411599181
i:600	49596.52411599181
i:650	49596.52411599181
best: 49596.52411599181
routes: [0, 4, 5, 6, 7, 10, 9, 8, 2, 3, 1, 31, 32, 33, 34, 35, 38, 36, 37, 39, 40, 0, 23, 22, 25, 27, 29, 30, 28, 26, 24, 21, 47, 41, 42, 43, 45, 48, 46, 49, 50, 44, 0, 11, 13, 12, 15, 17, 19, 20, 18, 16, 14, 0]
Elapsed time: 121.86297154426575

i:0	66163.3492558264
i:50	52261.873975258335
i:100	51761.022481674576
i:150	51345.534276507984
i:200	50034.89533350548
i:250	49781.945036905985
i:300	49781.945036905985
i:350	49781.945036905985
i:400	49596.45082638441
i:450	49596.45082638441
i:500	49596.45082638441
i:550	49596.45082638441
i:600	49466.685156649764
i:650	49466.685156649764
best: 49466.685156649764
routes: [0, 11, 13, 12, 15, 17, 19, 20, 18, 16, 14, 39, 40, 36, 37, 38, 35, 34, 33, 31, 32, 0, 23, 22, 25, 27, 29, 30, 28, 26, 24, 21, 47, 48, 46, 44, 43, 42, 41, 45, 49, 50, 0, 4, 3, 6, 5, 10, 9, 7, 8, 2, 1, 0]
Elapsed time: 117.9882128238678

i:0	69065.70484739766
i:50	52070.04198971448
i:100	50901.36542487685
i:150	50608.99590528612
i:200	49956.224070438075
i:250	49956.224070438075
i:300	49703.48080813432
i:350	49703.48080813432
i:400	49703.48080813432
i:450	49703.48080813432
i:500	49703.48080813432
i:550	49703.48080813432
i:600	49703.48080813432
i:650	49703.48080813432
best: 49703.48080813432
routes: [0, 11, 13, 12, 15, 17, 19, 20, 18, 16, 14, 39, 40, 36, 37, 38, 35, 34, 33, 31, 32, 0, 50, 46, 49, 44, 43, 45, 42, 41, 47, 48, 21, 22, 23, 25, 24, 26, 29, 30, 27, 28, 0, 5, 6, 10, 9, 7, 8, 2, 1, 3, 4, 0]
Elapsed time: 121.3761715888977

i:0	66552.79609636917
i:50	52925.87868577455
i:100	52503.87952382072
i:150	52334.91773413542
i:200	52206.40949022421
i:250	52064.7982556241
i:300	51661.478814362665
i:350	51029.35152560434
i:400	50663.5959405273
i:450	50335.818924013685
i:500	50335.818924013685
i:550	50335.818924013685
i:600	50335.818924013685
i:650	50335.818924013685
best: 50335.818924013685
routes: [0, 4, 6, 5, 10, 9, 7, 8, 3, 2, 1, 31, 32, 33, 34, 35, 38, 36, 37, 39, 40, 0, 50, 46, 49, 44, 43, 45, 42, 41, 47, 48, 21, 25, 24, 26, 29, 30, 27, 28, 23, 22, 0, 11, 13, 12, 15, 17, 19, 20, 18, 16, 14, 0]
Elapsed time: 119.96809482574463

i:0	68718.28899352318
i:50	51727.47692088949
i:100	50919.57586269739
i:150	50297.07331333288
i:200	50297.07331333288
i:250	50102.67083790867
i:300	50058.34374869687
i:350	50058.34374869687
i:400	49704.39953394008
i:450	49304.789696048756
i:500	49304.789696048756
i:550	49304.789696048756
i:600	49304.789696048756
i:650	49304.789696048756
best: 49304.789696048756
routes: [0, 23, 22, 25, 27, 29, 30, 28, 26, 24, 21, 48, 47, 41, 42, 43, 45, 46, 49, 50, 44, 0, 4, 3, 6, 5, 10, 9, 7, 8, 2, 1, 31, 32, 33, 34, 35, 38, 36, 37, 39, 40, 0, 11, 13, 12, 15, 17, 19, 20, 18, 16, 14, 0]
Elapsed time: 119.09983110427856

i:0	67599.9792210814
i:50	51296.03368768853
i:100	50556.69513237812
i:150	50556.69513237812
i:200	50291.683494994926
i:250	49787.25692696174
i:300	49682.95276944953
i:350	49463.89107641001
i:400	49463.89107641001
i:450	49463.89107641001
i:500	49463.89107641001
i:550	49463.89107641001
i:600	49338.95712503661
i:650	49338.95712503661
best: 49338.95712503661
routes: [0, 23, 24, 26, 29, 30, 28, 27, 25, 22, 21, 48, 47, 41, 42, 43, 45, 46, 49, 50, 44, 0, 4, 3, 6, 5, 10, 9, 7, 8, 2, 1, 31, 32, 33, 34, 35, 38, 36, 37, 39, 40, 0, 11, 13, 12, 15, 17, 19, 20, 18, 16, 14, 0]
Elapsed time: 116.37167572975159

i:0	69942.84689416189
i:50	51957.63908314507
i:100	50679.34363542456
i:150	50506.67703641142
i:200	50027.38414203053
i:250	49924.810479452804
i:300	49490.03798196893
i:350	49304.789696048756
i:400	49304.789696048756
i:450	49304.789696048756
i:500	49304.789696048756
i:550	49304.789696048756
i:600	49304.789696048756
i:650	49304.789696048756
best: 49304.789696048756
routes: [0, 23, 22, 25, 27, 29, 30, 28, 26, 24, 21, 48, 47, 41, 42, 43, 45, 46, 49, 50, 44, 0, 4, 3, 6, 5, 10, 9, 7, 8, 2, 1, 31, 32, 33, 34, 35, 38, 36, 37, 39, 40, 0, 11, 13, 12, 15, 17, 19, 20, 18, 16, 14, 0]
Elapsed time: 123.15593409538269

i:0	72094.31577175761
i:50	51916.830269155114
i:100	51324.05446151756
i:150	50999.0073434353
i:200	50656.95030584665
i:250	49978.573450013784
i:300	49662.322975588344
i:350	49662.322975588344
i:400	49662.322975588344
i:450	49505.75759360628
i:500	49505.75759360628
i:550	49505.75759360628
i:600	49505.75759360628
i:650	49505.75759360628
best: 49505.75759360628
routes: [0, 23, 24, 26, 29, 30, 28, 27, 25, 22, 21, 48, 47, 41, 42, 43, 45, 46, 49, 50, 44, 0, 4, 5, 6, 7, 10, 9, 8, 2, 3, 1, 31, 32, 33, 34, 35, 38, 36, 37, 39, 40, 0, 11, 13, 12, 15, 17, 19, 20, 18, 16, 14, 0]
Elapsed time: 124.68628430366516

i:0	70525.9337927507
i:50	51349.261061167585
i:100	50783.097843010495
i:150	50697.0840682009
i:200	50538.463005002035
i:250	50538.463005002035
i:300	50300.804806996646
i:350	50050.13730782506
i:400	49959.97767965497
i:450	49813.96692798855
i:500	49813.96692798855
i:550	49813.96692798855
i:600	49813.96692798855
i:650	49813.96692798855
best: 49813.96692798855
routes: [0, 50, 46, 49, 44, 43, 45, 42, 41, 47, 48, 21, 22, 23, 25, 24, 26, 29, 30, 27, 28, 0, 4, 3, 6, 5, 10, 9, 7, 8, 2, 1, 31, 32, 33, 34, 35, 38, 36, 37, 39, 40, 0, 11, 13, 12, 15, 17, 19, 20, 18, 16, 14, 0]
Elapsed time: 116.5580837726593

i:0	67816.84964127681
i:50	51291.6768392871
i:100	50263.33292137108
i:150	49704.585926978565
i:200	49520.01408351135
i:250	49339.20397524375
i:300	49339.20397524375
i:350	49339.20397524375
i:400	49339.20397524375
i:450	49339.20397524375
i:500	49339.20397524375
i:550	49339.20397524375
i:600	49339.20397524375
i:650	49339.20397524375
best: 49339.20397524375
routes: [0, 11, 13, 12, 15, 17, 19, 20, 18, 16, 14, 39, 40, 36, 37, 38, 35, 34, 33, 31, 32, 0, 23, 24, 26, 29, 30, 28, 27, 25, 22, 21, 47, 48, 45, 42, 41, 43, 44, 46, 49, 50, 0, 5, 6, 10, 9, 7, 8, 2, 1, 3, 4, 0]
Elapsed time: 115.24347043037415

i:0	68013.83211036318
i:50	51548.15055216445
i:100	49568.51021264648
i:150	49400.01654140911
i:200	49228.471005182386
i:250	49228.471005182386
i:300	49228.471005182386
i:350	49228.471005182386
i:400	49228.471005182386
i:450	49228.471005182386
i:500	49228.471005182386
i:550	49228.471005182386
i:600	49228.471005182386
i:650	49228.471005182386
best: 49228.471005182386
routes: [0, 11, 13, 12, 15, 17, 19, 20, 18, 16, 14, 39, 40, 36, 37, 38, 35, 34, 33, 31, 32, 0, 23, 24, 26, 29, 30, 28, 27, 25, 22, 21, 48, 47, 41, 42, 43, 45, 46, 49, 50, 44, 0, 5, 6, 10, 9, 7, 8, 2, 1, 3, 4, 0]
Elapsed time: 115.69765067100525

i:0	70401.67562641863
i:50	53078.16860464352
i:100	51763.678502715586
i:150	50407.13237173879
i:200	49725.417548374324
i:250	49423.38490297992
i:300	49377.704937320435
i:350	49377.704937320435
i:400	49080.48265432656
i:450	49080.48265432656
i:500	49080.48265432656
i:550	49080.48265432656
i:600	49080.48265432656
i:650	49080.48265432656
best: 49080.48265432656
routes: [0, 23, 22, 25, 27, 29, 30, 28, 26, 24, 21, 48, 47, 41, 42, 43, 45, 46, 49, 50, 44, 0, 11, 13, 12, 15, 17, 19, 20, 18, 16, 14, 39, 40, 36, 37, 38, 35, 34, 33, 31, 32, 0, 1, 3, 2, 8, 7, 9, 10, 5, 6, 4, 0]
Elapsed time: 123.28101372718811

i:0	64045.50187643278
i:50	51577.80193594885
i:100	50949.621808060154
i:150	50357.404800225624
i:200	50357.404800225624
i:250	50357.404800225624
i:300	50171.8764045156
i:350	50171.8764045156
i:400	50171.8764045156
i:450	50171.8764045156
i:500	50171.8764045156
i:550	50171.8764045156
i:600	50171.8764045156
i:650	50171.8764045156
best: 50171.8764045156
routes: [0, 50, 46, 49, 44, 43, 45, 42, 41, 47, 48, 21, 25, 24, 26, 29, 30, 27, 28, 23, 22, 0, 4, 3, 6, 5, 10, 9, 7, 8, 2, 1, 31, 32, 33, 34, 35, 38, 36, 37, 39, 40, 0, 11, 13, 12, 15, 17, 19, 20, 18, 16, 14, 0]
Elapsed time: 114.28256034851074

i:0	65238.04340435738
i:50	51851.608124653336
i:100	51164.42488987938
i:150	50929.122603504766
i:200	50011.75827720274
i:250	49671.84721579039
i:300	49671.84721579039
i:350	49671.84721579039
i:400	49613.63261459606
i:450	49613.63261459606
i:500	49613.63261459606
i:550	49613.63261459606
i:600	49613.63261459606
i:650	49613.63261459606
best: 49613.63261459606
routes: [0, 4, 6, 5, 10, 9, 7, 8, 3, 2, 1, 31, 32, 33, 34, 35, 38, 36, 37, 39, 40, 0, 23, 24, 26, 29, 30, 28, 27, 25, 22, 21, 47, 48, 45, 42, 41, 43, 44, 46, 49, 50, 0, 11, 13, 12, 15, 17, 19, 20, 18, 16, 14, 0]
Elapsed time: 120.87009239196777

i:0	66651.69863489363
i:50	52440.220049466574
i:100	51014.580091939744
i:150	50678.886846932684
i:200	50426.66438681327
i:250	50426.66438681327
i:300	50236.58336010961
i:350	50047.39641129055
i:400	50047.39641129055
i:450	50047.39641129055
i:500	50047.39641129055
i:550	50047.39641129055
i:600	50047.39641129055
i:650	50047.39641129055
best: 50047.39641129055
routes: [0, 4, 3, 6, 5, 10, 9, 7, 8, 2, 1, 31, 32, 33, 34, 35, 38, 36, 37, 39, 40, 0, 23, 24, 26, 29, 30, 28, 27, 25, 22, 21, 49, 50, 44, 43, 42, 41, 47, 48, 45, 46, 0, 11, 13, 15, 17, 19, 20, 18, 16, 14, 12, 0]
Elapsed time: 124.98759865760803

mean: 49576.336133694494
std: 320.95456085605673
mean-time: 118.79320442676544
std-time: 4.7006470982258595