i:0	89281.51321797012
i:50	65693.37977260996
i:100	65693.37977260996
i:150	65300.068677171555
i:200	65300.068677171555
i:250	65300.068677171555
i:300	65300.068677171555
i:350	65300.068677171555
i:400	65300.068677171555
i:450	65300.068677171555
i:500	65300.068677171555
i:550	65300.068677171555
i:600	65300.068677171555
i:650	65300.068677171555
best: 65300.068677171555
routes: [0, 4, 3, 1, 2, 5, 44, 43, 45, 41, 42, 21, 22, 24, 25, 23, 6, 8, 7, 9, 10, 0, 26, 28, 27, 29, 30, 39, 36, 38, 37, 40, 33, 31, 32, 34, 35, 50, 49, 48, 47, 46, 0, 12, 15, 13, 14, 11, 18, 17, 20, 19, 16, 0]
Elapsed time: 24.274630546569824

i:0	293089.25856058864
i:50	66612.92842761577
i:100	64969.614943426786
i:150	64969.614943426786
i:200	64969.614943426786
i:250	64969.614943426786
i:300	64969.614943426786
i:350	64969.614943426786
i:400	64969.614943426786
i:450	64969.614943426786
i:500	64969.614943426786
i:550	64969.614943426786
i:600	64969.614943426786
i:650	64969.614943426786
best: 64969.614943426786
routes: [0, 26, 28, 27, 29, 30, 39, 36, 38, 37, 40, 32, 34, 35, 33, 31, 50, 49, 48, 47, 46, 0, 8, 7, 9, 10, 6, 24, 25, 23, 22, 21, 41, 42, 45, 43, 44, 1, 2, 5, 3, 4, 0, 12, 15, 13, 14, 11, 18, 17, 20, 19, 16, 0]
Elapsed time: 22.50738000869751

i:0	86643.29427908505
i:50	65727.62322638769
i:100	65727.62322638769
i:150	65727.62322638769
i:200	65727.62322638769
i:250	65727.62322638769
i:300	65727.62322638769
i:350	65727.62322638769
i:400	65727.62322638769
i:450	65727.62322638769
i:500	65727.62322638769
i:550	65727.62322638769
i:600	65727.62322638769
i:650	65727.62322638769
best: 65727.62322638769
routes: [0, 26, 28, 27, 29, 30, 39, 36, 38, 37, 40, 33, 34, 31, 32, 35, 50, 49, 48, 47, 46, 0, 4, 5, 3, 1, 2, 44, 43, 45, 41, 42, 24, 25, 23, 21, 22, 9, 10, 8, 7, 6, 0, 12, 15, 13, 14, 11, 18, 17, 20, 19, 16, 0]
Elapsed time: 24.199845552444458

i:0	99402.74655815447
i:50	65150.64283622241
i:100	65040.76028359347
i:150	65040.76028359347
i:200	65040.76028359347
i:250	65040.76028359347
i:300	65040.76028359347
i:350	65040.76028359347
i:400	65040.76028359347
i:450	65040.76028359347
i:500	65040.76028359347
i:550	65040.76028359347
i:600	65040.76028359347
i:650	65040.76028359347
best: 65040.76028359347
routes: [0, 26, 28, 27, 29, 30, 39, 36, 38, 37, 40, 31, 32, 34, 35, 33, 50, 49, 48, 47, 46, 0, 4, 5, 3, 1, 2, 44, 43, 45, 41, 42, 24, 21, 22, 25, 23, 6, 8, 7, 9, 10, 0, 14, 13, 12, 15, 11, 18, 17, 20, 19, 16, 0]
Elapsed time: 22.73333215713501

i:0	84002.4378066838
i:50	65668.04005814766
i:100	65668.04005814766
i:150	65668.04005814766
i:200	65668.04005814766
i:250	65668.04005814766
i:300	65668.04005814766
i:350	65668.04005814766
i:400	65668.04005814766
i:450	65668.04005814766
i:500	65668.04005814766
i:550	65668.04005814766
i:600	65668.04005814766
i:650	65668.04005814766
best: 65668.04005814766
routes: [0, 49, 50, 48, 47, 46, 34, 35, 33, 32, 31, 40, 38, 37, 39, 36, 29, 30, 28, 27, 26, 0, 1, 2, 4, 3, 5, 44, 43, 45, 41, 42, 24, 21, 22, 25, 23, 6, 8, 7, 9, 10, 0, 12, 15, 13, 14, 11, 18, 17, 20, 19, 16, 0]
Elapsed time: 22.094847679138184

i:0	90762.01351611862
i:50	68456.76721081934
i:100	66785.1965112833
i:150	66785.1965112833
i:200	66785.1965112833
i:250	66785.1965112833
i:300	66785.1965112833
i:350	66785.1965112833
i:400	66785.1965112833
i:450	66785.1965112833
i:500	66785.1965112833
i:550	66785.1965112833
i:600	66785.1965112833
i:650	66785.1965112833
best: 66785.1965112833
routes: [0, 26, 28, 27, 29, 30, 39, 36, 38, 37, 40, 31, 32, 34, 35, 33, 50, 49, 48, 47, 46, 0, 1, 2, 4, 3, 5, 44, 43, 42, 45, 41, 24, 25, 23, 21, 22, 9, 10, 8, 7, 6, 0, 12, 15, 13, 14, 11, 18, 17, 20, 19, 16, 0]
Elapsed time: 22.73356318473816

i:0	84355.39031689137
i:50	65581.35546838204
i:100	65053.02950269924
i:150	64636.27017845954
i:200	64636.27017845954
i:250	64636.27017845954
i:300	64636.27017845954
i:350	64636.27017845954
i:400	64636.27017845954
i:450	64636.27017845954
i:500	64636.27017845954
i:550	64636.27017845954
i:600	64636.27017845954
i:650	64636.27017845954
best: 64636.27017845954
routes: [0, 26, 28, 27, 29, 30, 39, 36, 38, 37, 40, 32, 34, 35, 33, 31, 50, 49, 48, 47, 46, 0, 3, 1, 2, 4, 5, 44, 43, 45, 41, 42, 21, 22, 24, 25, 23, 6, 8, 7, 9, 10, 0, 13, 14, 11, 12, 15, 20, 18, 17, 19, 16, 0]
Elapsed time: 20.010728359222412

i:0	84230.21727859062
i:50	65964.24475288007
i:100	65964.24475288007
i:150	64483.981452864915
i:200	64483.981452864915
i:250	64483.981452864915
i:300	64483.981452864915
i:350	64483.981452864915
i:400	64483.981452864915
i:450	64483.981452864915
i:500	64483.981452864915
i:550	64483.981452864915
i:600	64483.981452864915
i:650	64483.981452864915
best: 64483.981452864915
routes: [0, 26, 28, 27, 29, 30, 39, 36, 38, 37, 40, 31, 32, 34, 35, 33, 50, 49, 48, 47, 46, 0, 8, 7, 9, 10, 6, 24, 25, 23, 22, 21, 45, 43, 41, 42, 44, 5, 3, 4, 1, 2, 0, 11, 12, 15, 13, 14, 20, 18, 17, 19, 16, 0]
Elapsed time: 21.751800775527954

i:0	81480.43077706982
i:50	68518.90811066354
i:100	68180.80341410826
i:150	67982.96859763855
i:200	67982.96859763855
i:250	67982.96859763855
i:300	67982.96859763855
i:350	67982.96859763855
i:400	67982.96859763855
i:450	67982.96859763855
i:500	67982.96859763855
i:550	67982.96859763855
i:600	67982.96859763855
i:650	67982.96859763855
best: 67982.96859763855
routes: [0, 8, 7, 9, 10, 6, 25, 23, 22, 24, 21, 45, 41, 42, 44, 43, 2, 4, 5, 3, 1, 0, 26, 28, 27, 29, 30, 39, 36, 38, 37, 40, 31, 32, 34, 35, 33, 50, 49, 48, 47, 46, 0, 14, 13, 12, 15, 11, 18, 17, 20, 19, 16, 0]
Elapsed time: 21.587018489837646

i:0	494893.8097530438
i:50	65184.22561866834
i:100	64554.063039668006
i:150	64554.063039668006
i:200	64554.063039668006
i:250	64554.063039668006
i:300	64554.063039668006
i:350	64554.063039668006
i:400	64554.063039668006
i:450	64554.063039668006
i:500	64554.063039668006
i:550	64554.063039668006
i:600	64554.063039668006
i:650	64554.063039668006
best: 64554.063039668006
routes: [0, 26, 28, 27, 29, 30, 39, 36, 38, 37, 40, 31, 32, 34, 35, 33, 50, 49, 48, 47, 46, 0, 8, 7, 9, 10, 6, 23, 22, 24, 25, 21, 43, 45, 41, 42, 44, 5, 3, 4, 1, 2, 0, 13, 14, 11, 12, 15, 20, 18, 17, 19, 16, 0]
Elapsed time: 22.876463890075684

i:0	291070.3944412528
i:50	65583.77136570842
i:100	65583.77136570842
i:150	65583.77136570842
i:200	65583.77136570842
i:250	65583.77136570842
i:300	65583.77136570842
i:350	65583.77136570842
i:400	65583.77136570842
i:450	65583.77136570842
i:500	65583.77136570842
i:550	65583.77136570842
i:600	65583.77136570842
i:650	65583.77136570842
best: 65583.77136570842
routes: [0, 4, 3, 1, 2, 5, 44, 43, 45, 41, 42, 24, 25, 23, 21, 22, 9, 10, 8, 7, 6, 0, 49, 50, 48, 47, 46, 34, 35, 33, 32, 31, 40, 38, 37, 39, 36, 28, 27, 29, 30, 26, 0, 13, 14, 11, 12, 15, 20, 18, 17, 19, 16, 0]
Elapsed time: 26.37910556793213

i:0	81801.96266454863
i:50	65485.13472856957
i:100	65485.13472856957
i:150	65485.13472856957
i:200	65485.13472856957
i:250	65485.13472856957
i:300	65485.13472856957
i:350	65485.13472856957
i:400	65485.13472856957
i:450	65485.13472856957
i:500	65485.13472856957
i:550	65485.13472856957
i:600	65485.13472856957
i:650	65485.13472856957
best: 65485.13472856957
routes: [0, 49, 50, 48, 47, 46, 33, 34, 31, 32, 35, 40, 38, 37, 39, 36, 29, 30, 28, 27, 26, 0, 3, 1, 2, 4, 5, 44, 43, 45, 41, 42, 21, 22, 24, 25, 23, 6, 8, 7, 9, 10, 0, 13, 14, 11, 12, 15, 20, 18, 17, 19, 16, 0]
Elapsed time: 24.11865234375

i:0	81390.99980974474
i:50	66634.83315108738
i:100	65369.85206353731
i:150	65369.85206353731
i:200	65369.85206353731
i:250	65369.85206353731
i:300	65369.85206353731
i:350	65369.85206353731
i:400	65369.85206353731
i:450	65369.85206353731
i:500	65369.85206353731
i:550	65369.85206353731
i:600	65369.85206353731
i:650	65369.85206353731
best: 65369.85206353731
routes: [0, 26, 28, 27, 29, 30, 39, 36, 38, 37, 40, 31, 32, 34, 35, 33, 50, 49, 48, 47, 46, 0, 8, 7, 9, 10, 6, 24, 25, 23, 22, 21, 45, 43, 41, 42, 44, 1, 2, 5, 3, 4, 0, 12, 15, 13, 14, 11, 18, 17, 20, 19, 16, 0]
Elapsed time: 28.60453462600708

i:0	91305.7051773437
i:50	67523.59593810931
i:100	66611.21036150219
i:150	66448.58309043029
i:200	66448.58309043029
i:250	66448.58309043029
i:300	66448.58309043029
i:350	66448.58309043029
i:400	66448.58309043029
i:450	66448.58309043029
i:500	66448.58309043029
i:550	66448.58309043029
i:600	66448.58309043029
i:650	66448.58309043029
best: 66448.58309043029
routes: [0, 4, 5, 3, 1, 2, 44, 43, 42, 45, 41, 24, 25, 23, 21, 22, 9, 10, 8, 7, 6, 0, 26, 28, 27, 29, 30, 39, 36, 38, 37, 40, 33, 34, 31, 32, 35, 50, 49, 48, 47, 46, 0, 12, 15, 13, 14, 11, 18, 17, 20, 19, 16, 0]
Elapsed time: 23.453634023666382

i:0	85288.47614145036
i:50	68649.14755797853
i:100	68649.14755797853
i:150	68071.94073984065
i:200	68071.94073984065
i:250	68071.94073984065
i:300	68071.94073984065
i:350	68071.94073984065
i:400	68071.94073984065
i:450	68071.94073984065
i:500	68071.94073984065
i:550	68071.94073984065
i:600	68071.94073984065
i:650	68071.94073984065
best: 68071.94073984065
routes: [0, 4, 1, 2, 5, 3, 44, 43, 45, 41, 42, 24, 25, 23, 21, 22, 9, 10, 8, 7, 6, 0, 29, 30, 27, 26, 28, 40, 38, 37, 39, 36, 33, 34, 31, 32, 35, 50, 49, 48, 47, 46, 0, 16, 20, 19, 18, 17, 11, 12, 15, 13, 14, 0]
Elapsed time: 20.62161660194397

i:0	307760.12254167395
i:50	65339.008556755274
i:100	64761.80173861739
i:150	64761.80173861739
i:200	64761.80173861739
i:250	64761.80173861739
i:300	64761.80173861739
i:350	64761.80173861739
i:400	64761.80173861739
i:450	64761.80173861739
i:500	64761.80173861739
i:550	64761.80173861739
i:600	64761.80173861739
i:650	64761.80173861739
best: 64761.80173861739
routes: [0, 8, 7, 9, 10, 6, 23, 22, 24, 25, 21, 41, 42, 45, 43, 44, 3, 1, 2, 4, 5, 0, 26, 28, 27, 29, 30, 39, 36, 38, 37, 40, 33, 34, 31, 32, 35, 50, 49, 48, 47, 46, 0, 11, 12, 15, 13, 14, 20, 18, 17, 19, 16, 0]
Elapsed time: 20.386042833328247

i:0	296234.8249861102
i:50	65491.735158300304
i:100	65491.735158300304
i:150	65491.735158300304
i:200	65491.735158300304
i:250	65491.735158300304
i:300	65491.735158300304
i:350	65491.735158300304
i:400	65491.735158300304
i:450	65491.735158300304
i:500	65491.735158300304
i:550	65491.735158300304
i:600	65491.735158300304
i:650	65491.735158300304
best: 65491.735158300304
routes: [0, 4, 5, 3, 1, 2, 44, 43, 42, 45, 41, 24, 25, 23, 21, 22, 9, 10, 8, 7, 6, 0, 26, 28, 27, 29, 30, 39, 36, 38, 37, 40, 33, 34, 31, 32, 35, 50, 49, 48, 47, 46, 0, 11, 12, 15, 13, 14, 20, 18, 17, 19, 16, 0]
Elapsed time: 24.971774578094482

i:0	288996.04026042274
i:50	66146.67170668683
i:100	65902.67400658992
i:150	65689.22043126507
i:200	65689.22043126507
i:250	65689.22043126507
i:300	65689.22043126507
i:350	65689.22043126507
i:400	65689.22043126507
i:450	65689.22043126507
i:500	65689.22043126507
i:550	65689.22043126507
i:600	65689.22043126507
i:650	65689.22043126507
best: 65689.22043126507
routes: [0, 49, 50, 48, 47, 46, 31, 32, 34, 33, 35, 40, 38, 37, 39, 36, 28, 27, 29, 30, 26, 0, 1, 2, 4, 5, 3, 44, 43, 45, 41, 42, 21, 22, 24, 25, 23, 6, 8, 7, 9, 10, 0, 12, 15, 13, 14, 11, 18, 17, 20, 19, 16, 0]
Elapsed time: 23.88770890235901

i:0	301463.310111522
i:50	67839.55568731889
i:100	67209.39310831856
i:150	67209.39310831856
i:200	67209.39310831856
i:250	67209.39310831856
i:300	67209.39310831856
i:350	67209.39310831856
i:400	67209.39310831856
i:450	67209.39310831856
i:500	67209.39310831856
i:550	67209.39310831856
i:600	67209.39310831856
i:650	67209.39310831856
best: 67209.39310831856
routes: [0, 26, 28, 27, 29, 30, 39, 36, 38, 37, 40, 32, 34, 35, 33, 31, 50, 49, 48, 47, 46, 0, 6, 8, 7, 9, 10, 12, 15, 13, 14, 11, 20, 18, 17, 19, 16, 0, 44, 43, 42, 45, 41, 24, 21, 22, 25, 23, 5, 3, 4, 1, 2, 0]
Elapsed time: 22.224748373031616

i:0	86698.27827809764
i:50	65046.58974619438
i:100	65046.58974619438
i:150	65046.58974619438
i:200	65046.58974619438
i:250	65046.58974619438
i:300	65046.58974619438
i:350	65046.58974619438
i:400	65046.58974619438
i:450	65046.58974619438
i:500	65046.58974619438
i:550	65046.58974619438
i:600	65046.58974619438
i:650	65046.58974619438
best: 65046.58974619438
routes: [0, 4, 3, 1, 2, 5, 44, 43, 45, 41, 42, 24, 25, 23, 21, 22, 9, 10, 8, 7, 6, 0, 49, 50, 48, 47, 46, 34, 35, 33, 32, 31, 40, 38, 37, 39, 36, 29, 30, 28, 27, 26, 0, 13, 14, 11, 12, 15, 20, 18, 17, 19, 16, 0]
Elapsed time: 26.169087409973145

mean: 65715.33045697116
std: 1034.9432727476967
mean-time: 23.279325795173644
std-time: 2.089369708622317