i:0	86416.32684759445
i:50	60734.90893830382
i:100	59541.67599600241
i:150	59541.67599600241
i:200	59541.67599600241
i:250	59541.67599600241
i:300	59541.67599600241
i:350	59541.67599600241
i:400	59541.67599600241
i:450	59541.67599600241
i:500	59541.67599600241
i:550	59541.67599600241
i:600	59541.67599600241
i:650	59541.67599600241
best: 59541.67599600241
routes: [0, 49, 50, 48, 47, 46, 33, 34, 35, 32, 31, 40, 38, 37, 39, 36, 29, 30, 28, 27, 26, 1, 2, 5, 3, 4, 0, 44, 43, 45, 42, 41, 21, 24, 23, 25, 22, 6, 8, 7, 9, 10, 12, 11, 14, 13, 15, 20, 18, 17, 19, 16, 0]
Elapsed time: 34.48297309875488

i:0	86296.72369222368
i:50	61657.44827926575
i:100	61261.80155681015
i:150	61253.15699286558
i:200	61253.15699286558
i:250	61253.15699286558
i:300	61253.15699286558
i:350	61253.15699286558
i:400	61253.15699286558
i:450	61253.15699286558
i:500	61253.15699286558
i:550	61253.15699286558
i:600	61253.15699286558
i:650	61253.15699286558
best: 61253.15699286558
routes: [0, 26, 28, 27, 29, 30, 39, 36, 38, 37, 40, 33, 34, 35, 32, 31, 50, 49, 48, 47, 46, 1, 2, 5, 3, 4, 0, 8, 7, 9, 10, 6, 23, 25, 22, 24, 21, 41, 42, 45, 43, 44, 11, 14, 13, 12, 15, 20, 18, 17, 19, 16, 0]
Elapsed time: 38.04941272735596

i:0	82958.2497584577
i:50	60192.65380219447
i:100	59763.51026271304
i:150	59763.51026271304
i:200	59763.51026271304
i:250	59763.51026271304
i:300	59763.51026271304
i:350	59763.51026271304
i:400	59763.51026271304
i:450	59763.51026271304
i:500	59763.51026271304
i:550	59763.51026271304
i:600	59763.51026271304
i:650	59763.51026271304
best: 59763.51026271304
routes: [0, 23, 25, 22, 24, 21, 41, 42, 45, 43, 44, 39, 40, 38, 37, 36, 29, 30, 28, 27, 26, 0, 50, 49, 48, 47, 46, 31, 32, 35, 33, 34, 16, 18, 17, 19, 20, 15, 13, 14, 11, 12, 8, 7, 9, 10, 6, 5, 3, 2, 1, 4, 0]
Elapsed time: 29.107418060302734

i:0	80509.31886380882
i:50	62126.66206548321
i:100	62126.66206548321
i:150	59541.67599600241
i:200	59541.67599600241
i:250	59541.67599600241
i:300	59541.67599600241
i:350	59541.67599600241
i:400	59541.67599600241
i:450	59541.67599600241
i:500	59541.67599600241
i:550	59541.67599600241
i:600	59541.67599600241
i:650	59541.67599600241
best: 59541.67599600241
routes: [0, 44, 43, 45, 42, 41, 21, 24, 23, 25, 22, 6, 8, 7, 9, 10, 12, 11, 14, 13, 15, 20, 18, 17, 19, 16, 0, 49, 50, 48, 47, 46, 33, 34, 35, 32, 31, 40, 38, 37, 39, 36, 29, 30, 28, 27, 26, 1, 2, 5, 3, 4, 0]
Elapsed time: 36.23665928840637

i:0	83941.62245429144
i:50	59869.00377607357
i:100	59763.4217019989
i:150	59763.4217019989
i:200	59763.4217019989
i:250	59763.4217019989
i:300	59763.4217019989
i:350	59763.4217019989
i:400	59763.4217019989
i:450	59763.4217019989
i:500	59763.4217019989
i:550	59763.4217019989
i:600	59763.4217019989
i:650	59763.4217019989
best: 59763.4217019989
routes: [0, 1, 2, 4, 3, 5, 23, 25, 22, 24, 21, 41, 42, 45, 43, 44, 39, 40, 38, 37, 36, 29, 30, 28, 27, 26, 0, 50, 49, 48, 47, 46, 31, 32, 35, 33, 34, 16, 20, 19, 18, 17, 11, 14, 13, 15, 12, 8, 7, 9, 10, 6, 0]
Elapsed time: 30.433618783950806

i:0	88685.30326034626
i:50	59048.420428210055
i:100	58541.737781532174
i:150	58541.737781532174
i:200	58541.737781532174
i:250	58541.737781532174
i:300	58541.737781532174
i:350	58541.737781532174
i:400	58541.737781532174
i:450	58541.737781532174
i:500	58541.737781532174
i:550	58541.737781532174
i:600	58541.737781532174
i:650	58541.737781532174
best: 58541.737781532174
routes: [0, 26, 28, 27, 29, 30, 39, 36, 38, 37, 40, 33, 34, 35, 32, 31, 50, 49, 48, 47, 46, 0, 16, 18, 17, 19, 20, 15, 13, 14, 11, 12, 8, 7, 9, 10, 6, 23, 25, 22, 24, 21, 41, 42, 45, 43, 44, 5, 3, 2, 1, 4, 0]
Elapsed time: 31.77403974533081

i:0	81922.33759515434
i:50	61264.401943450546
i:100	60713.225480376655
i:150	59621.073832170965
i:200	59541.67599600241
i:250	59541.67599600241
i:300	59541.67599600241
i:350	59541.67599600241
i:400	59541.67599600241
i:450	59541.67599600241
i:500	59541.67599600241
i:550	59541.67599600241
i:600	59541.67599600241
i:650	59541.67599600241
best: 59541.67599600241
routes: [0, 49, 50, 48, 47, 46, 33, 34, 35, 32, 31, 40, 38, 37, 39, 36, 29, 30, 28, 27, 26, 1, 2, 5, 3, 4, 0, 44, 43, 45, 42, 41, 21, 24, 23, 25, 22, 6, 8, 7, 9, 10, 12, 11, 14, 13, 15, 20, 18, 17, 19, 16, 0]
Elapsed time: 31.58259916305542

i:0	88467.02106401722
i:50	60194.38593403212
i:100	60194.38593403212
i:150	60194.38593403212
i:200	60194.38593403212
i:250	60194.38593403212
i:300	60194.38593403212
i:350	60194.38593403212
i:400	60194.38593403212
i:450	60194.38593403212
i:500	60194.38593403212
i:550	60194.38593403212
i:600	60194.38593403212
i:650	60194.38593403212
best: 60194.38593403212
routes: [0, 49, 50, 48, 47, 46, 33, 34, 35, 32, 31, 40, 38, 37, 39, 36, 29, 30, 28, 27, 26, 1, 2, 5, 3, 4, 0, 8, 7, 9, 10, 6, 23, 25, 22, 24, 21, 41, 42, 45, 43, 44, 11, 14, 13, 12, 15, 20, 18, 17, 19, 16, 0]
Elapsed time: 28.668365240097046

i:0	83221.00987187802
i:50	58557.02679952177
i:100	58557.02679952177
i:150	58557.02679952177
i:200	58557.02679952177
i:250	58557.02679952177
i:300	58557.02679952177
i:350	58557.02679952177
i:400	58557.02679952177
i:450	58557.02679952177
i:500	58557.02679952177
i:550	58557.02679952177
i:600	58557.02679952177
i:650	58557.02679952177
best: 58557.02679952177
routes: [0, 49, 50, 48, 47, 46, 33, 34, 35, 32, 31, 40, 38, 37, 39, 36, 29, 30, 28, 27, 26, 0, 16, 20, 19, 18, 17, 11, 14, 13, 15, 12, 8, 7, 9, 10, 6, 23, 25, 22, 24, 21, 41, 42, 45, 43, 44, 5, 3, 2, 1, 4, 0]
Elapsed time: 33.343329191207886

i:0	82829.7255840821
i:50	60600.447054835866
i:100	60600.447054835866
i:150	60600.447054835866
i:200	60600.447054835866
i:250	60600.447054835866
i:300	60600.447054835866
i:350	60600.447054835866
i:400	60600.447054835866
i:450	60600.447054835866
i:500	60600.447054835866
i:550	60600.447054835866
i:600	60600.447054835866
i:650	60600.447054835866
best: 60600.447054835866
routes: [0, 26, 28, 27, 29, 30, 39, 36, 38, 37, 40, 33, 34, 35, 32, 31, 50, 49, 48, 47, 46, 1, 2, 5, 3, 4, 0, 44, 43, 45, 42, 41, 21, 24, 23, 25, 22, 6, 8, 7, 9, 10, 12, 11, 14, 13, 15, 20, 18, 17, 19, 16, 0]
Elapsed time: 25.9836642742157

i:0	82898.43018275581
i:50	62268.72782549175
i:100	61781.425989605974
i:150	61731.66057413038
i:200	61731.66057413038
i:250	61731.66057413038
i:300	61731.66057413038
i:350	61731.66057413038
i:400	61731.66057413038
i:450	61731.66057413038
i:500	61731.66057413038
i:550	61731.66057413038
i:600	61731.66057413038
i:650	61731.66057413038
best: 61731.66057413038
routes: [0, 26, 28, 27, 29, 30, 39, 36, 38, 37, 40, 31, 32, 35, 33, 34, 50, 49, 48, 47, 46, 0, 11, 14, 13, 15, 12, 8, 7, 9, 10, 6, 23, 25, 22, 24, 21, 41, 42, 45, 43, 44, 5, 3, 2, 1, 4, 0, 18, 17, 20, 19, 16, 0]
Elapsed time: 27.0562903881073

i:0	88213.87472051688
i:50	59115.057291702615
i:100	58541.737781532174
i:150	58541.737781532174
i:200	58541.737781532174
i:250	58541.737781532174
i:300	58541.737781532174
i:350	58541.737781532174
i:400	58541.737781532174
i:450	58541.737781532174
i:500	58541.737781532174
i:550	58541.737781532174
i:600	58541.737781532174
i:650	58541.737781532174
best: 58541.737781532174
routes: [0, 26, 28, 27, 29, 30, 39, 36, 38, 37, 40, 33, 34, 35, 32, 31, 50, 49, 48, 47, 46, 0, 16, 18, 17, 19, 20, 15, 13, 14, 11, 12, 8, 7, 9, 10, 6, 23, 25, 22, 24, 21, 41, 42, 45, 43, 44, 5, 3, 2, 1, 4, 0]
Elapsed time: 31.41777515411377

i:0	86898.26860216561
i:50	60444.33302648534
i:100	59644.54652913503
i:150	59644.54652913503
i:200	59644.54652913503
i:250	59644.54652913503
i:300	59644.54652913503
i:350	59639.68295845018
i:400	59639.68295845018
i:450	59639.68295845018
i:500	59639.68295845018
i:550	59639.68295845018
i:600	59639.68295845018
i:650	59639.68295845018
best: 59639.68295845018
routes: [0, 5, 3, 2, 1, 4, 23, 25, 22, 24, 21, 41, 42, 45, 43, 44, 39, 40, 38, 37, 36, 29, 30, 28, 27, 26, 0, 50, 49, 48, 47, 46, 31, 32, 35, 33, 34, 16, 18, 17, 19, 20, 15, 13, 14, 11, 12, 8, 7, 9, 10, 6, 0]
Elapsed time: 58.997950077056885

i:0	79764.76943465562
i:50	60459.23344011158
i:100	60360.824732694266
i:150	60360.824732694266
i:200	60360.824732694266
i:250	60360.824732694266
i:300	60360.824732694266
i:350	60360.824732694266
i:400	60360.824732694266
i:450	60360.824732694266
i:500	60360.824732694266
i:550	60360.824732694266
i:600	60360.824732694266
i:650	60360.824732694266
best: 60360.824732694266
routes: [0, 49, 50, 48, 47, 46, 33, 34, 35, 32, 31, 40, 38, 37, 39, 36, 29, 30, 28, 27, 26, 1, 2, 5, 3, 4, 0, 23, 25, 22, 24, 21, 41, 42, 45, 43, 44, 6, 8, 7, 9, 10, 12, 11, 14, 13, 15, 20, 18, 17, 19, 16, 0]
Elapsed time: 34.39800024032593

i:0	83374.25224397397
i:50	61781.425989605974
i:100	61781.425989605974
i:150	61727.6928728109
i:200	61727.6928728109
i:250	61727.6928728109
i:300	61727.6928728109
i:350	61727.6928728109
i:400	61727.6928728109
i:450	61727.6928728109
i:500	61727.6928728109
i:550	61727.6928728109
i:600	61727.6928728109
i:650	61727.6928728109
best: 61727.6928728109
routes: [0, 26, 28, 27, 29, 30, 39, 36, 38, 37, 40, 33, 34, 35, 32, 31, 49, 50, 48, 47, 46, 0, 11, 14, 13, 15, 12, 8, 7, 9, 10, 6, 23, 25, 22, 24, 21, 41, 42, 45, 43, 44, 5, 3, 2, 1, 4, 0, 18, 17, 20, 19, 16, 0]
Elapsed time: 27.831555366516113

i:0	85940.05794084111
i:50	60600.447054835866
i:100	60600.447054835866
i:150	60600.447054835866
i:200	60600.447054835866
i:250	60600.447054835866
i:300	60600.447054835866
i:350	60600.447054835866
i:400	60600.447054835866
i:450	60600.447054835866
i:500	60600.447054835866
i:550	60600.447054835866
i:600	60600.447054835866
i:650	60600.447054835866
best: 60600.447054835866
routes: [0, 26, 28, 27, 29, 30, 39, 36, 38, 37, 40, 33, 34, 35, 32, 31, 50, 49, 48, 47, 46, 1, 2, 5, 3, 4, 0, 44, 43, 45, 42, 41, 21, 24, 23, 25, 22, 6, 8, 7, 9, 10, 12, 11, 14, 13, 15, 20, 18, 17, 19, 16, 0]
Elapsed time: 29.514848470687866

i:0	81520.52135532322
i:50	60717.29155459309
i:100	60194.38593403212
i:150	60194.38593403212
i:200	60194.38593403212
i:250	60194.38593403212
i:300	60194.38593403212
i:350	60194.38593403212
i:400	60194.38593403212
i:450	60194.38593403212
i:500	60194.38593403212
i:550	60194.38593403212
i:600	60194.38593403212
i:650	60194.38593403212
best: 60194.38593403212
routes: [0, 49, 50, 48, 47, 46, 33, 34, 35, 32, 31, 40, 38, 37, 39, 36, 29, 30, 28, 27, 26, 1, 2, 5, 3, 4, 0, 8, 7, 9, 10, 6, 23, 25, 22, 24, 21, 41, 42, 45, 43, 44, 11, 14, 13, 12, 15, 20, 18, 17, 19, 16, 0]
Elapsed time: 32.50619196891785

i:0	81516.74925146431
i:50	58541.737781532174
i:100	58541.737781532174
i:150	58541.737781532174
i:200	58541.737781532174
i:250	58541.737781532174
i:300	58541.737781532174
i:350	58541.737781532174
i:400	58541.737781532174
i:450	58541.737781532174
i:500	58541.737781532174
i:550	58541.737781532174
i:600	58541.737781532174
i:650	58541.737781532174
best: 58541.737781532174
routes: [0, 26, 28, 27, 29, 30, 39, 36, 38, 37, 40, 33, 34, 35, 32, 31, 50, 49, 48, 47, 46, 0, 16, 18, 17, 19, 20, 15, 13, 14, 11, 12, 8, 7, 9, 10, 6, 23, 25, 22, 24, 21, 41, 42, 45, 43, 44, 5, 3, 2, 1, 4, 0]
Elapsed time: 29.432141065597534

i:0	85174.46041006115
i:50	62268.72782549175
i:100	61781.425989605974
i:150	61781.425989605974
i:200	61731.66057413038
i:250	61731.66057413038
i:300	61731.66057413038
i:350	61731.66057413038
i:400	61731.66057413038
i:450	61731.66057413038
i:500	61731.66057413038
i:550	61731.66057413038
i:600	61731.66057413038
i:650	61731.66057413038
best: 61731.66057413038
routes: [0, 26, 28, 27, 29, 30, 39, 36, 38, 37, 40, 31, 32, 35, 33, 34, 50, 49, 48, 47, 46, 0, 11, 14, 13, 15, 12, 8, 7, 9, 10, 6, 23, 25, 22, 24, 21, 41, 42, 45, 43, 44, 5, 3, 2, 1, 4, 0, 18, 17, 20, 19, 16, 0]
Elapsed time: 28.68256902694702

i:0	83415.92236516866
i:50	59597.97060556449
i:100	59541.67599600241
i:150	59541.67599600241
i:200	59541.67599600241
i:250	59541.67599600241
i:300	59541.67599600241
i:350	59541.67599600241
i:400	59541.67599600241
i:450	59541.67599600241
i:500	59541.67599600241
i:550	59541.67599600241
i:600	59541.67599600241
i:650	59541.67599600241
best: 59541.67599600241
routes: [0, 49, 50, 48, 47, 46, 33, 34, 35, 32, 31, 40, 38, 37, 39, 36, 29, 30, 28, 27, 26, 1, 2, 5, 3, 4, 0, 44, 43, 45, 42, 41, 21, 24, 23, 25, 22, 6, 8, 7, 9, 10, 12, 11, 14, 13, 15, 20, 18, 17, 19, 16, 0]
Elapsed time: 31.277523279190063

mean: 59995.51103878289
std: 1025.2508172262997
mean-time: 32.5388462305069
std-time: 6.7690380812551485