i:0	63881.845965428874
i:50	49387.201918242106
i:100	48247.67282199697
i:150	47920.757792334654
i:200	47699.626110565325
i:250	47458.643770256356
i:300	46521.74427232862
i:350	46342.72115965637
i:400	46342.72115965637
i:450	46157.22694913481
i:500	46157.22694913481
i:550	46157.22694913481
i:600	46157.22694913481
i:650	46157.22694913481
best: 46157.22694913481
routes: [0, 11, 13, 12, 15, 17, 19, 20, 18, 16, 14, 39, 40, 36, 37, 38, 35, 34, 33, 31, 32, 0, 23, 24, 26, 29, 30, 28, 27, 25, 22, 21, 48, 47, 41, 42, 43, 45, 46, 49, 50, 44, 9, 7, 8, 2, 1, 3, 6, 10, 5, 4, 0]
Elapsed time: 141.01772713661194

i:0	71226.97444998898
i:50	51192.38983112413
i:100	49568.2414205956
i:150	48474.112670309965
i:200	48144.5234918421
i:250	47789.042782115284
i:300	47723.50427461532
i:350	47645.54900537238
i:400	47585.80670841779
i:450	46933.76377603866
i:500	46933.76377603866
i:550	46933.76377603866
i:600	46933.76377603866
i:650	46933.76377603866
best: 46933.76377603866
routes: [0, 4, 5, 10, 6, 3, 1, 2, 8, 7, 9, 50, 44, 46, 49, 45, 43, 42, 41, 47, 48, 21, 22, 23, 25, 24, 26, 29, 30, 27, 28, 0, 11, 12, 13, 15, 17, 19, 20, 18, 16, 14, 31, 32, 33, 34, 35, 38, 37, 36, 39, 40, 0]
Elapsed time: 133.36995100975037

i:0	64469.092977478394
i:50	49339.209395142214
i:100	48726.75536521869
i:150	48648.52855514009
i:200	47798.80670461811
i:250	47654.312394614666
i:300	47097.43532216152
i:350	47097.43532216152
i:400	47097.43532216152
i:450	47097.43532216152
i:500	47097.43532216152
i:550	47097.43532216152
i:600	47097.43532216152
i:650	47097.43532216152
best: 47097.43532216152
routes: [0, 12, 15, 17, 19, 20, 18, 16, 14, 13, 11, 31, 32, 33, 34, 35, 38, 37, 36, 39, 40, 0, 23, 24, 26, 29, 30, 28, 27, 25, 22, 21, 48, 47, 41, 42, 45, 43, 44, 46, 49, 50, 8, 7, 9, 10, 5, 6, 2, 1, 3, 4, 0]
Elapsed time: 137.58910584449768

i:0	66011.9900290132
i:50	50063.35394685225
i:100	49207.84231213706
i:150	49172.68446347873
i:200	47528.03728847785
i:250	47395.040595998056
i:300	46664.85993271331
i:350	46476.71460240762
i:400	46476.71460240762
i:450	46476.71460240762
i:500	46476.71460240762
i:550	46476.71460240762
i:600	46476.71460240762
i:650	46476.71460240762
best: 46476.71460240762
routes: [0, 23, 24, 26, 29, 30, 28, 27, 25, 22, 21, 48, 47, 41, 42, 43, 45, 46, 49, 50, 44, 9, 10, 5, 6, 7, 8, 2, 1, 3, 4, 0, 12, 15, 17, 19, 20, 18, 16, 14, 13, 11, 39, 40, 36, 37, 38, 35, 34, 33, 31, 32, 0]
Elapsed time: 131.41912484169006

i:0	66060.48378028891
i:50	49436.47682193961
i:100	49291.86405694189
i:150	49088.866970801726
i:200	48794.897443678565
i:250	48759.73959502025
i:300	48759.73959502025
i:350	48759.73959502025
i:400	48751.47063022484
i:450	48706.68350727485
i:500	48706.68350727485
i:550	48706.68350727485
i:600	48706.68350727485
i:650	48706.68350727485
best: 48706.68350727485
routes: [0, 23, 22, 25, 27, 29, 30, 28, 26, 24, 21, 46, 44, 43, 42, 41, 47, 48, 45, 49, 50, 9, 10, 7, 8, 2, 1, 3, 6, 5, 4, 0, 12, 15, 17, 19, 20, 18, 16, 14, 13, 11, 31, 33, 35, 38, 37, 39, 40, 36, 34, 32, 0]
Elapsed time: 131.73858666419983

i:0	65289.173132940865
i:50	49550.08002039693
i:100	49199.21921449418
i:150	47156.3719629731
i:200	47071.18105670144
i:250	46890.37094843384
i:300	46696.03362490012
i:350	46696.03362490012
i:400	46353.93071172918
i:450	46057.13755214099
i:500	46057.13755214099
i:550	46057.13755214099
i:600	46057.13755214099
i:650	46057.13755214099
best: 46057.13755214099
routes: [0, 4, 5, 6, 3, 1, 2, 8, 7, 10, 9, 50, 44, 46, 49, 45, 43, 42, 41, 47, 48, 21, 22, 23, 25, 24, 26, 29, 30, 27, 28, 0, 11, 13, 12, 15, 17, 19, 20, 18, 16, 14, 39, 40, 36, 37, 38, 35, 34, 33, 31, 32, 0]
Elapsed time: 132.99251890182495

i:0	69971.26185735977
i:50	50613.32109638967
i:100	50399.99130894576
i:150	49835.29390579187
i:200	48424.106773472726
i:250	48345.131149683744
i:300	47262.0847200655
i:350	47083.145686621356
i:400	47071.648069097704
i:450	47071.648069097704
i:500	47071.648069097704
i:550	47071.648069097704
i:600	47024.8389645947
i:650	47024.8389645947
best: 47024.8389645947
routes: [0, 23, 22, 25, 27, 29, 30, 28, 26, 24, 21, 48, 47, 41, 42, 43, 45, 46, 49, 50, 44, 9, 7, 8, 2, 1, 3, 6, 10, 5, 4, 0, 12, 13, 15, 17, 19, 20, 18, 16, 14, 11, 31, 32, 33, 34, 35, 38, 37, 36, 39, 40, 0]
Elapsed time: 141.91959857940674

i:0	67793.98807983646
i:50	51083.20408157324
i:100	48436.96055483174
i:150	47526.81979233108
i:200	47526.81979233108
i:250	47354.49153992072
i:300	46940.26275356172
i:350	46590.02495405143
i:400	46590.02495405143
i:450	46547.35329257966
i:500	46547.35329257966
i:550	46547.35329257966
i:600	46547.35329257966
i:650	46547.35329257966
best: 46547.35329257966
routes: [0, 4, 5, 10, 6, 3, 1, 2, 8, 7, 9, 50, 44, 46, 49, 45, 43, 42, 41, 47, 48, 21, 24, 26, 29, 30, 28, 27, 25, 23, 22, 0, 12, 13, 15, 17, 19, 20, 18, 16, 14, 11, 39, 40, 36, 37, 38, 35, 34, 33, 31, 32, 0]
Elapsed time: 134.22218537330627

i:0	60287.08673452207
i:50	49226.19158977737
i:100	47670.405885388376
i:150	47614.56223631035
i:200	47435.695021600375
i:250	47154.03459151072
i:300	47041.827015677496
i:350	46996.147050018015
i:400	46996.147050018015
i:450	46996.147050018015
i:500	46996.147050018015
i:550	46996.147050018015
i:600	46996.147050018015
i:650	46996.147050018015
best: 46996.147050018015
routes: [0, 11, 12, 13, 15, 17, 19, 20, 18, 16, 14, 31, 32, 33, 34, 35, 38, 37, 36, 39, 40, 0, 23, 22, 25, 27, 29, 30, 28, 26, 24, 21, 48, 47, 41, 42, 43, 45, 46, 49, 50, 44, 9, 10, 7, 8, 2, 1, 3, 6, 5, 4, 0]
Elapsed time: 142.39499616622925

i:0	65974.02540998295
i:50	50171.01927187928
i:100	47782.41560540441
i:150	47665.97948765257
i:200	47606.23719069798
i:250	47428.99655569893
i:300	47086.89364252799
i:350	47008.93837328505
i:400	47008.93837328505
i:450	47008.93837328505
i:500	47008.93837328505
i:550	47008.93837328505
i:600	47008.93837328505
i:650	47008.93837328505
best: 47008.93837328505
routes: [0, 4, 3, 1, 2, 8, 6, 5, 10, 7, 9, 50, 44, 46, 49, 45, 43, 42, 41, 47, 48, 21, 22, 23, 25, 24, 26, 29, 30, 27, 28, 0, 11, 12, 13, 15, 17, 19, 20, 18, 16, 14, 31, 32, 33, 34, 35, 38, 37, 36, 39, 40, 0]
Elapsed time: 136.00677037239075

i:0	64489.551637230616
i:50	48965.17152668978
i:100	48560.7083840344
i:150	48168.08588780994
i:200	47267.526990145285
i:250	47008.89110720552
i:300	46883.95715583212
i:350	46883.95715583212
i:400	46883.95715583212
i:450	46883.95715583212
i:500	46883.95715583212
i:550	46883.95715583212
i:600	46883.95715583212
i:650	46883.95715583212
best: 46883.95715583212
routes: [0, 23, 24, 26, 29, 30, 28, 27, 25, 22, 21, 48, 47, 41, 42, 43, 45, 46, 49, 50, 44, 8, 7, 9, 10, 5, 6, 2, 1, 3, 4, 0, 12, 13, 15, 17, 19, 20, 18, 16, 14, 11, 31, 32, 33, 34, 35, 38, 37, 36, 39, 40, 0]
Elapsed time: 129.48820400238037

i:0	69484.04700663674
i:50	48625.010192888105
i:100	47729.75884619658
i:150	47402.14390632932
i:200	47357.67649338988
i:250	47357.67649338988
i:300	47172.18228286832
i:350	47172.18228286832
i:400	47172.18228286832
i:450	47172.18228286832
i:500	47095.59489085656
i:550	47095.59489085656
i:600	47095.59489085656
i:650	47095.59489085656
best: 47095.59489085656
routes: [0, 28, 27, 29, 30, 26, 24, 25, 22, 23, 21, 47, 48, 41, 42, 43, 45, 46, 49, 50, 44, 8, 2, 1, 3, 6, 7, 9, 10, 5, 4, 0, 11, 13, 12, 15, 17, 19, 20, 18, 16, 14, 39, 40, 36, 37, 38, 35, 34, 33, 31, 32, 0]
Elapsed time: 117.60667204856873

i:0	68657.29528530252
i:50	50492.168726552
i:100	50056.768234555566
i:150	49957.215700158515
i:200	49813.36299678154
i:250	49786.15013143015
i:300	49786.15013143015
i:350	49785.92512254296
i:400	49574.898779779964
i:450	49279.18807655848
i:500	49278.137994172735
i:550	49278.137994172735
i:600	49278.137994172735
i:650	49278.137994172735
best: 49278.137994172735
routes: [0, 11, 12, 15, 13, 17, 19, 20, 18, 16, 14, 39, 40, 36, 37, 38, 35, 32, 31, 33, 34, 0, 4, 3, 10, 5, 8, 2, 1, 7, 6, 9, 50, 46, 44, 43, 42, 41, 47, 45, 49, 48, 21, 22, 23, 25, 24, 26, 29, 30, 27, 28, 0]
Elapsed time: 139.6074731349945

i:0	69364.43834230972
i:50	49861.3164016368
i:100	49735.488582781894
i:150	48727.41482655964
i:200	48632.415725086816
i:250	48442.796756889984
i:300	47961.18131433352
i:350	47288.51139152754
i:400	47288.51139152754
i:450	46991.71823193935
i:500	46991.71823193935
i:550	46991.71823193935
i:600	46991.71823193935
i:650	46991.71823193935
best: 46991.71823193935
routes: [0, 4, 1, 2, 3, 6, 5, 10, 7, 8, 9, 50, 44, 46, 49, 45, 43, 42, 41, 47, 48, 21, 22, 23, 25, 24, 26, 29, 30, 27, 28, 0, 11, 12, 13, 15, 17, 19, 20, 18, 16, 14, 31, 32, 33, 34, 35, 38, 37, 36, 39, 40, 0]
Elapsed time: 139.49025297164917

i:0	62825.33341580587
i:50	51484.0245188525
i:100	49560.02040981296
i:150	48420.039642378106
i:200	48420.039642378106
i:250	47595.934643307795
i:300	46557.889933860875
i:350	46485.78090532084
i:400	46485.78090532084
i:450	46235.00416032735
i:500	46235.00416032735
i:550	46235.00416032735
i:600	46235.00416032735
i:650	46235.00416032735
best: 46235.00416032735
routes: [0, 4, 5, 10, 6, 3, 1, 2, 8, 7, 9, 50, 44, 46, 49, 45, 43, 42, 41, 47, 48, 21, 22, 23, 25, 24, 26, 29, 30, 27, 28, 0, 12, 13, 15, 17, 19, 20, 18, 16, 14, 11, 39, 40, 36, 37, 38, 35, 34, 33, 31, 32, 0]
Elapsed time: 140.9481565952301

i:0	66536.57789308057
i:50	50793.96633200068
i:100	50706.55511279353
i:150	50384.450713473845
i:200	49654.44317591539
i:250	49328.97762948159
i:300	47910.364281047565
i:350	47771.37672676476
i:400	47394.1159649355
i:450	47394.1159649355
i:500	47394.1159649355
i:550	47097.32280534731
i:600	47097.32280534731
i:650	47097.32280534731
best: 47097.32280534731
routes: [0, 4, 1, 2, 3, 6, 5, 10, 7, 8, 9, 50, 44, 46, 49, 45, 43, 42, 41, 47, 48, 21, 22, 23, 25, 24, 26, 29, 30, 27, 28, 0, 12, 15, 17, 19, 20, 18, 16, 14, 13, 11, 31, 32, 33, 34, 35, 38, 37, 36, 39, 40, 0]
Elapsed time: 140.19919872283936

i:0	64007.19238401978
i:50	50333.45987573241
i:100	48593.69495242821
i:150	47616.958397937124
i:200	47361.0950272834
i:250	47361.0950272834
i:300	46828.68390304329
i:350	46464.140699940195
i:400	46305.65639910211
i:450	46305.65639910211
i:500	46305.65639910211
i:550	46182.31631204265
i:600	46182.31631204265
i:650	46182.31631204265
best: 46182.31631204265
routes: [0, 23, 22, 25, 27, 29, 30, 28, 26, 24, 21, 48, 47, 41, 42, 43, 45, 46, 49, 50, 44, 8, 7, 9, 10, 5, 6, 2, 1, 3, 4, 0, 12, 13, 15, 17, 19, 20, 18, 16, 14, 11, 39, 40, 36, 37, 38, 35, 34, 33, 31, 32, 0]
Elapsed time: 141.10325813293457

i:0	66473.23264618109
i:50	48877.43429058444
i:100	48610.9096310924
i:150	48373.53611373887
i:200	47987.80636548595
i:250	47987.80636548595
i:300	47809.888101038174
i:350	47441.373766457786
i:400	46911.332657631516
i:450	46836.662750562384
i:500	46816.37023276082
i:550	46519.57707317262
i:600	46519.57707317262
i:650	46519.57707317262
best: 46519.57707317262
routes: [0, 4, 1, 2, 3, 6, 5, 10, 7, 8, 9, 50, 44, 46, 49, 45, 43, 42, 41, 47, 48, 21, 22, 23, 25, 24, 26, 29, 30, 27, 28, 0, 11, 12, 13, 14, 16, 15, 17, 19, 20, 18, 39, 40, 36, 37, 38, 35, 34, 33, 31, 32, 0]
Elapsed time: 135.60756468772888

i:0	69818.83106969728
i:50	48686.193587727204
i:100	47879.271306012255
i:150	47514.70186464024
i:200	47316.923452190815
i:250	46896.165021000554
i:300	46668.83179616653
i:350	46668.83179616653
i:400	46668.83179616653
i:450	46583.43941438908
i:500	46583.43941438908
i:550	46583.43941438908
i:600	46583.43941438908
i:650	46583.43941438908
best: 46583.43941438908
routes: [0, 4, 3, 1, 2, 8, 6, 5, 10, 7, 9, 23, 25, 24, 26, 29, 30, 28, 27, 22, 21, 48, 47, 41, 42, 43, 45, 46, 49, 50, 44, 0, 11, 13, 12, 15, 17, 19, 20, 18, 16, 14, 39, 40, 36, 37, 38, 35, 34, 33, 31, 32, 0]
Elapsed time: 132.78772068023682

i:0	67549.83987951386
i:50	50047.59667649047
i:100	49216.39718098365
i:150	48766.795675241185
i:200	48520.44574665863
i:250	47768.59554208473
i:300	47338.1469977754
i:350	46777.81442359579
i:400	46353.37451534814
i:450	46353.37451534814
i:500	46353.37451534814
i:550	46353.37451534814
i:600	46353.37451534814
i:650	46353.37451534814
best: 46353.37451534814
routes: [0, 12, 15, 17, 19, 20, 18, 16, 14, 13, 11, 39, 40, 36, 37, 38, 35, 34, 33, 31, 32, 0, 23, 24, 26, 29, 30, 28, 27, 25, 22, 21, 48, 47, 41, 42, 43, 45, 46, 49, 50, 44, 8, 7, 9, 10, 5, 6, 2, 1, 3, 4, 0]
Elapsed time: 145.63031244277954

mean: 46911.334097153194
std: 779.3085729630557
mean-time: 136.2569689154625
std-time: 6.074029942713352