i:0	62310.80277170415
i:50	50315.448518057005
i:100	49625.70323190197
i:150	49335.49038729621
i:200	48331.06850248324
i:250	46192.436254530956
i:300	46038.61476717409
i:350	45760.03161301145
i:400	45694.331215126236
i:450	45694.331215126236
i:500	45694.331215126236
i:550	45694.331215126236
i:600	45694.331215126236
i:650	45694.331215126236
best: 45694.331215126236
routes: [0, 46, 50, 49, 47, 48, 45, 44, 43, 41, 42, 40, 39, 37, 38, 35, 33, 32, 31, 34, 36, 28, 30, 29, 27, 26, 23, 21, 22, 25, 24, 0, 11, 19, 18, 17, 20, 15, 16, 14, 13, 12, 6, 10, 9, 7, 8, 5, 4, 3, 1, 2, 0]
Elapsed time: 142.1315939426422

i:0	70610.71333626672
i:50	49003.539458302126
i:100	47849.83596093775
i:150	47211.453319817716
i:200	46413.94489996253
i:250	46199.19112931834
i:300	46011.948269165194
i:350	45971.118056919775
i:400	45971.118056919775
i:450	45971.118056919775
i:500	45971.118056919775
i:550	45971.118056919775
i:600	45971.118056919775
i:650	45971.118056919775
best: 45971.118056919775
routes: [0, 3, 1, 2, 4, 5, 7, 9, 10, 8, 6, 15, 16, 17, 20, 19, 18, 12, 13, 14, 11, 50, 49, 48, 47, 46, 45, 44, 43, 41, 42, 0, 21, 22, 23, 26, 24, 25, 27, 29, 30, 28, 39, 38, 35, 33, 32, 31, 34, 36, 37, 40, 0]
Elapsed time: 137.8173565864563

i:0	67680.71314176181
i:50	47909.43556119416
i:100	47532.266707916584
i:150	46923.0054044992
i:200	46430.830980370345
i:250	46430.830980370345
i:300	46430.830980370345
i:350	46115.39371381237
i:400	46115.39371381237
i:450	46115.39371381237
i:500	46115.39371381237
i:550	46115.39371381237
i:600	46115.39371381237
i:650	46115.39371381237
best: 46115.39371381237
routes: [0, 21, 22, 23, 26, 24, 25, 27, 29, 30, 28, 36, 37, 34, 31, 32, 33, 35, 38, 40, 39, 41, 42, 43, 44, 45, 47, 48, 49, 50, 46, 0, 11, 19, 20, 15, 16, 17, 18, 14, 13, 12, 10, 9, 7, 8, 5, 4, 2, 1, 3, 6, 0]
Elapsed time: 123.58745408058167

i:0	61801.3871422072
i:50	48220.574313910736
i:100	47326.5465569081
i:150	47243.18351883945
i:200	46837.90829430241
i:250	46804.18263887499
i:300	46795.534901453895
i:350	46777.68412931486
i:400	46652.85536526123
i:450	46343.449088721434
i:500	46343.449088721434
i:550	46343.449088721434
i:600	46343.449088721434
i:650	46343.449088721434
best: 46343.449088721434
routes: [0, 21, 22, 23, 26, 24, 25, 27, 29, 30, 28, 40, 38, 35, 33, 32, 31, 34, 36, 37, 39, 41, 42, 43, 44, 45, 47, 48, 49, 50, 46, 0, 11, 14, 13, 18, 19, 20, 16, 15, 17, 12, 3, 1, 2, 4, 5, 7, 9, 10, 8, 6, 0]
Elapsed time: 142.28378653526306

i:0	63495.364339144435
i:50	49017.28790370824
i:100	48140.693473645624
i:150	48028.25637413202
i:200	47894.896364599175
i:250	47894.896364599175
i:300	47339.102047376255
i:350	47248.172303017505
i:400	47077.15053920534
i:450	47077.15053920534
i:500	47077.15053920534
i:550	47029.02670003212
i:600	47029.02670003212
i:650	47029.02670003212
best: 47029.02670003212
routes: [0, 42, 41, 43, 44, 45, 46, 47, 48, 49, 50, 11, 19, 20, 16, 15, 17, 18, 14, 13, 12, 3, 1, 2, 4, 5, 7, 9, 10, 8, 6, 0, 38, 35, 33, 32, 31, 34, 37, 36, 39, 40, 28, 30, 29, 27, 26, 23, 21, 22, 25, 24, 0]
Elapsed time: 131.6413791179657

i:0	61397.173336624415
i:50	48046.0225765302
i:100	47617.78867090377
i:150	47374.35456077226
i:200	46901.02614474893
i:250	46733.96593656484
i:300	46400.37860802725
i:350	46400.37860802725
i:400	46338.54314516293
i:450	46091.02796943621
i:500	46084.43410102744
i:550	46084.43410102744
i:600	46084.43410102744
i:650	46084.43410102744
best: 46084.43410102744
routes: [0, 41, 43, 44, 45, 47, 48, 49, 50, 46, 42, 39, 40, 38, 35, 33, 32, 31, 34, 37, 36, 28, 30, 29, 27, 26, 23, 21, 22, 25, 24, 0, 11, 14, 13, 18, 19, 20, 16, 15, 17, 12, 6, 10, 9, 7, 8, 5, 4, 3, 1, 2, 0]
Elapsed time: 143.01433181762695

i:0	64459.25646890912
i:50	48291.27061754887
i:100	47410.679408043434
i:150	47002.93402810383
i:200	46465.71952898182
i:250	46465.71952898182
i:300	46241.52979365805
i:350	45800.13021630205
i:400	45800.13021630205
i:450	45754.21185470401
i:500	45317.56058023552
i:550	45260.68348422225
i:600	45260.68348422225
i:650	45260.68348422225
best: 45260.68348422225
routes: [0, 42, 41, 43, 44, 45, 48, 47, 46, 49, 50, 11, 19, 20, 15, 16, 17, 18, 14, 13, 12, 3, 1, 2, 4, 5, 7, 9, 10, 8, 6, 0, 21, 22, 23, 26, 24, 25, 27, 29, 30, 28, 39, 40, 38, 35, 33, 32, 31, 34, 37, 36, 0]
Elapsed time: 150.0118420124054

i:0	69611.71964226791
i:50	48280.12826838334
i:100	47552.44977185028
i:150	47475.8962839477
i:200	47354.57896788843
i:250	47218.004155012924
i:300	47218.004155012924
i:350	47114.01646346951
i:400	47114.01646346951
i:450	47114.01646346951
i:500	47114.01646346951
i:550	47103.87484325173
i:600	46863.65146288884
i:650	46863.65146288884
best: 46863.65146288884
routes: [0, 41, 42, 43, 44, 45, 46, 49, 50, 47, 48, 36, 34, 31, 32, 33, 35, 38, 37, 39, 40, 28, 30, 29, 27, 26, 23, 21, 22, 25, 24, 0, 11, 17, 16, 15, 20, 19, 18, 14, 13, 12, 6, 3, 1, 2, 4, 5, 7, 9, 10, 8, 0]
Elapsed time: 131.38998937606812

i:0	67963.98298811019
i:50	48912.18285089554
i:100	48220.75964462555
i:150	47745.63442109718
i:200	47387.699836431544
i:250	47375.611384671145
i:300	47375.611384671145
i:350	47375.611384671145
i:400	46709.49295911263
i:450	46421.560300757876
i:500	46421.560300757876
i:550	46421.560300757876
i:600	46421.560300757876
i:650	46421.560300757876
best: 46421.560300757876
routes: [0, 41, 42, 43, 44, 45, 47, 48, 49, 50, 46, 40, 39, 34, 31, 32, 33, 35, 38, 37, 36, 28, 30, 29, 27, 26, 23, 21, 22, 25, 24, 0, 11, 14, 13, 18, 19, 20, 16, 15, 17, 12, 6, 3, 5, 8, 10, 9, 7, 4, 1, 2, 0]
Elapsed time: 133.26424074172974

i:0	66113.09122644391
i:50	50351.05007217864
i:100	47677.315733926356
i:150	47272.46150179345
i:200	47081.62403400925
i:250	46894.381173856105
i:300	46853.88022366754
i:350	46853.88022366754
i:400	46386.433049039726
i:450	46167.37528540597
i:500	46167.37528540597
i:550	46167.37528540597
i:600	46167.37528540597
i:650	45314.42296207203
best: 45314.42296207203
routes: [0, 41, 42, 43, 44, 45, 46, 47, 48, 49, 50, 11, 13, 14, 18, 19, 20, 15, 16, 17, 12, 3, 1, 2, 4, 5, 7, 9, 10, 8, 6, 0, 21, 22, 23, 26, 24, 25, 27, 29, 30, 28, 36, 34, 31, 32, 33, 35, 38, 37, 39, 40, 0]
Elapsed time: 141.43597769737244

i:0	74590.44718067424
i:50	48984.92817580842
i:100	47507.43040003356
i:150	46699.653914677896
i:200	46373.82617423289
i:250	46147.61415678569
i:300	45868.70140674912
i:350	45857.203164343344
i:400	45857.203164343344
i:450	45857.203164343344
i:500	45857.203164343344
i:550	45857.203164343344
i:600	45857.203164343344
i:650	45857.203164343344
best: 45857.203164343344
routes: [0, 46, 49, 50, 47, 48, 45, 44, 43, 41, 42, 21, 22, 23, 26, 24, 25, 27, 29, 30, 28, 39, 37, 36, 34, 31, 32, 33, 35, 38, 40, 0, 3, 1, 2, 4, 5, 7, 9, 10, 8, 6, 15, 16, 17, 20, 19, 18, 11, 14, 13, 12, 0]
Elapsed time: 139.60534930229187

i:0	72241.50345377819
i:50	49494.46522604652
i:100	49449.99385061671
i:150	49336.389898095105
i:200	49335.61782187436
i:250	49335.61782187436
i:300	49306.705562894436
i:350	49306.705562894436
i:400	49303.08843907995
i:450	47312.12726929759
i:500	46253.695028258226
i:550	46253.695028258226
i:600	46253.695028258226
i:650	46253.695028258226
best: 46253.695028258226
routes: [0, 46, 49, 50, 47, 48, 45, 44, 43, 41, 42, 21, 22, 23, 26, 24, 25, 27, 29, 30, 28, 36, 37, 39, 40, 38, 35, 33, 32, 31, 34, 0, 11, 19, 20, 15, 16, 17, 18, 14, 13, 12, 6, 5, 4, 7, 9, 10, 8, 3, 1, 2, 0]
Elapsed time: 134.88217544555664

i:0	74595.83845817565
i:50	48914.00875247992
i:100	48564.50849007535
i:150	48467.28152579873
i:200	48467.28152579873
i:250	48467.28152579873
i:300	48467.28152579873
i:350	48246.03698980186
i:400	48246.03698980186
i:450	47972.61733763007
i:500	47678.988652451415
i:550	47678.988652451415
i:600	47678.988652451415
i:650	47678.988652451415
best: 47678.988652451415
routes: [0, 39, 40, 37, 38, 35, 33, 32, 31, 34, 36, 28, 30, 29, 27, 26, 25, 24, 23, 21, 22, 0, 1, 2, 4, 7, 5, 8, 9, 10, 6, 3, 12, 17, 16, 15, 20, 19, 18, 13, 14, 11, 50, 49, 48, 47, 46, 45, 44, 43, 41, 42, 0]
Elapsed time: 126.36877465248108

i:0	67425.86795113263
i:50	47941.593143108556
i:100	47416.83394011595
i:150	47051.025734252995
i:200	46133.555535545296
i:250	46040.976084786074
i:300	45952.40026588195
i:350	45952.40026588195
i:400	45725.07288734056
i:450	45714.93126712278
i:500	45714.93126712278
i:550	45714.93126712278
i:600	45714.93126712278
i:650	45714.93126712278
best: 45714.93126712278
routes: [0, 43, 44, 45, 47, 48, 49, 50, 46, 41, 42, 40, 39, 37, 38, 35, 33, 32, 31, 34, 36, 28, 30, 29, 27, 26, 23, 21, 22, 25, 24, 0, 11, 19, 20, 15, 16, 17, 18, 14, 13, 12, 3, 1, 2, 4, 5, 7, 9, 10, 8, 6, 0]
Elapsed time: 136.6660976409912

i:0	63107.59417352539
i:50	48275.53965366597
i:100	46865.451078653336
i:150	46756.16921310735
i:200	46251.16726255417
i:250	46137.660197141304
i:300	46124.25882551134
i:350	45922.184779827614
i:400	45922.184779827614
i:450	45922.184779827614
i:500	45922.184779827614
i:550	45922.184779827614
i:600	45922.184779827614
i:650	45922.184779827614
best: 45922.184779827614
routes: [0, 42, 41, 43, 44, 45, 48, 47, 46, 49, 50, 11, 19, 20, 15, 16, 17, 18, 14, 13, 12, 6, 3, 5, 8, 10, 9, 7, 4, 1, 2, 0, 21, 22, 23, 26, 24, 25, 27, 29, 30, 28, 39, 38, 35, 33, 32, 31, 34, 36, 37, 40, 0]
Elapsed time: 139.3452696800232

i:0	68583.86832373307
i:50	49043.2203084316
i:100	48765.632479186606
i:150	48604.00163405831
i:200	48311.38499202141
i:250	48291.94918609009
i:300	48291.94918609009
i:350	47644.42396164887
i:400	47644.42396164887
i:450	46183.05253325577
i:500	46141.9967800376
i:550	46141.9967800376
i:600	46141.9967800376
i:650	46141.9967800376
best: 46141.9967800376
routes: [0, 46, 49, 50, 47, 48, 45, 44, 43, 41, 42, 40, 39, 37, 36, 34, 31, 32, 33, 35, 38, 28, 30, 29, 27, 26, 25, 24, 23, 21, 22, 0, 11, 13, 14, 19, 18, 17, 20, 15, 16, 12, 3, 1, 2, 4, 5, 7, 9, 10, 8, 6, 0]
Elapsed time: 151.2204144001007

i:0	72231.88069984152
i:50	49741.35952961317
i:100	48999.327481762244
i:150	47981.463099655346
i:200	47652.84784546064
i:250	47483.268209340575
i:300	47430.893085888776
i:350	47395.82705894273
i:400	47103.636037209944
i:450	47103.636037209944
i:500	47103.636037209944
i:550	47103.636037209944
i:600	47103.636037209944
i:650	47103.636037209944
best: 47103.636037209944
routes: [0, 36, 37, 34, 31, 32, 33, 35, 38, 40, 39, 28, 30, 29, 27, 26, 25, 24, 22, 23, 21, 41, 42, 43, 44, 45, 47, 48, 49, 50, 46, 0, 11, 14, 13, 18, 19, 20, 16, 15, 17, 12, 3, 1, 2, 4, 5, 7, 9, 10, 8, 6, 0]
Elapsed time: 143.6794948577881

i:0	62390.29741265844
i:50	48557.72601455617
i:100	47599.924103895304
i:150	47470.72659910281
i:200	47314.07801769987
i:250	47218.004155012924
i:300	47218.004155012924
i:350	47218.004155012924
i:400	47218.004155012924
i:450	47103.87484325173
i:500	47103.87484325173
i:550	47103.87484325173
i:600	47103.87484325173
i:650	47103.87484325173
best: 47103.87484325173
routes: [0, 41, 42, 43, 44, 45, 46, 47, 48, 49, 50, 11, 17, 16, 15, 20, 19, 18, 14, 13, 12, 6, 3, 1, 2, 4, 5, 7, 9, 10, 8, 0, 36, 34, 31, 32, 33, 35, 38, 37, 39, 40, 28, 30, 29, 27, 26, 23, 21, 22, 25, 24, 0]
Elapsed time: 134.50314021110535

i:0	67239.18060106148
i:50	49957.56415355802
i:100	49732.29911428371
i:150	49699.87959477793
i:200	48265.65233960439
i:250	47742.26647498345
i:300	47464.652428210815
i:350	47443.83055490618
i:400	47399.17437813287
i:450	47399.17437813287
i:500	47399.17437813287
i:550	47399.17437813287
i:600	47399.17437813287
i:650	47399.17437813287
best: 47399.17437813287
routes: [0, 39, 40, 37, 36, 34, 31, 32, 33, 35, 38, 28, 30, 29, 27, 26, 25, 24, 22, 23, 21, 41, 42, 43, 44, 45, 47, 48, 49, 50, 46, 0, 11, 14, 13, 18, 19, 20, 16, 15, 17, 12, 10, 9, 7, 4, 2, 1, 3, 5, 8, 6, 0]
Elapsed time: 140.44370770454407

i:0	63467.517440173324
i:50	49979.489492717476
i:100	48755.96027470076
i:150	48541.02497185768
i:200	48175.438795230584
i:250	47777.91449707301
i:300	47640.284379429955
i:350	47622.43360729092
i:400	46759.89223029485
i:450	46759.89223029485
i:500	46759.89223029485
i:550	46759.89223029485
i:600	46759.89223029485
i:650	46759.89223029485
best: 46759.89223029485
routes: [0, 21, 22, 23, 26, 24, 25, 27, 29, 30, 28, 38, 35, 33, 32, 31, 34, 36, 37, 39, 40, 41, 42, 43, 44, 45, 47, 48, 49, 50, 46, 0, 11, 14, 13, 18, 19, 20, 16, 15, 17, 12, 3, 1, 2, 4, 5, 7, 9, 10, 8, 6, 0]
Elapsed time: 139.68204975128174

mean: 46351.68241232555
std: 661.1006638122025
mean-time: 138.14872127771378
std-time: 6.74446578892612