i:0	77832.94517393297
i:50	65327.52497284051
i:100	65114.106256811436
i:150	64849.68393201894
i:200	64849.68393201894
i:250	64849.68393201894
i:300	64849.68393201894
i:350	64849.68393201894
i:400	64849.68393201894
i:450	64849.68393201894
i:500	64849.68393201894
i:550	64849.68393201894
i:600	64849.68393201894
i:650	64849.68393201894
best: 64849.68393201894
routes: [0, 3, 4, 5, 1, 2, 45, 41, 42, 44, 43, 21, 22, 24, 25, 23, 7, 9, 8, 10, 6, 0, 46, 48, 47, 49, 50, 31, 32, 34, 35, 33, 40, 38, 37, 39, 36, 28, 27, 29, 30, 26, 0, 11, 12, 14, 13, 15, 16, 20, 17, 19, 18, 0]
Elapsed time: 27.853920698165894

i:0	287436.87003746413
i:50	66744.75891693821
i:100	66744.75891693821
i:150	66744.75891693821
i:200	66744.75891693821
i:250	66744.75891693821
i:300	66744.75891693821
i:350	66744.75891693821
i:400	66744.75891693821
i:450	66744.75891693821
i:500	66744.75891693821
i:550	66744.75891693821
i:600	66744.75891693821
i:650	66744.75891693821
best: 66744.75891693821
routes: [0, 3, 5, 1, 2, 4, 45, 43, 41, 42, 44, 24, 21, 22, 25, 23, 7, 9, 8, 10, 6, 0, 27, 29, 30, 26, 28, 39, 40, 38, 37, 36, 33, 32, 34, 35, 31, 49, 50, 48, 47, 46, 0, 19, 18, 17, 20, 16, 15, 13, 14, 11, 12, 0]
Elapsed time: 24.928909063339233

i:0	81183.85888924357
i:50	65892.79836202928
i:100	65370.7907360636
i:150	65370.7907360636
i:200	65370.7907360636
i:250	65370.7907360636
i:300	65370.7907360636
i:350	65370.7907360636
i:400	65370.7907360636
i:450	65370.7907360636
i:500	65370.7907360636
i:550	65370.7907360636
i:600	65370.7907360636
i:650	65370.7907360636
best: 65370.7907360636
routes: [0, 19, 18, 17, 20, 16, 11, 12, 15, 13, 14, 10, 9, 6, 8, 7, 25, 23, 24, 21, 22, 0, 5, 1, 2, 4, 3, 44, 45, 43, 42, 41, 27, 26, 30, 29, 28, 39, 40, 38, 37, 36, 0, 46, 48, 47, 49, 50, 35, 33, 31, 32, 34, 0]
Elapsed time: 25.93217968940735

i:0	295319.9485168377
i:50	67360.2294243669
i:100	67360.2294243669
i:150	66962.30233852805
i:200	66962.30233852805
i:250	66962.30233852805
i:300	66962.30233852805
i:350	66962.30233852805
i:400	66962.30233852805
i:450	66962.30233852805
i:500	66962.30233852805
i:550	66962.30233852805
i:600	66962.30233852805
i:650	66962.30233852805
best: 66962.30233852805
routes: [0, 33, 31, 32, 34, 35, 49, 48, 47, 50, 46, 39, 40, 38, 37, 36, 28, 27, 29, 30, 26, 0, 2, 4, 3, 5, 1, 45, 43, 44, 41, 42, 23, 24, 21, 22, 25, 7, 9, 8, 10, 6, 0, 19, 18, 17, 20, 16, 15, 13, 14, 11, 12, 0]
Elapsed time: 47.08185601234436

i:0	79950.66312113989
i:50	66658.03541819348
i:100	66658.03541819348
i:150	66525.82169187875
i:200	66525.82169187875
i:250	66525.82169187875
i:300	66525.82169187875
i:350	66525.82169187875
i:400	66525.82169187875
i:450	66525.82169187875
i:500	66525.82169187875
i:550	66525.82169187875
i:600	66525.82169187875
i:650	66525.82169187875
best: 66525.82169187875
routes: [0, 14, 15, 13, 11, 12, 10, 6, 8, 7, 9, 25, 23, 24, 21, 22, 4, 3, 5, 1, 2, 0, 17, 16, 20, 19, 18, 34, 35, 33, 32, 31, 48, 47, 49, 50, 46, 0, 43, 44, 41, 42, 45, 27, 26, 30, 29, 28, 39, 40, 38, 37, 36, 0]
Elapsed time: 21.431180715560913

i:0	80776.92830467183
i:50	66362.06231088981
i:100	66362.06231088981
i:150	66362.06231088981
i:200	66362.06231088981
i:250	66362.06231088981
i:300	66362.06231088981
i:350	66362.06231088981
i:400	66362.06231088981
i:450	66362.06231088981
i:500	66362.06231088981
i:550	66362.06231088981
i:600	66362.06231088981
i:650	66362.06231088981
best: 66362.06231088981
routes: [0, 19, 18, 20, 17, 16, 14, 15, 13, 11, 12, 6, 10, 9, 8, 7, 25, 23, 24, 21, 22, 0, 3, 4, 5, 1, 2, 45, 43, 41, 42, 44, 27, 29, 30, 26, 28, 39, 40, 38, 37, 36, 0, 33, 32, 34, 35, 31, 48, 47, 49, 50, 46, 0]
Elapsed time: 21.58136534690857

i:0	82492.57252328818
i:50	66611.64525764063
i:100	65946.83890005296
i:150	65946.83890005296
i:200	65946.83890005296
i:250	65946.83890005296
i:300	65946.83890005296
i:350	65946.83890005296
i:400	65946.83890005296
i:450	65946.83890005296
i:500	65946.83890005296
i:550	65946.83890005296
i:600	65946.83890005296
i:650	65946.83890005296
best: 65946.83890005296
routes: [0, 23, 24, 21, 22, 25, 7, 9, 8, 10, 6, 12, 14, 15, 13, 11, 17, 16, 20, 19, 18, 0, 3, 5, 1, 2, 4, 45, 43, 44, 41, 42, 27, 26, 30, 29, 28, 39, 40, 38, 37, 36, 0, 33, 31, 32, 34, 35, 47, 49, 48, 50, 46, 0]
Elapsed time: 22.007632970809937

i:0	80562.36571066952
i:50	63315.75206822403
i:100	63315.75206822403
i:150	63315.75206822403
i:200	63315.75206822403
i:250	63315.75206822403
i:300	63315.75206822403
i:350	63315.75206822403
i:400	63315.75206822403
i:450	63315.75206822403
i:500	63315.75206822403
i:550	63315.75206822403
i:600	63315.75206822403
i:650	63315.75206822403
best: 63315.75206822403
routes: [0, 5, 1, 2, 4, 3, 45, 43, 41, 42, 44, 21, 22, 24, 25, 23, 7, 9, 8, 10, 6, 0, 46, 48, 47, 49, 50, 34, 35, 33, 32, 31, 40, 38, 37, 39, 36, 29, 30, 28, 27, 26, 0, 19, 18, 17, 20, 16, 15, 13, 12, 14, 11, 0]
Elapsed time: 23.74810791015625

i:0	300400.9155687271
i:50	64778.82614115329
i:100	64778.82614115329
i:150	64778.82614115329
i:200	64778.82614115329
i:250	64778.82614115329
i:300	64778.82614115329
i:350	64778.82614115329
i:400	64778.82614115329
i:450	64778.82614115329
i:500	64778.82614115329
i:550	64778.82614115329
i:600	64778.82614115329
i:650	64778.82614115329
best: 64778.82614115329
routes: [0, 26, 28, 30, 27, 29, 38, 37, 39, 36, 40, 33, 31, 32, 34, 35, 50, 49, 48, 47, 46, 0, 3, 5, 1, 2, 4, 45, 43, 44, 41, 42, 24, 21, 22, 25, 23, 7, 9, 8, 10, 6, 0, 19, 18, 17, 20, 16, 15, 13, 14, 11, 12, 0]
Elapsed time: 23.084232330322266

i:0	299036.06813882705
i:50	65254.7925626737
i:100	65254.7925626737
i:150	65254.7925626737
i:200	65254.7925626737
i:250	65254.7925626737
i:300	65254.7925626737
i:350	65254.7925626737
i:400	65254.7925626737
i:450	65254.7925626737
i:500	65254.7925626737
i:550	65254.7925626737
i:600	65254.7925626737
i:650	65254.7925626737
best: 65254.7925626737
routes: [0, 19, 18, 17, 16, 20, 11, 12, 15, 13, 14, 6, 10, 9, 8, 7, 25, 23, 24, 21, 22, 0, 5, 1, 2, 4, 3, 43, 42, 44, 45, 41, 27, 29, 30, 26, 28, 39, 40, 38, 37, 36, 0, 34, 33, 31, 32, 35, 50, 48, 47, 49, 46, 0]
Elapsed time: 22.058889150619507

i:0	86304.74253819606
i:50	65483.73353718194
i:100	65483.73353718194
i:150	65483.73353718194
i:200	65483.73353718194
i:250	65483.73353718194
i:300	65483.73353718194
i:350	65483.73353718194
i:400	65483.73353718194
i:450	65483.73353718194
i:500	65483.73353718194
i:550	65483.73353718194
i:600	65483.73353718194
i:650	65483.73353718194
best: 65483.73353718194
routes: [0, 3, 5, 1, 2, 4, 45, 43, 42, 44, 41, 27, 26, 30, 29, 28, 39, 40, 38, 37, 36, 0, 19, 18, 17, 20, 16, 15, 13, 14, 11, 12, 24, 21, 22, 25, 23, 7, 9, 8, 10, 6, 0, 46, 48, 47, 49, 50, 34, 35, 33, 31, 32, 0]
Elapsed time: 25.41126823425293

i:0	290747.3074778039
i:50	67303.73751955642
i:100	67303.73751955642
i:150	67303.73751955642
i:200	67109.55946219504
i:250	67109.55946219504
i:300	67109.55946219504
i:350	67109.55946219504
i:400	67109.55946219504
i:450	67109.55946219504
i:500	67109.55946219504
i:550	67109.55946219504
i:600	67109.55946219504
i:650	67109.55946219504
best: 67109.55946219504
routes: [0, 45, 43, 44, 41, 42, 39, 40, 38, 37, 36, 29, 30, 28, 27, 26, 3, 4, 5, 1, 2, 0, 25, 23, 24, 21, 22, 7, 9, 8, 10, 6, 14, 11, 12, 15, 13, 17, 16, 20, 19, 18, 0, 33, 32, 34, 35, 31, 50, 49, 48, 47, 46, 0]
Elapsed time: 32.68674325942993

i:0	500733.43160311546
i:50	66397.67753891036
i:100	66397.67753891036
i:150	66397.67753891036
i:200	66397.67753891036
i:250	66397.67753891036
i:300	66397.67753891036
i:350	66397.67753891036
i:400	66397.67753891036
i:450	66397.67753891036
i:500	66397.67753891036
i:550	66397.67753891036
i:600	66397.67753891036
i:650	66397.67753891036
best: 66397.67753891036
routes: [0, 19, 18, 17, 20, 16, 15, 13, 11, 12, 14, 6, 10, 9, 8, 7, 23, 25, 21, 22, 24, 0, 46, 48, 47, 49, 50, 34, 33, 31, 32, 35, 40, 38, 37, 39, 36, 29, 30, 28, 27, 26, 0, 45, 43, 42, 44, 41, 3, 2, 4, 5, 1, 0]
Elapsed time: 25.613532304763794

i:0	295575.3783028762
i:50	66925.39387682051
i:100	66925.39387682051
i:150	66925.39387682051
i:200	66859.97105618444
i:250	66859.97105618444
i:300	66859.97105618444
i:350	66501.34272214248
i:400	66501.34272214248
i:450	66501.34272214248
i:500	66501.34272214248
i:550	66501.34272214248
i:600	66501.34272214248
i:650	66501.34272214248
best: 66501.34272214248
routes: [0, 3, 4, 5, 1, 2, 43, 42, 44, 45, 41, 24, 21, 22, 25, 23, 7, 9, 8, 10, 6, 0, 27, 29, 30, 26, 28, 39, 40, 38, 37, 36, 33, 31, 32, 34, 35, 50, 49, 48, 47, 46, 0, 19, 18, 17, 20, 16, 15, 13, 14, 11, 12, 0]
Elapsed time: 46.722923040390015

i:0	87504.7181832095
i:50	65885.7230554269
i:100	65885.7230554269
i:150	65885.7230554269
i:200	65885.7230554269
i:250	65885.7230554269
i:300	65885.7230554269
i:350	65885.7230554269
i:400	65885.7230554269
i:450	65885.7230554269
i:500	65885.7230554269
i:550	65885.7230554269
i:600	65885.7230554269
i:650	65885.7230554269
best: 65885.7230554269
routes: [0, 5, 1, 2, 4, 3, 45, 43, 44, 41, 42, 25, 23, 24, 21, 22, 7, 9, 8, 10, 6, 0, 27, 29, 30, 26, 28, 39, 40, 38, 37, 36, 33, 32, 34, 35, 31, 48, 47, 49, 50, 46, 0, 19, 18, 17, 20, 16, 11, 12, 15, 13, 14, 0]
Elapsed time: 22.38928461074829

i:0	94006.58506481681
i:50	66223.42865578119
i:100	66223.42865578119
i:150	66223.42865578119
i:200	66223.42865578119
i:250	66223.42865578119
i:300	66223.42865578119
i:350	66223.42865578119
i:400	66223.42865578119
i:450	66223.42865578119
i:500	66223.42865578119
i:550	66223.42865578119
i:600	66223.42865578119
i:650	66223.42865578119
best: 66223.42865578119
routes: [0, 45, 43, 44, 41, 42, 39, 40, 38, 37, 36, 28, 27, 29, 30, 26, 3, 4, 5, 1, 2, 0, 19, 18, 17, 20, 16, 15, 13, 12, 14, 11, 6, 10, 8, 7, 9, 25, 23, 24, 21, 22, 0, 33, 31, 32, 34, 35, 47, 49, 48, 50, 46, 0]
Elapsed time: 23.232325315475464

i:0	84332.01981412104
i:50	65599.97702422486
i:100	65599.97702422486
i:150	65599.97702422486
i:200	65599.97702422486
i:250	65599.97702422486
i:300	65599.97702422486
i:350	65599.97702422486
i:400	65599.97702422486
i:450	65599.97702422486
i:500	65599.97702422486
i:550	65599.97702422486
i:600	65599.97702422486
i:650	65599.97702422486
best: 65599.97702422486
routes: [0, 45, 43, 42, 44, 41, 27, 29, 30, 26, 28, 39, 40, 38, 37, 36, 3, 4, 5, 1, 2, 0, 21, 22, 24, 25, 23, 7, 9, 8, 10, 6, 14, 11, 12, 15, 13, 17, 16, 20, 19, 18, 0, 46, 48, 47, 49, 50, 34, 35, 33, 31, 32, 0]
Elapsed time: 23.02996587753296

i:0	92944.05959561557
i:50	65912.9349029741
i:100	65335.05134267474
i:150	65335.05134267474
i:200	65335.05134267474
i:250	65335.05134267474
i:300	65335.05134267474
i:350	65335.05134267474
i:400	65335.05134267474
i:450	65335.05134267474
i:500	65335.05134267474
i:550	65335.05134267474
i:600	65335.05134267474
i:650	65335.05134267474
best: 65335.05134267474
routes: [0, 19, 18, 17, 20, 16, 15, 13, 14, 11, 12, 6, 10, 8, 7, 9, 23, 25, 21, 22, 24, 0, 3, 4, 5, 1, 2, 45, 43, 44, 41, 42, 27, 29, 30, 26, 28, 39, 40, 38, 37, 36, 0, 46, 48, 47, 49, 50, 34, 35, 33, 31, 32, 0]
Elapsed time: 24.44217538833618

i:0	94063.1544897859
i:50	62186.76474270262
i:100	61857.04780116508
i:150	61857.04780116508
i:200	61857.04780116508
i:250	61857.04780116508
i:300	61857.04780116508
i:350	61857.04780116508
i:400	61857.04780116508
i:450	61857.04780116508
i:500	61857.04780116508
i:550	61857.04780116508
i:600	61857.04780116508
i:650	61857.04780116508
best: 61857.04780116508
routes: [0, 1, 2, 4, 5, 3, 45, 43, 44, 41, 42, 21, 22, 24, 25, 23, 7, 9, 8, 10, 6, 0, 46, 48, 47, 49, 50, 34, 35, 33, 32, 31, 40, 38, 37, 39, 36, 29, 30, 28, 27, 26, 0, 11, 12, 14, 13, 15, 16, 20, 17, 19, 18, 0]
Elapsed time: 21.72036600112915

i:0	290568.3581849844
i:50	66320.8867369776
i:100	65502.94987481956
i:150	65502.94987481956
i:200	65502.94987481956
i:250	65502.94987481956
i:300	65502.94987481956
i:350	65502.94987481956
i:400	65502.94987481956
i:450	65502.94987481956
i:500	65502.94987481956
i:550	65502.94987481956
i:600	65502.94987481956
i:650	65502.94987481956
best: 65502.94987481956
routes: [0, 19, 18, 17, 20, 16, 15, 13, 14, 11, 12, 6, 10, 8, 7, 9, 25, 23, 24, 21, 22, 0, 3, 4, 5, 1, 2, 45, 43, 44, 41, 42, 27, 29, 30, 26, 28, 39, 40, 38, 37, 36, 0, 33, 31, 32, 34, 35, 47, 49, 48, 50, 46, 0]
Elapsed time: 22.508787870407104

mean: 65600.40603064718
std: 1217.6189505086916
mean-time: 26.373282289505006
std-time: 7.310219909463158