i:0	67438.19794240556
i:50	49988.193784647054
i:100	49305.59799091553
i:150	48923.87999040335
i:200	48818.79898621464
i:250	48818.79898621464
i:300	48818.79898621464
i:350	48818.79898621464
i:400	48660.89773470663
i:450	48660.89773470663
i:500	48660.89773470663
i:550	48660.89773470663
i:600	48660.89773470663
i:650	48660.89773470663
best: 48660.89773470663
routes: [0, 21, 22, 23, 26, 24, 25, 27, 29, 30, 28, 39, 40, 36, 37, 34, 31, 32, 33, 35, 38, 0, 13, 14, 12, 17, 15, 16, 20, 19, 18, 11, 50, 49, 47, 48, 46, 45, 44, 43, 41, 42, 0, 1, 2, 3, 5, 4, 7, 9, 10, 8, 6, 0]
Elapsed time: 115.13235688209534

i:0	66668.6053986286
i:50	48762.378316032045
i:100	48188.34315969024
i:150	48081.49002959261
i:200	47778.31112997508
i:250	47778.31112997508
i:300	47778.31112997508
i:350	47778.31112997508
i:400	47778.31112997508
i:450	47778.31112997508
i:500	47778.31112997508
i:550	47778.31112997508
i:600	47778.31112997508
i:650	47778.31112997508
best: 47778.31112997508
routes: [0, 41, 42, 43, 44, 45, 46, 47, 48, 49, 50, 11, 19, 20, 15, 16, 17, 18, 14, 13, 12, 0, 21, 22, 23, 26, 24, 25, 27, 29, 30, 28, 39, 40, 36, 37, 34, 31, 32, 33, 35, 38, 0, 1, 2, 3, 5, 4, 7, 9, 10, 8, 6, 0]
Elapsed time: 115.28889608383179

i:0	67762.07514104163
i:50	50048.25395743138
i:100	48437.40094110272
i:150	47783.11906919856
i:200	47756.04507283204
i:250	47646.14283657158
i:300	47646.14283657158
i:350	47646.14283657158
i:400	47646.14283657158
i:450	47646.14283657158
i:500	47646.14283657158
i:550	47646.14283657158
i:600	47646.14283657158
i:650	47646.14283657158
best: 47646.14283657158
routes: [0, 41, 42, 43, 44, 45, 46, 47, 48, 49, 50, 11, 19, 18, 20, 15, 16, 17, 12, 13, 14, 0, 21, 22, 23, 26, 24, 25, 27, 29, 30, 28, 36, 37, 34, 31, 32, 33, 35, 38, 39, 40, 0, 1, 2, 3, 5, 4, 7, 9, 10, 8, 6, 0]
Elapsed time: 121.10916304588318

i:0	70252.6473413952
i:50	52610.57138178313
i:100	50971.12772431859
i:150	50155.711619341455
i:200	50155.711619341455
i:250	47888.21336623555
i:300	47888.21336623555
i:350	47778.31112997508
i:400	47778.31112997508
i:450	47778.31112997508
i:500	47778.31112997508
i:550	47778.31112997508
i:600	47778.31112997508
i:650	47778.31112997508
best: 47778.31112997508
routes: [0, 21, 22, 23, 26, 24, 25, 27, 29, 30, 28, 39, 40, 36, 37, 34, 31, 32, 33, 35, 38, 0, 41, 42, 43, 44, 45, 46, 47, 48, 49, 50, 11, 19, 20, 15, 16, 17, 18, 14, 13, 12, 0, 1, 2, 3, 5, 4, 7, 9, 10, 8, 6, 0]
Elapsed time: 112.45499539375305

i:0	62401.25987659737
i:50	49146.43471850521
i:100	48121.914625842626
i:150	48010.34554440089
i:200	47529.84061799845
i:250	47416.23666547685
i:300	47416.23666547685
i:350	47416.23666547685
i:400	47416.23666547685
i:450	47416.23666547685
i:500	47416.23666547685
i:550	47416.23666547685
i:600	47416.23666547685
i:650	47416.23666547685
best: 47416.23666547685
routes: [0, 41, 42, 43, 44, 45, 46, 47, 48, 49, 50, 11, 19, 18, 20, 15, 16, 17, 12, 13, 14, 0, 21, 22, 23, 26, 24, 25, 27, 29, 30, 28, 36, 34, 31, 32, 33, 35, 38, 37, 39, 40, 0, 1, 2, 3, 5, 4, 7, 9, 10, 8, 6, 0]
Elapsed time: 126.23738646507263

i:0	67400.71265508482
i:50	48180.13159810756
i:100	47828.61592039793
i:150	47828.61592039793
i:200	47788.114970209375
i:250	47788.114970209375
i:300	47678.21273394891
i:350	47678.21273394891
i:400	47678.21273394891
i:450	47678.21273394891
i:500	47678.21273394891
i:550	47678.21273394891
i:600	47678.21273394891
i:650	47678.21273394891
best: 47678.21273394891
routes: [0, 41, 42, 43, 44, 45, 46, 47, 48, 49, 50, 11, 19, 20, 15, 16, 17, 18, 14, 13, 12, 0, 21, 22, 23, 26, 25, 24, 27, 29, 30, 28, 36, 39, 37, 34, 31, 32, 33, 35, 38, 40, 0, 1, 2, 3, 5, 4, 7, 9, 10, 8, 6, 0]
Elapsed time: 114.49738502502441

i:0	74926.35915454871
i:50	50201.587203035786
i:100	49067.113611850385
i:150	48556.96122790347
i:200	48556.96122790347
i:250	48556.96122790347
i:300	48058.96347104826
i:350	48058.96347104826
i:400	48058.96347104826
i:450	48058.96347104826
i:500	48058.96347104826
i:550	48058.96347104826
i:600	48058.96347104826
i:650	48058.96347104826
best: 48058.96347104826
routes: [0, 21, 22, 23, 26, 24, 25, 27, 29, 30, 28, 39, 40, 36, 37, 34, 31, 32, 33, 35, 38, 0, 41, 42, 43, 44, 45, 46, 47, 48, 49, 50, 11, 13, 14, 18, 19, 20, 15, 16, 17, 12, 0, 1, 2, 3, 5, 4, 7, 9, 10, 8, 6, 0]
Elapsed time: 111.80235600471497

i:0	65325.1552648428
i:50	49745.02056651324
i:100	48997.00036428806
i:150	48241.844835449134
i:200	47874.51737041521
i:250	47874.51737041521
i:300	47874.51737041521
i:350	47874.51737041521
i:400	47874.51737041521
i:450	47874.51737041521
i:500	47874.51737041521
i:550	47874.51737041521
i:600	47874.51737041521
i:650	47874.51737041521
best: 47874.51737041521
routes: [0, 21, 22, 23, 26, 24, 25, 27, 29, 30, 28, 39, 40, 36, 37, 34, 31, 32, 33, 35, 38, 0, 41, 42, 43, 44, 45, 46, 47, 48, 49, 50, 11, 19, 18, 20, 15, 16, 17, 12, 13, 14, 0, 1, 2, 3, 5, 4, 7, 9, 10, 8, 6, 0]
Elapsed time: 115.81133532524109

i:0	67867.42056833327
i:50	52969.15122698094
i:100	51592.85245309478
i:150	51124.769246728734
i:200	50958.2320793791
i:250	50838.34940921418
i:300	50485.444819604796
i:350	50234.17287711179
i:400	50234.17287711179
i:450	50234.17287711179
i:500	50234.17287711179
i:550	50234.17287711179
i:600	50234.17287711179
i:650	50234.17287711179
best: 50234.17287711179
routes: [0, 36, 37, 34, 31, 32, 33, 35, 38, 40, 39, 28, 30, 29, 27, 22, 21, 23, 26, 25, 24, 0, 13, 12, 17, 15, 16, 20, 19, 18, 14, 11, 50, 49, 47, 48, 46, 45, 44, 43, 41, 42, 0, 1, 2, 3, 5, 4, 7, 9, 10, 8, 6, 0]
Elapsed time: 125.0850841999054

i:0	68217.08367192243
i:50	49867.7395628322
i:100	48699.97055434185
i:150	48069.157989343315
i:200	47972.29064145301
i:250	47972.29064145301
i:300	47972.29064145301
i:350	47972.29064145301
i:400	47972.29064145301
i:450	47416.23666547685
i:500	47416.23666547685
i:550	47416.23666547685
i:600	47416.23666547685
i:650	47416.23666547685
best: 47416.23666547685
routes: [0, 21, 22, 23, 26, 24, 25, 27, 29, 30, 28, 36, 34, 31, 32, 33, 35, 38, 37, 39, 40, 0, 41, 42, 43, 44, 45, 46, 47, 48, 49, 50, 11, 19, 18, 20, 15, 16, 17, 12, 13, 14, 0, 1, 2, 3, 5, 4, 7, 9, 10, 8, 6, 0]
Elapsed time: 114.13250303268433

i:0	67171.32594585059
i:50	51865.72431088112
i:100	51070.331733599436
i:150	51011.352263861
i:200	51011.352263861
i:250	49128.63142075405
i:300	48941.388560600906
i:350	48524.62152700771
i:400	48353.6907354324
i:450	48353.6907354324
i:500	48353.6907354324
i:550	48353.6907354324
i:600	48353.6907354324
i:650	48353.6907354324
best: 48353.6907354324
routes: [0, 13, 12, 17, 15, 16, 20, 19, 18, 14, 11, 50, 49, 47, 48, 46, 45, 44, 43, 41, 42, 0, 21, 22, 23, 26, 24, 25, 27, 29, 30, 28, 36, 37, 34, 31, 32, 33, 35, 38, 39, 40, 0, 1, 2, 3, 5, 4, 7, 9, 10, 8, 6, 0]
Elapsed time: 126.33419394493103

i:0	74212.5743243185
i:50	49551.07095701994
i:100	49385.03357033639
i:150	48958.41533602654
i:200	48958.41533602654
i:250	48958.41533602654
i:300	48958.41533602654
i:350	47539.9436380961
i:400	47533.708633897586
i:450	47533.708633897586
i:500	47533.708633897586
i:550	47533.708633897586
i:600	47533.708633897586
i:650	47533.708633897586
best: 47533.708633897586
routes: [0, 41, 42, 43, 44, 45, 46, 47, 48, 49, 50, 11, 19, 20, 15, 16, 17, 18, 14, 13, 12, 0, 21, 22, 23, 26, 24, 25, 27, 29, 30, 28, 36, 34, 31, 32, 33, 35, 38, 37, 39, 40, 0, 1, 3, 5, 8, 6, 10, 9, 7, 4, 2, 0]
Elapsed time: 121.82104897499084

i:0	67003.62014093995
i:50	49773.636070538414
i:100	48856.09771552791
i:150	48092.62253630086
i:200	48092.62253630086
i:250	47895.13321195251
i:300	47895.13321195251
i:350	47895.13321195251
i:400	47895.13321195251
i:450	47895.13321195251
i:500	47895.13321195251
i:550	47895.13321195251
i:600	47895.13321195251
i:650	47895.13321195251
best: 47895.13321195251
routes: [0, 41, 42, 43, 44, 45, 46, 47, 48, 49, 50, 11, 13, 12, 17, 15, 16, 20, 19, 18, 14, 0, 21, 22, 23, 26, 24, 25, 27, 29, 30, 28, 36, 34, 31, 32, 33, 35, 38, 37, 39, 40, 0, 1, 2, 3, 5, 4, 7, 9, 10, 8, 6, 0]
Elapsed time: 130.51596808433533

i:0	70951.81276751464
i:50	51335.426660065226
i:100	50418.052603774835
i:150	49613.82911874785
i:200	49325.68868081574
i:250	49325.68868081574
i:300	49325.68868081574
i:350	49325.68868081574
i:400	49325.68868081574
i:450	48958.41533602654
i:500	48958.41533602654
i:550	48958.41533602654
i:600	48958.41533602654
i:650	48958.41533602654
best: 48958.41533602654
routes: [0, 36, 34, 31, 32, 33, 35, 38, 37, 39, 40, 28, 30, 29, 27, 24, 25, 26, 23, 21, 22, 0, 41, 42, 43, 44, 45, 46, 47, 48, 49, 50, 11, 19, 20, 15, 16, 17, 18, 14, 13, 12, 0, 1, 2, 3, 5, 4, 7, 9, 10, 8, 6, 0]
Elapsed time: 124.98364853858948

i:0	68922.75871932476
i:50	51238.78332688016
i:100	50070.787226058834
i:150	50069.25752301411
i:200	49645.57528835515
i:250	49343.797734094805
i:300	49343.797734094805
i:350	49343.797734094805
i:400	49343.797734094805
i:450	49343.797734094805
i:500	49343.797734094805
i:550	49343.797734094805
i:600	49343.797734094805
i:650	49343.797734094805
best: 49343.797734094805
routes: [0, 41, 42, 43, 44, 45, 46, 47, 48, 49, 50, 11, 13, 14, 18, 19, 20, 15, 16, 17, 12, 0, 36, 37, 34, 31, 32, 33, 35, 38, 40, 39, 28, 30, 29, 27, 24, 25, 26, 23, 21, 22, 0, 1, 2, 3, 5, 4, 7, 9, 10, 8, 6, 0]
Elapsed time: 129.17806577682495

i:0	72073.70170557656
i:50	50312.11764464735
i:100	48411.672278760045
i:150	48260.84179729657
i:200	48252.55232166956
i:250	47566.63985192588
i:300	47548.78907978683
i:350	47456.73761566541
i:400	47456.73761566541
i:450	47416.23666547685
i:500	47416.23666547685
i:550	47416.23666547685
i:600	47416.23666547685
i:650	47416.23666547685
best: 47416.23666547685
routes: [0, 21, 22, 23, 26, 24, 25, 27, 29, 30, 28, 36, 34, 31, 32, 33, 35, 38, 37, 39, 40, 0, 41, 42, 43, 44, 45, 46, 47, 48, 49, 50, 11, 19, 18, 20, 15, 16, 17, 12, 13, 14, 0, 1, 2, 3, 5, 4, 7, 9, 10, 8, 6, 0]
Elapsed time: 126.50795292854309

i:0	78469.51794269499
i:50	50877.91156936792
i:100	50284.66748323339
i:150	50151.82562946572
i:200	49815.173727722664
i:250	49756.67822689329
i:300	49543.00001803242
i:350	49530.7276876421
i:400	49490.226737453544
i:450	49490.226737453544
i:500	49490.226737453544
i:550	49490.226737453544
i:600	49490.226737453544
i:650	49490.226737453544
best: 49490.226737453544
routes: [0, 36, 31, 32, 33, 35, 38, 34, 37, 39, 40, 28, 30, 29, 27, 24, 25, 26, 23, 21, 22, 0, 41, 42, 43, 44, 45, 46, 47, 48, 49, 50, 11, 19, 18, 20, 15, 16, 17, 12, 13, 14, 0, 1, 2, 3, 5, 4, 7, 9, 10, 8, 6, 0]
Elapsed time: 118.5773913860321

i:0	70312.03576259679
i:50	51692.61527087334
i:100	51298.59479880353
i:150	50622.89790583939
i:200	50367.31392294979
i:250	50257.41168668933
i:300	50257.41168668933
i:350	49971.2694452074
i:400	49971.2694452074
i:450	49971.2694452074
i:500	49971.2694452074
i:550	49971.2694452074
i:600	49971.2694452074
i:650	49971.2694452074
best: 49971.2694452074
routes: [0, 1, 2, 3, 5, 4, 7, 9, 10, 8, 6, 15, 16, 17, 20, 19, 18, 11, 14, 13, 12, 0, 21, 22, 23, 26, 24, 25, 27, 29, 30, 28, 39, 40, 36, 37, 34, 31, 32, 33, 35, 38, 0, 46, 49, 50, 47, 48, 45, 44, 43, 41, 42, 0]
Elapsed time: 130.7220902442932

i:0	66306.9096892056
i:50	50340.32019146734
i:100	48041.34840394348
i:150	47940.93521948779
i:200	47905.187600633006
i:250	47898.12594700829
i:300	47898.12594700829
i:350	47891.890942809776
i:400	47891.890942809776
i:450	47891.890942809776
i:500	47891.890942809776
i:550	47891.890942809776
i:600	47891.890942809776
i:650	47891.890942809776
best: 47891.890942809776
routes: [0, 41, 42, 43, 44, 45, 46, 47, 48, 49, 50, 11, 19, 20, 15, 16, 17, 18, 14, 13, 12, 0, 21, 22, 23, 26, 25, 24, 27, 29, 30, 28, 36, 39, 37, 34, 31, 32, 33, 35, 38, 40, 0, 1, 3, 5, 8, 6, 10, 9, 7, 4, 2, 0]
Elapsed time: 116.04206395149231

i:0	68139.04117932997
i:50	51642.60797760999
i:100	50694.2170263392
i:150	50324.21248595216
i:200	50324.21248595216
i:250	50324.21248595216
i:300	50140.299550484815
i:350	50140.299550484815
i:400	50140.299550484815
i:450	49773.026205695605
i:500	49773.026205695605
i:550	49773.026205695605
i:600	49773.026205695605
i:650	49773.026205695605
best: 49773.026205695605
routes: [0, 41, 42, 43, 44, 45, 46, 47, 48, 49, 50, 11, 13, 14, 18, 19, 20, 15, 16, 17, 12, 0, 39, 40, 36, 37, 34, 31, 32, 33, 35, 38, 28, 30, 29, 27, 24, 25, 26, 23, 21, 22, 0, 1, 2, 3, 5, 4, 7, 9, 10, 8, 6, 0]
Elapsed time: 112.53731799125671

mean: 48358.469913137655
std: 910.1312702438838
mean-time: 120.43856016397476
std-time: 6.356923612407016