i:0	80428.76185298307
i:50	56412.12462729356
i:100	55909.67988420444
i:150	55752.28117235987
i:200	55752.28117235987
i:250	55752.28117235987
i:300	55752.28117235987
i:350	55752.28117235987
i:400	55752.28117235987
i:450	55752.28117235987
i:500	55752.28117235987
i:550	55752.28117235987
i:600	55752.28117235987
i:650	55752.28117235987
best: 55752.28117235987
routes: [0, 45, 41, 44, 43, 42, 21, 24, 25, 23, 22, 7, 9, 8, 10, 6, 11, 12, 14, 13, 15, 17, 19, 18, 20, 16, 0, 46, 50, 47, 49, 48, 34, 35, 33, 32, 31, 40, 38, 37, 39, 36, 28, 30, 29, 27, 26, 3, 4, 5, 1, 2, 0]
Elapsed time: 34.913416385650635

i:0	85887.26489154324
i:50	56096.913389576934
i:100	56096.913389576934
i:150	56096.913389576934
i:200	56096.913389576934
i:250	56096.913389576934
i:300	56096.913389576934
i:350	56096.913389576934
i:400	55536.41931998164
i:450	55536.41931998164
i:500	55536.41931998164
i:550	55536.41931998164
i:600	55536.41931998164
i:650	55536.41931998164
best: 55536.41931998164
routes: [0, 5, 1, 2, 4, 3, 45, 41, 44, 43, 42, 21, 24, 25, 23, 22, 8, 7, 9, 10, 6, 14, 13, 11, 12, 15, 19, 18, 17, 20, 16, 0, 46, 48, 47, 49, 50, 34, 35, 33, 32, 31, 40, 38, 37, 39, 36, 28, 30, 29, 27, 26, 0]
Elapsed time: 53.94118618965149

i:0	82506.37599370924
i:50	56707.09496124374
i:100	56561.48113645789
i:150	56561.48113645789
i:200	56561.48113645789
i:250	56561.48113645789
i:300	56561.48113645789
i:350	56561.48113645789
i:400	56561.48113645789
i:450	56561.48113645789
i:500	56561.48113645789
i:550	56561.48113645789
i:600	56561.48113645789
i:650	56561.48113645789
best: 56561.48113645789
routes: [0, 5, 1, 2, 4, 3, 39, 40, 38, 37, 36, 28, 30, 29, 27, 26, 45, 41, 44, 43, 42, 21, 24, 25, 23, 22, 7, 9, 8, 10, 6, 0, 11, 12, 14, 13, 15, 16, 20, 17, 19, 18, 34, 35, 33, 32, 31, 48, 47, 49, 50, 46, 0]
Elapsed time: 30.025877714157104

i:0	81983.04850228973
i:50	64595.284656365635
i:100	64595.284656365635
i:150	64595.284656365635
i:200	64595.284656365635
i:250	64595.284656365635
i:300	64595.284656365635
i:350	64595.284656365635
i:400	64595.284656365635
i:450	64595.284656365635
i:500	64595.284656365635
i:550	64595.284656365635
i:600	64595.284656365635
i:650	64595.284656365635
best: 64595.284656365635
routes: [0, 18, 17, 16, 20, 19, 35, 33, 32, 31, 34, 48, 47, 49, 50, 46, 0, 43, 42, 41, 44, 45, 27, 26, 30, 29, 28, 39, 40, 38, 37, 36, 3, 4, 5, 1, 2, 0, 23, 25, 22, 21, 24, 7, 9, 8, 10, 6, 14, 15, 13, 11, 12, 0]
Elapsed time: 24.932207822799683

i:0	79019.94718958696
i:50	54740.14317574576
i:100	54740.14317574576
i:150	54740.14317574576
i:200	54740.14317574576
i:250	54740.14317574576
i:300	54740.14317574576
i:350	54740.14317574576
i:400	54740.14317574576
i:450	54740.14317574576
i:500	54740.14317574576
i:550	54740.14317574576
i:600	54740.14317574576
i:650	54740.14317574576
best: 54740.14317574576
routes: [0, 45, 41, 44, 43, 42, 27, 26, 30, 29, 28, 39, 40, 38, 37, 36, 33, 32, 31, 34, 35, 48, 47, 49, 50, 46, 0, 19, 18, 17, 20, 16, 15, 13, 11, 12, 14, 6, 10, 9, 8, 7, 23, 25, 22, 21, 24, 5, 1, 4, 3, 2, 0]
Elapsed time: 28.005542993545532

i:0	77079.41004248321
i:50	55954.294667437396
i:100	55954.294667437396
i:150	55880.89405571506
i:200	55880.89405571506
i:250	55880.89405571506
i:300	55880.89405571506
i:350	55880.89405571506
i:400	55880.89405571506
i:450	55880.89405571506
i:500	55880.89405571506
i:550	55880.89405571506
i:600	55880.89405571506
i:650	55880.89405571506
best: 55880.89405571506
routes: [0, 45, 41, 44, 43, 42, 21, 24, 23, 25, 22, 7, 9, 10, 6, 8, 12, 11, 14, 13, 15, 17, 16, 20, 19, 18, 0, 46, 50, 47, 49, 48, 34, 35, 33, 32, 31, 40, 38, 37, 39, 36, 28, 30, 29, 27, 26, 3, 4, 5, 1, 2, 0]
Elapsed time: 27.597560167312622

i:0	74192.40717073875
i:50	54673.89895120451
i:100	54673.89895120451
i:150	54673.89895120451
i:200	54673.89895120451
i:250	54673.89895120451
i:300	54673.89895120451
i:350	54673.89895120451
i:400	54673.89895120451
i:450	54673.89895120451
i:500	54673.89895120451
i:550	54673.89895120451
i:600	54673.89895120451
i:650	54673.89895120451
best: 54673.89895120451
routes: [0, 46, 48, 47, 49, 50, 34, 35, 33, 32, 31, 40, 38, 37, 39, 36, 28, 30, 29, 27, 26, 3, 4, 5, 1, 2, 0, 45, 41, 44, 43, 42, 21, 24, 25, 23, 22, 7, 9, 8, 10, 6, 11, 12, 14, 13, 15, 17, 16, 20, 19, 18, 0]
Elapsed time: 26.402159690856934

i:0	83827.30816392603
i:50	55011.57201127565
i:100	55011.57201127565
i:150	54678.73610806599
i:200	54678.73610806599
i:250	54678.73610806599
i:300	54678.73610806599
i:350	54678.73610806599
i:400	54678.73610806599
i:450	54678.73610806599
i:500	54678.73610806599
i:550	54678.73610806599
i:600	54678.73610806599
i:650	54678.73610806599
best: 54678.73610806599
routes: [0, 1, 2, 4, 3, 5, 23, 25, 22, 21, 24, 7, 9, 8, 10, 6, 11, 12, 14, 13, 15, 17, 16, 20, 19, 18, 0, 45, 41, 44, 43, 42, 27, 26, 30, 29, 28, 39, 40, 38, 37, 36, 33, 32, 31, 34, 35, 48, 47, 49, 50, 46, 0]
Elapsed time: 30.53794550895691

i:0	78331.51890502003
i:50	58121.47000442915
i:100	54995.31114645394
i:150	54673.89895120451
i:200	54673.89895120451
i:250	54673.89895120451
i:300	54673.89895120451
i:350	54673.89895120451
i:400	54673.89895120451
i:450	54673.89895120451
i:500	54673.89895120451
i:550	54673.89895120451
i:600	54673.89895120451
i:650	54673.89895120451
best: 54673.89895120451
routes: [0, 46, 48, 47, 49, 50, 34, 35, 33, 32, 31, 40, 38, 37, 39, 36, 28, 30, 29, 27, 26, 3, 4, 5, 1, 2, 0, 45, 41, 44, 43, 42, 21, 24, 25, 23, 22, 7, 9, 8, 10, 6, 11, 12, 14, 13, 15, 17, 16, 20, 19, 18, 0]
Elapsed time: 35.91042232513428

i:0	82330.7465979509
i:50	54995.31114645394
i:100	54995.31114645394
i:150	54673.89895120451
i:200	54673.89895120451
i:250	54673.89895120451
i:300	54673.89895120451
i:350	54673.89895120451
i:400	54673.89895120451
i:450	54673.89895120451
i:500	54673.89895120451
i:550	54673.89895120451
i:600	54673.89895120451
i:650	54673.89895120451
best: 54673.89895120451
routes: [0, 46, 48, 47, 49, 50, 34, 35, 33, 32, 31, 40, 38, 37, 39, 36, 28, 30, 29, 27, 26, 3, 4, 5, 1, 2, 0, 45, 41, 44, 43, 42, 21, 24, 25, 23, 22, 7, 9, 8, 10, 6, 11, 12, 14, 13, 15, 17, 16, 20, 19, 18, 0]
Elapsed time: 26.280353546142578

i:0	89959.6035182111
i:50	55972.89031920348
i:100	55782.66407471974
i:150	55782.66407471974
i:200	55782.66407471974
i:250	55782.66407471974
i:300	55782.66407471974
i:350	55782.66407471974
i:400	55782.66407471974
i:450	55782.66407471974
i:500	55782.66407471974
i:550	55782.66407471974
i:600	55782.66407471974
i:650	55782.66407471974
best: 55782.66407471974
routes: [0, 46, 48, 47, 49, 50, 34, 35, 33, 32, 31, 40, 38, 37, 39, 36, 28, 30, 29, 27, 26, 45, 41, 44, 43, 42, 0, 1, 4, 3, 2, 5, 23, 22, 21, 24, 25, 7, 9, 10, 6, 8, 11, 12, 14, 13, 15, 17, 16, 20, 19, 18, 0]
Elapsed time: 25.513110160827637

i:0	84615.75856996223
i:50	57339.315820525764
i:100	56438.39514356859
i:150	56438.39514356859
i:200	56438.39514356859
i:250	56438.39514356859
i:300	56438.39514356859
i:350	56438.39514356859
i:400	56438.39514356859
i:450	56438.39514356859
i:500	56438.39514356859
i:550	56438.39514356859
i:600	56438.39514356859
i:650	56438.39514356859
best: 56438.39514356859
routes: [0, 39, 40, 38, 37, 36, 28, 30, 29, 27, 26, 45, 41, 44, 43, 42, 21, 24, 25, 23, 22, 5, 1, 4, 3, 2, 0, 46, 48, 47, 49, 50, 34, 35, 33, 31, 32, 19, 18, 17, 20, 16, 15, 13, 11, 12, 14, 8, 7, 9, 10, 6, 0]
Elapsed time: 27.624215602874756

i:0	76833.07267910647
i:50	56561.48113645789
i:100	56561.48113645789
i:150	56561.48113645789
i:200	56561.48113645789
i:250	56561.48113645789
i:300	56561.48113645789
i:350	56561.48113645789
i:400	56561.48113645789
i:450	56561.48113645789
i:500	56561.48113645789
i:550	56561.48113645789
i:600	56561.48113645789
i:650	56561.48113645789
best: 56561.48113645789
routes: [0, 5, 1, 2, 4, 3, 39, 40, 38, 37, 36, 28, 30, 29, 27, 26, 45, 41, 44, 43, 42, 21, 24, 25, 23, 22, 7, 9, 8, 10, 6, 0, 11, 12, 14, 13, 15, 16, 20, 17, 19, 18, 34, 35, 33, 32, 31, 48, 47, 49, 50, 46, 0]
Elapsed time: 27.75976586341858

i:0	81498.54939176248
i:50	55135.57553852718
i:100	55024.50798951213
i:150	55024.50798951213
i:200	55024.50798951213
i:250	55024.50798951213
i:300	55024.50798951213
i:350	55024.50798951213
i:400	55024.50798951213
i:450	55024.50798951213
i:500	55024.50798951213
i:550	55024.50798951213
i:600	55024.50798951213
i:650	55024.50798951213
best: 55024.50798951213
routes: [0, 46, 48, 47, 49, 50, 34, 35, 33, 32, 31, 40, 38, 37, 39, 36, 28, 30, 29, 27, 26, 0, 19, 18, 17, 20, 16, 15, 13, 11, 12, 14, 6, 10, 9, 8, 7, 23, 25, 22, 24, 21, 43, 42, 45, 41, 44, 4, 3, 2, 5, 1, 0]
Elapsed time: 32.6672203540802

i:0	82469.95296438468
i:50	57373.819097199
i:100	54673.89895120451
i:150	54673.89895120451
i:200	54673.89895120451
i:250	54673.89895120451
i:300	54673.89895120451
i:350	54673.89895120451
i:400	54673.89895120451
i:450	54673.89895120451
i:500	54673.89895120451
i:550	54673.89895120451
i:600	54673.89895120451
i:650	54673.89895120451
best: 54673.89895120451
routes: [0, 46, 48, 47, 49, 50, 34, 35, 33, 32, 31, 40, 38, 37, 39, 36, 28, 30, 29, 27, 26, 3, 4, 5, 1, 2, 0, 45, 41, 44, 43, 42, 21, 24, 25, 23, 22, 7, 9, 8, 10, 6, 11, 12, 14, 13, 15, 17, 16, 20, 19, 18, 0]
Elapsed time: 40.642879009246826

i:0	85156.810603608
i:50	55741.78416008968
i:100	55722.765345580076
i:150	55722.765345580076
i:200	55722.765345580076
i:250	55722.765345580076
i:300	55722.765345580076
i:350	55722.765345580076
i:400	55722.765345580076
i:450	55722.765345580076
i:500	55722.765345580076
i:550	55722.765345580076
i:600	55722.765345580076
i:650	55722.765345580076
best: 55722.765345580076
routes: [0, 45, 41, 44, 43, 42, 21, 24, 25, 23, 22, 7, 9, 8, 10, 6, 11, 12, 14, 13, 15, 20, 19, 18, 17, 16, 0, 46, 48, 47, 49, 50, 34, 35, 33, 32, 31, 40, 38, 37, 39, 36, 28, 30, 29, 27, 26, 3, 4, 5, 1, 2, 0]
Elapsed time: 29.244912147521973

i:0	81011.5001585391
i:50	54481.181572381785
i:100	54481.181572381785
i:150	54481.181572381785
i:200	54481.181572381785
i:250	54481.181572381785
i:300	54481.181572381785
i:350	54481.181572381785
i:400	54481.181572381785
i:450	54481.181572381785
i:500	54481.181572381785
i:550	54481.181572381785
i:600	54481.181572381785
i:650	54481.181572381785
best: 54481.181572381785
routes: [0, 45, 41, 44, 43, 42, 27, 26, 30, 29, 28, 39, 40, 38, 37, 36, 33, 32, 31, 34, 35, 48, 47, 49, 50, 46, 0, 19, 18, 17, 20, 16, 15, 13, 11, 12, 14, 6, 8, 10, 9, 7, 23, 25, 22, 21, 24, 5, 1, 4, 3, 2, 0]
Elapsed time: 26.22791814804077

i:0	85110.70507115239
i:50	54765.546386148155
i:100	54765.546386148155
i:150	54765.546386148155
i:200	54765.546386148155
i:250	54765.546386148155
i:300	54765.546386148155
i:350	54765.546386148155
i:400	54765.546386148155
i:450	54765.546386148155
i:500	54765.546386148155
i:550	54765.546386148155
i:600	54765.546386148155
i:650	54765.546386148155
best: 54765.546386148155
routes: [0, 46, 48, 47, 49, 50, 34, 35, 33, 32, 31, 40, 38, 37, 39, 36, 28, 30, 29, 27, 26, 0, 19, 18, 17, 20, 16, 15, 13, 11, 12, 14, 6, 8, 10, 9, 7, 23, 25, 22, 24, 21, 43, 42, 45, 41, 44, 4, 3, 2, 5, 1, 0]
Elapsed time: 30.77657675743103

i:0	77833.31274338125
i:50	56157.547478686276
i:100	56157.547478686276
i:150	55472.30014907314
i:200	55472.30014907314
i:250	55472.30014907314
i:300	55472.30014907314
i:350	55472.30014907314
i:400	55472.30014907314
i:450	55472.30014907314
i:500	55472.30014907314
i:550	55472.30014907314
i:600	55472.30014907314
i:650	55472.30014907314
best: 55472.30014907314
routes: [0, 1, 2, 5, 3, 4, 41, 44, 45, 43, 42, 21, 24, 25, 23, 22, 7, 9, 8, 10, 6, 11, 12, 14, 13, 15, 17, 16, 20, 19, 18, 0, 46, 50, 47, 49, 48, 34, 35, 33, 32, 31, 40, 38, 37, 39, 36, 28, 30, 29, 27, 26, 0]
Elapsed time: 52.303388595581055

i:0	79374.92953569954
i:50	55773.59231371315
i:100	55773.59231371315
i:150	55773.59231371315
i:200	55773.59231371315
i:250	55773.59231371315
i:300	55773.59231371315
i:350	55773.59231371315
i:400	55773.59231371315
i:450	55773.59231371315
i:500	55773.59231371315
i:550	55773.59231371315
i:600	55773.59231371315
i:650	55773.59231371315
best: 55773.59231371315
routes: [0, 46, 48, 47, 49, 50, 34, 35, 33, 32, 31, 40, 38, 37, 39, 36, 28, 30, 29, 27, 26, 3, 4, 5, 1, 2, 0, 19, 18, 17, 20, 16, 15, 13, 11, 12, 14, 6, 10, 9, 8, 7, 23, 25, 22, 24, 21, 43, 42, 45, 41, 44, 0]
Elapsed time: 30.509708642959595

mean: 55823.163477033224
std: 2120.965703671854
mean-time: 32.09081838130951
std-time: 7.973738104410363