i:0	131071.32060033473
i:50	78733.65673517385
i:100	76548.67086063136
i:150	76386.43330723296
i:200	75352.75874058937
i:250	74790.86428012763
i:300	74370.70816040081
i:350	73999.97772972009
i:400	73387.88588057755
i:450	72725.42332536296
i:500	72725.42332536296
i:550	72725.42332536296
i:600	72725.42332536296
i:650	72725.42332536296
best: 72725.42332536296
routes: [0, 4, 1, 2, 3, 6, 5, 10, 7, 8, 9, 43, 41, 44, 46, 49, 50, 48, 47, 45, 42, 11, 13, 12, 14, 15, 17, 19, 20, 18, 16, 0, 21, 22, 23, 24, 26, 25, 29, 27, 28, 30, 35, 36, 37, 40, 39, 38, 32, 33, 34, 31, 69, 70, 66, 67, 68, 65, 64, 63, 61, 62, 0, 51, 52, 53, 56, 54, 55, 57, 59, 60, 58, 76, 74, 71, 72, 73, 75, 78, 77, 79, 80, 0]
Elapsed time: 198.19346952438354

i:0	124115.77116993154
i:50	82522.93003930218
i:100	81421.03369880201
i:150	79845.59605374395
i:200	78452.4554795566
i:250	78305.9329918116
i:300	77530.18428827518
i:350	76285.37468204518
i:400	76182.14951525553
i:450	75348.97429104336
i:500	75348.97429104336
i:550	75348.97429104336
i:600	75348.97429104336
i:650	75348.97429104336
best: 75348.97429104336
routes: [0, 33, 32, 37, 36, 35, 40, 39, 38, 34, 31, 69, 70, 66, 67, 68, 65, 64, 63, 61, 62, 0, 74, 71, 72, 73, 75, 78, 77, 76, 79, 80, 58, 60, 59, 57, 56, 53, 51, 52, 55, 54, 8, 2, 1, 3, 6, 7, 9, 10, 5, 4, 0, 21, 24, 23, 25, 27, 29, 30, 28, 26, 22, 16, 20, 19, 17, 18, 15, 14, 12, 13, 11, 48, 47, 49, 50, 46, 44, 41, 43, 45, 42, 0]
Elapsed time: 208.5264265537262

i:0	127730.08138108112
i:50	86559.9295627076
i:100	83867.3519820194
i:150	79700.05032047286
i:200	78788.17954179067
i:250	78698.5029515485
i:300	78054.6919468118
i:350	76105.88580030939
i:400	75653.71451342458
i:450	75316.18068873952
i:500	75316.18068873952
i:550	75316.18068873952
i:600	75316.18068873952
i:650	75316.18068873952
best: 75316.18068873952
routes: [0, 61, 62, 63, 64, 65, 68, 67, 66, 69, 70, 31, 39, 40, 35, 36, 37, 38, 34, 33, 32, 0, 78, 75, 73, 72, 71, 74, 77, 76, 79, 80, 58, 60, 59, 57, 56, 53, 51, 52, 55, 54, 2, 8, 7, 9, 10, 5, 6, 3, 1, 4, 0, 43, 42, 41, 44, 45, 47, 46, 49, 50, 48, 14, 12, 11, 13, 15, 18, 17, 19, 20, 16, 22, 23, 25, 27, 29, 30, 28, 26, 24, 21, 0]
Elapsed time: 199.99036359786987

i:0	108838.81655612707
i:50	86061.72977906276
i:100	82121.21634249712
i:150	81207.86111651667
i:200	80983.92788198922
i:250	79949.4944129844
i:300	79514.68116625419
i:350	78588.00447528336
i:400	78178.60812721055
i:450	78178.60812721055
i:500	78178.60812721055
i:550	78100.9835485597
i:600	78100.9835485597
i:650	78100.9835485597
best: 78100.9835485597
routes: [0, 31, 39, 40, 35, 36, 37, 38, 34, 33, 32, 24, 21, 25, 27, 29, 30, 28, 26, 23, 22, 16, 13, 11, 12, 14, 15, 17, 19, 20, 18, 0, 80, 77, 76, 79, 74, 71, 72, 73, 75, 78, 65, 68, 67, 69, 70, 66, 64, 63, 61, 62, 0, 51, 52, 53, 56, 59, 60, 58, 57, 55, 54, 41, 44, 46, 49, 50, 48, 47, 45, 42, 43, 9, 10, 5, 6, 7, 8, 2, 1, 3, 4, 0]
Elapsed time: 202.64900851249695

i:0	111775.6946980299
i:50	82062.10475622563
i:100	80130.56110713763
i:150	79077.53647615622
i:200	78551.64847721628
i:250	77501.81493429969
i:300	76787.19923413484
i:350	76361.53927700393
i:400	76274.62121865296
i:450	76274.62121865296
i:500	76274.62121865296
i:550	76274.62121865296
i:600	76274.62121865296
i:650	76274.62121865296
best: 76274.62121865296
routes: [0, 21, 24, 23, 25, 27, 29, 30, 28, 26, 22, 16, 13, 15, 17, 19, 20, 18, 14, 12, 11, 43, 45, 42, 41, 44, 46, 49, 50, 47, 48, 0, 66, 67, 68, 65, 63, 62, 61, 64, 69, 70, 31, 39, 40, 35, 36, 37, 38, 34, 33, 32, 0, 51, 52, 53, 56, 54, 55, 57, 59, 60, 58, 79, 80, 77, 76, 74, 71, 72, 73, 75, 78, 2, 1, 3, 6, 7, 8, 9, 10, 5, 4, 0]
Elapsed time: 197.34580850601196

i:0	116032.92634221565
i:50	79677.74681242206
i:100	78163.16141281728
i:150	77452.06231532613
i:200	77356.64887149257
i:250	77101.3512408621
i:300	76566.26689291568
i:350	76299.12697554624
i:400	75945.61796923919
i:450	75945.61796923919
i:500	75945.61796923919
i:550	75945.61796923919
i:600	75945.61796923919
i:650	75945.61796923919
best: 75945.61796923919
routes: [0, 51, 53, 52, 54, 55, 57, 56, 59, 60, 58, 79, 74, 76, 71, 72, 73, 75, 78, 77, 80, 0, 4, 10, 2, 1, 3, 7, 6, 5, 8, 9, 41, 44, 46, 49, 50, 47, 45, 42, 43, 48, 17, 19, 20, 18, 15, 14, 12, 11, 13, 16, 0, 21, 22, 23, 24, 26, 25, 27, 29, 30, 28, 32, 33, 34, 39, 40, 35, 36, 37, 38, 31, 69, 70, 66, 67, 68, 65, 64, 63, 61, 62, 0]
Elapsed time: 204.0841224193573

i:0	123027.50542811352
i:50	83076.42076701326
i:100	81384.6512803576
i:150	78971.21627570332
i:200	77037.62097951192
i:250	76827.19420377765
i:300	72872.87066515672
i:350	71825.81742550238
i:400	71258.61916331772
i:450	71258.61916331772
i:500	71258.61916331772
i:550	71258.61916331772
i:600	71258.61916331772
i:650	71258.61916331772
best: 71258.61916331772
routes: [0, 4, 5, 6, 3, 1, 2, 8, 7, 9, 10, 43, 42, 41, 44, 45, 47, 46, 49, 50, 48, 17, 19, 20, 18, 15, 14, 12, 11, 13, 16, 0, 31, 33, 34, 39, 38, 40, 35, 36, 37, 32, 26, 23, 25, 27, 29, 30, 28, 24, 21, 22, 0, 51, 52, 53, 56, 54, 55, 57, 59, 60, 58, 76, 71, 72, 73, 75, 78, 74, 77, 79, 80, 61, 62, 63, 64, 65, 68, 67, 66, 69, 70, 0]
Elapsed time: 201.45840454101562

i:0	122794.67624783813
i:50	85174.20908416668
i:100	77769.41487566444
i:150	73075.99989738627
i:200	72526.0316224141
i:250	71802.55329117995
i:300	71149.2140637252
i:350	70702.85008067741
i:400	70664.6381948128
i:450	70664.6381948128
i:500	70664.6381948128
i:550	70664.6381948128
i:600	70664.6381948128
i:650	70664.6381948128
best: 70664.6381948128
routes: [0, 4, 5, 10, 6, 3, 1, 2, 8, 7, 9, 43, 42, 41, 44, 45, 47, 46, 49, 50, 48, 14, 12, 11, 13, 15, 17, 19, 20, 18, 16, 0, 31, 33, 32, 34, 38, 39, 40, 37, 36, 35, 28, 30, 29, 27, 25, 26, 23, 22, 21, 24, 0, 51, 52, 53, 56, 55, 54, 57, 59, 60, 58, 79, 80, 77, 76, 74, 71, 72, 73, 75, 78, 61, 62, 63, 64, 65, 68, 67, 66, 69, 70, 0]
Elapsed time: 205.899587392807

i:0	115796.91660701332
i:50	87162.2512603887
i:100	86898.02058566808
i:150	86651.31692764457
i:200	82480.16401961583
i:250	80464.33782273463
i:300	79080.6112005985
i:350	77432.39749456881
i:400	77230.75418700994
i:450	76679.81775490887
i:500	76589.19077678185
i:550	76589.19077678185
i:600	76589.19077678185
i:650	76589.19077678185
best: 76589.19077678185
routes: [0, 79, 80, 77, 76, 74, 71, 73, 72, 75, 78, 61, 62, 63, 64, 65, 68, 67, 66, 69, 70, 0, 51, 52, 53, 56, 59, 60, 58, 57, 55, 54, 41, 42, 43, 45, 44, 46, 49, 50, 47, 48, 10, 5, 6, 7, 9, 8, 2, 1, 3, 4, 0, 31, 34, 33, 32, 38, 39, 40, 37, 35, 36, 30, 28, 27, 29, 25, 26, 24, 21, 23, 22, 13, 11, 12, 14, 15, 17, 19, 20, 18, 16, 0]
Elapsed time: 220.86795163154602

i:0	122630.7274180163
i:50	80238.76751471066
i:100	77508.93319879196
i:150	75979.60093381998
i:200	73341.44079127687
i:250	72439.61514705492
i:300	71297.94544340804
i:350	71210.87684149892
i:400	71206.39071869242
i:450	71206.39071869242
i:500	71206.39071869242
i:550	71206.39071869242
i:600	71206.39071869242
i:650	71206.39071869242
best: 71206.39071869242
routes: [0, 31, 34, 33, 38, 39, 40, 35, 36, 37, 32, 28, 30, 29, 27, 26, 25, 23, 24, 21, 22, 0, 51, 52, 53, 56, 57, 55, 54, 59, 60, 58, 79, 80, 78, 75, 73, 72, 71, 74, 77, 76, 61, 62, 63, 64, 65, 68, 67, 66, 69, 70, 0, 4, 1, 2, 3, 6, 5, 10, 7, 8, 9, 43, 42, 41, 44, 45, 47, 46, 49, 50, 48, 19, 17, 14, 12, 11, 13, 15, 18, 20, 16, 0]
Elapsed time: 201.04168581962585

i:0	126089.40162474028
i:50	85024.05358639332
i:100	78603.99293019435
i:150	76768.56128798811
i:200	76155.88843026684
i:250	75603.4656991571
i:300	75154.47515489982
i:350	75037.59086830346
i:400	74875.6149872444
i:450	74824.39581295071
i:500	74824.39581295071
i:550	74824.39581295071
i:600	74824.39581295071
i:650	74680.90203620779
best: 74680.90203620779
routes: [0, 43, 45, 42, 41, 44, 46, 49, 50, 47, 48, 14, 12, 11, 13, 15, 18, 17, 19, 20, 16, 22, 21, 23, 25, 27, 29, 30, 28, 26, 24, 0, 4, 5, 10, 9, 7, 8, 6, 3, 1, 2, 80, 78, 75, 73, 72, 71, 74, 76, 77, 79, 58, 60, 59, 57, 56, 55, 54, 53, 51, 52, 0, 61, 62, 63, 64, 65, 68, 67, 66, 69, 70, 31, 39, 40, 35, 36, 37, 38, 34, 33, 32, 0]
Elapsed time: 199.49245977401733

i:0	115465.72551575775
i:50	82846.30919154771
i:100	81018.56941244964
i:150	80254.18715891587
i:200	79137.670344168
i:250	78760.9343133067
i:300	78092.22725762872
i:350	77800.61599094687
i:400	77727.96776344946
i:450	77578.05964893242
i:500	77505.862527725
i:550	77505.862527725
i:600	77505.862527725
i:650	77505.862527725
best: 77505.862527725
routes: [0, 52, 54, 51, 53, 56, 55, 57, 59, 60, 58, 76, 79, 77, 74, 71, 72, 73, 75, 78, 80, 0, 21, 25, 29, 27, 30, 28, 26, 24, 23, 22, 16, 15, 18, 20, 19, 17, 14, 12, 13, 11, 43, 45, 42, 41, 44, 46, 49, 50, 47, 48, 0, 4, 3, 6, 5, 10, 9, 7, 8, 2, 1, 69, 70, 66, 67, 68, 65, 64, 63, 61, 62, 31, 33, 34, 39, 38, 37, 40, 35, 36, 32, 0]
Elapsed time: 207.20507502555847

i:0	120767.2906648135
i:50	82656.98457993846
i:100	79431.57228010647
i:150	78815.58279157
i:200	77897.30949105062
i:250	73589.87372410024
i:300	72335.4809936128
i:350	72303.21093172788
i:400	72208.98193214776
i:450	72208.98193214776
i:500	72208.98193214776
i:550	72208.98193214776
i:600	72208.98193214776
i:650	72208.98193214776
best: 72208.98193214776
routes: [0, 31, 34, 33, 38, 39, 40, 36, 35, 37, 32, 28, 30, 29, 27, 25, 26, 24, 21, 23, 22, 13, 11, 12, 14, 15, 17, 19, 20, 18, 16, 0, 69, 70, 66, 67, 68, 65, 64, 63, 62, 61, 80, 79, 77, 78, 75, 73, 72, 71, 74, 76, 58, 60, 59, 57, 56, 53, 51, 52, 55, 54, 0, 4, 1, 2, 3, 6, 5, 10, 7, 8, 9, 43, 42, 41, 44, 45, 47, 46, 49, 50, 48, 0]
Elapsed time: 197.4768967628479

i:0	119437.81821931063
i:50	87588.32392271896
i:100	81327.7121461883
i:150	78807.61154094509
i:200	77961.46929937159
i:250	77887.44413820526
i:300	75015.9800701967
i:350	74760.74892159268
i:400	74750.6073013749
i:450	74744.85250724874
i:500	74520.92609677697
i:550	74520.92609677697
i:600	74520.92609677697
i:650	74520.92609677697
best: 74520.92609677697
routes: [0, 43, 42, 41, 44, 45, 47, 46, 49, 50, 48, 17, 19, 20, 18, 15, 14, 12, 11, 13, 16, 25, 27, 29, 30, 28, 26, 24, 21, 23, 22, 0, 4, 3, 6, 5, 10, 7, 9, 8, 2, 1, 80, 79, 77, 78, 75, 73, 72, 71, 74, 76, 58, 60, 59, 57, 56, 53, 51, 52, 55, 54, 0, 61, 62, 63, 64, 65, 68, 67, 66, 69, 70, 31, 39, 38, 37, 40, 35, 36, 32, 33, 34, 0]
Elapsed time: 197.45238828659058

i:0	119935.62703231894
i:50	79551.71770212532
i:100	78159.22208903317
i:150	76983.0221201997
i:200	76114.14212313324
i:250	75364.33169512276
i:300	74540.07620854792
i:350	73990.16612156961
i:400	73988.60201406812
i:450	73988.60201406812
i:500	73988.60201406812
i:550	73988.60201406812
i:600	73988.60201406812
i:650	73982.71482788377
best: 73982.71482788377
routes: [0, 33, 32, 37, 36, 35, 40, 39, 38, 34, 31, 69, 70, 66, 67, 68, 65, 64, 63, 61, 62, 0, 51, 53, 52, 54, 55, 56, 57, 59, 60, 58, 79, 80, 77, 78, 75, 73, 72, 71, 74, 76, 2, 1, 3, 6, 7, 8, 9, 10, 5, 4, 0, 43, 42, 41, 44, 45, 47, 46, 49, 50, 48, 14, 17, 19, 20, 18, 15, 12, 11, 13, 16, 25, 27, 29, 30, 28, 26, 24, 21, 23, 22, 0]
Elapsed time: 197.71103239059448

i:0	121507.01918441587
i:50	87636.8478577648
i:100	83156.74263245528
i:150	79460.79170081376
i:200	77513.32679203378
i:250	76338.41123714227
i:300	75777.00940353096
i:350	75695.97853136434
i:400	75695.97853136434
i:450	75695.97853136434
i:500	75695.97853136434
i:550	75695.97853136434
i:600	75695.97853136434
i:650	75695.97853136434
best: 75695.97853136434
routes: [0, 61, 62, 63, 64, 65, 68, 67, 66, 69, 70, 31, 34, 33, 38, 39, 40, 35, 36, 37, 32, 0, 76, 74, 71, 72, 73, 75, 78, 77, 79, 80, 58, 60, 59, 57, 56, 53, 51, 52, 55, 54, 2, 1, 8, 7, 9, 10, 5, 6, 3, 4, 0, 21, 24, 23, 22, 25, 27, 29, 30, 28, 26, 16, 13, 15, 18, 20, 19, 17, 14, 12, 11, 43, 42, 41, 44, 45, 47, 46, 49, 50, 48, 0]
Elapsed time: 196.2745246887207

i:0	117612.54991211937
i:50	79253.42129291326
i:100	75201.50336047309
i:150	75051.88497113457
i:200	73649.6176124876
i:250	73204.57330351006
i:300	72899.46748832449
i:350	72495.805652574
i:400	72117.00667367838
i:450	71727.17776956427
i:500	71727.17776956427
i:550	71727.17776956427
i:600	71727.17776956427
i:650	71727.17776956427
best: 71727.17776956427
routes: [0, 51, 53, 52, 54, 55, 57, 56, 59, 60, 58, 76, 77, 74, 71, 72, 73, 75, 78, 79, 80, 61, 62, 63, 64, 65, 68, 67, 66, 69, 70, 0, 31, 34, 33, 38, 39, 40, 36, 35, 37, 32, 24, 21, 23, 25, 27, 29, 30, 28, 26, 22, 13, 11, 12, 14, 15, 17, 19, 20, 18, 16, 0, 4, 5, 10, 9, 7, 8, 2, 1, 3, 6, 43, 41, 42, 45, 44, 46, 49, 50, 47, 48, 0]
Elapsed time: 205.30345463752747

i:0	125576.26203157775
i:50	87406.75879400648
i:100	86022.97469671656
i:150	80691.83901496482
i:200	79457.83474553504
i:250	78237.52339797292
i:300	76635.35456434768
i:350	74553.33890505484
i:400	74286.73012193998
i:450	74158.34934105225
i:500	74158.34934105225
i:550	74158.34934105225
i:600	74158.34934105225
i:650	74158.34934105225
best: 74158.34934105225
routes: [0, 4, 1, 3, 2, 6, 5, 10, 9, 7, 8, 54, 52, 51, 53, 56, 55, 57, 59, 60, 58, 74, 71, 72, 73, 75, 78, 77, 76, 79, 80, 0, 21, 24, 23, 25, 27, 29, 30, 28, 26, 22, 16, 13, 15, 17, 19, 20, 18, 14, 12, 11, 43, 45, 42, 41, 44, 46, 49, 50, 47, 48, 0, 61, 62, 63, 64, 65, 68, 67, 66, 69, 70, 31, 39, 40, 35, 36, 37, 38, 34, 33, 32, 0]
Elapsed time: 207.81947994232178

i:0	128473.81135573742
i:50	84185.52548673222
i:100	81386.4006097575
i:150	80535.50742238405
i:200	79873.23749149275
i:250	77267.18737697447
i:300	76717.64079299719
i:350	75289.81763144018
i:400	74742.62505079209
i:450	74742.62505079209
i:500	74201.97611192153
i:550	74201.97611192153
i:600	74201.97611192153
i:650	74201.97611192153
best: 74201.97611192153
routes: [0, 33, 32, 37, 36, 35, 40, 39, 38, 34, 31, 69, 70, 66, 67, 68, 65, 64, 63, 61, 62, 0, 43, 45, 42, 41, 44, 46, 49, 50, 47, 48, 17, 19, 20, 18, 15, 14, 12, 11, 13, 16, 22, 23, 21, 24, 26, 25, 27, 29, 30, 28, 0, 79, 80, 78, 75, 73, 72, 71, 74, 77, 76, 58, 60, 59, 57, 56, 53, 51, 52, 55, 54, 8, 7, 9, 10, 5, 6, 2, 1, 3, 4, 0]
Elapsed time: 217.40885424613953

i:0	112218.9581442268
i:50	84254.94242779019
i:100	78979.01197862308
i:150	78502.22192609211
i:200	74529.22578384569
i:250	72866.05289855835
i:300	71807.78581940272
i:350	70556.94406359798
i:400	70466.6474439807
i:450	70055.22414840346
i:500	70055.22414840346
i:550	70055.22414840346
i:600	70055.22414840346
i:650	70055.22414840346
best: 70055.22414840346
routes: [0, 51, 52, 53, 56, 54, 55, 57, 59, 60, 58, 76, 71, 72, 73, 75, 78, 74, 77, 79, 80, 61, 62, 63, 64, 65, 68, 67, 66, 69, 70, 0, 4, 3, 1, 2, 8, 6, 5, 10, 7, 9, 43, 45, 42, 41, 44, 46, 49, 50, 47, 48, 14, 12, 11, 13, 15, 17, 19, 20, 18, 16, 0, 31, 39, 38, 37, 40, 35, 36, 34, 33, 32, 28, 30, 29, 27, 25, 26, 24, 21, 23, 22, 0]
Elapsed time: 218.5220718383789

mean: 74108.43666091248
std: 2277.8290359770012
mean-time: 204.23615330457687
std-time: 7.214035589006037