i:0	123454.85702508125
i:50	90855.4259261589
i:100	86127.83123671348
i:150	85494.38844657288
i:200	84333.37739648474
i:250	82519.8286020932
i:300	82205.82612332833
i:350	82154.60694903464
i:400	82154.60694903464
i:450	82128.50860005803
i:500	82128.50860005803
i:550	82128.50860005803
i:600	82128.50860005803
i:650	82128.50860005803
best: 82128.50860005803
routes: [0, 43, 45, 42, 41, 44, 46, 49, 50, 47, 48, 14, 12, 11, 13, 15, 18, 17, 19, 20, 16, 0, 31, 34, 33, 38, 39, 40, 36, 35, 37, 32, 21, 23, 22, 25, 27, 29, 30, 28, 26, 24, 0, 4, 3, 6, 5, 10, 9, 7, 8, 2, 1, 69, 70, 66, 67, 68, 65, 64, 63, 61, 62, 0, 71, 72, 73, 75, 78, 77, 74, 76, 79, 80, 58, 60, 59, 57, 54, 55, 56, 53, 51, 52, 0]
Elapsed time: 185.99034786224365

i:0	117129.45449828402
i:50	88734.35330009772
i:100	84812.96664097863
i:150	83130.24587587101
i:200	82768.78053469158
i:250	82403.78232050192
i:300	82403.78232050192
i:350	82240.57734040002
i:400	82240.57734040002
i:450	82126.63531918958
i:500	82126.63531918958
i:550	82126.63531918958
i:600	82126.63531918958
i:650	82126.63531918958
best: 82126.63531918958
routes: [0, 31, 33, 34, 39, 38, 37, 40, 35, 36, 32, 28, 30, 29, 27, 25, 26, 24, 21, 23, 22, 0, 43, 45, 42, 41, 44, 46, 49, 50, 47, 48, 19, 17, 14, 12, 11, 13, 15, 18, 20, 16, 0, 51, 52, 53, 56, 54, 55, 57, 59, 60, 58, 79, 80, 76, 77, 74, 71, 72, 73, 75, 78, 0, 4, 5, 6, 7, 9, 10, 8, 2, 3, 1, 61, 69, 70, 66, 67, 68, 65, 64, 63, 62, 0]
Elapsed time: 171.96112513542175

i:0	128837.59611444021
i:50	86945.41387808013
i:100	85057.77600729946
i:150	83943.76086438895
i:200	81727.9119645636
i:250	81451.73423310742
i:300	81327.71489323146
i:350	80968.73699543302
i:400	80194.75379639803
i:450	80188.51879219952
i:500	80188.51879219952
i:550	80188.51879219952
i:600	80188.51879219952
i:650	80188.51879219952
best: 80188.51879219952
routes: [0, 13, 15, 18, 16, 20, 19, 17, 14, 12, 11, 43, 47, 45, 42, 41, 44, 46, 49, 50, 48, 0, 31, 34, 33, 32, 38, 39, 40, 37, 35, 36, 30, 28, 27, 29, 25, 26, 24, 21, 23, 22, 0, 51, 52, 53, 56, 54, 55, 57, 59, 60, 58, 76, 74, 71, 72, 73, 75, 78, 77, 79, 80, 0, 4, 6, 5, 10, 9, 7, 8, 3, 2, 1, 61, 62, 63, 64, 65, 68, 66, 67, 69, 70, 0]
Elapsed time: 188.3821885585785

i:0	117584.58870444655
i:50	83209.42234196709
i:100	82773.532734064
i:150	82512.08481970135
i:200	81846.69997226389
i:250	81600.6328302582
i:300	81041.21838727956
i:350	80991.43720869077
i:400	80967.93909527232
i:450	80679.39614094708
i:500	80530.94575623824
i:550	80530.94575623824
i:600	80530.94575623824
i:650	80530.94575623824
best: 80530.94575623824
routes: [0, 80, 76, 77, 74, 71, 72, 73, 75, 78, 79, 58, 59, 60, 56, 52, 51, 53, 57, 55, 54, 0, 4, 5, 6, 3, 1, 2, 8, 7, 9, 10, 43, 47, 45, 42, 41, 44, 46, 49, 50, 48, 0, 21, 24, 23, 25, 27, 29, 30, 28, 26, 22, 16, 20, 19, 17, 18, 15, 14, 13, 11, 12, 0, 33, 32, 37, 35, 36, 40, 39, 38, 34, 31, 69, 70, 66, 67, 68, 65, 64, 63, 61, 62, 0]
Elapsed time: 186.7138946056366

i:0	124501.81590343648
i:50	86436.21087242026
i:100	84806.46918119934
i:150	84400.37041877476
i:200	82790.28548481534
i:250	82719.85170643695
i:300	81728.52556899338
i:350	81596.39253118595
i:400	81596.39253118595
i:450	81596.39253118595
i:500	81421.77762031583
i:550	81285.38283500278
i:600	81277.59099227606
i:650	81277.59099227606
best: 81277.59099227606
routes: [0, 21, 22, 23, 24, 26, 25, 27, 29, 30, 28, 32, 40, 35, 36, 37, 39, 38, 31, 33, 34, 0, 43, 42, 41, 45, 44, 46, 49, 50, 47, 48, 11, 13, 16, 20, 19, 17, 18, 15, 14, 12, 0, 4, 5, 6, 10, 9, 7, 8, 2, 3, 1, 69, 70, 66, 67, 68, 65, 64, 63, 61, 62, 0, 51, 52, 53, 56, 54, 55, 57, 59, 60, 58, 79, 80, 76, 77, 74, 71, 72, 73, 75, 78, 0]
Elapsed time: 192.68279838562012

i:0	118800.13680711192
i:50	87501.0529223276
i:100	84525.17148606882
i:150	83485.38047728679
i:200	83330.71724111948
i:250	82848.90393249699
i:300	82676.31834322325
i:350	82613.59549630649
i:400	82613.59549630649
i:450	82613.59549630649
i:500	82613.59549630649
i:550	82613.59549630649
i:600	82613.59549630649
i:650	82613.59549630649
best: 82613.59549630649
routes: [0, 4, 1, 2, 3, 6, 5, 10, 9, 7, 8, 54, 55, 57, 59, 60, 58, 56, 53, 51, 52, 0, 31, 34, 33, 38, 39, 40, 36, 35, 37, 32, 24, 21, 23, 22, 25, 27, 29, 30, 28, 26, 0, 43, 42, 41, 45, 44, 46, 49, 50, 47, 48, 11, 13, 16, 20, 19, 17, 18, 15, 14, 12, 0, 76, 71, 72, 73, 75, 78, 74, 77, 79, 80, 65, 68, 67, 69, 70, 66, 64, 63, 61, 62, 0]
Elapsed time: 183.41420817375183

i:0	113765.29124088919
i:50	86672.55502390082
i:100	84304.77395140546
i:150	82460.21283339805
i:200	82083.52478855514
i:250	81086.13499467568
i:300	80973.46790313104
i:350	80910.74505621428
i:400	80859.52588192058
i:450	80797.70656734846
i:500	80545.62241002182
i:550	80545.62241002182
i:600	80545.62241002182
i:650	80545.62241002182
best: 80545.62241002182
routes: [0, 31, 34, 33, 38, 39, 40, 36, 35, 37, 32, 28, 30, 29, 27, 25, 26, 24, 21, 23, 22, 0, 43, 45, 42, 41, 44, 46, 49, 50, 47, 48, 17, 19, 20, 18, 15, 14, 12, 11, 13, 16, 0, 4, 3, 6, 5, 10, 9, 7, 8, 2, 1, 61, 63, 65, 68, 67, 69, 70, 66, 64, 62, 0, 51, 52, 53, 56, 54, 55, 57, 59, 60, 58, 76, 77, 74, 71, 72, 73, 75, 78, 79, 80, 0]
Elapsed time: 180.423903465271

i:0	115490.72435341848
i:50	87491.11919805617
i:100	84356.76936021111
i:150	83402.44285843003
i:200	82371.88561028805
i:250	82340.23830362054
i:300	82340.23830362054
i:350	81863.71613697763
i:400	81863.71613697763
i:450	81863.71613697763
i:500	81857.48113277912
i:550	81857.48113277912
i:600	81857.48113277912
i:650	81857.48113277912
best: 81857.48113277912
routes: [0, 13, 15, 18, 16, 20, 19, 17, 14, 12, 11, 43, 41, 44, 46, 49, 50, 48, 47, 45, 42, 0, 4, 3, 6, 5, 10, 9, 7, 8, 2, 1, 69, 70, 66, 67, 68, 65, 64, 63, 61, 62, 0, 76, 77, 74, 71, 72, 73, 75, 78, 80, 79, 58, 60, 59, 57, 54, 55, 56, 53, 51, 52, 0, 31, 39, 40, 36, 35, 37, 38, 34, 33, 32, 28, 30, 29, 27, 25, 26, 24, 21, 23, 22, 0]
Elapsed time: 172.12184762954712

i:0	133927.0389558997
i:50	85750.92204844905
i:100	83432.56735487039
i:150	82472.56083851872
i:200	81906.45620372028
i:250	81647.6735284655
i:300	81279.70546472973
i:350	81279.70546472973
i:400	81083.26304980747
i:450	81083.26304980747
i:500	81083.26304980747
i:550	81083.26304980747
i:600	81083.26304980747
i:650	81083.26304980747
best: 81083.26304980747
routes: [0, 31, 34, 33, 38, 39, 40, 36, 35, 37, 32, 28, 30, 29, 27, 25, 26, 24, 21, 23, 22, 0, 43, 45, 42, 41, 44, 46, 49, 50, 47, 48, 14, 15, 17, 19, 20, 18, 16, 13, 11, 12, 0, 4, 5, 6, 10, 9, 7, 8, 2, 3, 1, 61, 65, 68, 67, 69, 70, 66, 64, 63, 62, 0, 51, 52, 53, 56, 54, 55, 57, 59, 60, 58, 76, 74, 71, 72, 73, 75, 78, 77, 79, 80, 0]
Elapsed time: 181.74790716171265

i:0	124604.3850604564
i:50	86951.50333272204
i:100	83951.48110138776
i:150	82055.98700870347
i:200	82020.84644091627
i:250	81271.91493301216
i:300	81271.91493301216
i:350	81046.25982571254
i:400	80519.45680658957
i:450	80519.45680658957
i:500	80519.45680658957
i:550	80519.45680658957
i:600	80519.45680658957
i:650	80519.45680658957
best: 80519.45680658957
routes: [0, 4, 5, 6, 7, 10, 9, 8, 2, 3, 1, 61, 62, 63, 64, 65, 68, 66, 67, 69, 70, 0, 51, 52, 53, 56, 55, 54, 57, 59, 60, 58, 76, 79, 77, 74, 71, 72, 73, 75, 78, 80, 0, 31, 34, 33, 38, 39, 40, 36, 35, 37, 32, 28, 30, 29, 27, 25, 26, 24, 21, 23, 22, 0, 43, 48, 47, 45, 42, 41, 44, 46, 49, 50, 14, 17, 19, 20, 18, 15, 12, 11, 13, 16, 0]
Elapsed time: 178.8174421787262

i:0	118016.84496413525
i:50	89408.17420924449
i:100	85596.63764630175
i:150	84082.0824617503
i:200	83476.50148307375
i:250	82440.11182532138
i:300	82320.76436430412
i:350	82313.70271067941
i:400	82313.70271067941
i:450	82200.6898881666
i:500	82200.6898881666
i:550	82200.6898881666
i:600	82200.6898881666
i:650	82200.6898881666
best: 82200.6898881666
routes: [0, 16, 15, 18, 20, 19, 17, 14, 12, 13, 11, 43, 45, 46, 49, 50, 48, 47, 44, 41, 42, 0, 31, 34, 33, 38, 39, 40, 36, 35, 37, 32, 21, 23, 25, 27, 29, 30, 28, 26, 24, 22, 0, 51, 52, 53, 56, 59, 60, 58, 57, 55, 54, 2, 1, 3, 6, 7, 8, 9, 10, 5, 4, 0, 69, 70, 66, 67, 68, 65, 64, 63, 62, 61, 80, 79, 77, 74, 76, 71, 72, 73, 75, 78, 0]
Elapsed time: 178.66216611862183

i:0	124396.98416763352
i:50	87059.23601477727
i:100	86309.6569469645
i:150	84905.24920399705
i:200	84093.82958219969
i:250	83418.23056360689
i:300	81750.13616251003
i:350	81127.08295188624
i:400	80049.56888712329
i:450	79739.109300246
i:500	79739.109300246
i:550	79739.109300246
i:600	79739.109300246
i:650	79739.109300246
best: 79739.109300246
routes: [0, 31, 39, 40, 35, 36, 37, 38, 34, 33, 32, 24, 21, 23, 22, 25, 27, 29, 30, 28, 26, 0, 43, 45, 42, 41, 44, 46, 49, 50, 47, 48, 14, 12, 11, 13, 15, 18, 17, 19, 20, 16, 0, 51, 52, 53, 56, 54, 55, 57, 59, 60, 58, 76, 74, 71, 72, 73, 75, 78, 77, 79, 80, 0, 4, 6, 5, 10, 9, 7, 8, 3, 2, 1, 61, 62, 63, 64, 65, 68, 66, 67, 69, 70, 0]
Elapsed time: 195.08640313148499

i:0	117726.1837567707
i:50	85006.69708252001
i:100	82842.81128880856
i:150	82360.07353739298
i:200	81949.60275814791
i:250	81672.06886868445
i:300	81604.88717879157
i:350	81395.28447950665
i:400	80738.79333762663
i:450	80523.54906046971
i:500	80413.87427018459
i:550	80413.87427018459
i:600	80413.87427018459
i:650	80413.87427018459
best: 80413.87427018459
routes: [0, 43, 42, 41, 45, 44, 46, 49, 50, 47, 48, 11, 13, 16, 20, 19, 17, 18, 15, 14, 12, 0, 31, 34, 33, 38, 39, 40, 36, 35, 37, 32, 21, 23, 22, 25, 27, 29, 30, 28, 26, 24, 0, 4, 5, 6, 7, 10, 9, 8, 2, 3, 1, 61, 62, 63, 64, 65, 68, 66, 67, 69, 70, 0, 51, 52, 53, 56, 54, 55, 57, 59, 60, 58, 79, 80, 76, 77, 74, 71, 72, 73, 75, 78, 0]
Elapsed time: 186.22369503974915

i:0	125665.17040547282
i:50	87850.20607088279
i:100	85876.26397367001
i:150	85283.96784047098
i:200	84537.57201000454
i:250	83427.75636841042
i:300	82370.79691396328
i:350	82364.56190976477
i:400	82364.56190976477
i:450	82364.56190976477
i:500	82218.55115809836
i:550	82218.55115809836
i:600	82218.55115809836
i:650	82218.55115809836
best: 82218.55115809836
routes: [0, 13, 15, 18, 16, 20, 19, 17, 14, 12, 11, 43, 47, 45, 42, 41, 44, 46, 49, 50, 48, 0, 21, 22, 23, 24, 26, 25, 29, 27, 28, 30, 35, 36, 37, 40, 39, 38, 31, 34, 33, 32, 0, 79, 80, 76, 77, 74, 71, 72, 73, 75, 78, 58, 60, 59, 57, 54, 55, 56, 53, 51, 52, 0, 4, 3, 6, 5, 10, 9, 7, 8, 2, 1, 61, 62, 63, 64, 65, 68, 66, 67, 69, 70, 0]
Elapsed time: 182.59654688835144

i:0	123868.33082595866
i:50	85342.3696113178
i:100	84330.0020802157
i:150	83173.8076467393
i:200	82710.65063816268
i:250	82311.74824354926
i:300	82183.35115896523
i:350	82100.77049445499
i:400	81541.88557482943
i:450	81490.66640053575
i:500	81490.66640053575
i:550	81490.66640053575
i:600	81490.66640053575
i:650	81490.66640053575
best: 81490.66640053575
routes: [0, 43, 45, 42, 41, 44, 46, 49, 50, 47, 48, 14, 12, 11, 13, 15, 18, 17, 19, 20, 16, 0, 4, 3, 6, 5, 10, 9, 7, 8, 2, 1, 69, 70, 66, 67, 68, 65, 64, 63, 61, 62, 0, 80, 76, 77, 74, 71, 72, 73, 75, 78, 79, 58, 60, 59, 57, 54, 55, 56, 53, 51, 52, 0, 31, 34, 33, 38, 39, 40, 36, 35, 37, 32, 21, 23, 22, 25, 27, 29, 30, 28, 26, 24, 0]
Elapsed time: 179.6120321750641

i:0	123628.68502555876
i:50	88298.72750131448
i:100	83224.76606645556
i:150	82327.84370243286
i:200	82268.68001382113
i:250	81818.26478942568
i:300	81152.10424931691
i:350	81152.10424931691
i:400	81039.43715777226
i:450	80734.30004174303
i:500	80734.30004174303
i:550	80734.30004174303
i:600	80734.30004174303
i:650	80734.30004174303
best: 80734.30004174303
routes: [0, 51, 52, 53, 56, 59, 60, 58, 57, 55, 54, 8, 9, 7, 10, 5, 6, 2, 1, 3, 4, 0, 43, 48, 47, 45, 42, 41, 44, 46, 49, 50, 17, 19, 20, 18, 15, 14, 12, 11, 13, 16, 0, 31, 34, 33, 38, 39, 40, 36, 35, 37, 32, 28, 30, 29, 27, 25, 26, 24, 21, 23, 22, 0, 76, 74, 71, 72, 73, 75, 78, 79, 77, 80, 61, 62, 63, 64, 65, 68, 66, 67, 69, 70, 0]
Elapsed time: 179.31607794761658

i:0	122542.20237763322
i:50	85173.52387752694
i:100	82895.38496953112
i:150	82700.18848404384
i:200	82524.44569114727
i:250	82040.33550643029
i:300	81580.44921601725
i:350	81169.04448766858
i:400	80943.20163672499
i:450	80943.20163672499
i:500	80943.20163672499
i:550	80943.20163672499
i:600	80943.20163672499
i:650	80943.20163672499
best: 80943.20163672499
routes: [0, 76, 77, 74, 71, 72, 73, 75, 78, 79, 80, 61, 62, 63, 64, 65, 68, 66, 67, 69, 70, 0, 31, 34, 33, 32, 38, 39, 40, 37, 35, 36, 30, 28, 27, 29, 25, 26, 24, 21, 23, 22, 0, 13, 15, 18, 16, 20, 19, 17, 14, 12, 11, 43, 41, 44, 46, 49, 50, 48, 47, 45, 42, 0, 4, 3, 1, 2, 6, 5, 10, 7, 9, 8, 54, 55, 57, 59, 60, 58, 56, 53, 51, 52, 0]
Elapsed time: 178.705735206604

i:0	129175.63387580682
i:50	90869.68322015186
i:100	86824.12371985083
i:150	86321.29984949603
i:200	85884.33739699928
i:250	84923.74067804239
i:300	84159.58229111186
i:350	83577.86379850826
i:400	83325.77964118162
i:450	83325.77964118162
i:500	82619.07208706092
i:550	82619.07208706092
i:600	82619.07208706092
i:650	82619.07208706092
best: 82619.07208706092
routes: [0, 13, 15, 18, 16, 20, 19, 17, 14, 12, 11, 43, 42, 41, 45, 44, 46, 49, 50, 47, 48, 0, 76, 77, 74, 71, 72, 73, 75, 78, 80, 79, 58, 60, 59, 57, 54, 55, 56, 53, 51, 52, 0, 4, 3, 6, 5, 10, 9, 7, 8, 2, 1, 61, 63, 65, 68, 67, 69, 70, 66, 64, 62, 0, 31, 34, 33, 38, 39, 40, 36, 35, 37, 32, 28, 30, 29, 27, 25, 26, 24, 21, 23, 22, 0]
Elapsed time: 189.3757905960083

i:0	127015.69088660157
i:50	87141.9502071689
i:100	85268.3813845818
i:150	84370.76844353738
i:200	83875.18984259298
i:250	82912.36449146466
i:300	82394.23628388511
i:350	82047.26356884805
i:400	82014.26431277304
i:450	82014.26431277304
i:500	82014.26431277303
i:550	82014.26431277303
i:600	82014.26431277303
i:650	82014.26431277303
best: 82014.26431277303
routes: [0, 4, 3, 6, 5, 10, 9, 7, 8, 2, 1, 61, 62, 63, 64, 65, 68, 66, 67, 69, 70, 0, 31, 39, 38, 37, 40, 35, 36, 34, 33, 32, 28, 30, 29, 27, 25, 26, 24, 21, 23, 22, 0, 13, 15, 18, 16, 20, 19, 17, 14, 12, 11, 43, 41, 44, 46, 49, 50, 48, 47, 45, 42, 0, 76, 74, 71, 72, 73, 75, 78, 77, 79, 80, 58, 60, 59, 57, 52, 51, 53, 56, 55, 54, 0]
Elapsed time: 184.9103832244873

i:0	122023.68393372688
i:50	90910.5459338969
i:100	87603.67304294943
i:150	85332.12227005308
i:200	83135.56615634165
i:250	82557.65118248119
i:300	81585.40515262683
i:350	81448.72854625992
i:400	81448.72854625992
i:450	81448.72854625992
i:500	81448.72854625992
i:550	81448.72854625992
i:600	81448.72854625992
i:650	81448.72854625992
best: 81448.72854625992
routes: [0, 43, 41, 44, 46, 49, 50, 48, 47, 45, 42, 11, 13, 12, 15, 14, 17, 19, 20, 18, 16, 0, 4, 1, 2, 3, 6, 5, 10, 9, 7, 8, 54, 55, 57, 59, 60, 58, 56, 53, 51, 52, 0, 31, 34, 33, 38, 39, 40, 36, 35, 37, 32, 21, 23, 22, 25, 27, 29, 30, 28, 26, 24, 0, 76, 77, 79, 80, 74, 71, 72, 73, 75, 78, 61, 62, 63, 64, 65, 68, 66, 67, 69, 70, 0]
Elapsed time: 191.41012835502625

mean: 81334.70379986297
std: 838.6634026461226
mean-time: 183.40773109197616
std-time: 6.091670289811459