i:0	116836.5355566556
i:50	89565.50830950998
i:100	87070.60881814381
i:150	86262.28866318539
i:200	80620.74437056569
i:250	79181.80502922373
i:300	78400.11450047587
i:350	78072.09602786617
i:400	78072.09602786617
i:450	78072.09602786617
i:500	78072.09602786617
i:550	78072.09602786617
i:600	78072.09602786617
i:650	78072.09602786617
best: 78072.09602786617
routes: [0, 49, 50, 52, 51, 53, 56, 54, 55, 74, 73, 75, 76, 77, 80, 79, 78, 25, 27, 26, 30, 29, 31, 32, 28, 0, 72, 71, 65, 66, 69, 67, 70, 68, 60, 63, 64, 61, 59, 58, 57, 62, 48, 42, 41, 43, 46, 47, 45, 44, 0, 17, 19, 21, 23, 24, 22, 20, 18, 14, 16, 12, 10, 9, 11, 13, 15, 40, 39, 38, 36, 37, 34, 33, 35, 7, 8, 2, 1, 3, 6, 5, 4, 0]
Elapsed time: 175.66022729873657

i:0	116578.07169078554
i:50	91151.9255255076
i:100	80734.6252489089
i:150	80181.08554573984
i:200	79705.01503243565
i:250	79704.65659418168
i:300	79571.69098422576
i:350	79571.69098422576
i:400	79571.69098422576
i:450	79571.69098422576
i:500	79204.35465874421
i:550	79204.35465874421
i:600	79204.35465874421
i:650	79204.35465874421
best: 79204.35465874421
routes: [0, 78, 80, 79, 76, 77, 75, 73, 74, 49, 50, 52, 51, 53, 55, 56, 54, 25, 28, 27, 32, 30, 29, 31, 26, 24, 23, 21, 22, 20, 17, 19, 18, 0, 64, 61, 59, 58, 57, 63, 60, 62, 48, 46, 47, 45, 44, 43, 41, 42, 0, 14, 16, 12, 10, 9, 13, 11, 15, 40, 39, 38, 36, 37, 35, 34, 33, 72, 71, 65, 66, 69, 67, 68, 70, 7, 8, 2, 1, 3, 6, 5, 4, 0]
Elapsed time: 152.28762674331665

i:0	111112.55564566974
i:50	90791.35025256459
i:100	84704.74005677916
i:150	79773.01587260504
i:200	79649.14715893468
i:250	79506.60622185707
i:300	78921.6394369401
i:350	78921.6394369401
i:400	78921.6394369401
i:450	78921.6394369401
i:500	78921.6394369401
i:550	78921.6394369401
i:600	78921.6394369401
i:650	78921.6394369401
best: 78921.6394369401
routes: [0, 80, 76, 77, 79, 78, 73, 75, 74, 50, 49, 51, 53, 52, 55, 56, 54, 25, 28, 27, 32, 30, 29, 31, 26, 0, 70, 68, 67, 69, 71, 72, 65, 66, 60, 57, 59, 58, 61, 64, 63, 62, 48, 46, 47, 45, 44, 43, 41, 42, 0, 4, 5, 6, 3, 1, 2, 8, 7, 35, 34, 33, 36, 38, 39, 37, 40, 15, 12, 10, 9, 11, 13, 16, 14, 21, 23, 24, 22, 20, 17, 19, 18, 0]
Elapsed time: 157.31178736686707

i:0	123787.4282521389
i:50	87783.80046242659
i:100	87494.11140855287
i:150	81461.4781551643
i:200	80689.85372549755
i:250	80689.85372549755
i:300	80643.7334067398
i:350	80488.9904583565
i:400	80488.9904583565
i:450	80488.9904583565
i:500	80488.9904583565
i:550	80488.9904583565
i:600	80488.9904583565
i:650	80488.9904583565
best: 80488.9904583565
routes: [0, 62, 60, 58, 57, 59, 61, 64, 63, 48, 46, 41, 43, 42, 47, 45, 44, 0, 79, 77, 75, 74, 73, 76, 78, 80, 54, 55, 56, 50, 49, 51, 53, 52, 25, 28, 27, 32, 30, 29, 31, 26, 17, 19, 18, 21, 23, 24, 22, 20, 0, 11, 14, 16, 13, 15, 12, 10, 9, 40, 39, 38, 36, 37, 35, 34, 33, 72, 71, 65, 66, 69, 67, 70, 68, 8, 7, 5, 6, 2, 1, 3, 4, 0]
Elapsed time: 156.31015491485596

i:0	113474.9328499102
i:50	90946.97125255768
i:100	80118.25097907998
i:150	77483.4144911071
i:200	76019.57371812199
i:250	75597.16568549718
i:300	75597.16568549718
i:350	75597.16568549718
i:400	75597.16568549718
i:450	75597.16568549718
i:500	75597.16568549718
i:550	75597.16568549718
i:600	75597.16568549718
i:650	75597.16568549718
best: 75597.16568549718
routes: [0, 11, 14, 16, 13, 15, 12, 10, 9, 40, 39, 38, 36, 37, 35, 34, 33, 72, 71, 65, 66, 69, 67, 70, 68, 8, 7, 5, 6, 2, 1, 3, 4, 0, 41, 42, 43, 46, 44, 45, 47, 48, 62, 60, 61, 59, 58, 57, 63, 64, 49, 51, 54, 55, 56, 53, 52, 50, 0, 73, 74, 75, 76, 77, 80, 79, 78, 25, 27, 28, 32, 30, 29, 31, 26, 17, 19, 18, 21, 23, 24, 22, 20, 0]
Elapsed time: 153.628422498703

i:0	114233.4028785575
i:50	90596.54779969502
i:100	86818.81197298403
i:150	79995.2562528849
i:200	77962.30911970648
i:250	77449.42054270429
i:300	77235.99433361796
i:350	76838.38280523224
i:400	76838.38280523224
i:450	76838.38280523224
i:500	76838.38280523224
i:550	76838.38280523224
i:600	76838.38280523224
i:650	76838.38280523224
best: 76838.38280523224
routes: [0, 17, 19, 18, 21, 22, 20, 23, 24, 30, 29, 31, 32, 27, 26, 28, 25, 76, 73, 74, 75, 77, 80, 79, 78, 0, 41, 42, 43, 46, 47, 45, 44, 48, 63, 62, 60, 58, 57, 59, 61, 64, 50, 49, 51, 52, 53, 55, 56, 54, 0, 4, 5, 6, 3, 1, 2, 8, 7, 70, 68, 67, 66, 69, 65, 71, 72, 33, 36, 38, 39, 37, 34, 35, 40, 12, 10, 9, 11, 13, 15, 16, 14, 0]
Elapsed time: 160.4563925266266

i:0	111978.7942207345
i:50	91764.11475507994
i:100	86432.70531433745
i:150	81276.45607539959
i:200	79816.23934887021
i:250	79309.37416639918
i:300	77911.00349687951
i:350	77911.00349687951
i:400	77911.00349687951
i:450	77911.00349687951
i:500	77392.27251530258
i:550	77392.27251530258
i:600	77392.27251530258
i:650	77392.27251530258
best: 77392.27251530258
routes: [0, 54, 55, 56, 53, 52, 51, 50, 49, 64, 60, 61, 59, 58, 57, 63, 62, 48, 42, 41, 43, 46, 47, 45, 44, 0, 4, 5, 6, 7, 8, 2, 3, 1, 73, 74, 75, 76, 77, 80, 79, 78, 25, 28, 27, 32, 30, 29, 31, 26, 24, 23, 21, 22, 20, 17, 19, 18, 0, 11, 14, 16, 13, 15, 12, 10, 9, 35, 40, 39, 38, 36, 37, 34, 33, 72, 71, 65, 66, 69, 67, 70, 68, 0]
Elapsed time: 159.8723063468933

i:0	118162.3343128461
i:50	81391.44104622501
i:100	76579.52506724061
i:150	75709.73544237264
i:200	75428.24510893857
i:250	74705.47103534004
i:300	74047.4794818977
i:350	74047.4794818977
i:400	74047.4794818977
i:450	74047.4794818977
i:500	74047.4794818977
i:550	74047.4794818977
i:600	74047.4794818977
i:650	74047.4794818977
best: 74047.4794818977
routes: [0, 41, 42, 43, 46, 44, 45, 47, 48, 63, 62, 60, 58, 57, 59, 61, 64, 50, 49, 51, 52, 53, 55, 56, 54, 0, 11, 14, 16, 13, 15, 12, 10, 9, 40, 39, 38, 36, 37, 35, 34, 33, 72, 71, 65, 66, 69, 67, 68, 70, 7, 8, 2, 1, 3, 6, 5, 4, 0, 73, 74, 75, 76, 77, 80, 79, 78, 25, 28, 27, 26, 32, 31, 30, 29, 24, 23, 21, 22, 20, 17, 19, 18, 0]
Elapsed time: 144.1683211326599

i:0	117424.59945404004
i:50	89500.8078343174
i:100	82788.33968266999
i:150	81213.47240742279
i:200	80756.26578963977
i:250	80743.26343365324
i:300	80743.26343365324
i:350	80743.26343365324
i:400	80743.26343365324
i:450	80743.26343365324
i:500	80743.26343365324
i:550	80743.26343365324
i:600	80743.26343365324
i:650	80743.26343365324
best: 80743.26343365324
routes: [0, 73, 75, 74, 80, 79, 77, 78, 76, 49, 50, 53, 51, 52, 55, 56, 54, 25, 28, 27, 32, 30, 29, 31, 26, 0, 11, 14, 16, 13, 15, 12, 10, 9, 40, 39, 38, 36, 37, 35, 34, 33, 72, 71, 65, 66, 69, 67, 68, 70, 7, 8, 2, 1, 3, 6, 5, 4, 0, 19, 18, 21, 23, 24, 22, 20, 17, 60, 63, 64, 61, 59, 58, 57, 62, 48, 46, 47, 45, 44, 43, 41, 42, 0]
Elapsed time: 151.21305537223816

i:0	113365.56598952657
i:50	91169.53371836747
i:100	89005.9330009154
i:150	86886.69909544125
i:200	81103.01315639235
i:250	79285.17605655639
i:300	79285.17605655639
i:350	79285.17605655639
i:400	79210.22780203061
i:450	79210.22780203061
i:500	79210.22780203061
i:550	79210.22780203061
i:600	79210.22780203061
i:650	79210.22780203061
best: 79210.22780203061
routes: [0, 73, 74, 77, 80, 78, 79, 75, 76, 56, 54, 55, 53, 50, 49, 51, 52, 25, 27, 26, 30, 29, 31, 32, 28, 0, 70, 67, 69, 72, 71, 65, 66, 68, 60, 63, 64, 61, 59, 58, 57, 62, 48, 42, 41, 43, 46, 47, 45, 44, 0, 4, 5, 6, 3, 1, 2, 8, 7, 35, 34, 33, 36, 38, 39, 37, 40, 12, 10, 9, 11, 13, 15, 16, 14, 21, 23, 24, 22, 20, 17, 19, 18, 0]
Elapsed time: 171.06614351272583

i:0	111948.11564714812
i:50	91320.49117796085
i:100	88794.65685466652
i:150	88536.07827962204
i:200	87799.772330021
i:250	78304.64651672679
i:300	77580.86501808037
i:350	77580.86501808037
i:400	77562.12739729005
i:450	77562.12739729005
i:500	77562.12739729005
i:550	77562.12739729005
i:600	77562.12739729005
i:650	77562.12739729005
best: 77562.12739729005
routes: [0, 17, 19, 21, 23, 24, 22, 20, 18, 14, 16, 13, 15, 12, 11, 10, 9, 40, 39, 37, 38, 36, 33, 34, 35, 7, 8, 2, 1, 3, 6, 5, 4, 0, 70, 68, 67, 69, 71, 72, 65, 66, 60, 57, 59, 58, 61, 64, 63, 62, 48, 46, 47, 45, 44, 43, 41, 42, 0, 27, 28, 26, 30, 29, 31, 32, 25, 80, 79, 77, 76, 78, 75, 73, 74, 49, 51, 52, 54, 55, 56, 53, 50, 0]
Elapsed time: 175.33790349960327

i:0	125108.238072432
i:50	84414.68840398025
i:100	81525.51598105246
i:150	81393.95988748665
i:200	81049.39526487993
i:250	81043.81852578487
i:300	81043.81852578487
i:350	81043.81852578487
i:400	81042.03163200212
i:450	81042.03163200212
i:500	81042.03163200212
i:550	81042.03163200212
i:600	81042.03163200212
i:650	81042.03163200212
best: 81042.03163200212
routes: [0, 4, 1, 3, 2, 6, 7, 8, 5, 33, 36, 38, 39, 37, 34, 35, 40, 9, 11, 13, 12, 10, 15, 16, 14, 0, 70, 71, 72, 65, 66, 69, 67, 68, 60, 63, 64, 61, 59, 58, 57, 62, 48, 46, 47, 45, 44, 43, 41, 42, 0, 73, 76, 79, 77, 78, 80, 75, 74, 49, 50, 53, 51, 52, 55, 56, 54, 25, 32, 30, 29, 31, 28, 27, 26, 17, 19, 18, 21, 23, 24, 22, 20, 0]
Elapsed time: 157.526282787323

i:0	115298.65009572144
i:50	92066.726345286
i:100	87753.35748359405
i:150	85626.07381196831
i:200	78894.17620602704
i:250	77455.45983765164
i:300	77332.97516881833
i:350	77169.75141370847
i:400	77169.75141370847
i:450	77169.75141370847
i:500	77169.75141370847
i:550	77169.75141370847
i:600	77169.75141370847
i:650	77169.75141370847
best: 77169.75141370847
routes: [0, 73, 74, 75, 76, 77, 79, 78, 80, 54, 55, 56, 53, 52, 51, 49, 50, 41, 42, 43, 48, 46, 47, 45, 44, 0, 25, 28, 27, 32, 30, 29, 31, 26, 20, 17, 21, 23, 24, 22, 19, 18, 14, 16, 13, 15, 12, 11, 9, 10, 5, 6, 7, 8, 2, 1, 3, 4, 0, 35, 40, 39, 38, 36, 37, 34, 33, 72, 71, 65, 66, 69, 67, 70, 68, 63, 62, 60, 57, 59, 58, 61, 64, 0]
Elapsed time: 169.78805899620056

i:0	111026.14741657296
i:50	86627.52563618147
i:100	81260.56549866128
i:150	80119.91461455649
i:200	79826.6300084828
i:250	79643.21418953127
i:300	79632.93947311884
i:350	79632.93947311884
i:400	79632.93947311884
i:450	79632.93947311884
i:500	79632.04617002838
i:550	79632.04617002838
i:600	79632.04617002838
i:650	79632.04617002838
best: 79632.04617002838
routes: [0, 73, 74, 75, 79, 78, 77, 76, 80, 51, 49, 50, 53, 55, 56, 54, 52, 25, 27, 26, 30, 29, 31, 32, 28, 0, 17, 19, 18, 20, 22, 24, 23, 21, 14, 11, 13, 15, 16, 12, 10, 9, 35, 34, 37, 40, 39, 38, 36, 33, 72, 71, 65, 66, 69, 67, 70, 68, 0, 4, 1, 3, 5, 6, 7, 8, 2, 60, 57, 59, 58, 61, 64, 63, 62, 48, 46, 47, 45, 44, 43, 41, 42, 0]
Elapsed time: 155.86971068382263

i:0	122321.42360374778
i:50	90933.24173131111
i:100	86415.68469218528
i:150	84956.5529250986
i:200	80789.05904057316
i:250	80083.35157667541
i:300	79699.07369396345
i:350	79507.32249472197
i:400	79172.1627166184
i:450	79172.1627166184
i:500	79172.1627166184
i:550	79172.1627166184
i:600	79172.1627166184
i:650	79172.1627166184
best: 79172.1627166184
routes: [0, 54, 55, 56, 53, 52, 51, 50, 49, 73, 74, 75, 76, 77, 80, 79, 78, 25, 28, 27, 32, 30, 29, 31, 26, 24, 23, 21, 22, 20, 17, 19, 18, 0, 4, 5, 6, 3, 1, 2, 8, 7, 33, 36, 38, 39, 37, 34, 35, 40, 12, 10, 9, 11, 13, 15, 16, 14, 0, 60, 58, 57, 59, 61, 64, 63, 62, 48, 42, 41, 43, 46, 47, 45, 44, 68, 67, 66, 69, 65, 71, 72, 70, 0]
Elapsed time: 170.40691113471985

i:0	123039.84339773312
i:50	92561.11575050923
i:100	90064.37542846412
i:150	88517.57815955748
i:200	79905.39600462245
i:250	78627.49568411057
i:300	77088.01190271763
i:350	76560.69195278129
i:400	76560.69195278129
i:450	76405.95697825585
i:500	76405.95697825585
i:550	76405.95697825585
i:600	76405.95697825585
i:650	76405.95697825585
best: 76405.95697825585
routes: [0, 9, 10, 13, 16, 14, 11, 12, 15, 40, 39, 38, 36, 37, 34, 35, 33, 72, 71, 65, 66, 69, 67, 70, 68, 0, 41, 42, 43, 46, 44, 45, 47, 48, 62, 60, 61, 59, 58, 57, 63, 64, 50, 49, 51, 52, 53, 56, 54, 55, 80, 79, 78, 76, 77, 75, 73, 74, 0, 25, 28, 27, 31, 30, 29, 32, 26, 20, 17, 19, 21, 23, 24, 22, 18, 5, 7, 8, 2, 1, 3, 6, 4, 0]
Elapsed time: 176.63650798797607

i:0	113792.81821942839
i:50	90527.25057405999
i:100	86718.17599121566
i:150	79128.68511599489
i:200	77443.54722172294
i:250	77032.36675715269
i:300	76538.94274895472
i:350	76099.81411228745
i:400	75929.634519015
i:450	75929.634519015
i:500	75929.634519015
i:550	75929.634519015
i:600	75929.634519015
i:650	75929.634519015
best: 75929.634519015
routes: [0, 41, 42, 43, 46, 44, 45, 47, 48, 63, 62, 60, 57, 59, 58, 61, 64, 50, 49, 51, 52, 53, 55, 56, 54, 0, 73, 74, 75, 76, 77, 80, 79, 78, 25, 27, 28, 32, 30, 29, 31, 26, 24, 23, 21, 22, 20, 17, 19, 18, 14, 16, 13, 15, 12, 11, 9, 10, 0, 4, 5, 6, 3, 1, 2, 8, 7, 70, 68, 67, 66, 69, 65, 71, 72, 33, 36, 38, 39, 37, 34, 35, 40, 0]
Elapsed time: 166.9318687915802

i:0	119077.69655031935
i:50	87005.96396433658
i:100	81061.98245943154
i:150	80779.74713113371
i:200	80194.91851730269
i:250	80065.53524417419
i:300	79858.94796201156
i:350	79858.94796201156
i:400	79858.94796201156
i:450	79858.94796201156
i:500	79858.94796201156
i:550	79858.94796201156
i:600	79858.94796201156
i:650	79858.94796201156
best: 79858.94796201156
routes: [0, 77, 75, 79, 78, 80, 76, 73, 74, 49, 51, 50, 53, 52, 55, 56, 54, 25, 32, 30, 29, 31, 28, 27, 26, 0, 17, 19, 20, 18, 22, 24, 23, 21, 14, 16, 13, 15, 12, 11, 10, 9, 35, 40, 39, 37, 38, 36, 34, 33, 72, 71, 65, 66, 69, 67, 70, 68, 0, 4, 1, 3, 5, 6, 7, 8, 2, 60, 57, 59, 58, 61, 64, 63, 62, 48, 42, 41, 43, 46, 47, 45, 44, 0]
Elapsed time: 155.34747982025146

i:0	107284.88153234268
i:50	88858.98236213945
i:100	88437.71704529665
i:150	84752.95145987038
i:200	78956.76880409278
i:250	78741.2548072754
i:300	78044.71232457967
i:350	78044.71232457967
i:400	78044.71232457967
i:450	78044.71232457967
i:500	78044.71232457967
i:550	78044.71232457967
i:600	78044.71232457967
i:650	78044.71232457967
best: 78044.71232457967
routes: [0, 17, 19, 21, 23, 24, 22, 20, 18, 14, 16, 13, 12, 10, 9, 11, 15, 40, 39, 38, 36, 37, 35, 34, 33, 72, 71, 65, 66, 69, 67, 70, 68, 0, 4, 5, 6, 7, 8, 3, 1, 2, 63, 64, 61, 59, 58, 57, 62, 60, 48, 46, 47, 45, 44, 43, 41, 42, 0, 49, 50, 52, 51, 53, 56, 54, 55, 74, 73, 75, 76, 77, 80, 79, 78, 25, 28, 27, 32, 30, 29, 31, 26, 0]
Elapsed time: 168.74139618873596

i:0	111599.63773322506
i:50	82551.64382728121
i:100	82002.33645227559
i:150	80758.390570177
i:200	80218.20569428196
i:250	80181.74209312595
i:300	80044.20890139168
i:350	79335.74977962926
i:400	79335.74977962926
i:450	79335.74977962926
i:500	79335.74977962926
i:550	79335.74977962926
i:600	79335.74977962926
i:650	79335.74977962926
best: 79335.74977962926
routes: [0, 73, 74, 75, 77, 80, 79, 78, 76, 50, 49, 51, 52, 53, 55, 56, 54, 25, 27, 26, 30, 29, 31, 32, 28, 0, 60, 58, 57, 59, 61, 64, 63, 62, 48, 42, 41, 43, 46, 47, 45, 44, 7, 8, 2, 1, 3, 6, 5, 4, 0, 70, 68, 67, 66, 69, 65, 71, 72, 33, 36, 38, 39, 37, 34, 35, 40, 15, 12, 10, 9, 11, 13, 16, 14, 21, 23, 24, 22, 20, 17, 19, 18, 0]
Elapsed time: 151.77709937095642

mean: 78233.44965993297
std: 1813.2414640538846
mean-time: 161.5168828487396
std-time: 9.283635532598328