i:0	130573.20582723132
i:50	92955.66918289672
i:100	89839.86575040652
i:150	88780.9992375861
i:200	88694.88519587158
i:250	87937.39945225624
i:300	87532.01737555643
i:350	87532.01737555643
i:400	87532.01737555643
i:450	87532.01737555643
i:500	87532.01737555643
i:550	87532.01737555643
i:600	87532.01737555643
i:650	87532.01737555643
best: 87532.01737555643
routes: [0, 60, 58, 57, 59, 61, 64, 63, 62, 48, 46, 47, 45, 44, 43, 41, 42, 0, 4, 3, 1, 2, 7, 8, 6, 5, 9, 11, 14, 13, 15, 16, 12, 10, 0, 73, 74, 75, 76, 77, 80, 79, 78, 54, 55, 56, 53, 50, 49, 51, 52, 0, 25, 28, 27, 26, 32, 31, 30, 29, 24, 23, 21, 22, 20, 17, 19, 18, 0, 35, 34, 37, 40, 39, 38, 36, 33, 71, 72, 69, 67, 65, 66, 70, 68, 0]
Elapsed time: 124.17018437385559

i:0	130233.17767138113
i:50	91224.15950828364
i:100	90031.53847057722
i:150	90011.33448164418
i:200	89732.96863857575
i:250	89732.96863857575
i:300	89732.96863857575
i:350	89732.96863857575
i:400	89732.96863857575
i:450	89732.96863857575
i:500	89732.96863857575
i:550	89732.96863857575
i:600	89732.96863857575
i:650	89732.96863857575
best: 89732.96863857575
routes: [0, 41, 42, 43, 46, 44, 45, 47, 48, 63, 62, 60, 58, 57, 59, 61, 64, 0, 9, 11, 14, 16, 13, 10, 12, 15, 40, 39, 37, 38, 36, 33, 35, 34, 0, 4, 5, 6, 3, 1, 2, 8, 7, 68, 67, 69, 72, 71, 65, 66, 70, 0, 73, 74, 75, 77, 80, 79, 78, 76, 49, 51, 52, 54, 55, 56, 53, 50, 0, 25, 28, 27, 32, 31, 30, 29, 26, 24, 23, 22, 21, 20, 17, 19, 18, 0]
Elapsed time: 112.23122882843018

i:0	127609.45251710214
i:50	96393.56585504854
i:100	93540.62201782057
i:150	88734.76808491706
i:200	88364.45009945458
i:250	87687.32992201448
i:300	87522.65456791843
i:350	87522.65456791843
i:400	87522.65456791843
i:450	87522.65456791843
i:500	87522.65456791843
i:550	87522.65456791843
i:600	87522.65456791843
i:650	87522.65456791843
best: 87522.65456791843
routes: [0, 25, 28, 27, 26, 32, 31, 30, 29, 24, 23, 21, 22, 20, 17, 19, 18, 0, 75, 77, 80, 79, 78, 76, 73, 74, 49, 54, 55, 56, 53, 52, 51, 50, 0, 35, 40, 39, 38, 36, 37, 34, 33, 71, 72, 69, 67, 65, 66, 70, 68, 0, 4, 5, 6, 3, 1, 2, 8, 7, 9, 11, 10, 12, 13, 15, 16, 14, 0, 41, 42, 43, 46, 44, 45, 47, 48, 63, 62, 60, 58, 57, 59, 61, 64, 0]
Elapsed time: 131.9833254814148

i:0	119699.4597322919
i:50	96357.73354239538
i:100	89878.01069709311
i:150	89261.46069407377
i:200	89015.02985687401
i:250	88854.3274509145
i:300	88842.37001137646
i:350	88842.37001137646
i:400	88842.37001137646
i:450	88842.37001137646
i:500	88842.37001137646
i:550	88842.37001137646
i:600	88842.37001137646
i:650	88842.37001137646
best: 88842.37001137646
routes: [0, 4, 3, 1, 2, 7, 8, 6, 5, 9, 11, 10, 12, 13, 15, 16, 14, 0, 25, 28, 27, 26, 32, 31, 30, 29, 24, 23, 21, 22, 20, 17, 19, 18, 0, 41, 42, 43, 46, 44, 45, 47, 48, 64, 61, 59, 58, 57, 63, 60, 62, 0, 35, 34, 37, 40, 39, 38, 36, 33, 71, 72, 69, 67, 65, 66, 70, 68, 0, 74, 73, 75, 79, 78, 76, 77, 80, 49, 53, 55, 54, 56, 52, 51, 50, 0]
Elapsed time: 125.91560912132263

i:0	125940.21935494561
i:50	93449.50711516796
i:100	87690.37284056723
i:150	86999.17495738147
i:200	86999.17495738147
i:250	86999.17495738147
i:300	86999.17495738147
i:350	86999.17495738147
i:400	86999.17495738147
i:450	86999.17495738147
i:500	86999.17495738147
i:550	86999.17495738147
i:600	86999.17495738147
i:650	86999.17495738147
best: 86999.17495738147
routes: [0, 4, 5, 6, 3, 1, 2, 8, 7, 9, 11, 10, 12, 13, 15, 16, 14, 0, 73, 74, 75, 77, 80, 79, 78, 76, 50, 49, 51, 52, 53, 55, 56, 54, 0, 25, 28, 27, 26, 32, 31, 30, 29, 24, 23, 21, 22, 20, 17, 19, 18, 0, 41, 42, 43, 46, 44, 45, 47, 48, 64, 61, 59, 58, 57, 63, 60, 62, 0, 35, 40, 39, 38, 36, 37, 34, 33, 71, 72, 69, 67, 65, 66, 70, 68, 0]
Elapsed time: 121.16242694854736

i:0	122301.25203798001
i:50	91768.61416745908
i:100	89046.64291193223
i:150	88559.36196698886
i:200	88559.36196698886
i:250	88559.36196698886
i:300	88559.36196698886
i:350	88559.36196698886
i:400	88559.36196698886
i:450	88559.36196698886
i:500	88394.6959551559
i:550	88394.6959551559
i:600	88394.6959551559
i:650	88394.6959551559
best: 88394.6959551559
routes: [0, 25, 28, 27, 32, 31, 30, 29, 26, 24, 23, 21, 22, 20, 17, 19, 18, 0, 70, 68, 67, 69, 65, 66, 71, 72, 33, 35, 40, 39, 38, 36, 37, 34, 0, 4, 3, 1, 2, 7, 8, 6, 5, 9, 11, 10, 12, 13, 15, 16, 14, 0, 73, 74, 75, 77, 80, 79, 78, 76, 49, 51, 52, 54, 55, 56, 53, 50, 0, 41, 42, 43, 46, 44, 45, 47, 48, 64, 61, 59, 58, 57, 63, 60, 62, 0]
Elapsed time: 112.81275081634521

i:0	122183.1730193414
i:50	92873.91983499669
i:100	91014.67438808839
i:150	89489.23464674762
i:200	89381.8703552825
i:250	88498.25801732301
i:300	88498.25801732301
i:350	88498.25801732301
i:400	88498.25801732301
i:450	88498.25801732301
i:500	88498.25801732301
i:550	88498.25801732301
i:600	88498.25801732301
i:650	88498.25801732301
best: 88498.25801732301
routes: [0, 73, 74, 75, 77, 80, 79, 78, 76, 50, 49, 51, 52, 53, 55, 56, 54, 0, 4, 5, 6, 3, 1, 2, 8, 7, 70, 68, 67, 69, 72, 71, 65, 66, 0, 25, 28, 27, 26, 32, 31, 30, 29, 24, 23, 21, 22, 20, 17, 19, 18, 0, 9, 11, 14, 16, 13, 10, 12, 15, 40, 39, 37, 38, 36, 33, 35, 34, 0, 41, 42, 43, 46, 44, 45, 47, 48, 64, 61, 59, 58, 57, 63, 60, 62, 0]
Elapsed time: 124.38801836967468

i:0	130653.6164052768
i:50	94485.65473352937
i:100	89318.43086871644
i:150	88744.86470242101
i:200	88561.4488834695
i:250	88418.79955693372
i:300	88119.20504627025
i:350	88119.20504627025
i:400	88119.20504627025
i:450	88119.20504627025
i:500	88119.20504627025
i:550	88119.20504627025
i:600	88119.20504627025
i:650	88119.20504627025
best: 88119.20504627025
routes: [0, 4, 3, 1, 2, 7, 8, 6, 5, 9, 11, 10, 12, 13, 15, 16, 14, 0, 73, 74, 75, 76, 77, 80, 79, 78, 54, 55, 56, 53, 50, 49, 51, 52, 0, 35, 40, 39, 38, 36, 37, 34, 33, 71, 72, 69, 67, 65, 66, 70, 68, 0, 63, 60, 57, 59, 58, 61, 64, 62, 48, 46, 47, 45, 44, 43, 41, 42, 0, 25, 32, 30, 29, 31, 28, 27, 26, 24, 23, 21, 22, 20, 19, 17, 18, 0]
Elapsed time: 118.5497076511383

i:0	121997.16210451936
i:50	90083.06392125087
i:100	88726.7897658555
i:150	87957.65824926543
i:200	87687.43176098843
i:250	87687.43176098843
i:300	87687.43176098843
i:350	87522.7564068924
i:400	87448.29903936
i:450	87448.29903936
i:500	87448.29903936
i:550	87448.29903936
i:600	87448.29903936
i:650	87448.29903936
best: 87448.29903936
routes: [0, 4, 3, 1, 2, 7, 8, 6, 5, 9, 11, 10, 12, 13, 15, 16, 14, 0, 35, 40, 39, 38, 36, 37, 34, 33, 71, 72, 69, 67, 65, 66, 70, 68, 0, 73, 74, 75, 76, 77, 80, 79, 78, 54, 55, 56, 53, 50, 49, 51, 52, 0, 41, 42, 43, 46, 44, 45, 47, 48, 63, 62, 60, 58, 57, 59, 61, 64, 0, 25, 28, 31, 30, 29, 32, 27, 26, 24, 23, 21, 22, 20, 17, 19, 18, 0]
Elapsed time: 119.01210451126099

i:0	124307.28760525066
i:50	91179.51223047668
i:100	90161.03107819158
i:150	89435.63852278214
i:200	89079.61361605179
i:250	89079.61361605179
i:300	89079.61361605179
i:350	88725.0328598796
i:400	88073.15207268269
i:450	88073.15207268269
i:500	88073.15207268269
i:550	88073.15207268269
i:600	88073.15207268269
i:650	88073.15207268269
best: 88073.15207268269
routes: [0, 75, 77, 80, 79, 78, 76, 73, 74, 50, 49, 51, 52, 53, 55, 56, 54, 0, 41, 42, 43, 46, 44, 45, 47, 48, 63, 64, 61, 59, 58, 57, 62, 60, 0, 35, 40, 39, 38, 36, 37, 34, 33, 71, 72, 69, 67, 65, 66, 70, 68, 0, 4, 3, 1, 2, 7, 8, 6, 5, 9, 11, 10, 12, 13, 15, 16, 14, 0, 25, 28, 27, 30, 29, 31, 32, 26, 24, 23, 21, 22, 20, 19, 17, 18, 0]
Elapsed time: 126.62293410301208

i:0	148291.9468224839
i:50	93909.49175575902
i:100	90450.12078516994
i:150	88859.30702864111
i:200	88008.76370054264
i:250	88008.76370054264
i:300	88008.76370054264
i:350	88004.79075240612
i:400	87844.0883464466
i:450	87844.0883464466
i:500	87844.0883464466
i:550	87844.0883464466
i:600	87844.0883464466
i:650	87844.0883464466
best: 87844.0883464466
routes: [0, 75, 77, 80, 79, 78, 76, 73, 74, 49, 54, 55, 56, 53, 52, 51, 50, 0, 4, 3, 1, 2, 7, 8, 6, 5, 9, 11, 10, 12, 13, 15, 16, 14, 0, 25, 28, 27, 26, 32, 31, 30, 29, 24, 23, 21, 22, 20, 17, 19, 18, 0, 35, 40, 39, 38, 36, 37, 34, 33, 71, 72, 69, 67, 65, 66, 70, 68, 0, 64, 61, 59, 58, 57, 63, 60, 62, 48, 46, 47, 45, 44, 43, 41, 42, 0]
Elapsed time: 126.05447268486023

i:0	336973.4129802373
i:50	93669.878275557
i:100	89237.51536404423
i:150	87995.6878306535
i:200	87225.30828102413
i:250	87225.30828102413
i:300	87225.30828102413
i:350	87225.30828102413
i:400	87225.30828102413
i:450	87225.30828102413
i:500	87225.30828102413
i:550	87225.30828102413
i:600	87225.30828102413
i:650	87225.30828102413
best: 87225.30828102413
routes: [0, 4, 5, 6, 3, 1, 2, 8, 7, 9, 11, 10, 12, 13, 15, 16, 14, 0, 25, 28, 27, 26, 32, 31, 30, 29, 24, 23, 21, 22, 20, 17, 19, 18, 0, 35, 40, 39, 38, 36, 37, 34, 33, 71, 72, 69, 67, 65, 66, 70, 68, 0, 73, 74, 75, 76, 77, 80, 79, 78, 54, 55, 56, 53, 50, 49, 51, 52, 0, 44, 47, 45, 46, 42, 41, 43, 48, 63, 64, 61, 59, 58, 57, 62, 60, 0]
Elapsed time: 123.95825099945068

i:0	121341.36483592552
i:50	90782.28893836914
i:100	88805.73174147563
i:150	88666.98393000136
i:200	88666.98393000136
i:250	88666.98393000136
i:300	88502.31791816841
i:350	87660.52238663225
i:400	87660.52238663225
i:450	87660.52238663225
i:500	87660.52238663225
i:550	87660.52238663225
i:600	87660.52238663225
i:650	87660.52238663225
best: 87660.52238663225
routes: [0, 4, 3, 1, 2, 7, 8, 6, 5, 9, 11, 10, 12, 13, 15, 16, 14, 0, 73, 74, 75, 76, 77, 80, 79, 78, 54, 55, 56, 53, 50, 49, 51, 52, 0, 41, 42, 43, 46, 44, 45, 47, 48, 63, 62, 60, 58, 57, 59, 61, 64, 0, 35, 40, 39, 38, 36, 37, 34, 33, 71, 72, 69, 67, 65, 66, 70, 68, 0, 17, 19, 18, 21, 24, 23, 22, 20, 30, 29, 31, 32, 25, 28, 27, 26, 0]
Elapsed time: 116.36051297187805

i:0	524710.7129614434
i:50	90829.76574283624
i:100	89518.9592737188
i:150	89518.9592737188
i:200	89518.9592737188
i:250	89518.9592737188
i:300	89498.75528478577
i:350	89322.25661305357
i:400	89322.25661305357
i:450	89322.25661305357
i:500	89322.25661305357
i:550	89322.25661305357
i:600	89322.25661305357
i:650	89322.25661305357
best: 89322.25661305357
routes: [0, 25, 28, 27, 32, 31, 30, 29, 26, 24, 23, 21, 22, 20, 17, 19, 18, 0, 35, 34, 33, 36, 38, 39, 37, 40, 12, 10, 9, 11, 13, 15, 16, 14, 0, 4, 1, 2, 3, 5, 6, 7, 8, 70, 68, 67, 69, 72, 71, 65, 66, 0, 75, 77, 80, 79, 78, 76, 73, 74, 49, 54, 55, 56, 53, 52, 51, 50, 0, 64, 61, 59, 58, 57, 63, 60, 62, 48, 46, 47, 45, 44, 43, 41, 42, 0]
Elapsed time: 114.20675683021545

i:0	149860.5040495255
i:50	91468.58741258984
i:100	89190.14031593225
i:150	89190.14031593225
i:200	89190.14031593225
i:250	89190.14031593225
i:300	88348.3447843961
i:350	88348.3447843961
i:400	88348.3447843961
i:450	88348.3447843961
i:500	88348.3447843961
i:550	88348.3447843961
i:600	88348.3447843961
i:650	88348.3447843961
best: 88348.3447843961
routes: [0, 4, 5, 6, 3, 1, 2, 8, 7, 9, 11, 10, 12, 13, 15, 16, 14, 0, 75, 80, 79, 78, 77, 76, 73, 74, 50, 49, 51, 52, 53, 55, 56, 54, 0, 63, 60, 57, 59, 58, 61, 64, 62, 48, 46, 47, 45, 44, 43, 41, 42, 0, 25, 28, 27, 26, 32, 31, 30, 29, 24, 23, 21, 22, 20, 17, 19, 18, 0, 35, 40, 39, 38, 36, 37, 34, 33, 71, 72, 69, 67, 65, 66, 70, 68, 0]
Elapsed time: 118.56969237327576

i:0	115596.87870423155
i:50	95781.7287426258
i:100	92033.51208505231
i:150	89681.89398406429
i:200	89293.50732896167
i:250	89293.50732896167
i:300	89016.80879953419
i:350	88877.55152373837
i:400	88877.55152373837
i:450	88877.55152373837
i:500	88877.55152373837
i:550	88877.55152373837
i:600	88877.55152373837
i:650	88877.55152373837
best: 88877.55152373837
routes: [0, 4, 1, 2, 3, 5, 6, 7, 8, 68, 67, 69, 72, 71, 65, 66, 70, 0, 11, 14, 13, 15, 16, 12, 10, 9, 35, 34, 33, 36, 38, 39, 37, 40, 0, 73, 74, 75, 76, 77, 80, 79, 78, 54, 55, 56, 53, 50, 49, 51, 52, 0, 41, 42, 43, 46, 44, 45, 47, 48, 64, 61, 59, 58, 57, 63, 60, 62, 0, 25, 27, 28, 26, 32, 31, 30, 29, 24, 23, 22, 21, 18, 17, 19, 20, 0]
Elapsed time: 128.0560793876648

i:0	121964.167957518
i:50	90396.97058195205
i:100	89487.37801791567
i:150	88702.94151642994
i:200	88702.94151642994
i:250	88449.72519576902
i:300	88449.72519576902
i:350	88449.72519576902
i:400	88449.72519576902
i:450	88449.72519576902
i:500	88449.72519576902
i:550	88449.72519576902
i:600	88449.72519576902
i:650	88449.72519576902
best: 88449.72519576902
routes: [0, 17, 19, 18, 21, 22, 20, 23, 24, 30, 29, 31, 32, 25, 28, 27, 26, 0, 75, 77, 80, 79, 78, 76, 73, 74, 49, 54, 55, 56, 53, 52, 51, 50, 0, 4, 5, 6, 3, 1, 2, 8, 7, 9, 11, 10, 12, 13, 15, 16, 14, 0, 64, 61, 59, 58, 57, 63, 60, 62, 48, 46, 47, 45, 44, 43, 41, 42, 0, 35, 34, 37, 40, 39, 38, 36, 33, 71, 72, 69, 67, 65, 66, 70, 68, 0]
Elapsed time: 115.88030099868774

i:0	141478.3689578527
i:50	90704.69110544414
i:100	89094.49803755693
i:150	88594.24791194954
i:200	88449.7935373633
i:250	87304.23324105795
i:300	87304.23324105795
i:350	87304.23324105795
i:400	87304.23324105795
i:450	87304.23324105795
i:500	87304.23324105795
i:550	87304.23324105795
i:600	87304.23324105795
i:650	87304.23324105795
best: 87304.23324105795
routes: [0, 41, 42, 43, 46, 44, 45, 47, 48, 63, 64, 61, 59, 58, 57, 62, 60, 0, 4, 3, 1, 2, 7, 8, 6, 5, 9, 11, 10, 12, 13, 15, 16, 14, 0, 73, 74, 75, 76, 77, 80, 79, 78, 54, 55, 56, 53, 50, 49, 51, 52, 0, 35, 40, 39, 38, 36, 37, 34, 33, 71, 72, 69, 67, 65, 66, 70, 68, 0, 25, 32, 30, 29, 31, 28, 27, 26, 24, 23, 21, 22, 20, 19, 17, 18, 0]
Elapsed time: 119.01021838188171

i:0	133716.34548127773
i:50	93431.16058828577
i:100	89594.64232613737
i:150	89106.11171123132
i:200	88345.9586312416
i:250	88345.9586312416
i:300	88345.9586312416
i:350	88345.9586312416
i:400	88345.9586312416
i:450	88345.9586312416
i:500	88345.9586312416
i:550	88345.9586312416
i:600	88345.9586312416
i:650	88345.9586312416
best: 88345.9586312416
routes: [0, 35, 40, 39, 38, 36, 37, 34, 33, 71, 72, 69, 67, 65, 66, 70, 68, 0, 73, 74, 75, 77, 80, 79, 78, 76, 50, 49, 51, 52, 53, 55, 56, 54, 0, 4, 3, 1, 2, 7, 8, 6, 5, 9, 11, 10, 12, 13, 15, 16, 14, 0, 17, 19, 18, 21, 24, 23, 22, 20, 26, 30, 29, 31, 32, 27, 28, 25, 0, 64, 61, 59, 58, 57, 63, 60, 62, 48, 43, 41, 42, 46, 47, 45, 44, 0]
Elapsed time: 118.44766688346863

i:0	128560.70014180672
i:50	90847.1498190663
i:100	88502.64253051739
i:150	87517.9255845486
i:200	87517.9255845486
i:250	87517.9255845486
i:300	87312.64462632073
i:350	86957.52871368457
i:400	86957.52871368457
i:450	86957.52871368457
i:500	86957.52871368457
i:550	86957.52871368457
i:600	86957.52871368457
i:650	86957.52871368457
best: 86957.52871368457
routes: [0, 4, 3, 1, 2, 7, 8, 6, 5, 9, 11, 10, 12, 13, 15, 16, 14, 0, 41, 42, 43, 46, 44, 45, 47, 48, 63, 64, 61, 59, 58, 57, 62, 60, 0, 73, 74, 75, 77, 80, 79, 78, 76, 50, 49, 51, 52, 53, 55, 56, 54, 0, 25, 28, 27, 26, 32, 31, 30, 29, 24, 23, 21, 22, 20, 17, 19, 18, 0, 35, 40, 39, 38, 36, 37, 34, 33, 71, 72, 69, 67, 65, 66, 70, 68, 0]
Elapsed time: 118.57694125175476

mean: 88074.91566993223
std: 743.279909576269
mean-time: 120.79845914840698
std-time: 5.250036177908382