i:0	157805.3822550486
i:5	136534.75207524953
i:10	126447.39433157683
i:15	124427.85659939956
i:20	121096.294674394
i:25	119907.42862146445
i:30	117592.91160292971
i:35	115640.21951911587
i:40	114098.30254338359
i:45	113753.62408743861
i:50	112062.9250401781
i:55	111045.57372410267
i:60	110148.92763112177
i:65	109423.02144493854
i:70	106970.50106646083
i:75	105189.83331528623
i:80	102998.14791179045
i:85	102190.34045918043
i:90	101506.8083485304
i:95	101084.99867545601
i:100	101084.99867545601
i:105	100857.4578095223
i:110	100857.4578095223
i:115	99626.64998166906
i:120	99473.14896707199
i:125	98896.7906938665
i:130	98724.13883908573
i:135	98635.18186189595
i:140	98635.18186189595
i:145	98635.18186189595
i:150	98635.18186189595
i:155	98635.18186189595
i:160	98635.18186189595
i:165	98635.18186189595
i:170	98635.18186189595
i:175	98635.18186189595
i:180	98635.18186189595
i:185	98635.18186189595
i:190	98635.18186189595
routes: [0, 90, 86, 89, 88, 87, 81, 82, 85, 83, 84, 41, 44, 47, 49, 50, 46, 45, 42, 43, 48, 0, 1, 3, 4, 5, 6, 2, 8, 7, 9, 10, 11, 13, 16, 20, 15, 12, 14, 17, 19, 18, 0, 51, 53, 52, 54, 55, 56, 57, 59, 60, 58, 78, 75, 73, 72, 71, 74, 76, 77, 79, 80, 0, 31, 34, 38, 39, 40, 35, 36, 37, 33, 32, 21, 24, 27, 29, 30, 28, 26, 25, 23, 22, 0, 91, 92, 94, 96, 97, 99, 100, 93, 95, 98, 69, 70, 66, 67, 68, 65, 64, 63, 61, 62, 0]
best: 98635.18186189595
Elapsed time: 10.47907042503357

