i:0	67256.96796237766
i:50	53721.69479823296
i:100	50443.040848271616
i:150	50115.28962813351
i:200	49865.49819100613
i:250	49765.521843471986
i:300	49572.789632422995
i:350	48457.237489180436
i:400	48457.13887923557
i:450	47868.130366904225
i:500	47507.73936171261
i:550	47507.73936171261
i:600	47507.73936171261
i:650	47507.73936171261
best: 47507.73936171261
routes: [0, 11, 14, 13, 15, 17, 19, 20, 18, 16, 12, 23, 24, 26, 29, 30, 28, 27, 25, 22, 21, 49, 50, 44, 46, 45, 43, 42, 41, 47, 48, 0, 4, 3, 6, 5, 10, 9, 7, 8, 2, 1, 31, 32, 33, 34, 35, 38, 37, 36, 39, 40, 0]
Elapsed time: 191.59354043006897

i:0	67792.19721807078
i:50	52635.572202278774
i:100	50793.214132772904
i:150	50096.48380955211
i:200	49009.89522769856
i:250	48482.01804234506
i:300	48111.768492079245
i:350	47964.95089658754
i:400	47155.73315127066
i:450	46977.65217237536
i:500	46977.65217237536
i:550	46977.65217237536
i:600	46977.65217237536
i:650	46977.65217237536
best: 46977.65217237536
routes: [0, 4, 3, 1, 2, 8, 6, 5, 10, 7, 9, 50, 44, 46, 49, 45, 43, 42, 41, 47, 48, 21, 22, 23, 25, 24, 26, 29, 30, 27, 28, 0, 12, 13, 15, 17, 19, 20, 18, 16, 14, 11, 31, 32, 33, 34, 35, 38, 37, 36, 39, 40, 0]
Elapsed time: 195.1413414478302

i:0	66936.70517171222
i:50	50872.55067114273
i:100	50354.44030034001
i:150	50237.24155536975
i:200	49380.89537858965
i:250	49373.49475804224
i:300	49371.70703070187
i:350	48716.25437396234
i:400	48576.14074163456
i:450	48254.232699145774
i:500	47942.92064179502
i:550	47942.92064179502
i:600	47942.92064179502
i:650	47942.92064179502
best: 47942.92064179502
routes: [0, 4, 1, 2, 3, 6, 5, 10, 7, 8, 9, 44, 43, 42, 41, 47, 48, 45, 46, 49, 50, 21, 22, 23, 25, 24, 26, 29, 30, 27, 28, 0, 12, 13, 15, 17, 19, 20, 18, 16, 14, 11, 31, 32, 33, 34, 35, 38, 37, 36, 39, 40, 0]
Elapsed time: 191.0861508846283

i:0	61744.33298525497
i:50	49516.486403968214
i:100	48880.62317735785
i:150	48686.79497861691
i:200	48686.79497861691
i:250	48491.76931484729
i:300	48466.637509399094
i:350	47250.42745899234
i:400	46963.49825860133
i:450	46429.849390545685
i:500	46429.849390545685
i:550	46429.849390545685
i:600	46429.849390545685
i:650	46429.849390545685
best: 46429.849390545685
routes: [0, 4, 1, 2, 3, 6, 5, 10, 7, 8, 9, 50, 44, 46, 49, 45, 43, 42, 41, 47, 48, 21, 22, 23, 25, 24, 26, 29, 30, 27, 28, 0, 12, 15, 17, 19, 20, 18, 16, 14, 13, 11, 39, 40, 36, 37, 38, 35, 34, 33, 31, 32, 0]
Elapsed time: 189.20532751083374

i:0	64923.81117329574
i:50	51528.185648019076
i:100	49642.231234387655
i:150	49519.910761721476
i:200	48408.079528343296
i:250	47706.740406581215
i:300	47653.756577022636
i:350	47077.89060423264
i:400	46569.48763556493
i:450	46386.267843579466
i:500	46170.16740308891
i:550	45948.01028239651
i:600	45948.01028239651
i:650	45948.01028239651
best: 45948.01028239651
routes: [0, 23, 22, 25, 27, 29, 30, 28, 26, 24, 21, 48, 47, 41, 42, 43, 45, 46, 49, 50, 44, 8, 7, 9, 10, 5, 6, 2, 1, 3, 4, 0, 11, 13, 12, 15, 17, 19, 20, 18, 16, 14, 39, 40, 36, 37, 38, 35, 34, 33, 31, 32, 0]
Elapsed time: 202.76723957061768

i:0	61723.79347547035
i:50	51536.07424791461
i:100	50546.95931936531
i:150	50546.95931936531
i:200	50280.96412567477
i:250	49287.734779425184
i:300	48361.63795668441
i:350	47703.49869998064
i:400	47344.107213077514
i:450	47049.36868858889
i:500	47038.58344380128
i:550	47038.58344380128
i:600	47038.58344380128
i:650	47038.58344380128
best: 47038.58344380128
routes: [0, 11, 12, 13, 15, 17, 19, 20, 18, 16, 14, 31, 32, 33, 34, 35, 38, 37, 36, 39, 40, 0, 23, 24, 26, 29, 30, 28, 27, 25, 22, 21, 48, 47, 41, 42, 43, 45, 46, 49, 50, 44, 9, 10, 5, 6, 7, 8, 2, 1, 3, 4, 0]
Elapsed time: 197.84177422523499

i:0	66711.05339353424
i:50	52650.83677036718
i:100	51828.62040293624
i:150	50667.74609988884
i:200	49439.275749759065
i:250	49375.4577546919
i:300	49236.18763635655
i:350	48730.2123066763
i:400	47534.06845402322
i:450	47046.76008499034
i:500	46835.00403663637
i:550	46835.00403663637
i:600	46835.00403663637
i:650	46835.00403663637
best: 46835.00403663637
routes: [0, 12, 13, 15, 17, 19, 20, 18, 16, 14, 11, 39, 40, 36, 37, 38, 35, 34, 33, 31, 32, 0, 23, 25, 27, 29, 30, 28, 26, 24, 22, 21, 49, 45, 43, 42, 41, 47, 48, 46, 50, 44, 9, 10, 5, 6, 7, 8, 2, 1, 3, 4, 0]
Elapsed time: 195.77622413635254

i:0	62690.9709097157
i:50	51308.75163567829
i:100	50654.60444606557
i:150	50480.026267142675
i:200	50480.026267142675
i:250	49870.67746875
i:300	49831.758897191874
i:350	48974.49728199863
i:400	48804.83647015239
i:450	48799.834477053715
i:500	48444.58470426278
i:550	48444.58470426278
i:600	48444.58470426278
i:650	48444.58470426278
best: 48444.58470426278
routes: [0, 4, 1, 2, 3, 6, 5, 10, 7, 8, 9, 50, 44, 46, 49, 45, 43, 42, 41, 47, 48, 21, 22, 23, 25, 24, 26, 29, 30, 27, 28, 0, 12, 15, 17, 19, 20, 18, 16, 14, 13, 11, 31, 33, 35, 38, 37, 39, 40, 36, 34, 32, 0]
Elapsed time: 181.94443249702454

i:0	69160.01972038913
i:50	52700.01888645443
i:100	50630.51652526125
i:150	50630.51652526125
i:200	49697.78909577869
i:250	49475.794388354916
i:300	48799.880633045614
i:350	48694.22664695878
i:400	48563.184957861435
i:450	47418.00186363714
i:500	46964.86084910833
i:550	46964.86084910833
i:600	46964.86084910833
i:650	46964.86084910833
best: 46964.86084910833
routes: [0, 23, 22, 25, 27, 29, 30, 28, 26, 24, 21, 48, 47, 41, 42, 43, 45, 46, 49, 50, 44, 9, 10, 7, 8, 2, 1, 3, 6, 5, 4, 0, 12, 13, 15, 17, 19, 20, 18, 16, 14, 11, 31, 32, 33, 34, 35, 38, 37, 36, 39, 40, 0]
Elapsed time: 194.50630831718445

i:0	69026.90817413159
i:50	51596.98300110888
i:100	50637.39818118568
i:150	50421.9135994635
i:200	48983.539977958106
i:250	48009.29340419234
i:300	47559.74806821646
i:350	47455.66408536886
i:400	46911.43165726299
i:450	46474.02022794078
i:500	46474.02022794078
i:550	46474.02022794078
i:600	46474.02022794078
i:650	46474.02022794078
best: 46474.02022794078
routes: [0, 12, 13, 15, 17, 19, 20, 18, 16, 14, 11, 39, 40, 36, 37, 38, 35, 34, 33, 31, 32, 0, 23, 25, 27, 29, 30, 28, 26, 24, 22, 21, 48, 47, 41, 42, 43, 45, 46, 49, 50, 44, 9, 10, 7, 8, 2, 1, 3, 6, 5, 4, 0]
Elapsed time: 189.57274746894836

mean: 47056.32251105747
std: 702.9122741021165
mean-time: 192.94350864887238
std-time: 5.360817858602269