i:0	90136.54923173055
i:50	67898.29572599959
i:100	67814.40775613378
i:150	67814.40775613378
i:200	67814.40775613378
i:250	67814.40775613378
i:300	67814.40775613378
i:350	67814.40775613378
i:400	67814.40775613378
i:450	67814.40775613378
i:500	67814.40775613378
i:550	67814.40775613378
i:600	67814.40775613378
i:650	67814.40775613378
best: 67814.40775613378
routes: [0, 1, 2, 4, 3, 5, 44, 43, 42, 45, 41, 24, 25, 23, 21, 22, 9, 10, 8, 7, 6, 0, 26, 28, 27, 29, 30, 39, 36, 38, 37, 40, 33, 34, 31, 32, 35, 50, 49, 48, 47, 46, 0, 14, 13, 12, 15, 11, 18, 17, 20, 19, 16, 0]
Elapsed time: 41.86604857444763

i:0	302626.4911695335
i:50	65641.72698895104
i:100	65641.72698895104
i:150	65641.72698895104
i:200	65641.72698895104
i:250	65641.72698895104
i:300	65641.72698895104
i:350	65641.72698895104
i:400	65641.72698895104
i:450	65641.72698895104
i:500	65641.72698895104
i:550	65641.72698895104
i:600	65641.72698895104
i:650	65641.72698895104
best: 65641.72698895104
routes: [0, 4, 5, 3, 1, 2, 44, 43, 42, 45, 41, 21, 22, 24, 25, 23, 6, 8, 7, 9, 10, 0, 26, 28, 27, 29, 30, 39, 36, 38, 37, 40, 33, 31, 32, 34, 35, 50, 49, 48, 47, 46, 0, 14, 13, 12, 15, 11, 18, 17, 20, 19, 16, 0]
Elapsed time: 28.196166038513184

i:0	290640.2282569745
i:50	65488.19719810727
i:100	65488.19719810727
i:150	65488.19719810727
i:200	65488.19719810727
i:250	65488.19719810727
i:300	65488.19719810727
i:350	65488.19719810727
i:400	65488.19719810727
i:450	65488.19719810727
i:500	65488.19719810727
i:550	65488.19719810727
i:600	65488.19719810727
i:650	65488.19719810727
best: 65488.19719810727
routes: [0, 4, 5, 3, 1, 2, 44, 43, 45, 41, 42, 25, 23, 21, 22, 24, 9, 10, 8, 7, 6, 0, 49, 50, 48, 47, 46, 33, 31, 32, 34, 35, 40, 38, 37, 39, 36, 29, 30, 28, 27, 26, 0, 11, 12, 15, 13, 14, 20, 18, 17, 19, 16, 0]
Elapsed time: 31.692558526992798

i:0	284896.32897279295
i:50	66207.63603102491
i:100	65670.45441151086
i:150	65670.45441151086
i:200	65670.45441151086
i:250	65670.45441151086
i:300	65670.45441151086
i:350	65670.45441151086
i:400	65670.45441151086
i:450	65670.45441151086
i:500	65670.45441151086
i:550	65670.45441151086
i:600	65670.45441151086
i:650	65670.45441151086
best: 65670.45441151086
routes: [0, 49, 50, 48, 47, 46, 34, 35, 33, 32, 31, 40, 38, 37, 39, 36, 29, 30, 28, 27, 26, 0, 4, 5, 3, 1, 2, 44, 43, 41, 42, 45, 24, 25, 23, 21, 22, 9, 10, 8, 7, 6, 0, 14, 13, 12, 15, 11, 18, 17, 20, 19, 16, 0]
Elapsed time: 32.63038682937622

i:0	98203.38375734774
i:50	68120.54148188367
i:100	68120.54148188367
i:150	68120.54148188367
i:200	68120.54148188367
i:250	68120.54148188367
i:300	68120.54148188367
i:350	68120.54148188367
i:400	68120.54148188367
i:450	68120.54148188367
i:500	68120.54148188367
i:550	68120.54148188367
i:600	68120.54148188367
i:650	68120.54148188367
best: 68120.54148188367
routes: [0, 49, 50, 48, 47, 46, 33, 34, 31, 32, 35, 40, 38, 37, 39, 36, 29, 30, 28, 27, 26, 0, 1, 2, 4, 3, 5, 22, 24, 25, 23, 21, 44, 43, 45, 41, 42, 0, 16, 20, 19, 18, 17, 14, 11, 12, 15, 13, 8, 7, 9, 10, 6, 0]
Elapsed time: 31.059701442718506

i:0	287542.5221006324
i:50	65655.82478705027
i:100	65655.82478705027
i:150	65655.82478705027
i:200	65655.82478705027
i:250	65655.82478705027
i:300	65655.82478705027
i:350	65655.82478705027
i:400	65655.82478705027
i:450	65655.82478705027
i:500	65655.82478705027
i:550	65655.82478705027
i:600	65655.82478705027
i:650	65655.82478705027
best: 65655.82478705027
routes: [0, 8, 7, 9, 10, 6, 24, 25, 23, 22, 21, 41, 42, 45, 43, 44, 3, 1, 2, 4, 5, 0, 49, 50, 48, 47, 46, 34, 35, 33, 32, 31, 40, 38, 37, 39, 36, 29, 30, 28, 27, 26, 0, 16, 18, 17, 19, 20, 14, 13, 12, 15, 11, 0]
Elapsed time: 27.27137303352356

i:0	89746.87646828392
i:50	66525.40893563983
i:100	66421.3856350669
i:150	66421.3856350669
i:200	66421.3856350669
i:250	66421.3856350669
i:300	66421.3856350669
i:350	66421.3856350669
i:400	66421.3856350669
i:450	66421.3856350669
i:500	66421.3856350669
i:550	66421.3856350669
i:600	66421.3856350669
i:650	66421.3856350669
best: 66421.3856350669
routes: [0, 49, 50, 48, 47, 46, 33, 34, 31, 32, 35, 40, 38, 37, 39, 36, 29, 30, 28, 27, 26, 0, 4, 5, 3, 1, 2, 44, 43, 42, 45, 41, 24, 21, 22, 25, 23, 6, 8, 7, 9, 10, 0, 12, 15, 13, 14, 11, 18, 17, 20, 19, 16, 0]
Elapsed time: 36.63539481163025

i:0	95024.66482846873
i:50	66178.29632593288
i:100	65962.62088906355
i:150	65962.62088906355
i:200	65962.62088906355
i:250	65962.62088906355
i:300	65962.62088906355
i:350	65962.62088906355
i:400	65962.62088906355
i:450	65962.62088906355
i:500	65962.62088906355
i:550	65962.62088906355
i:600	65962.62088906355
i:650	65962.62088906355
best: 65962.62088906355
routes: [0, 49, 50, 48, 47, 46, 34, 35, 33, 32, 31, 40, 38, 37, 39, 36, 29, 30, 28, 27, 26, 0, 8, 7, 9, 10, 6, 25, 23, 22, 24, 21, 45, 43, 41, 42, 44, 3, 1, 2, 4, 5, 0, 16, 18, 17, 19, 20, 14, 15, 13, 12, 11, 0]
Elapsed time: 35.72999048233032

i:0	290934.7644912951
i:50	65165.83279287178
i:100	65165.83279287178
i:150	65165.83279287178
i:200	65165.83279287178
i:250	65165.83279287178
i:300	65165.83279287178
i:350	65165.83279287178
i:400	65165.83279287178
i:450	65165.83279287178
i:500	65165.83279287178
i:550	65165.83279287178
i:600	65165.83279287178
i:650	65165.83279287178
best: 65165.83279287178
routes: [0, 26, 28, 27, 29, 30, 39, 36, 38, 37, 40, 32, 34, 35, 33, 31, 50, 49, 48, 47, 46, 0, 1, 2, 4, 3, 5, 44, 43, 45, 41, 42, 24, 25, 23, 21, 22, 9, 10, 8, 7, 6, 0, 11, 12, 15, 13, 14, 20, 18, 17, 19, 16, 0]
Elapsed time: 26.490160703659058

i:0	81243.59218509293
i:50	65394.447333715754
i:100	65394.447333715754
i:150	64113.25064090753
i:200	64113.25064090753
i:250	64113.25064090753
i:300	64113.25064090753
i:350	64113.25064090753
i:400	64113.25064090753
i:450	64113.25064090753
i:500	64113.25064090753
i:550	64113.25064090753
i:600	64113.25064090753
i:650	64113.25064090753
best: 64113.25064090753
routes: [0, 49, 50, 48, 47, 46, 34, 35, 33, 32, 31, 40, 38, 37, 39, 36, 29, 30, 28, 27, 26, 0, 8, 7, 9, 10, 6, 25, 23, 22, 24, 21, 41, 42, 45, 43, 44, 5, 3, 1, 2, 4, 0, 13, 14, 11, 12, 15, 20, 18, 17, 19, 16, 0]
Elapsed time: 29.85910439491272

mean: 66005.42425815466
std: 1133.1574079347754
mean-time: 32.14308848381042
std-time: 4.535204333193456