i:0	65527.21238153824
i:50	54056.05859503527
i:100	53290.95360401242
i:150	52539.867532409786
i:200	52519.43442303225
i:250	51744.87023838568
i:300	50796.77658480065
i:350	50175.851182555634
i:400	49681.056350314575
i:450	49502.8996445347
i:500	49502.8996445347
i:550	49502.8996445347
i:600	49502.8996445347
i:650	49502.8996445347
best: 49502.8996445347
routes: [0, 23, 24, 26, 29, 30, 28, 27, 25, 22, 21, 48, 47, 41, 42, 43, 45, 46, 49, 50, 44, 0, 4, 6, 5, 10, 9, 7, 8, 3, 2, 1, 31, 32, 33, 34, 35, 38, 36, 37, 39, 40, 0, 11, 13, 12, 15, 17, 19, 20, 18, 16, 14, 0]
Elapsed time: 192.7963399887085

i:0	66990.99082939242
i:50	53598.00668410983
i:100	52137.28718164614
i:150	52137.28718164614
i:200	52012.543896980584
i:250	52012.543896980584
i:300	51807.314181115245
i:350	51494.97952773716
i:400	50823.08700330833
i:450	50483.17594189598
i:500	50483.17594189598
i:550	50483.17594189598
i:600	50483.17594189598
i:650	50483.17594189598
best: 50483.17594189598
routes: [0, 50, 46, 44, 43, 45, 42, 41, 47, 49, 48, 21, 24, 26, 29, 30, 27, 25, 22, 23, 28, 0, 4, 3, 6, 5, 10, 9, 7, 8, 2, 1, 31, 32, 33, 34, 35, 38, 36, 37, 39, 40, 0, 11, 13, 12, 15, 17, 19, 20, 18, 16, 14, 0]
Elapsed time: 182.7433488368988

i:0	63892.08926476976
i:50	54036.3619440111
i:100	54036.3619440111
i:150	53851.71905382105
i:200	53283.68202139257
i:250	52218.3071860843
i:300	51660.80787458286
i:350	51149.968484815174
i:400	51010.447919762235
i:450	49983.47526095194
i:500	48965.164317713745
i:550	48965.164317713745
i:600	48965.164317713745
i:650	48965.164317713745
best: 48965.164317713745
routes: [0, 23, 22, 25, 27, 29, 30, 28, 26, 24, 21, 48, 47, 41, 42, 43, 45, 46, 49, 50, 44, 0, 11, 13, 12, 15, 17, 19, 20, 18, 16, 14, 39, 40, 36, 37, 38, 35, 34, 33, 31, 32, 0, 1, 2, 8, 7, 9, 10, 5, 6, 3, 4, 0]
Elapsed time: 205.25780653953552

i:0	69057.99728902466
i:50	55568.825633950764
i:100	53189.337257635234
i:150	53122.96199687864
i:200	53113.40956421588
i:250	52967.08365583292
i:300	51957.7189335396
i:350	51284.85191794366
i:400	50881.22994595209
i:450	50306.1933441939
i:500	49813.96692798855
i:550	49813.96692798855
i:600	49813.96692798855
i:650	49813.96692798855
best: 49813.96692798855
routes: [0, 50, 46, 49, 44, 43, 45, 42, 41, 47, 48, 21, 22, 23, 25, 24, 26, 29, 30, 27, 28, 0, 4, 3, 6, 5, 10, 9, 7, 8, 2, 1, 31, 32, 33, 34, 35, 38, 36, 37, 39, 40, 0, 11, 13, 12, 15, 17, 19, 20, 18, 16, 14, 0]
Elapsed time: 195.74853920936584

i:0	67762.10272956177
i:50	54178.79721774701
i:100	52552.71880223478
i:150	51736.12703715138
i:200	51632.6978313569
i:250	51632.6978313569
i:300	51207.62179716607
i:350	51065.84653657503
i:400	51001.54009352515
i:450	50724.94930443227
i:500	50432.22475397006
i:550	50432.22475397006
i:600	50432.22475397006
i:650	50432.22475397006
best: 50432.22475397006
routes: [0, 4, 3, 6, 5, 10, 9, 7, 8, 2, 1, 31, 32, 33, 34, 35, 38, 36, 37, 39, 40, 0, 50, 46, 49, 44, 43, 45, 42, 41, 47, 48, 21, 25, 24, 26, 29, 30, 27, 28, 23, 22, 0, 11, 13, 15, 17, 19, 20, 18, 16, 14, 12, 0]
Elapsed time: 197.6859426498413

i:0	70001.80366097046
i:50	55208.68831315159
i:100	54523.65044899598
i:150	53924.41903130952
i:200	53804.25845499655
i:250	52602.80865443756
i:300	52196.80669533786
i:350	50289.64837308147
i:400	49951.15455707214
i:450	49765.660346550576
i:500	49765.660346550576
i:550	49765.660346550576
i:600	49765.660346550576
i:650	49765.660346550576
best: 49765.660346550576
routes: [0, 11, 13, 12, 15, 17, 19, 20, 18, 16, 14, 39, 40, 36, 37, 38, 35, 34, 33, 31, 32, 0, 50, 46, 49, 44, 43, 45, 42, 41, 47, 48, 21, 22, 23, 25, 24, 26, 29, 30, 27, 28, 0, 4, 1, 3, 6, 5, 10, 9, 7, 8, 2, 0]
Elapsed time: 189.1267511844635

i:0	66275.02231672306
i:50	52179.79836703088
i:100	52179.79836703088
i:150	51719.05903981628
i:200	51600.686025039366
i:250	51075.09059121427
i:300	50390.7619391302
i:350	50087.03230942835
i:400	50043.1737866042
i:450	49411.67868327379
i:500	49080.48265432656
i:550	49080.48265432656
i:600	49080.48265432656
i:650	49080.48265432656
best: 49080.48265432656
routes: [0, 23, 22, 25, 27, 29, 30, 28, 26, 24, 21, 48, 47, 41, 42, 43, 45, 46, 49, 50, 44, 0, 11, 13, 12, 15, 17, 19, 20, 18, 16, 14, 39, 40, 36, 37, 38, 35, 34, 33, 31, 32, 0, 1, 3, 2, 8, 7, 9, 10, 5, 6, 4, 0]
Elapsed time: 190.77355122566223

i:0	69477.24572495236
i:50	55409.45568864656
i:100	53936.918172092846
i:150	53902.00241966868
i:200	51895.02727649599
i:250	51824.853505836676
i:300	51165.86662006539
i:350	50377.462889973925
i:400	49985.84391506381
i:450	49906.736008846725
i:500	49777.1172177979
i:550	49777.1172177979
i:600	49777.1172177979
i:650	49777.1172177979
best: 49777.1172177979
routes: [0, 1, 3, 4, 6, 5, 10, 9, 7, 8, 2, 31, 32, 33, 34, 35, 38, 36, 37, 39, 40, 0, 23, 24, 26, 29, 30, 28, 27, 25, 22, 21, 48, 47, 41, 42, 43, 45, 46, 49, 50, 44, 0, 11, 13, 15, 17, 19, 20, 18, 16, 14, 12, 0]
Elapsed time: 187.46411204338074

i:0	68692.9220470303
i:50	53393.78085611602
i:100	52544.5194232363
i:150	52544.5194232363
i:200	52034.10795358874
i:250	51505.170187708056
i:300	51288.202996034925
i:350	51137.37278669795
i:400	50651.204435998385
i:450	49566.9555138834
i:500	49338.95712503661
i:550	49338.95712503661
i:600	49338.95712503661
i:650	49338.95712503661
best: 49338.95712503661
routes: [0, 4, 3, 6, 5, 10, 9, 7, 8, 2, 1, 31, 32, 33, 34, 35, 38, 36, 37, 39, 40, 0, 23, 24, 26, 29, 30, 28, 27, 25, 22, 21, 48, 47, 41, 42, 43, 45, 46, 49, 50, 44, 0, 11, 13, 12, 15, 17, 19, 20, 18, 16, 14, 0]
Elapsed time: 199.27997756004333

i:0	68908.77408228611
i:50	52451.96581106124
i:100	52451.96581106124
i:150	52420.14333397682
i:200	51885.754250476166
i:250	51767.26111271613
i:300	51679.66431931119
i:350	51240.40196611739
i:400	50925.536332108924
i:450	50362.71396370106
i:500	50341.5025454129
i:550	50341.5025454129
i:600	50341.5025454129
i:650	50341.5025454129
best: 50341.5025454129
routes: [0, 11, 13, 12, 16, 15, 17, 19, 20, 18, 14, 39, 40, 36, 37, 38, 35, 34, 33, 31, 32, 0, 50, 44, 43, 42, 41, 47, 45, 46, 49, 48, 21, 25, 24, 26, 29, 30, 27, 28, 23, 22, 0, 1, 3, 2, 8, 7, 9, 10, 5, 6, 4, 0]
Elapsed time: 196.56239771842957

mean: 49750.11514752276
std: 514.9913026695737
mean-time: 193.74387669563293
std-time: 6.182290629057784