i:0	92535.04863663777
i:50	58541.737781532174
i:100	58541.737781532174
i:150	58541.737781532174
i:200	58541.737781532174
i:250	58541.737781532174
i:300	58541.737781532174
i:350	58541.737781532174
i:400	58541.737781532174
i:450	58541.737781532174
i:500	58541.737781532174
i:550	58541.737781532174
i:600	58541.737781532174
i:650	58541.737781532174
best: 58541.737781532174
routes: [0, 26, 28, 27, 29, 30, 39, 36, 38, 37, 40, 33, 34, 35, 32, 31, 50, 49, 48, 47, 46, 0, 16, 18, 17, 19, 20, 15, 13, 14, 11, 12, 8, 7, 9, 10, 6, 23, 25, 22, 24, 21, 41, 42, 45, 43, 44, 5, 3, 2, 1, 4, 0]
Elapsed time: 48.1043758392334

i:0	85438.88927542725
i:50	59979.432297491
i:100	59979.432297491
i:150	59979.432297491
i:200	59979.432297491
i:250	59979.432297491
i:300	59979.432297491
i:350	59979.432297491
i:400	59979.432297491
i:450	59979.432297491
i:500	59979.432297491
i:550	59979.432297491
i:600	59979.432297491
i:650	59979.432297491
best: 59979.432297491
routes: [0, 26, 28, 27, 29, 30, 39, 36, 38, 37, 40, 33, 31, 32, 34, 35, 50, 49, 47, 46, 48, 0, 4, 5, 3, 1, 2, 44, 43, 45, 41, 42, 21, 24, 25, 23, 22, 6, 8, 7, 9, 10, 12, 11, 14, 13, 15, 20, 18, 17, 19, 16, 0]
Elapsed time: 41.72574806213379

i:0	85944.63116063295
i:50	61792.45132909875
i:100	61792.45132909875
i:150	61786.30666395521
i:200	61026.493570558596
i:250	60098.53782206258
i:300	60098.53782206258
i:350	60098.53782206258
i:400	60098.53782206258
i:450	60098.53782206258
i:500	60098.53782206258
i:550	60098.53782206258
i:600	60098.53782206258
i:650	60098.53782206258
best: 60098.53782206258
routes: [0, 30, 29, 27, 26, 28, 39, 36, 38, 37, 40, 33, 34, 35, 32, 31, 50, 49, 48, 47, 46, 0, 4, 5, 3, 1, 2, 44, 43, 45, 41, 42, 21, 24, 25, 23, 22, 6, 8, 7, 9, 10, 12, 11, 14, 13, 15, 20, 18, 17, 19, 16, 0]
Elapsed time: 69.2047107219696

i:0	81533.19731528814
i:50	61727.6928728109
i:100	61727.6928728109
i:150	61727.6928728109
i:200	61727.6928728109
i:250	61727.6928728109
i:300	61727.6928728109
i:350	61727.6928728109
i:400	61727.6928728109
i:450	61727.6928728109
i:500	61727.6928728109
i:550	61727.6928728109
i:600	61727.6928728109
i:650	61727.6928728109
best: 61727.6928728109
routes: [0, 26, 28, 27, 29, 30, 39, 36, 38, 37, 40, 33, 34, 35, 32, 31, 49, 50, 48, 47, 46, 0, 11, 14, 13, 15, 12, 8, 7, 9, 10, 6, 23, 25, 22, 24, 21, 41, 42, 45, 43, 44, 5, 3, 2, 1, 4, 0, 18, 17, 20, 19, 16, 0]
Elapsed time: 42.34813475608826

i:0	84813.59119654821
i:50	59950.04132538654
i:100	59950.04132538654
i:150	59950.04132538654
i:200	59950.04132538654
i:250	59950.04132538654
i:300	59950.04132538654
i:350	59950.04132538654
i:400	59950.04132538654
i:450	59950.04132538654
i:500	59950.04132538654
i:550	59950.04132538654
i:600	59950.04132538654
i:650	59950.04132538654
best: 59950.04132538654
routes: [0, 23, 25, 22, 24, 21, 41, 42, 45, 43, 44, 39, 40, 38, 37, 36, 29, 30, 28, 27, 26, 1, 2, 5, 3, 4, 0, 6, 8, 7, 9, 10, 12, 11, 14, 13, 15, 20, 18, 17, 19, 16, 49, 50, 48, 47, 46, 31, 32, 35, 33, 34, 0]
Elapsed time: 42.20370531082153

i:0	87258.1240992088
i:50	63445.654913074555
i:100	60273.63277475139
i:150	60273.63277475139
i:200	58702.387018789435
i:250	58606.575592494526
i:300	58606.575592494526
i:350	58606.575592494526
i:400	58606.575592494526
i:450	58606.575592494526
i:500	58606.575592494526
i:550	58606.575592494526
i:600	58606.575592494526
i:650	58606.575592494526
best: 58606.575592494526
routes: [0, 4, 5, 3, 1, 2, 44, 43, 45, 41, 42, 21, 24, 25, 23, 22, 6, 8, 7, 9, 10, 12, 11, 14, 13, 15, 20, 18, 17, 19, 16, 0, 26, 28, 27, 29, 30, 39, 36, 38, 37, 40, 33, 34, 35, 32, 31, 50, 49, 48, 47, 46, 0]
Elapsed time: 68.87623047828674

i:0	80280.15609451837
i:50	61572.91481237416
i:100	61572.91481237416
i:150	58173.611438460764
i:200	58173.611438460764
i:250	58173.611438460764
i:300	58173.611438460764
i:350	58173.611438460764
i:400	58173.611438460764
i:450	58173.611438460764
i:500	58173.611438460764
i:550	58173.611438460764
i:600	58173.611438460764
i:650	58173.611438460764
best: 58173.611438460764
routes: [0, 49, 50, 48, 47, 46, 33, 34, 35, 32, 31, 40, 38, 37, 39, 36, 29, 30, 28, 27, 26, 0, 16, 20, 17, 19, 18, 11, 14, 13, 15, 12, 8, 7, 9, 10, 6, 23, 25, 22, 24, 21, 41, 42, 45, 43, 44, 5, 3, 2, 1, 4, 0]
Elapsed time: 59.96711301803589

i:0	76228.33966047046
i:50	59541.67599600241
i:100	59541.67599600241
i:150	59541.67599600241
i:200	59541.67599600241
i:250	59541.67599600241
i:300	59541.67599600241
i:350	59541.67599600241
i:400	59541.67599600241
i:450	59541.67599600241
i:500	59541.67599600241
i:550	59541.67599600241
i:600	59541.67599600241
i:650	59541.67599600241
best: 59541.67599600241
routes: [0, 49, 50, 48, 47, 46, 33, 34, 35, 32, 31, 40, 38, 37, 39, 36, 29, 30, 28, 27, 26, 1, 2, 5, 3, 4, 0, 44, 43, 45, 42, 41, 21, 24, 23, 25, 22, 6, 8, 7, 9, 10, 12, 11, 14, 13, 15, 20, 18, 17, 19, 16, 0]
Elapsed time: 43.763829946517944

i:0	83675.19958084347
i:50	59597.97060556449
i:100	59541.67599600241
i:150	59541.67599600241
i:200	59541.67599600241
i:250	59541.67599600241
i:300	59541.67599600241
i:350	59541.67599600241
i:400	59541.67599600241
i:450	59541.67599600241
i:500	59541.67599600241
i:550	59541.67599600241
i:600	59541.67599600241
i:650	59541.67599600241
best: 59541.67599600241
routes: [0, 49, 50, 48, 47, 46, 33, 34, 35, 32, 31, 40, 38, 37, 39, 36, 29, 30, 28, 27, 26, 1, 2, 5, 3, 4, 0, 44, 43, 45, 42, 41, 21, 24, 23, 25, 22, 6, 8, 7, 9, 10, 12, 11, 14, 13, 15, 20, 18, 17, 19, 16, 0]
Elapsed time: 41.433568477630615

i:0	81911.74106631533
i:50	59991.46029085829
i:100	59982.87658683659
i:150	59982.87658683659
i:200	59982.87658683659
i:250	59982.87658683659
i:300	59982.87658683659
i:350	59982.87658683659
i:400	59982.87658683659
i:450	59982.87658683659
i:500	59982.87658683659
i:550	59982.87658683659
i:600	59982.87658683659
i:650	59982.87658683659
best: 59982.87658683659
routes: [0, 29, 30, 26, 28, 27, 39, 36, 38, 37, 40, 31, 32, 35, 33, 34, 50, 49, 47, 46, 48, 0, 4, 5, 3, 1, 2, 44, 43, 45, 41, 42, 21, 24, 25, 23, 22, 6, 8, 7, 9, 10, 12, 11, 14, 13, 15, 20, 18, 17, 19, 16, 0]
Elapsed time: 38.91349267959595

mean: 59614.385770908
std: 966.1696734753663
mean-time: 49.65409092903137
std-time: 11.17968649495538