i:0	62336.85239221412
i:50	50487.41959530026
i:100	48473.22047863133
i:150	48473.22047863133
i:200	47791.163352519485
i:250	47535.55966618789
i:300	47110.28551607756
i:350	47098.78727367178
i:400	46097.01784194294
i:450	45792.88238202245
i:500	45792.88238202245
i:550	45792.88238202245
i:600	45792.88238202245
i:650	45751.41837718709
best: 45751.41837718709
routes: [0, 1, 2, 4, 3, 5, 7, 9, 10, 8, 6, 12, 13, 14, 19, 20, 15, 16, 17, 18, 11, 50, 49, 48, 47, 46, 45, 44, 43, 41, 42, 0, 21, 22, 23, 26, 24, 25, 27, 29, 30, 28, 36, 34, 31, 32, 33, 35, 38, 37, 39, 40, 0]
Elapsed time: 181.08766222000122

i:0	62091.09285622099
i:50	52229.9112097248
i:100	51064.24598826899
i:150	51048.1647429148
i:200	50670.97964385411
i:250	49949.099829195286
i:300	49929.737219815026
i:350	49852.151295794494
i:400	49679.206479117194
i:450	46721.55380124017
i:500	46232.43618925482
i:550	46232.43618925482
i:600	46232.43618925482
i:650	46232.43618925482
best: 46232.43618925482
routes: [0, 41, 42, 43, 44, 45, 48, 47, 49, 50, 46, 40, 39, 37, 36, 34, 31, 32, 33, 35, 38, 28, 30, 29, 27, 26, 23, 21, 22, 25, 24, 0, 11, 14, 13, 18, 19, 20, 16, 15, 17, 12, 10, 9, 7, 8, 5, 4, 2, 1, 3, 6, 0]
Elapsed time: 201.54742074012756

i:0	64328.72415947473
i:50	50258.81369205027
i:100	47348.86485376433
i:150	47348.86485376433
i:200	47269.90123737985
i:250	47269.90123737985
i:300	47055.48016899332
i:350	46098.50549726235
i:400	45867.32268808471
i:450	45712.93233145521
i:500	45712.93233145521
i:550	45712.93233145521
i:600	45712.93233145521
i:650	45712.93233145521
best: 45712.93233145521
routes: [0, 41, 42, 43, 44, 45, 46, 47, 48, 49, 50, 11, 19, 18, 17, 16, 15, 20, 14, 13, 12, 6, 5, 4, 7, 9, 10, 8, 3, 1, 2, 0, 21, 22, 23, 26, 24, 25, 27, 29, 30, 28, 39, 40, 37, 36, 34, 31, 32, 33, 35, 38, 0]
Elapsed time: 185.25271344184875

i:0	67755.55167624993
i:50	47658.53044871401
i:100	47658.53044871401
i:150	47658.53044871401
i:200	47658.53044871401
i:250	47658.53044871401
i:300	47031.24921553586
i:350	46704.93236007543
i:400	46243.29412568963
i:450	45717.82986182587
i:500	45629.58149722674
i:550	45629.58149722674
i:600	45629.58149722674
i:650	45629.58149722674
best: 45629.58149722674
routes: [0, 46, 49, 50, 47, 48, 45, 44, 43, 41, 42, 39, 40, 38, 35, 33, 32, 31, 34, 37, 36, 28, 30, 29, 27, 26, 23, 21, 22, 25, 24, 0, 11, 14, 13, 18, 19, 20, 16, 15, 17, 12, 6, 10, 9, 7, 8, 5, 4, 3, 1, 2, 0]
Elapsed time: 200.10027599334717

i:0	68602.40023581035
i:50	51315.07690718441
i:100	51259.122170948925
i:150	48396.619940853416
i:200	48396.619940853416
i:250	48171.837757977206
i:300	48018.272442220434
i:350	47515.80013114956
i:400	47185.00719732275
i:450	46258.13081164747
i:500	46258.13081164747
i:550	46258.13081164747
i:600	46258.13081164747
i:650	46258.13081164747
