i:0	154047.08921052713
i:50	111089.13891488024
i:100	107562.14702911688
i:150	104211.61380785522
i:200	103231.31439676203
i:250	99424.68615532423
i:300	98763.60763424204
i:350	98647.53449997854
i:400	96658.53375024183
i:450	96651.62546801969
i:500	95413.77496980915
i:550	93370.51322342294
i:600	93123.43474894424
i:650	92657.94314914859
best: 92361.1499895604
routes: [0, 80, 76, 77, 74, 71, 72, 73, 75, 78, 79, 58, 60, 59, 57, 55, 52, 51, 53, 56, 54, 8, 7, 9, 10, 5, 6, 2, 1, 3, 4, 0, 91, 92, 93, 95, 98, 96, 97, 99, 100, 94, 61, 63, 68, 67, 69, 70, 66, 65, 64, 62, 0, 90, 84, 83, 82, 81, 85, 86, 89, 87, 88, 41, 42, 43, 45, 44, 46, 49, 50, 47, 48, 14, 12, 11, 13, 15, 18, 17, 19, 20, 16, 0, 21, 23, 22, 25, 27, 29, 30, 28, 26, 24, 33, 34, 31, 39, 38, 37, 40, 35, 36, 32, 0]
Elapsed time: 379.5018718242645

i:0	139840.6834283576
i:50	109249.23537237909
i:100	108427.35798544747
i:150	104835.09118298929
i:200	104835.09118298929
i:250	99451.3183595788
i:300	97412.45796178484
i:350	95297.36442373994
i:400	93990.96226026934
i:450	92633.55911809386
i:500	92308.80746911254
i:550	91995.14999503175
i:600	91532.31048108415
i:650	91279.58029021703
best: 90688.5649128767
routes: [0, 76, 74, 71, 72, 73, 75, 78, 77, 79, 80, 58, 59, 60, 56, 57, 55, 54, 53, 51, 52, 0, 90, 86, 89, 84, 83, 85, 82, 81, 87, 88, 41, 42, 43, 45, 44, 46, 49, 50, 47, 48, 10, 9, 7, 8, 2, 1, 3, 6, 5, 4, 0, 91, 92, 93, 94, 95, 96, 99, 100, 97, 98, 62, 61, 63, 64, 65, 68, 66, 67, 69, 70, 31, 39, 40, 35, 36, 37, 38, 34, 33, 32, 0, 13, 11, 12, 14, 15, 17, 19, 20, 18, 16, 29, 30, 28, 27, 25, 26, 24, 21, 23, 22, 0]
Elapsed time: 383.14451694488525

i:0	150831.40367178703
i:50	111378.25948370583
i:100	106578.07101083244
i:150	101617.86718379766
i:200	97028.95620382176
i:250	96195.2954892882
i:300	95766.54135322929
i:350	95069.28874827354
i:400	94359.39232355339
i:450	93536.16625235323
i:500	92056.05013357496
i:550	91397.7276818448
i:600	91092.12721277728
i:650	90338.20045702209
best: 90128.59187923148
routes: [0, 43, 48, 47, 49, 50, 46, 44, 45, 42, 41, 89, 90, 86, 84, 83, 85, 82, 81, 87, 88, 9, 7, 8, 2, 1, 3, 6, 10, 5, 4, 0, 91, 92, 93, 94, 95, 96, 99, 100, 97, 98, 62, 61, 63, 64, 65, 68, 66, 67, 69, 70, 31, 39, 38, 37, 40, 35, 36, 32, 33, 34, 0, 21, 25, 27, 29, 30, 28, 26, 24, 23, 22, 13, 11, 12, 14, 15, 17, 19, 20, 18, 16, 0, 80, 76, 77, 74, 71, 72, 73, 75, 78, 79, 58, 60, 59, 57, 54, 55, 56, 53, 51, 52, 0]
Elapsed time: 374.85185980796814

i:0	145291.7372137059
i:50	112600.3910093598
i:100	108067.86042048738
i:150	100331.91223242765
i:200	98086.54603254824
i:250	97555.94909608988
i:300	97489.8415067824
i:350	97292.65913172855
i:400	96616.8469163969
i:450	96593.54520009103
i:500	96106.06904691897
i:550	95894.3750504881
i:600	95865.27203029286
i:650	95516.87958076838
best: 95327.40557173584
routes: [0, 91, 93, 92, 95, 97, 99, 100, 96, 94, 98, 69, 70, 64, 61, 63, 65, 66, 67, 68, 62, 0, 33, 34, 31, 39, 40, 36, 35, 37, 38, 32, 24, 21, 23, 25, 27, 29, 30, 28, 26, 22, 16, 20, 19, 17, 18, 15, 14, 13, 11, 12, 0, 55, 54, 52, 51, 53, 56, 57, 59, 60, 58, 76, 74, 77, 78, 71, 72, 73, 75, 79, 80, 0, 4, 3, 6, 5, 10, 1, 2, 8, 7, 9, 43, 44, 46, 49, 50, 48, 47, 45, 42, 41, 89, 90, 86, 85, 88, 87, 81, 82, 83, 84, 0]
Elapsed time: 384.06980443000793

i:0	148918.2860941528
i:50	110318.0184814263
i:100	101270.66965249603
i:150	96694.29830937897
i:200	96332.04995502437
i:250	96087.95741406063
i:300	94462.18939032685
i:350	94161.17316401014
i:400	92997.83927534899
i:450	92950.84097397854
i:500	92229.66390049542
i:550	91590.48038544813
i:600	90787.72572366879
i:650	90309.03511140952
best: 90081.03490142737
routes: [0, 90, 86, 89, 84, 83, 85, 82, 81, 87, 88, 41, 42, 43, 45, 44, 46, 49, 50, 47, 48, 14, 12, 11, 13, 15, 17, 19, 20, 18, 16, 0, 31, 34, 33, 32, 38, 39, 40, 37, 35, 36, 30, 28, 27, 29, 25, 26, 24, 21, 23, 22, 0, 76, 74, 71, 72, 73, 75, 78, 77, 79, 80, 58, 60, 59, 57, 54, 55, 56, 53, 51, 52, 2, 1, 3, 8, 7, 9, 10, 5, 6, 4, 0, 69, 70, 66, 67, 68, 65, 64, 63, 62, 61, 95, 97, 98, 99, 100, 96, 94, 93, 91, 92, 0]
Elapsed time: 367.73862624168396

i:0	144142.1767991984
i:50	108953.48896129186
i:100	107762.19621319923
i:150	105983.84398774944
i:200	105983.84398774944
i:250	105983.84398774944
i:300	105983.84398774944
i:350	105983.84398774944
i:400	105983.84398774944
i:450	98922.57288585968
i:500	94449.5925804889
i:550	91684.33804788571
i:600	90793.28905297085
i:650	89937.0556433756
best: 89639.28592186901
routes: [0, 51, 52, 53, 56, 55, 54, 57, 59, 60, 58, 76, 79, 77, 74, 71, 72, 73, 75, 78, 80, 0, 89, 90, 85, 86, 84, 83, 82, 81, 87, 88, 41, 44, 46, 49, 50, 48, 47, 45, 42, 43, 9, 10, 5, 6, 7, 8, 2, 1, 3, 4, 0, 91, 92, 93, 94, 95, 96, 99, 100, 97, 98, 62, 61, 63, 64, 65, 68, 66, 67, 69, 70, 31, 39, 37, 36, 35, 40, 38, 34, 33, 32, 0, 21, 24, 23, 22, 25, 27, 29, 30, 28, 26, 20, 19, 17, 18, 15, 14, 12, 11, 13, 16, 0]
Elapsed time: 416.17880487442017

i:0	139292.13353198237
i:50	108195.02551735654
i:100	100834.77747442115
i:150	99838.63314885764
i:200	97505.94102608156
i:250	97414.08866074897
i:300	97403.264604989
i:350	97132.08688139952
i:400	96509.11186921914
i:450	95458.25319139786
i:500	95388.82210242252
i:550	94870.64951636815
i:600	94423.5153853995
i:650	93439.8359784621
best: 93349.01810106693
routes: [0, 91, 92, 93, 94, 95, 96, 99, 100, 97, 98, 62, 61, 63, 64, 65, 68, 66, 67, 69, 70, 31, 39, 38, 37, 40, 35, 36, 32, 33, 34, 0, 79, 80, 76, 77, 74, 71, 72, 73, 75, 78, 58, 60, 59, 57, 54, 55, 56, 53, 51, 52, 0, 21, 23, 25, 27, 29, 30, 28, 26, 24, 22, 16, 13, 11, 12, 14, 15, 18, 20, 19, 17, 48, 43, 42, 41, 44, 45, 47, 46, 49, 50, 0, 1, 2, 4, 3, 6, 5, 10, 8, 9, 7, 84, 89, 88, 87, 81, 82, 83, 85, 86, 90, 0]
Elapsed time: 374.3751244544983

i:0	147005.274699772
i:50	111789.40969846387
i:100	103129.6839235284
i:150	101797.3858395161
i:200	97639.50996154359
i:250	96021.35217630971
i:300	95196.92752998215
i:350	94088.98435126698
i:400	93041.60997684409
i:450	90819.86506571782
i:500	90073.1206630119
i:550	89880.42314556193
i:600	89458.08029464689
i:650	88903.85134127992
best: 88903.85134127992
routes: [0, 95, 94, 92, 91, 93, 96, 99, 98, 97, 100, 69, 70, 66, 67, 68, 65, 64, 63, 61, 62, 31, 39, 40, 35, 36, 37, 38, 34, 33, 32, 0, 76, 77, 74, 71, 72, 73, 75, 78, 80, 79, 58, 59, 60, 56, 52, 51, 53, 57, 55, 54, 8, 7, 9, 10, 5, 6, 2, 1, 3, 4, 0, 90, 84, 83, 82, 81, 87, 85, 86, 89, 88, 41, 44, 46, 49, 50, 48, 47, 45, 42, 43, 11, 12, 14, 13, 15, 17, 19, 20, 18, 16, 0, 21, 23, 22, 25, 27, 29, 30, 28, 26, 24, 0]
Elapsed time: 376.9364676475525

i:0	153896.66030246794
i:50	107712.76756891955
i:100	104729.52467157578
i:150	99312.94610199344
i:200	98108.90355131021
i:250	96882.8932662118
i:300	96299.42252774311
i:350	96020.22397521285
i:400	94686.14109791734
i:450	93559.70545182464
i:500	92763.48115990864
i:550	92129.21253348976
i:600	92067.17556386122
i:650	91933.58172542993
best: 91933.58172542993
routes: [0, 51, 52, 53, 56, 55, 54, 57, 59, 60, 58, 76, 77, 79, 80, 74, 71, 72, 73, 75, 78, 0, 100, 93, 91, 92, 95, 94, 96, 99, 98, 97, 69, 70, 66, 67, 68, 65, 64, 61, 63, 62, 0, 31, 34, 33, 32, 39, 38, 40, 37, 36, 35, 30, 28, 27, 29, 25, 26, 24, 21, 23, 22, 20, 19, 17, 18, 15, 14, 12, 11, 13, 16, 0, 4, 5, 6, 3, 1, 2, 8, 7, 9, 10, 43, 48, 47, 49, 50, 46, 44, 45, 42, 41, 89, 85, 88, 87, 81, 82, 83, 84, 86, 90, 0]
Elapsed time: 375.1002357006073

i:0	152543.21063321814
i:50	111214.56293764581
i:100	100703.816523313
i:150	100292.7237669073
i:200	100059.44637512816
i:250	98125.78018211102
i:300	97240.73730464617
i:350	95959.60511406761
i:400	95112.27364016947
i:450	94735.54125253615
i:500	94024.80369653548
i:550	93266.12533651947
i:600	92106.82733374763
i:650	90672.55060204383
best: 90672.55060204383
routes: [0, 91, 92, 93, 94, 95, 96, 99, 100, 97, 98, 69, 70, 66, 67, 68, 62, 61, 63, 65, 64, 0, 80, 78, 76, 74, 71, 72, 73, 75, 77, 79, 58, 59, 60, 56, 57, 55, 54, 53, 51, 52, 0, 31, 34, 33, 32, 38, 39, 40, 37, 36, 35, 30, 28, 27, 29, 25, 26, 24, 21, 23, 22, 13, 11, 12, 14, 15, 17, 19, 20, 18, 16, 0, 4, 3, 1, 2, 8, 6, 5, 10, 7, 9, 90, 86, 89, 84, 83, 85, 82, 81, 87, 88, 41, 42, 43, 45, 44, 46, 49, 50, 47, 48, 0]
Elapsed time: 374.22439908981323

mean: 91308.50349465215
std: 1845.8150227032186
mean-time: 380.61217110157014
std-time: 12.677113865064875