i:0	155315.83167619837
i:50	121686.3517556935
i:100	119484.73414929191
i:150	117276.32635024065
i:200	115583.4173332668
i:250	115188.63715337907
i:300	113720.49249544581
i:350	113697.73012680597
i:400	113145.2999775177
i:450	112036.44329909072
i:500	111626.15202781967
i:550	110785.29726238636
i:600	110199.20078367298
i:650	109139.54991725594
best: 108282.27429658841
routes: [0, 86, 84, 83, 82, 81, 87, 88, 85, 89, 90, 0, 80, 78, 75, 73, 72, 71, 74, 77, 76, 79, 58, 60, 59, 57, 56, 53, 51, 52, 55, 54, 0, 21, 23, 22, 25, 29, 27, 30, 28, 26, 24, 0, 91, 92, 93, 94, 95, 96, 97, 98, 99, 100, 31, 33, 32, 37, 36, 35, 40, 39, 38, 34, 0, 1, 3, 6, 5, 10, 9, 7, 8, 2, 4, 0, 43, 42, 41, 44, 46, 45, 47, 49, 50, 48, 0, 64, 65, 68, 67, 69, 70, 66, 63, 61, 62, 0, 11, 14, 17, 19, 20, 18, 15, 12, 13, 16, 0]
Elapsed time: 374.46804642677307

i:0	154011.2697435497
i:50	122570.06746900915
i:100	122456.76180139142
i:150	117019.65157855378
i:200	113406.7510451875
i:250	113041.95453086667
i:300	112915.59403232287
i:350	112480.66428576583
i:400	110915.84509113074
i:450	110645.6022594383
i:500	109880.75601862151
i:550	108920.5788401159
i:600	108288.14370012858
i:650	106889.56696543485
best: 105801.60029495577
routes: [0, 92, 91, 93, 95, 94, 96, 97, 98, 99, 100, 31, 39, 40, 35, 36, 37, 38, 34, 33, 32, 0, 90, 86, 89, 84, 83, 85, 82, 81, 87, 88, 0, 52, 51, 53, 54, 55, 57, 56, 59, 60, 58, 80, 79, 77, 76, 74, 71, 72, 73, 75, 78, 0, 4, 5, 6, 10, 7, 9, 8, 2, 1, 3, 0, 11, 13, 12, 14, 15, 17, 19, 20, 18, 16, 0, 43, 45, 47, 49, 50, 48, 46, 44, 41, 42, 0, 69, 70, 66, 67, 68, 65, 64, 63, 61, 62, 0, 21, 22, 23, 25, 27, 29, 30, 28, 26, 24, 0]
Elapsed time: 375.6212899684906

i:0	152229.09335749512
i:50	118863.4663794991
i:100	117263.15666505275
i:150	114622.48419684524
i:200	113164.95802856052
i:250	111516.15757107559
i:300	111237.3083050555
i:350	110496.74456366907
i:400	109550.49170686003
i:450	107550.34637571429
i:500	107283.38591980413
i:550	106464.38261962582
i:600	106413.16344533213
i:650	105706.56888859175
best: 105540.61859137866
routes: [0, 69, 70, 66, 67, 68, 65, 64, 63, 61, 62, 0, 43, 45, 42, 41, 44, 46, 49, 50, 47, 48, 0, 5, 6, 10, 9, 7, 8, 2, 1, 3, 4, 0, 33, 32, 38, 39, 40, 35, 36, 37, 34, 31, 99, 100, 98, 97, 96, 95, 94, 93, 91, 92, 0, 21, 23, 25, 27, 29, 30, 28, 26, 24, 22, 0, 11, 13, 15, 18, 17, 19, 20, 16, 14, 12, 0, 89, 90, 84, 86, 85, 83, 82, 81, 87, 88, 0, 51, 52, 53, 56, 54, 55, 57, 59, 60, 58, 76, 77, 74, 71, 72, 73, 75, 78, 79, 80, 0]
Elapsed time: 363.678103685379

i:0	156374.65380265214
i:50	120540.34466661411
i:100	117026.66865741325
i:150	116968.96157840503
i:200	116331.27671366413
i:250	114392.97036615697
i:300	113896.77559787984
i:350	113709.33347951873
i:400	111330.3998759501
i:450	111085.99735212873
i:500	109941.98229190659
i:550	108805.52649704531
i:600	108236.9046983978
i:650	106414.79114190768
best: 105874.20022385707
routes: [0, 43, 45, 42, 41, 44, 46, 49, 50, 47, 48, 0, 91, 92, 93, 94, 95, 98, 97, 96, 99, 100, 31, 34, 37, 36, 35, 40, 39, 38, 33, 32, 0, 11, 13, 15, 12, 14, 17, 19, 20, 18, 16, 0, 69, 70, 66, 67, 68, 65, 62, 61, 63, 64, 0, 84, 83, 82, 81, 87, 88, 85, 86, 89, 90, 0, 4, 3, 6, 5, 10, 9, 7, 8, 2, 1, 0, 21, 23, 22, 25, 27, 29, 30, 28, 26, 24, 0, 54, 55, 56, 52, 51, 53, 57, 59, 60, 58, 79, 80, 76, 77, 74, 71, 72, 73, 75, 78, 0]
Elapsed time: 370.71215891838074

i:0	158415.43580559493
i:50	121324.21627996402
i:100	120194.66676303453
i:150	119465.99356948098
i:200	119248.44773166708
i:250	118724.92816378057
i:300	118469.44459003689
i:350	116993.30412177325
i:400	116346.78360133187
i:450	116346.78360133187
i:500	115731.30137804669
i:550	114748.49228557007
i:600	112946.89160713693
i:650	110897.26554614311
best: 109100.09888515751
routes: [0, 79, 77, 76, 80, 78, 75, 73, 72, 71, 74, 58, 60, 59, 57, 56, 53, 51, 52, 55, 54, 0, 13, 11, 12, 14, 15, 17, 19, 20, 18, 16, 0, 43, 42, 41, 44, 45, 47, 46, 49, 50, 48, 0, 61, 63, 64, 69, 70, 66, 67, 68, 65, 62, 0, 90, 86, 89, 85, 83, 82, 81, 87, 88, 84, 0, 21, 23, 22, 25, 26, 27, 29, 30, 28, 24, 0, 1, 3, 6, 4, 5, 10, 9, 7, 8, 2, 0, 33, 32, 38, 39, 40, 35, 36, 37, 34, 31, 100, 99, 97, 98, 96, 95, 94, 93, 91, 92, 0]
Elapsed time: 371.79893231391907

i:0	156789.06011252053
i:50	120563.48857525864
i:100	120349.94985465756
i:150	118815.39933313399
i:200	116612.8517471187
i:250	116554.84438451458
i:300	115701.7100737949
i:350	115431.3648608752
i:400	114380.42994401684
i:450	114046.99867075647
i:500	113365.11319911509
i:550	110564.33595136684
i:600	110153.28216929245
i:650	109137.13954666897
best: 107336.54532781859
routes: [0, 80, 78, 75, 73, 72, 71, 74, 76, 77, 79, 58, 60, 59, 57, 54, 55, 56, 53, 51, 52, 0, 69, 70, 67, 68, 66, 65, 63, 64, 61, 62, 0, 43, 45, 47, 49, 50, 48, 46, 44, 41, 42, 0, 21, 23, 25, 27, 29, 30, 28, 26, 24, 22, 0, 90, 86, 89, 85, 83, 82, 81, 87, 88, 84, 0, 4, 3, 6, 5, 10, 9, 7, 8, 2, 1, 0, 92, 91, 93, 95, 94, 96, 97, 98, 99, 100, 31, 34, 33, 40, 35, 36, 37, 39, 38, 32, 0, 13, 11, 12, 14, 15, 18, 17, 19, 20, 16, 0]
Elapsed time: 376.53154158592224

i:0	160764.36567640584
i:50	124192.20148121858
i:100	119221.26140097118
i:150	118876.86816718923
i:200	116181.19941231249
i:250	115308.01552563653
i:300	114444.09229516682
i:350	113901.230326915
i:400	113365.83045226193
i:450	112265.19099067496
i:500	111039.70268564066
i:550	108915.21282932293
i:600	108090.6333794753
i:650	106594.55657853866
best: 105107.72380028052
routes: [0, 51, 53, 52, 54, 55, 57, 56, 59, 60, 58, 79, 80, 78, 75, 73, 72, 71, 74, 77, 76, 0, 91, 92, 93, 94, 95, 97, 98, 96, 99, 100, 31, 39, 38, 37, 40, 35, 36, 32, 33, 34, 0, 1, 2, 3, 6, 5, 10, 9, 7, 8, 4, 0, 84, 83, 85, 82, 81, 87, 88, 86, 89, 90, 0, 11, 12, 13, 14, 15, 17, 19, 20, 18, 16, 0, 43, 42, 41, 44, 46, 49, 50, 47, 45, 48, 0, 69, 70, 67, 68, 66, 65, 62, 61, 63, 64, 0, 21, 23, 22, 25, 27, 29, 30, 28, 26, 24, 0]
Elapsed time: 375.2045388221741

i:0	155235.13281469324
i:50	117815.9364269055
i:100	115760.8543100863
i:150	114680.28359061087
i:200	114665.99258182057
i:250	114665.99258182057
i:300	114036.66994710066
i:350	113958.48995499418
i:400	112970.77820086572
i:450	111484.53366870825
i:500	109468.7345120525
i:550	106927.9718292005
i:600	106794.41075661193
i:650	106479.13930631819
best: 105824.61360685782
routes: [0, 51, 53, 52, 54, 55, 57, 56, 59, 60, 58, 76, 77, 74, 71, 72, 73, 75, 78, 79, 80, 0, 92, 91, 93, 94, 95, 96, 97, 98, 99, 100, 31, 38, 39, 40, 36, 35, 37, 32, 33, 34, 0, 89, 85, 88, 87, 81, 82, 83, 84, 86, 90, 0, 43, 45, 42, 41, 44, 46, 49, 47, 50, 48, 0, 21, 23, 22, 25, 26, 27, 29, 30, 28, 24, 0, 1, 2, 8, 7, 9, 10, 5, 6, 3, 4, 0, 69, 70, 66, 67, 68, 65, 63, 64, 61, 62, 0, 11, 13, 12, 14, 17, 19, 20, 18, 15, 16, 0]
Elapsed time: 373.01334977149963

i:0	159851.84448797378
i:50	122287.81217988595
i:100	117564.68830048526
i:150	116070.65136250891
i:200	116070.65136250891
i:250	114688.03367882516
i:300	113965.13500141604
i:350	113865.056502363
i:400	113843.363817035
i:450	113389.78166634074
i:500	111963.58304176047
i:550	109052.20766569585
i:600	108317.04115112737
i:650	105957.95744537281
best: 105588.06388933575
routes: [0, 92, 91, 93, 94, 95, 96, 97, 98, 99, 100, 31, 38, 39, 40, 35, 36, 37, 32, 33, 34, 0, 43, 42, 41, 44, 45, 48, 47, 46, 49, 50, 0, 90, 86, 85, 89, 88, 87, 81, 82, 83, 84, 0, 11, 14, 12, 13, 15, 17, 19, 20, 18, 16, 0, 69, 70, 66, 67, 68, 65, 64, 63, 61, 62, 0, 1, 3, 5, 10, 7, 9, 8, 2, 6, 4, 0, 51, 52, 53, 56, 54, 55, 57, 59, 60, 58, 79, 80, 78, 75, 73, 72, 71, 74, 77, 76, 0, 21, 25, 27, 29, 30, 28, 26, 24, 23, 22, 0]
Elapsed time: 373.07833075523376

i:0	154613.68766935985
i:50	121998.74372741955
i:100	120334.86791759422
i:150	117972.48169086743
i:200	115501.63352022391
i:250	115251.73462957673
i:300	114630.44647758437
i:350	113934.3238943882
i:400	113613.25629284789
i:450	111854.59923375596
i:500	110391.86238184002
i:550	109440.35102264033
i:600	109136.42228408187
i:650	107232.34967415142
best: 106560.53109094029
routes: [0, 51, 53, 52, 56, 54, 55, 57, 59, 60, 58, 76, 77, 74, 71, 72, 73, 75, 78, 79, 80, 0, 1, 3, 5, 10, 9, 7, 8, 2, 6, 4, 0, 21, 23, 26, 25, 27, 29, 30, 28, 24, 22, 0, 69, 70, 66, 67, 68, 65, 63, 64, 61, 62, 0, 91, 92, 93, 94, 95, 97, 98, 96, 99, 100, 31, 37, 36, 35, 40, 39, 38, 34, 33, 32, 0, 90, 84, 89, 85, 83, 82, 81, 87, 88, 86, 0, 43, 42, 41, 44, 46, 49, 50, 45, 47, 48, 0, 11, 12, 15, 17, 19, 20, 18, 14, 13, 16, 0]
Elapsed time: 373.07317900657654

mean: 106501.62700071702
std: 1251.6576596395773
mean-time: 372.7179471254349
std-time: 3.451793170999556