i:0	147045.62663795144
i:50	111531.26615619936
i:100	110409.41907119569
i:150	103336.32806884397
i:200	99884.79965964214
i:250	98228.49044706838
i:300	97788.6573082624
i:350	97024.8032696367
i:400	96076.82024536651
i:450	94490.56822601159
i:500	93850.35959710693
i:550	92926.94041372718
i:600	92652.60429822752
i:650	91337.76691628073
best: 91161.01273105432
routes: [0, 54, 55, 57, 59, 60, 56, 52, 51, 53, 58, 76, 77, 74, 71, 72, 73, 75, 78, 79, 80, 2, 8, 7, 9, 10, 5, 6, 3, 1, 4, 0, 93, 94, 95, 97, 98, 99, 100, 96, 91, 92, 61, 62, 63, 64, 65, 67, 68, 66, 69, 70, 0, 90, 84, 83, 82, 81, 85, 86, 89, 87, 88, 41, 43, 45, 42, 44, 46, 49, 50, 47, 48, 11, 13, 15, 14, 17, 19, 20, 18, 16, 12, 0, 21, 24, 23, 22, 26, 25, 29, 27, 28, 30, 35, 36, 37, 40, 39, 38, 31, 34, 33, 32, 0]
Elapsed time: 390.8338391780853

i:0	154792.56325091555
i:50	110258.70966554593
i:100	106157.27324459833
i:150	97229.05850907376
i:200	97229.05850907376
i:250	97229.05850907376
i:300	94464.76462772858
i:350	91330.76283825426
i:400	89753.83456162344
i:450	88390.04131146496
i:500	86880.11606897415
i:550	85052.31284463547
i:600	84667.47666932097
i:650	83716.52157498257
best: 83431.36208479942
routes: [0, 76, 71, 72, 73, 75, 78, 74, 77, 79, 80, 58, 60, 59, 57, 54, 55, 56, 53, 51, 52, 0, 13, 15, 18, 16, 20, 19, 17, 14, 12, 11, 43, 45, 44, 46, 49, 50, 48, 47, 42, 41, 88, 87, 81, 82, 83, 85, 86, 89, 90, 84, 9, 10, 5, 6, 7, 8, 2, 1, 3, 4, 0, 21, 22, 23, 24, 26, 25, 29, 27, 28, 30, 35, 36, 37, 40, 39, 38, 32, 33, 34, 31, 69, 70, 66, 67, 68, 65, 64, 63, 62, 61, 91, 92, 93, 94, 95, 97, 98, 99, 100, 96, 0]
Elapsed time: 403.7198383808136

i:0	149275.67873828384
i:50	111502.84245793991
i:100	109742.83189268874
i:150	107634.56522666625
i:200	106913.97942843939
i:250	101989.35793084092
i:300	98868.43208568027
i:350	98660.53631680984
i:400	98451.81717426669
i:450	98123.13832860127
i:500	96123.52916483404
i:550	94389.30389172763
i:600	93314.64924758406
i:650	92362.53792707236
best: 92276.27354764105
routes: [0, 4, 5, 6, 3, 1, 2, 8, 7, 10, 9, 90, 86, 89, 84, 83, 85, 82, 81, 87, 88, 41, 45, 44, 46, 49, 50, 47, 48, 43, 42, 0, 93, 95, 94, 91, 92, 97, 98, 96, 99, 100, 69, 70, 66, 67, 68, 65, 64, 63, 61, 62, 0, 80, 78, 76, 74, 71, 72, 73, 75, 77, 79, 58, 54, 55, 57, 59, 60, 56, 53, 51, 52, 0, 11, 13, 14, 12, 15, 17, 19, 20, 18, 16, 25, 27, 29, 30, 28, 26, 24, 23, 22, 21, 33, 32, 37, 36, 35, 40, 39, 38, 31, 34, 0]
Elapsed time: 398.02136874198914

i:0	142617.33991083293
i:50	112161.9330800257
i:100	109318.97533557646
i:150	108867.73559073497
i:200	108867.73559073497
i:250	108524.166202495
i:300	105546.97624947183
i:350	104177.42963612404
i:400	102746.34659715003
i:450	100350.11721548445
i:500	96777.79986789435
i:550	93430.11865722976
i:600	91032.83492498496
i:650	86353.17848065498
best: 84999.18527189363
routes: [0, 31, 34, 33, 32, 38, 39, 40, 37, 35, 36, 30, 28, 27, 29, 25, 26, 24, 21, 23, 22, 16, 13, 11, 14, 17, 19, 20, 18, 15, 12, 10, 5, 6, 9, 7, 8, 2, 1, 3, 4, 0, 51, 52, 53, 59, 60, 58, 56, 57, 55, 54, 84, 89, 90, 86, 83, 85, 82, 81, 87, 88, 41, 44, 46, 49, 50, 47, 45, 48, 43, 42, 0, 76, 71, 74, 72, 73, 75, 78, 77, 79, 80, 61, 62, 63, 64, 65, 68, 66, 67, 70, 69, 98, 97, 99, 100, 96, 95, 94, 93, 91, 92, 0]
Elapsed time: 427.652535200119

i:0	153702.06879399103
i:50	104250.60266781825
i:100	102217.22586186959
i:150	101310.63448625733
i:200	99817.83360027507
i:250	98006.17595040819
i:300	97220.93827341322
i:350	96936.90661198458
i:400	95388.22098060013
i:450	94208.4988918032
i:500	93987.63308620194
i:550	93402.94898942579
i:600	93291.6341884899
i:650	93282.32842038995
best: 92985.53526080176
routes: [0, 92, 91, 93, 96, 94, 95, 97, 99, 98, 100, 69, 70, 67, 68, 66, 65, 64, 63, 61, 62, 0, 80, 78, 76, 74, 71, 72, 73, 75, 77, 79, 58, 60, 59, 57, 54, 55, 56, 53, 51, 52, 0, 31, 38, 39, 37, 40, 36, 35, 34, 33, 32, 28, 29, 30, 27, 25, 26, 24, 21, 23, 22, 18, 14, 12, 11, 13, 15, 17, 19, 20, 16, 0, 1, 5, 6, 4, 7, 8, 2, 3, 10, 9, 90, 86, 89, 84, 83, 85, 82, 81, 87, 88, 41, 42, 43, 45, 44, 46, 49, 50, 47, 48, 0]
Elapsed time: 378.86415696144104

i:0	146630.64750927727
i:50	105667.13511215382
i:100	102505.16435653539
i:150	100306.48226559932
i:200	98320.69313068739
i:250	97734.96839102145
i:300	97486.00353518821
i:350	97002.25064642071
i:400	96516.1019245379
i:450	89649.40332911468
i:500	84994.80887963189
i:550	84127.6219534759
i:600	83894.52824677853
i:650	82292.3249901969
best: 81684.00897455013
routes: [0, 51, 52, 53, 56, 54, 55, 57, 59, 60, 58, 79, 80, 76, 77, 74, 71, 72, 73, 75, 78, 61, 62, 63, 64, 65, 68, 66, 67, 69, 70, 0, 91, 92, 93, 94, 95, 96, 97, 98, 99, 100, 31, 39, 38, 37, 36, 35, 40, 34, 33, 32, 30, 28, 26, 24, 21, 23, 22, 25, 27, 29, 20, 19, 17, 14, 15, 18, 16, 13, 11, 12, 0, 43, 45, 47, 49, 50, 48, 46, 44, 42, 41, 88, 87, 81, 82, 83, 85, 86, 89, 90, 84, 8, 7, 9, 10, 5, 6, 3, 2, 1, 4, 0]
Elapsed time: 398.8369491100311

i:0	150179.86114858833
i:50	107287.33351317367
i:100	106173.8508642442
i:150	96919.34478519978
i:200	95675.40861905502
i:250	93986.15348916459
i:300	93720.29327028732
i:350	92335.36328735143
i:400	91863.34313166134
i:450	91545.03152464244
i:500	91234.60469114069
i:550	90231.10863834053
i:600	90006.19264483447
i:650	89202.03937361129
best: 89157.71228439949
routes: [0, 79, 77, 71, 74, 72, 73, 75, 78, 80, 76, 58, 59, 60, 56, 57, 55, 54, 53, 51, 52, 0, 100, 99, 98, 96, 95, 97, 94, 93, 91, 92, 61, 62, 63, 64, 65, 68, 66, 67, 69, 70, 31, 39, 40, 35, 36, 37, 38, 34, 33, 32, 0, 4, 1, 2, 3, 6, 5, 10, 7, 8, 9, 90, 84, 85, 87, 81, 82, 83, 86, 89, 88, 41, 42, 43, 45, 47, 44, 46, 49, 50, 48, 14, 12, 11, 13, 15, 17, 19, 20, 18, 16, 0, 21, 23, 22, 25, 26, 27, 29, 30, 28, 24, 0]
Elapsed time: 383.4394989013672

i:0	139919.42589756503
i:50	112299.91620548902
i:100	112299.91620548902
i:150	109690.26803136032
i:200	106209.12686270941
i:250	106189.95355332132
i:300	106014.62469710637
i:350	105908.7993155406
i:400	105908.7993155406
i:450	99075.31049625864
i:500	96773.05490594616
i:550	95671.45725736517
i:600	94759.41099240049
i:650	94205.14252877422
best: 93836.90972488033
routes: [0, 92, 91, 93, 95, 94, 96, 97, 100, 99, 98, 62, 63, 61, 64, 65, 68, 66, 67, 69, 70, 0, 54, 55, 56, 51, 53, 52, 57, 59, 60, 58, 71, 72, 73, 75, 78, 77, 74, 76, 79, 80, 2, 1, 3, 5, 10, 9, 8, 7, 6, 4, 0, 21, 24, 23, 22, 26, 30, 25, 29, 27, 28, 35, 36, 40, 37, 39, 38, 31, 34, 33, 32, 0, 90, 89, 84, 86, 83, 85, 82, 81, 87, 88, 41, 42, 43, 45, 44, 46, 49, 50, 47, 48, 12, 11, 13, 15, 14, 17, 19, 20, 18, 16, 0]
Elapsed time: 423.5488257408142

i:0	145362.20005314238
i:50	111255.76468821961
i:100	108566.48495469906
i:150	104779.81303691611
i:200	104779.81303691611
i:250	104653.23359057894
i:300	104205.95590901883
i:350	104205.95590901883
i:400	103121.77836916258
i:450	103121.77836916258
i:500	103121.77836916258
i:550	103121.77836916258
i:600	103121.77836916258
i:650	101544.0020045717
best: 100736.7475126616
routes: [0, 52, 51, 53, 57, 59, 60, 58, 56, 55, 54, 90, 89, 84, 81, 82, 83, 85, 86, 87, 88, 41, 48, 47, 45, 42, 43, 44, 46, 49, 50, 0, 80, 77, 79, 74, 71, 72, 73, 75, 78, 76, 63, 62, 61, 65, 68, 66, 69, 70, 67, 64, 0, 96, 99, 100, 97, 98, 92, 91, 93, 95, 94, 31, 39, 38, 37, 36, 35, 40, 32, 33, 34, 28, 30, 25, 29, 27, 26, 23, 24, 21, 22, 11, 12, 17, 15, 20, 18, 19, 14, 13, 16, 0, 6, 5, 4, 10, 9, 7, 8, 2, 1, 3, 0]
Elapsed time: 448.4285161495209

i:0	140375.56732899413
i:50	111123.66615170967
i:100	104019.37319851981
i:150	100274.21427207564
i:200	100274.21427207564
i:250	100013.52529384547
i:300	99328.28607410722
i:350	98018.7612090895
i:400	97649.4195513372
i:450	96568.58075302132
i:500	95363.56124399987
i:550	94938.99857938147
i:600	94298.63968027232
i:650	87367.2568343262
best: 84830.75093478267
routes: [0, 69, 70, 66, 67, 68, 65, 64, 63, 62, 61, 91, 92, 93, 94, 95, 97, 98, 99, 100, 96, 31, 39, 40, 35, 36, 37, 38, 34, 33, 32, 0, 90, 86, 89, 84, 83, 85, 82, 81, 87, 88, 41, 42, 43, 47, 45, 44, 46, 49, 50, 48, 11, 13, 12, 14, 15, 18, 17, 19, 20, 16, 21, 23, 22, 25, 29, 30, 28, 27, 26, 24, 0, 4, 5, 6, 10, 9, 7, 8, 3, 2, 1, 51, 52, 53, 56, 54, 55, 57, 59, 60, 58, 76, 77, 74, 71, 72, 73, 75, 78, 79, 80, 0]
Elapsed time: 400.7430884838104

mean: 89509.94983274644
std: 5547.8136916937465
mean-time: 405.4088616847992
std-time: 20.4856604356808