i:0	86022.10480405814
i:50	60099.725647855696
i:100	59541.67599600241
i:150	59541.67599600241
i:200	59541.67599600241
i:250	59541.67599600241
i:300	59541.67599600241
i:350	59541.67599600241
i:400	59541.67599600241
i:450	59541.67599600241
i:500	59541.67599600241
i:550	59541.67599600241
i:600	59541.67599600241
i:650	59541.67599600241
best: 59541.67599600241
routes: [0, 49, 50, 48, 47, 46, 33, 34, 35, 32, 31, 40, 38, 37, 39, 36, 29, 30, 28, 27, 26, 1, 2, 5, 3, 4, 0, 44, 43, 45, 42, 41, 21, 24, 23, 25, 22, 6, 8, 7, 9, 10, 12, 11, 14, 13, 15, 20, 18, 17, 19, 16, 0]
Elapsed time: 45.86174154281616

i:0	291288.4018568187
i:50	58186.42457846354
i:100	58186.42457846354
i:150	58186.42457846354
i:200	58186.42457846354
i:250	58186.42457846354
i:300	58186.42457846354
i:350	58186.42457846354
i:400	58186.42457846354
i:450	58186.42457846354
i:500	58186.42457846354
i:550	58186.42457846354
i:600	58186.42457846354
i:650	58186.42457846354
best: 58186.42457846354
routes: [0, 49, 50, 48, 47, 46, 33, 34, 35, 32, 31, 40, 38, 37, 39, 36, 29, 30, 28, 27, 26, 0, 16, 18, 17, 19, 20, 15, 13, 14, 11, 12, 8, 7, 9, 10, 6, 23, 25, 22, 24, 21, 41, 42, 45, 43, 44, 5, 3, 2, 1, 4, 0]
Elapsed time: 45.858086347579956

i:0	82406.013142666
i:50	59541.67599600241
i:100	59541.67599600241
i:150	59541.67599600241
i:200	59541.67599600241
i:250	59541.67599600241
i:300	59541.67599600241
i:350	59541.67599600241
i:400	59541.67599600241
i:450	59541.67599600241
i:500	59541.67599600241
i:550	59541.67599600241
i:600	59541.67599600241
i:650	59541.67599600241
best: 59541.67599600241
routes: [0, 49, 50, 48, 47, 46, 33, 34, 35, 32, 31, 40, 38, 37, 39, 36, 29, 30, 28, 27, 26, 1, 2, 5, 3, 4, 0, 44, 43, 45, 42, 41, 21, 24, 23, 25, 22, 6, 8, 7, 9, 10, 12, 11, 14, 13, 15, 20, 18, 17, 19, 16, 0]
Elapsed time: 43.58097577095032

i:0	81472.57996332167
i:50	59541.67599600241
i:100	59541.67599600241
i:150	59541.67599600241
i:200	59541.67599600241
i:250	59541.67599600241
i:300	59541.67599600241
i:350	59541.67599600241
i:400	59541.67599600241
i:450	59541.67599600241
i:500	59541.67599600241
i:550	59541.67599600241
i:600	59541.67599600241
i:650	59541.67599600241
best: 59541.67599600241
routes: [0, 49, 50, 48, 47, 46, 33, 34, 35, 32, 31, 40, 38, 37, 39, 36, 29, 30, 28, 27, 26, 1, 2, 5, 3, 4, 0, 44, 43, 45, 42, 41, 21, 24, 23, 25, 22, 6, 8, 7, 9, 10, 12, 11, 14, 13, 15, 20, 18, 17, 19, 16, 0]
Elapsed time: 40.954686641693115

i:0	86725.56237425498
i:50	59597.97060556449
i:100	59541.67599600241
i:150	59541.67599600241
i:200	59541.67599600241
i:250	59541.67599600241
i:300	59541.67599600241
i:350	59541.67599600241
i:400	59541.67599600241
i:450	59541.67599600241
i:500	59541.67599600241
i:550	59541.67599600241
i:600	59541.67599600241
i:650	59541.67599600241
best: 59541.67599600241
routes: [0, 49, 50, 48, 47, 46, 33, 34, 35, 32, 31, 40, 38, 37, 39, 36, 29, 30, 28, 27, 26, 1, 2, 5, 3, 4, 0, 44, 43, 45, 42, 41, 21, 24, 23, 25, 22, 6, 8, 7, 9, 10, 12, 11, 14, 13, 15, 20, 18, 17, 19, 16, 0]
Elapsed time: 47.58548140525818

i:0	84950.94342605922
i:50	60194.38593403212
i:100	60194.38593403212
i:150	60194.38593403212
i:200	60194.38593403212
i:250	60194.38593403212
i:300	60194.38593403212
i:350	60194.38593403212
i:400	60194.38593403212
i:450	60194.38593403212
i:500	60194.38593403212
i:550	60194.38593403212
i:600	60194.38593403212
i:650	60194.38593403212
best: 60194.38593403212
routes: [0, 49, 50, 48, 47, 46, 33, 34, 35, 32, 31, 40, 38, 37, 39, 36, 29, 30, 28, 27, 26, 1, 2, 5, 3, 4, 0, 8, 7, 9, 10, 6, 23, 25, 22, 24, 21, 41, 42, 45, 43, 44, 11, 14, 13, 12, 15, 20, 18, 17, 19, 16, 0]
Elapsed time: 47.32775545120239

i:0	83264.56592986156
i:50	61838.40749099313
i:100	61533.93092496534
i:150	60372.26167669734
i:200	58922.588939490655
i:250	58913.944375546096
i:300	58913.944375546096
i:350	58913.944375546096
i:400	58913.944375546096
i:450	58913.944375546096
i:500	58913.944375546096
i:550	58913.944375546096
i:600	58913.944375546096
i:650	58913.944375546096
best: 58913.944375546096
routes: [0, 4, 5, 3, 2, 1, 39, 36, 38, 37, 40, 33, 34, 35, 32, 31, 50, 49, 48, 47, 46, 0, 16, 20, 17, 19, 18, 11, 14, 13, 15, 12, 8, 7, 9, 10, 6, 23, 25, 22, 24, 21, 41, 42, 45, 43, 44, 29, 30, 28, 27, 26, 0]
Elapsed time: 67.60755586624146

i:0	83903.55359881162
i:50	59635.4001455816
i:100	59631.41470284805
i:150	59631.41470284805
i:200	59631.41470284805
i:250	59631.41470284805
i:300	59631.41470284805
i:350	59631.41470284805
i:400	59631.41470284805
i:450	59631.41470284805
i:500	59631.41470284805
i:550	59631.41470284805
i:600	59631.41470284805
i:650	59631.41470284805
best: 59631.41470284805
routes: [0, 8, 7, 9, 10, 6, 23, 25, 22, 24, 21, 41, 42, 45, 43, 44, 39, 40, 38, 37, 36, 29, 30, 28, 27, 26, 0, 4, 5, 3, 2, 1, 31, 32, 34, 35, 33, 50, 49, 48, 47, 46, 16, 18, 17, 19, 20, 15, 13, 12, 11, 14, 0]
Elapsed time: 49.09378385543823

i:0	80528.32496676642
i:50	60194.38593403212
i:100	60194.38593403212
i:150	60194.38593403212
i:200	60194.38593403212
i:250	60194.38593403212
i:300	60194.38593403212
i:350	60194.38593403212
i:400	60194.38593403212
i:450	60194.38593403212
i:500	60194.38593403212
i:550	60194.38593403212
i:600	60194.38593403212
i:650	60194.38593403212
best: 60194.38593403212
routes: [0, 49, 50, 48, 47, 46, 33, 34, 35, 32, 31, 40, 38, 37, 39, 36, 29, 30, 28, 27, 26, 1, 2, 5, 3, 4, 0, 8, 7, 9, 10, 6, 23, 25, 22, 24, 21, 41, 42, 45, 43, 44, 11, 14, 13, 12, 15, 20, 18, 17, 19, 16, 0]
Elapsed time: 44.922146797180176

i:0	85532.46305970305
i:50	63733.64346507449
i:100	63733.64346507449
i:150	63733.64346507449
i:200	63733.64346507449
i:250	63733.64346507449
i:300	63733.64346507449
i:350	63733.64346507449
i:400	63733.64346507449
i:450	63733.64346507449
i:500	63733.64346507449
i:550	63733.64346507449
i:600	63733.64346507449
i:650	63733.64346507449
best: 63733.64346507449
routes: [0, 4, 5, 3, 1, 2, 44, 43, 45, 42, 41, 21, 24, 25, 23, 22, 6, 8, 7, 9, 10, 0, 27, 26, 28, 30, 29, 39, 36, 38, 37, 40, 33, 34, 35, 32, 31, 50, 49, 48, 47, 46, 0, 11, 14, 13, 12, 15, 20, 18, 17, 19, 16, 0]
Elapsed time: 42.44226837158203

mean: 59902.0902974006
std: 1391.5629173418195
mean-time: 47.5234482049942
std-time: 7.090070891078398