i:0	291751.88227397855
i:50	65841.72535545156
i:100	65679.09808437966
i:150	65679.09808437966
i:200	65679.09808437966
i:250	65679.09808437966
i:300	65679.09808437966
i:350	65679.09808437966
i:400	65679.09808437966
i:450	65679.09808437966
i:500	65679.09808437966
i:550	65679.09808437966
i:600	65679.09808437966
i:650	65679.09808437966
best: 65679.09808437966
routes: [0, 26, 28, 27, 29, 30, 39, 36, 38, 37, 40, 31, 32, 34, 35, 33, 50, 49, 48, 47, 46, 0, 4, 5, 3, 1, 2, 44, 43, 42, 45, 41, 24, 25, 23, 21, 22, 9, 10, 8, 7, 6, 0, 12, 15, 13, 14, 11, 18, 17, 20, 19, 16, 0]
Elapsed time: 32.449331521987915

i:0	95667.05846850516
i:50	65670.40560697358
i:100	65670.40560697358
i:150	65670.40560697358
i:200	65670.40560697358
i:250	65670.40560697358
i:300	65670.40560697358
i:350	65670.40560697358
i:400	65670.40560697358
i:450	65670.40560697358
i:500	65670.40560697358
i:550	65670.40560697358
i:600	65670.40560697358
i:650	65670.40560697358
best: 65670.40560697358
routes: [0, 26, 28, 27, 29, 30, 39, 36, 38, 37, 40, 33, 34, 31, 32, 35, 50, 49, 48, 47, 46, 0, 4, 5, 3, 1, 2, 44, 43, 42, 45, 41, 21, 22, 24, 25, 23, 6, 8, 7, 9, 10, 0, 14, 13, 12, 15, 11, 18, 17, 20, 19, 16, 0]
Elapsed time: 30.545931816101074

i:0	85645.35547609886
i:50	64092.36413036822
i:100	64092.36413036822
i:150	64092.36413036822
i:200	64092.36413036822
i:250	64092.36413036822
i:300	64092.36413036822
i:350	64092.36413036822
i:400	64092.36413036822
i:450	64092.36413036822
i:500	64092.36413036822
i:550	64092.36413036822
i:600	64092.36413036822
i:650	64092.36413036822
best: 64092.36413036822
routes: [0, 26, 28, 27, 29, 30, 39, 36, 38, 37, 40, 32, 34, 35, 33, 31, 50, 49, 48, 47, 46, 0, 4, 5, 3, 1, 2, 44, 43, 45, 41, 42, 24, 25, 23, 21, 22, 9, 10, 8, 7, 6, 0, 11, 12, 15, 13, 14, 20, 18, 17, 19, 16, 0]
Elapsed time: 28.759154081344604

i:0	86978.92691561373
i:50	67290.12075397918
i:100	67290.12075397918
i:150	67290.12075397918
i:200	67290.12075397918
i:250	67290.12075397918
i:300	67290.12075397918
i:350	67290.12075397918
i:400	67290.12075397918
i:450	67290.12075397918
i:500	67290.12075397918
i:550	67290.12075397918
i:600	67290.12075397918
i:650	67290.12075397918
best: 67290.12075397918
routes: [0, 26, 28, 27, 29, 30, 39, 36, 38, 37, 40, 33, 31, 32, 34, 35, 50, 49, 48, 47, 46, 0, 8, 7, 9, 10, 6, 24, 25, 23, 22, 21, 45, 43, 41, 42, 44, 3, 1, 2, 4, 5, 0, 16, 20, 19, 18, 17, 14, 15, 13, 12, 11, 0]
Elapsed time: 27.240917921066284

i:0	487537.0396833859
i:50	65472.60136606521
i:100	65472.60136606521
i:150	65472.60136606521
i:200	65472.60136606521
i:250	65472.60136606521
i:300	65472.60136606521
i:350	65472.60136606521
i:400	65472.60136606521
i:450	65472.60136606521
i:500	65472.60136606521
i:550	65472.60136606521
i:600	65472.60136606521
i:650	65472.60136606521
best: 65472.60136606521
routes: [0, 26, 28, 27, 29, 30, 39, 36, 38, 37, 40, 32, 34, 35, 33, 31, 50, 49, 48, 47, 46, 0, 4, 1, 2, 5, 3, 44, 43, 45, 41, 42, 24, 21, 22, 25, 23, 6, 8, 7, 9, 10, 0, 13, 14, 11, 12, 15, 20, 18, 17, 19, 16, 0]
Elapsed time: 28.30399990081787

i:0	92743.04901180678
i:50	65577.46304224174
i:100	65329.403856742094
i:150	65329.403856742094
i:200	64792.22223722805
i:250	64792.22223722805
i:300	64792.22223722805
i:350	64792.22223722805
i:400	64792.22223722805
i:450	64792.22223722805
i:500	64792.22223722805
i:550	64792.22223722805
i:600	64792.22223722805
i:650	64792.22223722805
best: 64792.22223722805
routes: [0, 49, 50, 48, 47, 46, 34, 35, 33, 32, 31, 40, 38, 37, 39, 36, 29, 30, 28, 27, 26, 0, 4, 5, 3, 1, 2, 44, 43, 45, 41, 42, 24, 25, 23, 21, 22, 9, 10, 8, 7, 6, 0, 12, 15, 13, 14, 11, 18, 17, 20, 19, 16, 0]
Elapsed time: 38.939518213272095

i:0	292229.400336832
i:50	63883.55151340578
i:100	63883.55151340578
i:150	63883.55151340578
i:200	63883.55151340578
i:250	63883.55151340578
i:300	63883.55151340578
i:350	63883.55151340578
i:400	63883.55151340578
i:450	63883.55151340578
i:500	63883.55151340578
i:550	63883.55151340578
i:600	63883.55151340578
i:650	63883.55151340578
best: 63883.55151340578
routes: [0, 8, 7, 9, 10, 6, 25, 23, 22, 24, 21, 41, 42, 45, 43, 44, 1, 2, 5, 3, 4, 0, 26, 28, 27, 29, 30, 39, 36, 38, 37, 40, 31, 32, 34, 35, 33, 50, 49, 48, 47, 46, 0, 11, 12, 15, 13, 14, 20, 18, 17, 19, 16, 0]
Elapsed time: 28.601001501083374

i:0	87970.24937788397
i:50	66490.62734838012
i:100	66490.62734838012
i:150	66490.62734838012
i:200	66490.62734838012
i:250	66490.62734838012
i:300	66490.62734838012
i:350	66490.62734838012
i:400	66490.62734838012
i:450	66490.62734838012
i:500	66490.62734838012
i:550	66490.62734838012
i:600	66490.62734838012
i:650	66490.62734838012
best: 66490.62734838012
routes: [0, 49, 50, 48, 47, 46, 33, 34, 31, 32, 35, 40, 38, 37, 39, 36, 28, 27, 29, 30, 26, 0, 8, 7, 9, 10, 6, 25, 23, 22, 24, 21, 41, 42, 45, 43, 44, 3, 1, 2, 4, 5, 0, 13, 14, 11, 12, 15, 20, 18, 17, 19, 16, 0]
Elapsed time: 32.44428515434265

i:0	291354.5624087176
i:50	64824.51334521263
i:100	64824.51334521263
i:150	64824.51334521263
i:200	64824.51334521263
i:250	64824.51334521263
i:300	64824.51334521263
i:350	64824.51334521263
i:400	64824.51334521263
i:450	64824.51334521263
i:500	64824.51334521263
i:550	64824.51334521263
i:600	64824.51334521263
i:650	64824.51334521263
best: 64824.51334521263
routes: [0, 1, 2, 4, 3, 5, 44, 43, 42, 45, 41, 21, 22, 24, 25, 23, 6, 8, 7, 9, 10, 0, 26, 28, 27, 29, 30, 39, 36, 38, 37, 40, 32, 34, 35, 33, 31, 50, 49, 48, 47, 46, 0, 11, 12, 15, 13, 14, 20, 18, 17, 19, 16, 0]
Elapsed time: 30.865427494049072

i:0	286806.5374062461
i:50	67684.99906423296
i:100	67684.99906423296
i:150	67684.99906423296
i:200	67684.99906423296
i:250	67684.99906423296
i:300	67684.99906423296
i:350	67684.99906423296
i:400	67684.99906423296
i:450	67684.99906423296
i:500	67684.99906423296
i:550	67684.99906423296
i:600	67684.99906423296
i:650	67684.99906423296
best: 67684.99906423296
routes: [0, 1, 2, 4, 3, 5, 44, 43, 42, 45, 41, 24, 23, 21, 22, 25, 9, 10, 8, 7, 6, 0, 26, 28, 27, 29, 30, 39, 36, 38, 37, 40, 32, 34, 35, 33, 31, 50, 49, 48, 47, 46, 0, 12, 15, 13, 14, 11, 18, 17, 20, 19, 16, 0]
Elapsed time: 29.372009992599487

mean: 65588.05034502255
std: 1203.993689714099
mean-time: 30.752157759666442
std-time: 3.18839381420675