i:0	64241.78732141694
i:50	52184.25926231145
i:100	51529.574854003746
i:150	51392.4972792217
i:200	50517.690078050495
i:250	50451.53148237438
i:300	50133.19127049422
i:350	50133.19127049422
i:400	49860.16664033344
i:450	49860.16664033344
i:500	49414.79200914092
i:550	49025.874290565
i:600	48833.066442663156
i:650	48833.066442663156
best: 48833.066442663156
routes: [0, 50, 44, 46, 49, 45, 43, 42, 41, 47, 48, 21, 24, 26, 29, 30, 27, 25, 22, 23, 28, 11, 13, 12, 15, 17, 19, 20, 18, 16, 14, 0, 4, 5, 6, 10, 9, 7, 8, 2, 3, 1, 31, 33, 35, 38, 37, 39, 40, 36, 34, 32, 0]
Elapsed time: 211.87360095977783

i:0	64150.21557764908
i:50	51205.88773793004
i:100	50246.36436189327
i:150	49818.88049960931
i:200	49024.37691499882
i:250	48113.25313552059
i:300	48081.98878934437
i:350	48081.98878934437
i:400	47863.60525108117
i:450	47789.836203191764
i:500	47664.47795760646
i:550	47574.36883813956
i:600	47437.08649232393
i:650	46999.028278096186
best: 46999.028278096186
routes: [0, 23, 24, 26, 29, 30, 28, 27, 25, 22, 21, 48, 47, 41, 42, 43, 45, 46, 49, 50, 44, 9, 10, 7, 8, 2, 1, 3, 6, 5, 4, 0, 12, 13, 15, 17, 19, 20, 18, 16, 14, 11, 31, 32, 33, 34, 35, 38, 37, 36, 39, 40, 0]
Elapsed time: 212.37574195861816

i:0	63029.67217918503
i:50	51961.007445291776
i:100	51410.4687327204
i:150	51069.4410740617
i:200	50495.83652151267
i:250	49766.40637118599
i:300	49766.40637118599
i:350	48741.04110822444
i:400	48717.04002210875
i:450	48717.04002210875
i:500	48070.45272080014
i:550	47387.13331316333
i:600	47185.720798696944
i:650	47050.74124420417
best: 47050.74124420417
routes: [0, 4, 3, 6, 5, 10, 9, 7, 8, 2, 1, 31, 32, 33, 34, 35, 38, 37, 36, 39, 40, 0, 50, 44, 46, 49, 45, 43, 42, 41, 47, 48, 21, 22, 23, 25, 24, 26, 29, 30, 27, 28, 11, 13, 12, 15, 17, 19, 20, 18, 16, 14, 0]
Elapsed time: 224.13330459594727

i:0	69485.90749122904
i:50	51898.05392838935
i:100	50945.381378955106
i:150	50827.9445261956
i:200	50657.81531404697
i:250	50544.13006253905
i:300	50346.3817027904
i:350	50126.126741772234
i:400	49663.6554446625
i:450	48747.72489680146
i:500	48747.72489680146
i:550	48349.20078163057
i:600	47991.270464210116
i:650	47290.00130462767
best: 47290.00130462767
routes: [0, 4, 3, 1, 2, 8, 6, 5, 10, 7, 9, 50, 44, 46, 49, 45, 43, 42, 41, 47, 48, 21, 24, 26, 29, 30, 28, 27, 25, 23, 22, 0, 12, 13, 15, 17, 19, 20, 18, 16, 14, 11, 31, 32, 33, 34, 35, 38, 37, 36, 39, 40, 0]
Elapsed time: 222.98767399787903

i:0	66290.41133041163
i:50	50847.062670687694
i:100	49697.67463662142
i:150	48766.085705923004
i:200	48414.30276721904
i:250	48157.638111407825
i:300	48157.638111407825
i:350	48157.638111407825
i:400	48078.66248761884
i:450	47930.148317433544
i:500	47913.459981862004
i:550	47278.62067978336
i:600	47278.62067978336
i:650	47278.62067978336
best: 47278.62067978336
routes: [0, 12, 13, 15, 17, 19, 20, 18, 16, 14, 11, 31, 32, 33, 34, 35, 38, 37, 36, 39, 40, 0, 23, 24, 26, 29, 30, 28, 27, 25, 22, 21, 48, 47, 41, 42, 45, 43, 44, 46, 49, 50, 8, 2, 1, 3, 6, 7, 9, 10, 5, 4, 0]
Elapsed time: 214.8456130027771

i:0	69516.77924752653
i:50	51103.37422999896
i:100	49648.36146657667
i:150	49648.36146657667
i:200	49568.82483677421
i:250	49518.53394851008
i:300	49518.53394851008
i:350	49382.77458737534
i:400	48861.99845990752
i:450	48269.14741727081
i:500	48031.587340811646
i:550	47803.332352029785
i:600	47532.758880188616
i:650	47395.14443216157
best: 47395.14443216157
routes: [0, 11, 13, 15, 17, 19, 20, 18, 16, 14, 12, 23, 24, 26, 29, 30, 28, 27, 25, 22, 21, 48, 47, 41, 42, 43, 45, 46, 49, 50, 44, 0, 4, 5, 6, 7, 10, 9, 8, 2, 3, 1, 31, 32, 33, 34, 35, 38, 36, 37, 39, 40, 0]
Elapsed time: 220.97928619384766

i:0	67738.9985843539
i:50	50609.831275194374
i:100	49145.27984045567
i:150	49046.14078852802
i:200	48348.423899942805
i:250	48348.423899942805
i:300	48324.4228138271
i:350	48171.61520248256
i:400	47866.8136061742
i:450	47669.70934906397
i:500	47611.719960621806
i:550	47570.88188612524
i:600	47570.88188612524
i:650	47348.51159998913
best: 47348.51159998913
routes: [0, 4, 2, 8, 9, 7, 10, 5, 6, 3, 1, 31, 32, 33, 34, 35, 38, 37, 36, 39, 40, 0, 50, 44, 46, 49, 45, 43, 42, 41, 47, 48, 21, 22, 23, 25, 24, 26, 29, 30, 27, 28, 19, 20, 18, 17, 15, 16, 14, 11, 13, 12, 0]
Elapsed time: 215.40223336219788

i:0	67217.52891164478
i:50	50841.5198976377
i:100	50184.563372294564
i:150	50184.563372294564
i:200	49783.07076121164
i:250	49450.443763445095
i:300	49149.47753767814
i:350	49068.24725170371
i:400	48654.34861334586
i:450	47824.05463748854
i:500	47521.7375379933
i:550	47450.803084562336
i:600	47217.70380682346
i:650	46668.68809423319
best: 46668.68809423319
routes: [0, 4, 5, 10, 6, 3, 1, 2, 8, 7, 9, 50, 44, 46, 49, 45, 43, 42, 41, 47, 48, 21, 22, 23, 25, 27, 24, 26, 29, 30, 28, 0, 12, 15, 17, 19, 20, 18, 16, 14, 13, 11, 39, 40, 36, 37, 38, 35, 34, 33, 31, 32, 0]
Elapsed time: 215.742769241333

i:0	69525.36232674922
i:50	51642.12145268629
i:100	49633.336793637696
i:150	49323.75229509053
i:200	49323.75229509053
i:250	48143.385961134074
i:300	48143.385961134074
i:350	47485.47963368734
i:400	47202.29719647241
i:450	47142.71314710971
i:500	46680.11716224767
i:550	46300.277458603916
i:600	46072.9442337699
i:650	46072.9442337699
best: 46072.9442337699
routes: [0, 23, 22, 25, 27, 29, 30, 28, 26, 24, 21, 47, 41, 42, 43, 45, 48, 46, 49, 50, 44, 8, 7, 9, 10, 5, 6, 2, 1, 3, 4, 0, 11, 13, 12, 15, 17, 19, 20, 18, 16, 14, 39, 40, 36, 37, 38, 35, 34, 33, 31, 32, 0]
Elapsed time: 213.86376881599426

i:0	66320.31011658846
i:50	48183.08604746073
i:100	48073.229834160185
i:150	47847.58469529
i:200	47847.58469529
i:250	47847.58469529
i:300	47847.58469529
i:350	47839.071925619035
i:400	47839.071925619035
i:450	47610.60727784467
i:500	47321.07629689948
i:550	47293.74932066011
i:600	47293.74932066011
i:650	47293.74932066011
best: 47281.7503182059
routes: [0, 11, 12, 13, 15, 17, 19, 20, 18, 16, 14, 31, 32, 33, 34, 35, 38, 37, 36, 39, 40, 0, 23, 22, 25, 27, 29, 30, 28, 26, 24, 21, 49, 50, 46, 44, 43, 45, 42, 41, 47, 48, 9, 10, 5, 6, 7, 8, 2, 1, 3, 4, 0]
Elapsed time: 215.5096719264984

mean: 47221.84966277342
std: 660.1854576173417
mean-time: 216.77136640548707
std-time: 4.129695919470026