i:0	67356.73995519872
i:50	53471.63372210944
i:100	52824.55618277083
i:150	52659.32010585087
i:200	52268.864507246995
i:250	52203.56212069314
i:300	51941.7620130429
i:350	51873.68266732218
i:400	51122.606208661455
i:450	50599.835840723244
i:500	49879.00422021575
i:550	49876.40392290718
i:600	49710.03844455244
i:650	49710.03844455244
best: 49710.03844455244
routes: [0, 23, 24, 26, 29, 30, 28, 27, 25, 22, 21, 47, 48, 45, 42, 41, 43, 44, 46, 49, 50, 0, 4, 3, 6, 5, 10, 9, 7, 8, 2, 1, 31, 32, 33, 34, 35, 38, 36, 37, 39, 40, 0, 11, 13, 15, 17, 19, 20, 18, 16, 14, 12, 0]
Elapsed time: 209.60988521575928

i:0	67281.83678721718
i:50	52925.88191987293
i:100	52032.378145828756
i:150	51690.42151386845
i:200	51515.15202247184
i:250	51117.329353360175
i:300	51114.661099994424
i:350	51091.96964326141
i:400	50939.86096403278
i:450	50937.20909253135
i:500	50407.235961590864
i:550	50327.78624886962
i:600	50327.78624886962
i:650	50079.96527157954
best: 50079.96527157954
routes: [0, 50, 46, 49, 44, 43, 45, 42, 41, 47, 48, 21, 24, 26, 29, 30, 27, 25, 22, 23, 28, 0, 11, 13, 12, 15, 17, 19, 20, 18, 16, 14, 39, 40, 36, 37, 38, 35, 34, 33, 31, 32, 0, 5, 6, 10, 9, 7, 8, 2, 1, 3, 4, 0]
Elapsed time: 206.40153193473816

i:0	66669.84840046165
i:50	53261.785159836814
i:100	52481.787328818406
i:150	51438.89990372037
i:200	51218.92279130953
i:250	51197.93931784561
i:300	50818.499286453974
i:350	50363.468544682604
i:400	50363.468544682604
i:450	50143.38353648782
i:500	49738.89596119459
i:550	49727.91471429869
i:600	49727.91471429869
i:650	49727.91471429869
best: 49505.75759360628
routes: [0, 23, 24, 26, 29, 30, 28, 27, 25, 22, 21, 48, 47, 41, 42, 43, 45, 46, 49, 50, 44, 0, 4, 5, 6, 7, 10, 9, 8, 2, 3, 1, 31, 32, 33, 34, 35, 38, 36, 37, 39, 40, 0, 11, 13, 12, 15, 17, 19, 20, 18, 16, 14, 0]
Elapsed time: 205.96196460723877

i:0	71214.00077577475
i:50	55045.16172519828
i:100	54706.00818207108
i:150	53489.58794020889
i:200	53489.58794020889
i:250	51668.62957149159
i:300	51179.955303398616
i:350	50941.9691447676
i:400	50468.88989760706
i:450	50450.95194908093
i:500	50409.025203903024
i:550	50005.03588956264
i:600	49937.786837780455
i:650	49937.786837780455
best: 49888.97501865589
routes: [0, 11, 13, 12, 16, 15, 17, 19, 20, 18, 14, 39, 40, 36, 37, 38, 35, 34, 33, 31, 32, 0, 50, 46, 49, 44, 43, 45, 42, 41, 47, 48, 21, 22, 23, 25, 24, 26, 29, 30, 27, 28, 0, 5, 6, 10, 9, 7, 8, 2, 1, 3, 4, 0]
Elapsed time: 214.2398600578308

i:0	64427.33083645595
i:50	53537.15769992843
i:100	52049.99103003921
i:150	50922.79695248705
i:200	50368.05224201033
i:250	50286.292554989595
i:300	49990.804919802584
i:350	49990.804919802584
i:400	49913.185276254015
i:450	49641.70281971684
i:500	49641.70281971684
i:550	49641.70281971684
i:600	49641.70281971684
i:650	49516.768868343446
best: 49516.768868343446
routes: [0, 23, 24, 26, 29, 30, 28, 27, 25, 22, 21, 48, 47, 41, 42, 43, 45, 46, 49, 50, 44, 0, 1, 3, 4, 6, 5, 10, 9, 7, 8, 2, 31, 32, 33, 34, 35, 38, 36, 37, 39, 40, 0, 11, 13, 12, 15, 17, 19, 20, 18, 16, 14, 0]
Elapsed time: 196.95754480361938

i:0	69742.71701297308
i:50	53580.16454410647
i:100	52687.00743184354
i:150	52687.00743184354
i:200	51928.874407738615
i:250	51716.86953513067
i:300	51011.17892257033
i:350	50989.32215003279
i:400	50408.2331088706
i:450	49979.42906991873
i:500	49837.58950458382
i:550	49837.58950458382
i:600	49837.58950458382
i:650	49615.432383891406
best: 49505.75759360628
routes: [0, 23, 24, 26, 29, 30, 28, 27, 25, 22, 21, 48, 47, 41, 42, 43, 45, 46, 49, 50, 44, 0, 4, 5, 6, 7, 10, 9, 8, 2, 3, 1, 31, 32, 33, 34, 35, 38, 36, 37, 39, 40, 0, 11, 13, 12, 15, 17, 19, 20, 18, 16, 14, 0]
Elapsed time: 206.2400608062744

i:0	67667.45057399696
i:50	53041.41812650267
i:100	52986.07327728689
i:150	51441.27228051635
i:200	51441.27228051635
i:250	50650.62564973361
i:300	50515.64609524083
i:350	50149.32903344507
i:400	49793.66531258949
i:450	49649.463461140025
i:500	49222.674184145966
i:550	49222.674184145966
i:600	49222.674184145966
i:650	49222.674184145966
best: 49222.674184145966
routes: [0, 23, 24, 26, 29, 30, 28, 27, 25, 22, 21, 48, 47, 41, 42, 43, 45, 46, 49, 50, 44, 0, 11, 13, 12, 15, 17, 19, 20, 18, 16, 14, 39, 40, 36, 37, 38, 35, 34, 33, 31, 32, 0, 3, 6, 5, 10, 9, 7, 8, 2, 1, 4, 0]
Elapsed time: 198.3805480003357

i:0	66370.1301574064
i:50	53682.76383699236
i:100	52496.72217733355
i:150	51474.07497650672
i:200	51230.22138090108
i:250	50915.897053338726
i:300	50539.03278203988
i:350	50531.39111875088
i:400	50233.49716344624
i:450	50076.65568415217
i:500	49878.99557123101
i:550	49596.52411599181
i:600	49596.52411599181
i:650	49596.52411599181
best: 49596.52411599181
routes: [0, 23, 22, 25, 27, 29, 30, 28, 26, 24, 21, 47, 41, 42, 43, 45, 48, 46, 49, 50, 44, 0, 4, 5, 6, 7, 10, 9, 8, 2, 3, 1, 31, 32, 33, 34, 35, 38, 36, 37, 39, 40, 0, 11, 13, 12, 15, 17, 19, 20, 18, 16, 14, 0]
Elapsed time: 203.72905588150024

i:0	64946.34933367407
i:50	53587.64032737451
i:100	53209.281306574405
i:150	53076.16319401016
i:200	51588.15551545128
i:250	51588.15551545128
i:300	51569.05457454863
i:350	51144.614666300986
i:400	50893.33327700595
i:450	50274.02436712023
i:500	49604.06914136844
i:550	49604.06914136844
i:600	49604.06914136844
i:650	49376.73591653442
best: 49261.4175799216
routes: [0, 23, 22, 25, 27, 29, 30, 28, 26, 24, 21, 46, 44, 43, 42, 41, 47, 48, 45, 49, 50, 0, 11, 13, 12, 15, 17, 19, 20, 18, 16, 14, 39, 40, 36, 37, 38, 35, 34, 33, 31, 32, 0, 1, 2, 8, 7, 9, 10, 5, 6, 3, 4, 0]
Elapsed time: 205.89056301116943

i:0	67083.17200910483
i:50	51162.80643904722
i:100	50241.30256476563
i:150	50241.30256476563
i:200	50150.573167520415
i:250	49888.773059870175
i:300	49888.773059870175
i:350	49847.8817627014
i:400	49762.46717493161
i:450	49673.83551225997
i:500	49539.63623217594
i:550	49304.789696048756
i:600	49304.789696048756
i:650	49304.789696048756
best: 49304.789696048756
routes: [0, 4, 3, 6, 5, 10, 9, 7, 8, 2, 1, 31, 32, 33, 34, 35, 38, 36, 37, 39, 40, 0, 23, 22, 25, 27, 29, 30, 28, 26, 24, 21, 48, 47, 41, 42, 43, 45, 46, 49, 50, 44, 0, 11, 13, 12, 15, 17, 19, 20, 18, 16, 14, 0]
Elapsed time: 201.3314974308014

mean: 49559.2668366452
std: 260.4331952857572
mean-time: 204.87425117492677
std-time: 4.850359670011158