i:0	77390.82577738841
i:50	54201.07288785168
i:100	54201.07288785168
i:150	54201.07288785168
i:200	54201.07288785168
i:250	54201.07288785168
i:300	54201.07288785168
i:350	54201.07288785168
i:400	54201.07288785168
i:450	54201.07288785168
i:500	54201.07288785168
i:550	54201.07288785168
i:600	54201.07288785168
i:650	54201.07288785168
best: 54201.07288785168
routes: [0, 5, 1, 2, 4, 3, 27, 26, 30, 29, 28, 39, 37, 36, 40, 38, 33, 32, 31, 34, 35, 48, 47, 49, 50, 46, 0, 45, 41, 44, 43, 42, 21, 24, 25, 23, 22, 7, 9, 8, 10, 6, 11, 12, 14, 13, 15, 17, 16, 20, 19, 18, 0]
Elapsed time: 39.29134941101074

i:0	95882.46949447869
i:50	56276.405805062335
i:100	56276.405805062335
i:150	55739.791775652295
i:200	55288.483295549275
i:250	55288.483295549275
i:300	55288.483295549275
i:350	55288.483295549275
i:400	55288.483295549275
i:450	55288.483295549275
i:500	55288.483295549275
i:550	55288.483295549275
i:600	55288.483295549275
i:650	55288.483295549275
best: 55288.483295549275
routes: [0, 19, 20, 18, 17, 16, 15, 13, 11, 12, 14, 6, 8, 10, 9, 7, 23, 25, 22, 21, 24, 4, 3, 2, 5, 1, 0, 45, 41, 44, 43, 42, 27, 26, 30, 29, 28, 39, 40, 38, 37, 36, 33, 32, 31, 34, 35, 48, 47, 49, 50, 46, 0]
Elapsed time: 57.25312423706055

i:0	77490.6328968289
i:50	55536.85656910564
i:100	55536.85656910564
i:150	55536.85656910564
i:200	55536.85656910564
i:250	55536.85656910564
i:300	55536.85656910564
i:350	55536.85656910564
i:400	55536.85656910564
i:450	55536.85656910564
i:500	55536.85656910564
i:550	55536.85656910564
i:600	55536.85656910564
i:650	55536.85656910564
best: 55536.85656910564
routes: [0, 46, 48, 47, 49, 50, 34, 35, 33, 32, 31, 40, 38, 37, 39, 36, 28, 30, 29, 27, 26, 45, 41, 44, 43, 42, 0, 1, 2, 4, 3, 5, 23, 25, 22, 21, 24, 7, 9, 8, 10, 6, 11, 12, 14, 13, 15, 17, 16, 20, 19, 18, 0]
Elapsed time: 44.09566640853882

i:0	79798.68601900197
i:50	54765.546386148155
i:100	54765.546386148155
i:150	54765.546386148155
i:200	54765.546386148155
i:250	54765.546386148155
i:300	54765.546386148155
i:350	54765.546386148155
i:400	54765.546386148155
i:450	54765.546386148155
i:500	54765.546386148155
i:550	54765.546386148155
i:600	54765.546386148155
i:650	54765.546386148155
best: 54765.546386148155
routes: [0, 19, 18, 17, 20, 16, 15, 13, 11, 12, 14, 6, 8, 10, 9, 7, 23, 25, 22, 24, 21, 43, 42, 45, 41, 44, 4, 3, 2, 5, 1, 0, 46, 48, 47, 49, 50, 34, 35, 33, 32, 31, 40, 38, 37, 39, 36, 28, 30, 29, 27, 26, 0]
Elapsed time: 44.407119274139404

i:0	83499.27225165808
i:50	54673.89895120451
i:100	54673.89895120451
i:150	54673.89895120451
i:200	54673.89895120451
i:250	54673.89895120451
i:300	54673.89895120451
i:350	54673.89895120451
i:400	54673.89895120451
i:450	54673.89895120451
i:500	54673.89895120451
i:550	54673.89895120451
i:600	54673.89895120451
i:650	54673.89895120451
best: 54673.89895120451
routes: [0, 46, 48, 47, 49, 50, 34, 35, 33, 32, 31, 40, 38, 37, 39, 36, 28, 30, 29, 27, 26, 3, 4, 5, 1, 2, 0, 45, 41, 44, 43, 42, 21, 24, 25, 23, 22, 7, 9, 8, 10, 6, 11, 12, 14, 13, 15, 17, 16, 20, 19, 18, 0]
Elapsed time: 42.67582106590271

i:0	91999.85351230403
i:50	55361.76789575098
i:100	55361.76789575098
i:150	55359.38617924937
i:200	55359.38617924937
i:250	55134.42578731688
i:300	55134.42578731688
i:350	55134.42578731688
i:400	55134.42578731688
i:450	55134.42578731688
i:500	55134.42578731688
i:550	55134.42578731688
i:600	55134.42578731688
i:650	55134.42578731688
best: 55134.42578731688
routes: [0, 19, 18, 17, 20, 16, 15, 13, 11, 12, 14, 6, 8, 10, 9, 7, 23, 25, 22, 21, 24, 4, 3, 5, 2, 1, 0, 45, 43, 42, 41, 44, 27, 26, 30, 29, 28, 39, 40, 38, 37, 36, 33, 32, 31, 34, 35, 48, 47, 49, 50, 46, 0]
Elapsed time: 46.507205963134766

i:0	88807.19086810868
i:50	55349.060103868
i:100	55349.060103868
i:150	55349.060103868
i:200	55349.060103868
i:250	55349.060103868
i:300	55349.060103868
i:350	55349.060103868
i:400	55349.060103868
i:450	55349.060103868
i:500	55349.060103868
i:550	55349.060103868
i:600	55349.060103868
i:650	55349.060103868
best: 55349.060103868
routes: [0, 45, 41, 44, 43, 42, 27, 26, 30, 29, 28, 39, 40, 38, 37, 36, 33, 32, 31, 34, 35, 48, 47, 49, 50, 46, 0, 18, 17, 19, 20, 16, 15, 13, 11, 12, 14, 6, 8, 10, 9, 7, 25, 23, 24, 21, 22, 5, 1, 4, 3, 2, 0]
Elapsed time: 79.83036613464355

i:0	82349.42491695713
i:50	56377.60915079496
i:100	56377.60915079496
i:150	56377.60915079496
i:200	56377.60915079496
i:250	56377.60915079496
i:300	56377.60915079496
i:350	56377.60915079496
i:400	56377.60915079496
i:450	56377.60915079496
i:500	56377.60915079496
i:550	56377.60915079496
i:600	56377.60915079496
i:650	56377.60915079496
best: 56377.60915079496
routes: [0, 27, 29, 30, 26, 28, 39, 37, 36, 38, 40, 33, 32, 31, 34, 35, 48, 47, 49, 50, 46, 0, 19, 18, 17, 20, 16, 15, 13, 11, 12, 14, 6, 8, 10, 9, 7, 23, 25, 22, 24, 21, 43, 42, 45, 41, 44, 4, 3, 2, 5, 1, 0]
Elapsed time: 42.56736469268799

i:0	81888.98006825222
i:50	57766.677544330014
i:100	56779.55886140921
i:150	56779.55886140921
i:200	56779.55886140921
i:250	56779.55886140921
i:300	56779.55886140921
i:350	56779.55886140921
i:400	56779.55886140921
i:450	56779.55886140921
i:500	56779.55886140921
i:550	56779.55886140921
i:600	56779.55886140921
i:650	56779.55886140921
best: 56779.55886140921
routes: [0, 23, 22, 21, 24, 25, 45, 43, 42, 41, 44, 39, 40, 38, 37, 36, 28, 30, 29, 27, 26, 3, 4, 5, 1, 2, 0, 46, 48, 47, 49, 50, 34, 35, 33, 31, 32, 19, 18, 17, 20, 16, 15, 13, 11, 12, 14, 8, 7, 9, 10, 6, 0]
Elapsed time: 51.2800076007843

i:0	81451.53505813071
i:50	54481.181572381785
i:100	54481.181572381785
i:150	54481.181572381785
i:200	54481.181572381785
i:250	54481.181572381785
i:300	54481.181572381785
i:350	54481.181572381785
i:400	54481.181572381785
i:450	54481.181572381785
i:500	54481.181572381785
i:550	54481.181572381785
i:600	54481.181572381785
i:650	54481.181572381785
best: 54481.181572381785
routes: [0, 45, 41, 44, 43, 42, 27, 26, 30, 29, 28, 39, 40, 38, 37, 36, 33, 32, 31, 34, 35, 48, 47, 49, 50, 46, 0, 19, 18, 17, 20, 16, 15, 13, 11, 12, 14, 6, 8, 10, 9, 7, 23, 25, 22, 21, 24, 5, 1, 4, 3, 2, 0]
Elapsed time: 44.20650100708008

mean: 55258.76935656301
std: 772.9902478725247
mean-time: 49.21145257949829
std-time: 11.2842699227044