i:0	66879.36120745729
i:50	52033.69694984454
i:100	51876.47929124693
i:150	51140.52717082342
i:200	51140.52717082342
i:250	50959.09304969642
i:300	50493.51050163171
i:350	50348.60717459829
i:400	49123.26436215027
i:450	48954.88694076811
i:500	48819.95036752565
i:550	48779.449417337084
i:600	48779.449417337084
i:650	48779.449417337084
best: 48779.449417337084
routes: [0, 24, 25, 27, 29, 30, 26, 22, 21, 23, 28, 39, 40, 36, 37, 34, 31, 32, 33, 35, 38, 0, 41, 42, 43, 44, 45, 46, 47, 48, 49, 50, 11, 19, 20, 15, 16, 17, 18, 14, 13, 12, 0, 1, 2, 3, 5, 4, 7, 9, 10, 8, 6, 0]
Elapsed time: 206.71980810165405

i:0	70209.64400114847
i:50	53151.28797759665
i:100	52046.65319780365
i:150	51049.3100838
i:200	50801.95896670501
i:250	50222.98300876562
i:300	50130.918176109626
i:350	49980.24973477176
i:400	49793.457302875366
i:450	49697.3640429696
i:500	49446.55358774916
i:550	48660.89773470663
i:600	48660.89773470663
i:650	48660.89773470663
best: 48660.89773470663
routes: [0, 21, 22, 23, 26, 24, 25, 27, 29, 30, 28, 39, 40, 36, 37, 34, 31, 32, 33, 35, 38, 0, 13, 14, 12, 17, 15, 16, 20, 19, 18, 11, 50, 49, 47, 48, 46, 45, 44, 43, 41, 42, 0, 1, 2, 3, 5, 4, 7, 9, 10, 8, 6, 0]
Elapsed time: 208.88798141479492

i:0	72225.13788140826
i:50	53306.81721972634
i:100	51452.210567847564
i:150	50841.94158737344
i:200	50701.551207176686
i:250	50235.94056289524
i:300	49631.85267719736
i:350	49475.874902875796
i:400	49146.67304058809
i:450	49054.62157646667
i:500	49054.62157646667
i:550	49054.62157646667
i:600	49054.62157646667
i:650	49054.62157646667
best: 49054.62157646667
routes: [0, 36, 34, 31, 32, 33, 35, 38, 37, 39, 40, 28, 30, 29, 27, 24, 25, 26, 23, 21, 22, 0, 41, 42, 43, 44, 45, 46, 47, 48, 49, 50, 11, 19, 18, 20, 15, 16, 17, 12, 13, 14, 0, 1, 2, 3, 5, 4, 7, 9, 10, 8, 6, 0]
Elapsed time: 202.05404448509216

i:0	68957.55821082975
i:50	53295.57630104082
i:100	51337.54535025004
i:150	51044.91599036837
i:200	50450.01569294264
i:250	50450.01569294264
i:300	49511.639878844515
i:350	49498.63752285799
i:400	49186.4155460087
i:450	49186.4155460087
i:500	49186.4155460087
i:550	49186.4155460087
i:600	48128.777412153824
i:650	47320.03042503672
best: 47320.03042503672
routes: [0, 41, 42, 43, 44, 45, 46, 47, 48, 49, 50, 11, 19, 20, 15, 16, 17, 18, 14, 13, 12, 0, 21, 22, 23, 26, 24, 25, 27, 29, 30, 28, 36, 34, 31, 32, 33, 35, 38, 37, 39, 40, 0, 1, 2, 3, 5, 4, 7, 9, 10, 8, 6, 0]
Elapsed time: 198.84611320495605

i:0	70464.17572363807
i:50	52315.5445829965
i:100	51956.7844599841
i:150	51070.85683462456
i:200	50812.85072217124
i:250	50321.863901539284
i:300	50321.863901539284
i:350	50153.48648015713
i:400	50079.73693520298
i:450	49949.072521457434
i:500	49940.33326271251
i:550	49902.68265372037
i:600	49760.71588229059
i:650	49737.83533076052
best: 49343.797734094805
routes: [0, 41, 42, 43, 44, 45, 46, 47, 48, 49, 50, 11, 13, 14, 18, 19, 20, 15, 16, 17, 12, 0, 36, 37, 34, 31, 32, 33, 35, 38, 40, 39, 28, 30, 29, 27, 24, 25, 26, 23, 21, 22, 0, 1, 2, 3, 5, 4, 7, 9, 10, 8, 6, 0]
Elapsed time: 206.3715136051178

i:0	65840.94351862257
i:50	51582.54554352132
i:100	51410.840760188636
i:150	51318.644622188425
i:200	51224.551907270215
i:250	50963.17572121462
i:300	50934.263462234696
i:350	50934.263462234696
i:400	48947.54495453065
i:450	48840.69182443302
i:500	48376.1265478925
i:550	47778.31112997508
i:600	47778.31112997508
i:650	47778.31112997508
best: 47778.31112997508
routes: [0, 21, 22, 23, 26, 24, 25, 27, 29, 30, 28, 39, 40, 36, 37, 34, 31, 32, 33, 35, 38, 0, 41, 42, 43, 44, 45, 46, 47, 48, 49, 50, 11, 19, 20, 15, 16, 17, 18, 14, 13, 12, 0, 1, 2, 3, 5, 4, 7, 9, 10, 8, 6, 0]
Elapsed time: 207.84175300598145

i:0	68423.50436617213
i:50	49594.46041609421
i:100	49303.73335224016
i:150	48773.37641716005
i:200	48773.37641716005
i:250	48505.53372171178
i:300	48391.929769190174
i:350	48175.17595884774
i:400	47972.993326114134
i:450	47972.993326114134
i:500	47914.75533361379
i:550	47914.75533361379
i:600	47914.75533361379
i:650	47901.45867579056
best: 47901.45867579056
routes: [0, 41, 42, 43, 44, 45, 46, 47, 48, 49, 50, 11, 19, 20, 15, 16, 17, 18, 14, 13, 12, 0, 21, 22, 23, 26, 24, 25, 27, 29, 30, 28, 39, 37, 34, 36, 31, 32, 33, 35, 38, 40, 0, 1, 3, 5, 8, 6, 10, 9, 7, 4, 2, 0]
Elapsed time: 200.9488570690155

i:0	71250.31333387058
i:50	52541.43998534413
i:100	50346.94559290198
i:150	48898.96474734668
i:200	48836.1569419365
i:250	48367.441969666725
i:300	48048.25746375443
i:350	48048.25746375443
i:400	47861.01460360129
i:450	47861.01460360129
i:500	47647.701886664334
i:550	47600.6827661099
i:600	47600.6827661099
i:650	47600.6827661099
best: 47600.6827661099
routes: [0, 41, 42, 43, 44, 45, 46, 47, 48, 49, 50, 11, 13, 14, 18, 19, 20, 15, 16, 17, 12, 0, 21, 22, 23, 26, 24, 25, 27, 29, 30, 28, 36, 34, 31, 32, 33, 35, 38, 37, 39, 40, 0, 1, 2, 3, 5, 4, 7, 9, 10, 8, 6, 0]
Elapsed time: 197.89733934402466

i:0	65720.56253826103
i:50	52199.14080296929
i:100	51696.21902000441
i:150	49749.279091086944
i:200	49749.279091086944
i:250	49502.44182444895
i:300	49502.44182444895
i:350	49408.056630626066
i:400	49242.33143028802
i:450	49230.0590998977
i:500	49230.0590998977
i:550	49054.62157646667
i:600	49054.62157646667
i:650	49054.62157646667
best: 48549.85325310601
routes: [0, 41, 42, 43, 44, 45, 46, 47, 48, 49, 50, 11, 19, 18, 20, 15, 16, 17, 12, 13, 14, 0, 21, 23, 22, 27, 24, 25, 26, 29, 30, 28, 36, 34, 31, 32, 33, 35, 38, 37, 39, 40, 0, 1, 2, 3, 5, 4, 7, 9, 10, 8, 6, 0]
Elapsed time: 200.8397855758667

i:0	68380.0073767932
i:50	50839.47694327234
i:100	50049.50368745452
i:150	49186.36642275921
i:200	48461.4168116401
i:250	48429.76950497258
i:300	48376.97618925898
i:350	48247.08477517584
i:400	47966.883622966154
i:450	47866.470438510456
i:500	47774.41897438904
i:550	47774.41897438904
i:600	47774.41897438904
i:650	47774.41897438904
best: 47774.41897438904
routes: [0, 41, 42, 43, 44, 45, 46, 47, 48, 49, 50, 11, 19, 18, 20, 15, 16, 17, 12, 13, 14, 0, 21, 22, 23, 26, 25, 24, 27, 29, 30, 28, 36, 39, 37, 34, 31, 32, 33, 35, 38, 40, 0, 1, 2, 3, 5, 4, 7, 9, 10, 8, 6, 0]
Elapsed time: 198.17515206336975

mean: 48276.35216870125
std: 650.5794064578303
mean-time: 202.8582347869873
std-time: 3.9931644627256597