i:0	67267.94569106857
i:50	50128.42521670038
i:100	49851.7128581891
i:150	47916.17458142718
i:200	47916.17458142718
i:250	47713.00403799787
i:300	47713.00403799787
i:350	47547.70914981105
i:400	47272.088367620905
i:450	46929.977191810765
i:500	46805.543442809256
i:550	46449.66024486307
i:600	46316.29632845614
i:650	46243.269424938306
best: 46243.269424938306
routes: [0, 3, 1, 2, 4, 5, 8, 7, 9, 10, 6, 13, 12, 17, 16, 15, 20, 19, 18, 14, 11, 50, 49, 48, 47, 46, 45, 44, 43, 41, 42, 0, 21, 23, 22, 24, 25, 27, 26, 29, 30, 28, 39, 38, 35, 33, 32, 31, 34, 36, 37, 40, 0]
Elapsed time: 221.12494134902954

i:0	63221.106796643566
i:50	50848.54705540006
i:100	50673.01466996961
i:150	50146.02394475743
i:200	49420.6624162008
i:250	48563.20888269149
i:300	48497.740375338915
i:350	48497.740375338915
i:400	48350.739120952116
i:450	48350.739120952116
i:500	47675.12932754975
i:550	47667.51493181015
i:600	47615.30675491621
i:650	47615.30675491621
best: 47615.30675491621
routes: [0, 39, 40, 38, 35, 33, 32, 31, 34, 37, 36, 28, 30, 29, 27, 26, 23, 21, 22, 25, 24, 0, 1, 3, 6, 10, 8, 5, 2, 4, 7, 9, 12, 13, 14, 19, 20, 15, 16, 17, 18, 11, 50, 49, 48, 47, 46, 45, 44, 43, 41, 42, 0]
Elapsed time: 226.2166359424591

i:0	67974.90632833772
i:50	48055.00495962732
i:100	47839.56835955555
i:150	47797.218536286186
i:200	47363.07820291904
i:250	47193.56333857054
i:300	47193.56333857054
i:350	46847.157887763984
i:400	46572.293798356666
i:450	46572.293798356666
i:500	46511.65209307619
i:550	46493.80132093715
i:600	46493.80132093715
i:650	46493.80132093715
best: 46493.80132093715
routes: [0, 21, 22, 23, 26, 24, 25, 27, 29, 30, 28, 39, 37, 36, 34, 31, 32, 33, 35, 38, 40, 1, 3, 2, 4, 5, 7, 9, 10, 8, 6, 0, 13, 14, 12, 17, 16, 15, 20, 19, 18, 11, 50, 49, 48, 47, 46, 45, 44, 43, 41, 42, 0]
Elapsed time: 207.72987842559814

i:0	67543.88893973372
i:50	50571.29115584535
i:100	49787.591310835676
i:150	49673.9795703345
i:200	49155.85036007842
i:250	48176.189168729456
i:300	48122.57055762812
i:350	48122.57055762812
i:400	48049.64642044078
i:450	47986.12064848095
i:500	47637.34979982667
i:550	47637.34979982667
i:600	47637.34979982667
i:650	47637.34979982667
best: 47637.34979982667
routes: [0, 39, 37, 36, 34, 31, 32, 33, 35, 38, 40, 28, 30, 29, 27, 26, 25, 24, 23, 21, 22, 0, 1, 2, 4, 7, 9, 10, 8, 6, 3, 5, 13, 12, 17, 16, 15, 20, 19, 18, 14, 11, 50, 49, 48, 47, 46, 45, 44, 43, 41, 42, 0]
Elapsed time: 206.39133954048157

i:0	71639.81329561482
i:50	50223.0466691313
i:100	49396.43512601853
i:150	47962.93398827629
i:200	47701.49247954093
i:250	47701.49247954093
i:300	47645.26876077584
i:350	47294.34975386817
i:400	47266.387836906346
i:450	46805.30324207811
i:500	46590.04112063657
i:550	46179.89808133189
i:600	46102.273502681055
i:650	46102.273502681055
best: 46102.273502681055
routes: [0, 41, 42, 43, 44, 45, 47, 48, 49, 50, 46, 21, 22, 23, 26, 24, 25, 27, 29, 30, 28, 39, 40, 37, 36, 34, 31, 32, 33, 35, 38, 0, 11, 19, 20, 15, 16, 17, 18, 14, 13, 12, 3, 1, 2, 4, 5, 7, 9, 10, 8, 6, 0]
Elapsed time: 219.8423113822937

i:0	65937.74572088795
i:50	48601.64043113515
i:100	48462.317995880396
i:150	48240.763500081324
i:200	48240.763500081324
i:250	47904.844995961525
i:300	47681.17023050523
i:350	47517.19371480636
i:400	47517.19371480636
i:450	47279.72007170743
i:500	47203.19688417922
i:550	47141.96006325944
i:600	47120.16209142572
i:650	46969.85488921489
best: 46815.90612673054
routes: [0, 40, 38, 35, 33, 32, 31, 34, 37, 36, 39, 28, 30, 29, 27, 26, 25, 24, 22, 23, 21, 41, 42, 43, 44, 45, 47, 48, 49, 50, 46, 0, 11, 14, 13, 18, 19, 20, 16, 15, 17, 12, 6, 10, 9, 7, 8, 5, 4, 3, 1, 2, 0]
Elapsed time: 218.16959834098816

i:0	71627.57825461865
i:50	50094.82312716558
i:100	48899.20541155257
i:150	47864.51162197042
i:200	47523.60141723865
i:250	47205.62920309031
i:300	47205.62920309031
i:350	47139.700892211345
i:400	46888.632034517985
i:450	46587.299867247886
i:500	46299.29933359366
i:550	45840.328917468316
i:600	45708.37846620647
i:650	45696.88022380069
best: 45696.88022380069
routes: [0, 3, 1, 2, 4, 5, 7, 9, 10, 8, 6, 15, 16, 17, 20, 19, 18, 12, 13, 14, 11, 50, 49, 48, 47, 46, 45, 44, 43, 41, 42, 0, 21, 22, 23, 26, 24, 25, 27, 29, 30, 28, 39, 40, 37, 36, 34, 31, 32, 33, 35, 38, 0]
Elapsed time: 217.86329102516174

i:0	71641.35668610148
i:50	50274.85364003917
i:100	48998.340100797686
i:150	48478.79743839311
i:200	48260.076506294856
i:250	48260.076506294856
i:300	47687.167770875174
i:350	46857.051471961866
i:400	46709.62020280438
i:450	46702.005807064765
i:500	46669.37633264527
i:550	46668.85859319631
i:600	46375.892653871495
i:650	46359.34742508569
best: 46313.93902170398
routes: [0, 21, 22, 23, 26, 24, 25, 27, 29, 30, 28, 39, 37, 36, 34, 31, 32, 33, 35, 38, 40, 0, 6, 2, 1, 3, 4, 5, 8, 10, 7, 9, 15, 16, 20, 17, 19, 18, 12, 13, 14, 11, 50, 49, 48, 47, 46, 45, 44, 43, 41, 42, 0]
Elapsed time: 226.1184504032135

i:0	68666.8456197815
i:50	49293.8227225952
i:100	48663.17792217524
i:150	48351.06569495743
i:200	48301.88199215624
i:250	48090.32869119852
i:300	47882.48242299947
i:350	47882.48242299947
i:400	47087.056673038256
i:450	47087.056673038256
i:500	46471.562387284925
i:550	46471.562387284925
i:600	46471.562387284925
i:650	46471.562387284925
best: 46471.562387284925
routes: [0, 39, 40, 38, 35, 33, 32, 31, 34, 37, 36, 28, 30, 29, 27, 26, 25, 24, 22, 23, 21, 41, 42, 43, 44, 45, 47, 48, 49, 50, 46, 0, 11, 19, 20, 15, 16, 17, 18, 14, 13, 12, 3, 1, 2, 4, 5, 7, 9, 10, 8, 6, 0]
Elapsed time: 216.39451479911804

i:0	69092.69897504785
i:50	50175.49681639013
i:100	48747.44525238572
i:150	48437.69328060975
i:200	48094.35520283486
i:250	48094.35520283486
i:300	47998.54879821054
i:350	47544.061730023845
i:400	47544.061730023845
i:450	47401.31781882117
i:500	47035.29692508525
i:550	46586.26157200429
i:600	46586.26157200429
i:650	46586.26157200429
best: 46586.26157200429
routes: [0, 21, 22, 23, 26, 24, 25, 27, 29, 30, 28, 39, 40, 37, 36, 34, 31, 32, 33, 35, 38, 41, 42, 43, 44, 45, 47, 48, 49, 50, 46, 0, 11, 14, 13, 18, 19, 20, 16, 15, 17, 12, 6, 10, 9, 7, 8, 5, 4, 3, 1, 2, 0]
Elapsed time: 215.95284342765808

mean: 46597.65501348239
std: 587.6998031905956
mean-time: 217.58038046360016
std-time: 6.259977538231665