i:0	288317.12433120527
i:50	64947.34459949304
i:100	64947.34459949304
i:150	64947.34459949304
i:200	64947.34459949304
i:250	64947.34459949304
i:300	64947.34459949304
i:350	64947.34459949304
i:400	64947.34459949304
i:450	64947.34459949304
i:500	64947.34459949304
i:550	64947.34459949304
i:600	64947.34459949304
i:650	64947.34459949304
best: 64947.34459949304
routes: [0, 6, 10, 8, 7, 9, 24, 25, 23, 22, 21, 43, 45, 41, 42, 44, 3, 2, 4, 5, 1, 0, 46, 48, 47, 49, 50, 31, 32, 34, 35, 33, 40, 38, 37, 39, 36, 29, 30, 28, 27, 26, 0, 19, 18, 17, 20, 16, 15, 13, 14, 11, 12, 0]
Elapsed time: 29.216522455215454

i:0	76688.72446901696
i:50	66257.39026999826
i:100	65786.90148815088
i:150	65786.90148815088
i:200	65786.90148815088
i:250	65786.90148815088
i:300	65786.90148815088
i:350	65786.90148815088
i:400	65786.90148815088
i:450	65786.90148815088
i:500	65786.90148815088
i:550	65786.90148815088
i:600	65786.90148815088
i:650	65786.90148815088
best: 65786.90148815088
routes: [0, 3, 5, 1, 2, 4, 45, 43, 41, 42, 44, 27, 29, 30, 26, 28, 39, 40, 38, 37, 36, 0, 24, 21, 22, 25, 23, 7, 9, 8, 10, 6, 11, 12, 14, 13, 15, 17, 16, 20, 19, 18, 0, 46, 48, 47, 49, 50, 35, 33, 31, 32, 34, 0]
Elapsed time: 30.041786670684814

i:0	85420.67524971758
i:50	66917.62135343475
i:100	66917.62135343475
i:150	66917.62135343475
i:200	66917.62135343475
i:250	66917.62135343475
i:300	66917.62135343475
i:350	66917.62135343475
i:400	66917.62135343475
i:450	66917.62135343475
i:500	66917.62135343475
i:550	66917.62135343475
i:600	66917.62135343475
i:650	66917.62135343475
best: 66917.62135343475
routes: [0, 1, 2, 4, 5, 3, 45, 43, 44, 41, 42, 21, 22, 25, 23, 24, 0, 27, 26, 28, 30, 29, 36, 38, 37, 39, 40, 33, 32, 34, 35, 31, 48, 47, 49, 50, 46, 0, 6, 10, 8, 7, 9, 14, 13, 12, 15, 11, 17, 16, 20, 19, 18, 0]
Elapsed time: 29.00502300262451

i:0	98055.48816738563
i:50	65972.1264130185
i:100	65972.1264130185
i:150	65972.1264130185
i:200	65920.01582996351
i:250	65920.01582996351
i:300	65920.01582996351
i:350	65920.01582996351
i:400	65920.01582996351
i:450	65920.01582996351
i:500	65920.01582996351
i:550	65920.01582996351
i:600	65920.01582996351
i:650	65920.01582996351
best: 65920.01582996351
routes: [0, 19, 18, 17, 20, 16, 15, 13, 12, 14, 11, 6, 10, 9, 8, 7, 23, 25, 21, 22, 24, 0, 5, 1, 2, 4, 3, 45, 43, 42, 44, 41, 27, 29, 30, 26, 28, 39, 40, 38, 37, 36, 0, 33, 32, 34, 35, 31, 48, 47, 49, 50, 46, 0]
Elapsed time: 31.25216245651245

i:0	83060.83321515351
i:50	62640.08197279743
i:100	62640.08197279743
i:150	62640.08197279743
i:200	62640.08197279743
i:250	62640.08197279743
i:300	62640.08197279743
i:350	62640.08197279743
i:400	62640.08197279743
i:450	62640.08197279743
i:500	62640.08197279743
i:550	62640.08197279743
i:600	62640.08197279743
i:650	62640.08197279743
best: 62640.08197279743
routes: [0, 46, 48, 47, 49, 50, 34, 35, 33, 32, 31, 40, 38, 37, 39, 36, 28, 27, 29, 30, 26, 0, 6, 10, 8, 7, 9, 25, 23, 22, 24, 21, 43, 42, 44, 45, 41, 3, 4, 5, 1, 2, 0, 19, 18, 17, 20, 16, 15, 13, 11, 12, 14, 0]
Elapsed time: 34.77821326255798

i:0	495695.71609524655
i:50	63605.82851598822
i:100	63605.82851598822
i:150	63605.82851598822
i:200	63605.82851598822
i:250	63605.82851598822
i:300	63605.82851598822
i:350	63605.82851598822
i:400	63605.82851598822
i:450	63605.82851598822
i:500	63605.82851598822
i:550	63605.82851598822
i:600	63605.82851598822
i:650	63605.82851598822
best: 63605.82851598822
routes: [0, 46, 48, 47, 49, 50, 34, 35, 33, 32, 31, 40, 38, 37, 39, 36, 29, 30, 28, 27, 26, 0, 3, 4, 5, 1, 2, 45, 43, 44, 41, 42, 25, 23, 24, 21, 22, 7, 9, 8, 10, 6, 0, 19, 18, 17, 20, 16, 15, 13, 12, 14, 11, 0]
Elapsed time: 29.2818706035614

i:0	81862.3816037595
i:50	65598.24273246371
i:100	64896.9660945725
i:150	64896.9660945725
i:200	64896.9660945725
i:250	64896.9660945725
i:300	64896.9660945725
i:350	64896.9660945725
i:400	64896.9660945725
i:450	64896.9660945725
i:500	64896.9660945725
i:550	64896.9660945725
i:600	64896.9660945725
i:650	64896.9660945725
best: 64896.9660945725
routes: [0, 1, 2, 4, 5, 3, 45, 43, 44, 41, 42, 27, 26, 30, 29, 28, 39, 40, 38, 37, 36, 0, 19, 18, 17, 20, 16, 15, 13, 14, 11, 12, 6, 10, 9, 8, 7, 23, 25, 21, 22, 24, 0, 46, 48, 47, 49, 50, 34, 35, 33, 31, 32, 0]
Elapsed time: 31.11651301383972

i:0	87508.4267047584
i:50	65438.867259807645
i:100	65438.867259807645
i:150	65438.867259807645
i:200	65438.867259807645
i:250	65438.867259807645
i:300	65438.867259807645
i:350	65438.867259807645
i:400	65438.867259807645
i:450	65438.867259807645
i:500	65438.867259807645
i:550	65438.867259807645
i:600	65438.867259807645
i:650	65438.867259807645
best: 65438.867259807645
routes: [0, 3, 4, 5, 1, 2, 43, 42, 44, 45, 41, 27, 26, 30, 29, 28, 39, 40, 38, 37, 36, 0, 19, 18, 17, 20, 16, 15, 13, 12, 14, 11, 23, 24, 21, 22, 25, 7, 9, 8, 10, 6, 0, 46, 48, 47, 49, 50, 34, 35, 33, 31, 32, 0]
Elapsed time: 28.45180320739746

i:0	493661.79907364637
i:50	62504.55087039886
i:100	62504.55087039886
i:150	62504.55087039886
i:200	62487.15577012299
i:250	62487.15577012299
i:300	62487.15577012299
i:350	62487.15577012299
i:400	62487.15577012299
i:450	62487.15577012299
i:500	62487.15577012299
i:550	62487.15577012299
i:600	62487.15577012299
i:650	62487.15577012299
best: 62487.15577012299
routes: [0, 46, 48, 47, 49, 50, 34, 35, 33, 32, 31, 40, 38, 37, 39, 36, 29, 30, 28, 27, 26, 0, 3, 5, 1, 2, 4, 45, 43, 44, 41, 42, 24, 21, 22, 25, 23, 7, 9, 8, 10, 6, 0, 19, 18, 17, 20, 16, 15, 13, 11, 12, 14, 0]
Elapsed time: 31.942694664001465

i:0	318781.1123799366
i:50	64251.21940852729
i:100	64251.21940852729
i:150	64251.21940852729
i:200	64251.21940852729
i:250	64251.21940852729
i:300	64251.21940852729
i:350	64251.21940852729
i:400	64251.21940852729
i:450	64251.21940852729
i:500	64251.21940852729
i:550	64251.21940852729
i:600	64251.21940852729
i:650	64251.21940852729
best: 64251.21940852729
routes: [0, 1, 2, 4, 5, 3, 44, 43, 45, 41, 42, 24, 21, 22, 25, 23, 7, 9, 8, 10, 6, 0, 27, 29, 30, 26, 28, 39, 40, 38, 37, 36, 33, 31, 32, 34, 35, 50, 49, 48, 47, 46, 0, 19, 18, 17, 20, 16, 15, 13, 14, 11, 12, 0]
Elapsed time: 32.961952447891235

mean: 64689.20022928582
std: 1370.0703824317757
mean-time: 30.80485417842865
std-time: 1.903505766705601