i:0	125684.27525474115
i:50	94189.12615721932
i:100	86785.18262907473
i:150	83385.59437608422
i:200	82133.34384897666
i:250	81974.21796866172
i:300	80274.30975440727
i:350	79912.94322674058
i:400	79320.30063030105
i:450	79313.23897667632
i:500	79145.9117632424
i:550	78698.95556571457
i:600	78247.1930837863
i:650	77921.63662509053
best: 77695.46423748757
routes: [0, 78, 75, 73, 72, 71, 74, 77, 76, 79, 80, 61, 62, 63, 66, 69, 70, 67, 68, 65, 64, 0, 4, 1, 2, 3, 6, 5, 10, 7, 8, 9, 43, 46, 49, 50, 48, 47, 45, 44, 42, 41, 54, 55, 57, 59, 60, 58, 56, 53, 51, 52, 0, 31, 34, 33, 38, 39, 40, 36, 35, 37, 32, 30, 28, 27, 29, 25, 26, 24, 21, 23, 22, 16, 15, 14, 17, 19, 20, 18, 13, 11, 12, 0]
Elapsed time: 315.13731932640076

i:0	120289.42606767613
i:50	84761.88649012454
i:100	81380.02566752673
i:150	80941.00952521247
i:200	80886.05850833764
i:250	80091.97341067088
i:300	79402.71479957084
i:350	78618.32923245608
i:400	78511.37885598322
i:450	78350.4859337133
i:500	78042.78240183546
i:550	77702.77420182175
i:600	77575.11756430367
i:650	77228.69368325609
best: 76933.70589931229
routes: [0, 31, 34, 33, 38, 39, 40, 35, 36, 37, 32, 21, 23, 25, 27, 29, 30, 28, 26, 24, 22, 16, 13, 11, 12, 14, 15, 17, 19, 20, 18, 0, 79, 77, 74, 76, 71, 72, 73, 75, 78, 80, 61, 62, 63, 64, 65, 68, 67, 66, 69, 70, 0, 51, 52, 53, 56, 59, 60, 58, 57, 55, 54, 43, 42, 41, 44, 45, 47, 46, 49, 50, 48, 10, 5, 6, 7, 9, 8, 2, 1, 3, 4, 0]
Elapsed time: 310.11558842658997

i:0	123173.01603754378
i:50	88255.52682953715
i:100	80014.11763381564
i:150	79214.4025838782
i:200	78534.51323939017
i:250	77704.19499756317
i:300	77278.87115226932
i:350	76697.10964889836
i:400	76566.06795980102
i:450	76566.06795980102
i:500	76391.24832488199
i:550	76310.15360605474
i:600	76305.81720808496
i:650	75822.25509990272
best: 75822.25509990272
routes: [0, 13, 16, 20, 17, 19, 18, 15, 14, 12, 11, 48, 50, 49, 47, 45, 46, 44, 41, 42, 43, 10, 9, 7, 8, 2, 1, 3, 6, 5, 4, 0, 76, 74, 71, 72, 73, 75, 78, 77, 79, 80, 58, 60, 59, 57, 56, 53, 51, 52, 55, 54, 0, 61, 62, 63, 64, 65, 68, 67, 66, 69, 70, 31, 39, 40, 35, 36, 37, 38, 34, 33, 32, 21, 23, 22, 25, 27, 29, 30, 28, 26, 24, 0]
Elapsed time: 297.69909834861755

i:0	109804.41668659536
i:50	92875.48830595691
i:100	88274.12171862157
i:150	84500.3707285581
i:200	82454.72739412764
i:250	81775.31331931645
i:300	81492.51197646707
i:350	81184.33592803503
i:400	81171.85327435046
i:450	80957.82753170998
i:500	78493.96018327866
i:550	78471.23273960935
i:600	77247.78354453994
i:650	76789.59471712679
best: 76503.63340421507
routes: [0, 76, 71, 74, 72, 73, 75, 78, 77, 79, 80, 61, 62, 63, 64, 65, 68, 67, 66, 69, 70, 0, 4, 5, 10, 6, 3, 1, 2, 8, 7, 9, 43, 48, 47, 49, 50, 46, 44, 45, 42, 41, 54, 55, 57, 59, 60, 58, 56, 53, 51, 52, 0, 31, 34, 33, 38, 39, 40, 36, 35, 37, 32, 28, 30, 29, 27, 25, 26, 24, 21, 23, 22, 16, 13, 11, 12, 14, 15, 17, 19, 20, 18, 0]
Elapsed time: 317.98923897743225

i:0	124252.37978529773
i:50	87239.98816831928
i:100	84397.46418459802
i:150	81637.30769760365
i:200	80267.47666342446
i:250	79974.12366584883
i:300	79363.49287310812
i:350	78816.18588494141
i:400	78033.62443646224
i:450	74397.7019793586
i:500	74194.3182954637
i:550	73655.63903653069
i:600	73457.21806536321
i:650	72953.68506965727
best: 72183.1267834515
routes: [0, 51, 52, 53, 56, 54, 55, 57, 59, 60, 58, 79, 80, 77, 78, 75, 73, 72, 71, 74, 76, 61, 62, 63, 64, 65, 68, 67, 66, 69, 70, 0, 31, 34, 33, 38, 39, 40, 36, 35, 37, 32, 28, 30, 29, 27, 25, 26, 24, 21, 23, 22, 13, 11, 12, 14, 15, 17, 19, 20, 18, 16, 0, 48, 47, 49, 50, 46, 44, 45, 42, 41, 43, 10, 9, 7, 8, 2, 1, 3, 6, 5, 4, 0]
Elapsed time: 310.64377880096436

i:0	114523.55282803436
i:50	85720.27693268434
i:100	83275.95490265127
i:150	82792.16416149617
i:200	82697.55925519882
i:250	81123.83967449731
i:300	81123.83967449731
i:350	80468.12782066643
i:400	79912.35735740254
i:450	79737.66779623435
i:500	79414.5675260311
i:550	78471.93463550556
i:600	78356.54308298595
i:650	77216.5779039568
best: 76732.6154168332
routes: [0, 51, 52, 53, 56, 55, 54, 57, 59, 60, 58, 79, 80, 77, 76, 74, 71, 72, 73, 75, 78, 0, 33, 32, 37, 36, 35, 40, 39, 38, 34, 31, 69, 70, 66, 67, 68, 65, 64, 63, 61, 62, 21, 23, 22, 25, 26, 27, 29, 30, 28, 24, 0, 16, 15, 18, 20, 19, 17, 14, 12, 13, 11, 43, 41, 44, 46, 49, 50, 48, 47, 45, 42, 9, 8, 7, 10, 5, 6, 2, 1, 3, 4, 0]
Elapsed time: 308.7821650505066

i:0	117077.80363010016
i:50	90971.04216469282
i:100	81608.33162423485
i:150	80960.95333928155
i:200	79772.03679634043
i:250	79211.25638503069
i:300	78746.7913128325
i:350	77162.27499662721
i:400	76451.79484043497
i:450	76407.86710153738
i:500	76174.63088669506
i:550	75211.56980942
i:600	74987.27295098922
i:650	74969.42217885017
best: 74969.42217885017
routes: [0, 54, 56, 52, 51, 53, 55, 57, 59, 60, 58, 79, 80, 76, 74, 77, 71, 72, 73, 75, 78, 0, 4, 1, 2, 3, 6, 5, 8, 7, 10, 9, 43, 41, 42, 45, 44, 46, 49, 50, 47, 48, 14, 12, 11, 13, 15, 17, 19, 20, 18, 16, 0, 21, 23, 22, 25, 27, 29, 30, 28, 26, 24, 32, 37, 36, 35, 40, 39, 38, 33, 34, 31, 69, 70, 66, 67, 68, 65, 64, 63, 61, 62, 0]
Elapsed time: 298.3420991897583

i:0	124448.44051490715
i:50	89884.93308144191
i:100	81706.68925958335
i:150	81366.50471091515
i:200	81212.90320742075
i:250	80780.54470981764
i:300	79951.13144219122
i:350	79820.35500304509
i:400	79567.34245260483
i:450	78334.74523157907
i:500	78023.37627295619
i:550	77261.22350564422
i:600	77089.25068875749
i:650	70907.72899976806
best: 70487.6274829123
routes: [0, 51, 52, 53, 56, 54, 55, 57, 59, 60, 58, 78, 75, 73, 72, 71, 74, 76, 77, 79, 80, 61, 62, 63, 64, 65, 68, 67, 66, 69, 70, 0, 4, 5, 10, 9, 7, 8, 2, 1, 3, 6, 43, 42, 41, 44, 45, 47, 46, 49, 50, 48, 12, 11, 13, 15, 14, 17, 19, 20, 18, 16, 0, 31, 34, 33, 32, 38, 39, 40, 37, 35, 36, 30, 28, 27, 29, 25, 26, 24, 21, 23, 22, 0]
Elapsed time: 310.85865569114685

i:0	124812.43674743488
i:50	90174.0808787875
i:100	87291.49983771802
i:150	84953.20903548876
i:200	84694.31700250131
i:250	82670.694827166
i:300	82435.92270490903
i:350	81852.5434829174
i:400	81546.59778452906
i:450	80650.0949318115
i:500	80318.53402713462
i:550	80067.50746999422
i:600	79449.83563672364
i:650	77979.8786324579
best: 76571.0974008544
routes: [0, 76, 77, 74, 71, 72, 73, 75, 78, 80, 79, 58, 60, 59, 57, 56, 53, 51, 52, 55, 54, 2, 1, 3, 6, 7, 8, 9, 10, 5, 4, 0, 11, 12, 17, 19, 20, 18, 16, 13, 15, 14, 48, 50, 49, 47, 45, 46, 44, 41, 43, 42, 0, 61, 62, 63, 64, 65, 68, 67, 66, 69, 70, 31, 39, 40, 35, 36, 37, 38, 34, 33, 32, 21, 23, 22, 25, 27, 29, 30, 28, 26, 24, 0]
Elapsed time: 324.89252638816833

i:0	115527.19583529931
i:50	90662.66346546246
i:100	80756.75229164805
i:150	79802.20252088176
i:200	79450.64612256702
i:250	79276.81615516171
i:300	78164.96934952814
i:350	78164.96934952814
i:400	74225.11825465129
i:450	73508.71219100215
i:500	72393.97651349207
i:550	72044.46558797843
i:600	71440.25946193386
i:650	69757.74454037451
best: 69757.74454037451
routes: [0, 4, 1, 2, 3, 6, 5, 10, 7, 8, 9, 43, 42, 41, 44, 45, 47, 46, 49, 50, 48, 14, 12, 11, 13, 15, 17, 19, 20, 18, 16, 0, 51, 52, 53, 56, 54, 55, 57, 59, 60, 58, 76, 74, 71, 72, 73, 75, 78, 77, 79, 80, 61, 62, 63, 64, 65, 68, 67, 66, 69, 70, 0, 31, 39, 40, 35, 36, 37, 38, 34, 33, 32, 24, 21, 23, 22, 25, 27, 29, 30, 28, 26, 0]
Elapsed time: 312.5327489376068

mean: 74765.66924441936
std: 2732.0581029308823
mean-time: 310.6993219137192
std-time: 7.767874184360803