i:0	126066.52457758242
i:50	93351.50759606883
i:100	89164.19201336957
i:150	86317.64519150989
i:200	86046.06102977818
i:250	85791.15397841716
i:300	83854.86982549334
i:350	83829.96223445807
i:400	82693.93784692258
i:450	82378.51248831497
i:500	81716.30311670092
i:550	81537.85463814242
i:600	81426.26607592985
i:650	81072.88365825104
best: 80816.42905157036
routes: [0, 69, 70, 66, 67, 68, 65, 64, 63, 62, 61, 79, 77, 74, 71, 72, 73, 75, 78, 80, 76, 0, 31, 34, 33, 38, 39, 40, 36, 35, 37, 32, 28, 30, 29, 27, 25, 26, 24, 21, 23, 22, 0, 43, 45, 42, 41, 44, 46, 49, 50, 47, 48, 14, 12, 11, 13, 15, 18, 17, 19, 20, 16, 0, 51, 52, 53, 56, 59, 60, 58, 57, 55, 54, 8, 9, 7, 10, 5, 6, 2, 1, 3, 4, 0]
Elapsed time: 309.22962617874146

i:0	124449.22252508107
i:50	87232.29781763934
i:100	85684.05202530694
i:150	84776.89313471726
i:200	84351.51129870667
i:250	83244.11704898917
i:300	83070.09846446615
i:350	82422.49999411065
i:400	81601.72094671492
i:450	81167.67383059842
i:500	80804.87291141535
i:550	80516.31893211522
i:600	79855.65974273598
i:650	79523.49872895199
best: 79472.27955465831
routes: [0, 4, 3, 6, 5, 10, 9, 7, 8, 2, 1, 61, 62, 63, 64, 65, 68, 66, 67, 69, 70, 0, 51, 52, 53, 56, 54, 55, 57, 59, 60, 58, 76, 74, 71, 72, 73, 75, 78, 77, 79, 80, 0, 31, 34, 33, 32, 38, 39, 40, 37, 35, 36, 30, 28, 27, 29, 25, 26, 24, 21, 23, 22, 0, 43, 45, 42, 41, 44, 46, 49, 50, 47, 48, 12, 11, 13, 15, 14, 17, 19, 20, 18, 16, 0]
Elapsed time: 303.21033334732056

i:0	113608.70943943122
i:50	89811.63668024748
i:100	87949.97490798423
i:150	86215.33761359037
i:200	85773.95544281023
i:250	85752.24210451936
i:300	85594.17644460168
i:350	84166.65270372792
i:400	82324.33836819476
i:450	80847.38578973146
i:500	80730.89142448094
i:550	80396.76871195965
i:600	80226.29536674189
i:650	80226.29536674189
best: 80226.29536674189
routes: [0, 43, 48, 47, 45, 42, 41, 44, 46, 49, 50, 14, 12, 11, 13, 15, 17, 19, 20, 18, 16, 0, 31, 39, 38, 37, 40, 35, 36, 34, 33, 32, 21, 23, 22, 25, 27, 29, 30, 28, 26, 24, 0, 4, 5, 6, 7, 10, 9, 8, 2, 3, 1, 61, 62, 63, 64, 65, 68, 66, 67, 69, 70, 0, 51, 52, 53, 56, 54, 55, 57, 59, 60, 58, 76, 77, 74, 71, 72, 73, 75, 78, 79, 80, 0]
Elapsed time: 290.5370864868164

i:0	114807.50490885063
i:50	88049.46030593403
i:100	85519.1178997063
i:150	84657.08610068593
i:200	84530.97863088385
i:250	84304.6608932181
i:300	84304.6608932181
i:350	84119.02614262604
i:400	84080.94508714834
i:450	83702.90624825671
i:500	83169.52258765575
i:550	81062.97219819299
i:600	81062.97219819299
i:650	80869.98367286191
best: 80869.98367286191
routes: [0, 51, 52, 53, 56, 54, 55, 57, 59, 60, 58, 76, 74, 71, 72, 73, 75, 78, 77, 79, 80, 0, 4, 5, 6, 10, 9, 7, 8, 2, 3, 1, 69, 70, 66, 67, 68, 65, 64, 63, 61, 62, 0, 31, 39, 38, 37, 40, 35, 36, 34, 33, 32, 28, 30, 29, 27, 25, 26, 24, 21, 23, 22, 0, 13, 16, 20, 18, 17, 19, 15, 14, 12, 11, 48, 46, 49, 50, 47, 45, 44, 41, 43, 42, 0]
Elapsed time: 289.13023686408997

i:0	116170.54414306114
i:50	87946.74571744795
i:100	85658.32260767923
i:150	84999.79081681027
i:200	83768.95771059857
i:250	83496.0161822618
i:300	83488.34799666607
i:350	83149.40967195886
i:400	83054.51766425208
i:450	82843.86056432733
i:500	81822.32215438152
i:550	80503.05744014517
i:600	80327.7115072674
i:650	79968.09212301328
best: 79968.09212301328
routes: [0, 43, 45, 42, 41, 44, 46, 49, 50, 47, 48, 14, 12, 11, 13, 15, 18, 17, 19, 20, 16, 0, 51, 52, 53, 56, 54, 55, 57, 59, 60, 58, 79, 77, 74, 76, 71, 72, 73, 75, 78, 80, 0, 21, 22, 23, 24, 26, 25, 29, 27, 28, 30, 35, 36, 37, 40, 39, 38, 31, 34, 33, 32, 0, 4, 5, 6, 7, 10, 9, 8, 2, 3, 1, 61, 62, 63, 64, 65, 68, 66, 67, 69, 70, 0]
Elapsed time: 298.8808362483978

i:0	123581.68407523015
i:50	94684.62942270115
i:100	90117.31649888423
i:150	87875.82793494937
i:200	85769.2408220667
i:250	84650.58413963809
i:300	82615.95006515071
i:350	81546.11744279826
i:400	81290.03094632456
i:450	81187.73593512895
i:500	80084.05284013084
i:550	79319.35098946214
i:600	79301.50021732308
i:650	79099.51195317548
best: 79099.51195317548
routes: [0, 61, 62, 63, 64, 65, 68, 66, 67, 69, 70, 31, 39, 38, 37, 40, 35, 36, 32, 33, 34, 0, 51, 52, 53, 56, 54, 55, 57, 59, 60, 58, 79, 80, 76, 77, 74, 71, 72, 73, 75, 78, 0, 11, 12, 13, 15, 14, 17, 19, 20, 18, 16, 25, 27, 29, 30, 28, 26, 24, 21, 23, 22, 0, 4, 5, 6, 3, 1, 2, 8, 7, 9, 10, 43, 45, 42, 41, 44, 46, 49, 50, 47, 48, 0]
Elapsed time: 298.27276396751404

i:0	130011.50122911207
i:50	90283.5279252645
i:100	86193.38641116844
i:150	84994.33685866016
i:200	83276.2414592169
i:250	82402.03583163965
i:300	82168.81310375252
i:350	82168.81310375252
i:400	81281.76693906187
i:450	81202.60783852887
i:500	80761.40263927271
i:550	80619.74624056669
i:600	80619.74624056669
i:650	80619.74624056669
best: 80547.4022210007
routes: [0, 4, 1, 3, 6, 5, 10, 9, 7, 8, 2, 61, 62, 63, 65, 68, 67, 69, 70, 66, 64, 0, 51, 52, 53, 56, 54, 55, 57, 59, 60, 58, 76, 74, 71, 72, 73, 75, 78, 77, 79, 80, 0, 31, 34, 33, 32, 38, 39, 40, 37, 35, 36, 30, 28, 27, 29, 25, 26, 24, 21, 23, 22, 0, 43, 45, 42, 41, 44, 46, 49, 50, 47, 48, 14, 12, 11, 13, 15, 18, 17, 19, 20, 16, 0]
Elapsed time: 287.5158178806305

i:0	125272.94885082878
i:50	91527.33772786266
i:100	87550.51545350588
i:150	85342.48909633743
i:200	85333.06350992207
i:250	84618.50364383904
i:300	84072.41597980219
i:350	83551.09374662812
i:400	83347.92850818779
i:450	83232.57094222994
i:500	82695.24987921354
i:550	82382.69862532758
i:600	82277.17752816877
i:650	82277.17752816877
best: 82277.17752816877
routes: [0, 31, 34, 33, 32, 38, 39, 40, 37, 35, 36, 30, 28, 27, 29, 25, 26, 24, 21, 23, 22, 0, 4, 1, 2, 3, 6, 5, 10, 9, 7, 8, 54, 55, 57, 59, 60, 58, 56, 53, 51, 52, 0, 76, 74, 71, 72, 73, 75, 78, 79, 77, 80, 61, 63, 65, 68, 67, 69, 70, 66, 64, 62, 0, 43, 48, 47, 45, 42, 41, 44, 46, 49, 50, 14, 17, 19, 20, 18, 15, 12, 11, 13, 16, 0]
Elapsed time: 304.76342844963074

i:0	129455.08566736706
i:50	88383.77865252609
i:100	87120.07023594387
i:150	84666.14423927502
i:200	84666.14423927502
i:250	83888.39688206275
i:300	83457.15477180848
i:350	83457.15477180848
i:400	82661.35206034486
i:450	82280.67144228236
i:500	81210.82419317633
i:550	80939.87602081936
i:600	80939.87602081936
i:650	80939.87602081936
best: 80939.87602081936
routes: [0, 51, 52, 53, 56, 54, 55, 57, 59, 60, 58, 76, 77, 74, 71, 72, 73, 75, 78, 79, 80, 0, 21, 22, 23, 25, 26, 27, 29, 30, 28, 24, 33, 32, 37, 35, 36, 40, 39, 38, 34, 31, 0, 43, 45, 42, 41, 44, 46, 49, 50, 47, 48, 14, 12, 11, 13, 15, 18, 17, 19, 20, 16, 0, 4, 6, 5, 10, 9, 7, 8, 3, 2, 1, 61, 62, 63, 64, 65, 68, 66, 67, 69, 70, 0]
Elapsed time: 290.07440876960754

i:0	128962.9353504227
i:50	92689.64751381402
i:100	87690.3566346989
i:150	87309.23992866272
i:200	86857.5785893405
i:250	85849.51043988837
i:300	84611.25151991102
i:350	83755.29509558331
i:400	82057.17373873829
i:450	81263.0629609093
i:500	80784.97604153305
i:550	80523.07795773368
i:600	80433.90025183372
i:650	80433.90025183372
best: 80433.90025183372
routes: [0, 43, 48, 47, 45, 42, 41, 44, 46, 49, 50, 17, 14, 12, 11, 13, 15, 18, 19, 20, 16, 0, 4, 3, 6, 5, 10, 9, 7, 8, 2, 1, 69, 70, 66, 67, 68, 65, 64, 63, 61, 62, 0, 21, 22, 23, 24, 26, 25, 29, 27, 28, 30, 35, 36, 37, 40, 39, 38, 31, 34, 33, 32, 0, 51, 52, 53, 56, 55, 54, 57, 59, 60, 58, 76, 79, 77, 74, 71, 72, 73, 75, 78, 80, 0]
Elapsed time: 288.68304920196533

mean: 80465.09477438437
std: 834.1891177444054
mean-time: 296.02975873947145
std-time: 7.449390766754762