i:0	127099.95442086161
i:50	90073.28196684494
i:100	86090.8511644188
i:150	80939.44745559471
i:200	80075.70839673828
i:250	79858.2528349478
i:300	79319.54185939937
i:350	79119.73774009546
i:400	78702.65021667095
i:450	78702.65021667095
i:500	78702.65021667095
i:550	78702.65021667095
i:600	78702.65021667095
i:650	78430.46625204064
best: 78430.46625204064
routes: [0, 41, 42, 43, 48, 46, 47, 45, 44, 68, 70, 67, 66, 69, 65, 71, 72, 33, 35, 40, 39, 38, 36, 37, 34, 0, 62, 60, 58, 57, 59, 61, 63, 64, 50, 49, 51, 52, 53, 56, 54, 55, 80, 79, 78, 76, 77, 75, 73, 74, 0, 25, 28, 27, 32, 30, 29, 31, 26, 24, 23, 21, 22, 20, 17, 19, 18, 14, 16, 13, 15, 12, 11, 9, 10, 5, 7, 8, 2, 1, 3, 6, 4, 0]
Elapsed time: 254.34505033493042

i:0	119852.33454968531
i:50	84697.37743606075
i:100	78614.71219670243
i:150	77339.16890712379
i:200	77020.78172827521
i:250	77020.78172827521
i:300	77018.60332196066
i:350	77018.60332196066
i:400	75157.04391730556
i:450	74969.80105715242
i:500	74969.80105715242
i:550	74969.80105715242
i:600	74969.80105715242
i:650	74969.80105715242
best: 74969.80105715242
routes: [0, 73, 74, 75, 76, 77, 80, 79, 78, 25, 30, 29, 31, 32, 28, 27, 26, 17, 19, 18, 21, 23, 24, 22, 20, 0, 41, 42, 43, 46, 44, 45, 47, 48, 63, 62, 60, 58, 57, 59, 61, 64, 50, 49, 51, 52, 53, 55, 56, 54, 0, 4, 5, 6, 3, 1, 2, 8, 7, 70, 68, 67, 66, 69, 65, 71, 72, 33, 36, 38, 39, 37, 34, 35, 40, 15, 12, 10, 9, 11, 13, 16, 14, 0]
Elapsed time: 240.60000658035278

i:0	124236.2124332063
i:50	92606.26174226207
i:100	89999.46040942428
i:150	89999.46040942428
i:200	87477.9134192839
i:250	81310.2437298241
i:300	81012.39556389402
i:350	79810.76193737407
i:400	78787.8184318968
i:450	78787.8184318968
i:500	78787.8184318968
i:550	78787.8184318968
i:600	78787.8184318968
i:650	78787.8184318968
best: 78787.8184318968
routes: [0, 35, 40, 39, 36, 38, 37, 34, 33, 69, 67, 65, 66, 71, 72, 70, 68, 44, 45, 47, 48, 46, 43, 41, 42, 0, 75, 74, 73, 77, 79, 78, 76, 80, 54, 55, 56, 53, 52, 51, 50, 49, 64, 63, 60, 61, 59, 58, 57, 62, 2, 1, 3, 6, 7, 8, 5, 4, 0, 11, 9, 10, 12, 13, 15, 16, 14, 18, 17, 19, 20, 22, 21, 23, 24, 30, 29, 31, 32, 25, 28, 27, 26, 0]
Elapsed time: 263.9479184150696

i:0	123237.44921218384
i:50	92678.4344551216
i:100	87462.64923050761
i:150	86171.959233518
i:200	85173.94571553369
i:250	81297.39762128697
i:300	78600.03234897055
i:350	78217.52516152688
i:400	77468.24715012618
i:450	77423.51022595054
i:500	77415.3208130387
i:550	77411.54520333352
i:600	77411.54520333352
i:650	77411.54520333352
best: 77411.54520333352
routes: [0, 73, 74, 75, 76, 77, 79, 78, 80, 54, 55, 56, 53, 52, 51, 50, 49, 64, 61, 59, 58, 57, 63, 60, 62, 0, 25, 32, 30, 29, 31, 28, 27, 26, 20, 17, 19, 24, 23, 22, 21, 18, 16, 13, 15, 12, 10, 9, 11, 14, 0, 42, 41, 43, 48, 46, 47, 45, 44, 68, 67, 66, 69, 65, 71, 72, 70, 33, 35, 40, 39, 38, 36, 37, 34, 7, 8, 2, 1, 3, 6, 5, 4, 0]
Elapsed time: 274.3082768917084

i:0	114367.54255994168
i:50	94138.59570536105
i:100	83589.31322465178
i:150	80283.14318080997
i:200	79173.8205854008
i:250	77860.06793246052
i:300	77447.54457143985
i:350	77088.77551227467
i:400	77053.11817355268
i:450	76655.50664516696
i:500	76476.18516462097
i:550	76476.18516462097
i:600	76476.18516462097
i:650	76476.18516462097
best: 76476.18516462097
routes: [0, 41, 42, 43, 46, 44, 45, 47, 48, 62, 60, 61, 59, 58, 57, 63, 64, 50, 49, 51, 52, 53, 55, 56, 54, 0, 73, 74, 75, 76, 77, 80, 79, 78, 25, 30, 29, 31, 32, 28, 27, 26, 20, 17, 19, 21, 23, 24, 22, 18, 11, 9, 10, 12, 13, 15, 16, 14, 0, 4, 1, 2, 3, 5, 6, 7, 8, 70, 68, 67, 66, 69, 65, 71, 72, 33, 35, 40, 39, 38, 36, 37, 34, 0]
Elapsed time: 253.00570964813232

i:0	117670.21054661213
i:50	91709.71780710804
i:100	88546.22514969845
i:150	88546.22514969845
i:200	87818.58026013066
i:250	82051.1694821365
i:300	78646.1531909832
i:350	77302.24522459108
i:400	76190.51879083725
i:450	75556.90682411818
i:500	75556.90682411818
i:550	75556.90682411818
i:600	74913.32771413153
i:650	74913.32771413153
best: 74913.32771413153
routes: [0, 41, 42, 43, 46, 44, 45, 47, 48, 63, 62, 60, 58, 57, 59, 61, 64, 50, 49, 51, 52, 53, 55, 56, 54, 0, 11, 14, 16, 13, 15, 12, 10, 9, 35, 40, 39, 38, 36, 37, 34, 33, 72, 71, 65, 66, 69, 67, 68, 70, 7, 8, 2, 1, 3, 6, 5, 4, 0, 17, 19, 18, 21, 23, 24, 22, 20, 27, 28, 26, 30, 29, 31, 32, 25, 80, 79, 78, 76, 77, 75, 73, 74, 0]
Elapsed time: 279.16698002815247

i:0	120773.78151466786
i:50	91723.54683071224
i:100	90225.61732887517
i:150	83908.8859941545
i:200	80802.94009480983
i:250	79407.46363718905
i:300	77793.07741052093
i:350	76689.34123587383
i:400	74754.78579781784
i:450	74617.94096832423
i:500	74617.94096832423
i:550	73106.86236919847
i:600	73106.86236919847
i:650	73094.90492966044
best: 73094.90492966044
routes: [0, 73, 74, 75, 76, 77, 79, 78, 80, 54, 55, 56, 53, 52, 51, 50, 49, 64, 61, 59, 58, 57, 63, 60, 62, 48, 42, 41, 43, 46, 47, 45, 44, 0, 35, 34, 37, 40, 39, 38, 36, 33, 72, 71, 65, 66, 69, 67, 68, 70, 7, 8, 2, 1, 3, 6, 5, 4, 0, 25, 28, 27, 26, 32, 31, 30, 29, 24, 23, 21, 22, 20, 17, 19, 18, 14, 16, 13, 15, 12, 11, 9, 10, 0]
Elapsed time: 275.56489300727844

i:0	113111.40353980506
i:50	90688.07819986285
i:100	88661.73713481544
i:150	83150.711139981
i:200	82821.23577181087
i:250	81588.14983258508
i:300	81067.92300472656
i:350	80761.90249740743
i:400	79934.81498415764
i:450	79739.06276348564
i:500	79737.57006052436
i:550	78130.59410079336
i:600	78130.59410079336
i:650	75168.14235496022
best: 75168.14235496022
routes: [0, 9, 10, 12, 11, 14, 16, 13, 15, 40, 39, 38, 36, 37, 35, 34, 33, 72, 71, 65, 66, 69, 67, 68, 70, 7, 8, 2, 1, 3, 6, 5, 4, 0, 54, 55, 56, 53, 52, 51, 50, 49, 64, 61, 59, 58, 57, 63, 60, 62, 48, 42, 41, 43, 46, 47, 45, 44, 0, 73, 74, 75, 76, 77, 80, 79, 78, 25, 27, 28, 32, 30, 29, 31, 26, 24, 23, 21, 22, 20, 17, 19, 18, 0]
Elapsed time: 280.9332699775696

i:0	110508.06148934586
i:50	83601.0889952341
i:100	78047.23278293172
i:150	77374.25770250364
i:200	76715.3677660821
i:250	75875.74005463615
i:300	75510.34490022413
i:350	75341.96747884198
i:400	75341.96747884198
i:450	75341.96747884198
i:500	75341.96747884198
i:550	75341.96747884198
i:600	75341.96747884198
i:650	75341.96747884198
best: 75341.96747884198
routes: [0, 41, 42, 43, 46, 44, 45, 47, 48, 64, 61, 59, 58, 57, 63, 60, 62, 50, 49, 51, 52, 53, 55, 56, 54, 0, 73, 74, 75, 76, 77, 80, 79, 78, 25, 30, 29, 31, 32, 28, 27, 26, 24, 23, 21, 22, 20, 17, 19, 18, 14, 16, 13, 15, 12, 11, 9, 10, 0, 35, 34, 37, 40, 39, 38, 36, 33, 72, 71, 65, 66, 69, 67, 68, 70, 7, 8, 2, 1, 3, 6, 5, 4, 0]
Elapsed time: 240.80328369140625

i:0	115888.20421146425
i:50	88899.08142373376
i:100	83059.8937216815
i:150	82428.38798408484
i:200	81875.91191956474
i:250	81044.52936672157
i:300	80893.93672760024
i:350	80452.72579715677
i:400	80346.93585490264
i:450	80346.93585490264
i:500	80340.15869164935
i:550	80340.15869164935
i:600	80340.15869164935
i:650	80340.15869164935
best: 80340.15869164935
routes: [0, 74, 80, 79, 78, 76, 73, 75, 77, 55, 56, 54, 53, 52, 51, 49, 50, 25, 27, 28, 26, 31, 30, 29, 32, 0, 17, 19, 21, 23, 22, 24, 20, 18, 14, 11, 13, 15, 16, 12, 10, 9, 35, 40, 39, 38, 36, 37, 34, 33, 72, 71, 65, 66, 69, 67, 70, 68, 0, 4, 1, 3, 5, 6, 7, 8, 2, 60, 57, 59, 58, 61, 64, 63, 62, 48, 42, 41, 43, 46, 47, 45, 44, 0]
Elapsed time: 258.87111258506775

mean: 76493.43172782878
std: 2100.1732447336863
mean-time: 262.1546501159668
std-time: 14.313542844565763