i:0	125703.25877043509
i:50	97361.54703052889
i:100	92763.61601231969
i:150	91931.92909417965
i:200	91579.85897215828
i:250	91132.29367571895
i:300	90966.73049913763
i:350	90757.03542564367
i:400	90255.85248599145
i:450	90255.85248599145
i:500	90255.85248599145
i:550	90255.85248599145
i:600	90255.85248599145
i:650	90255.85248599145
best: 90255.85248599145
routes: [0, 17, 19, 18, 21, 24, 23, 22, 20, 26, 30, 29, 31, 32, 27, 28, 25, 0, 9, 11, 14, 16, 13, 10, 12, 15, 40, 39, 37, 38, 36, 33, 35, 34, 0, 4, 5, 6, 3, 1, 2, 8, 7, 68, 67, 69, 72, 71, 65, 66, 70, 0, 73, 74, 75, 77, 80, 79, 78, 76, 49, 54, 55, 56, 53, 52, 51, 50, 0, 42, 41, 43, 46, 44, 45, 47, 48, 63, 60, 58, 57, 59, 61, 64, 62, 0]
Elapsed time: 213.24883556365967

i:0	127981.06843045988
i:50	97577.3792597609
i:100	91841.65969187662
i:150	90529.35529303875
i:200	90297.4921242576
i:250	89420.26937632951
i:300	88637.46597810733
i:350	88008.64341396723
i:400	88008.64341396723
i:450	88008.64341396723
i:500	88008.64341396723
i:550	87813.07126244162
i:600	87813.07126244162
i:650	87813.07126244162
best: 87813.07126244162
routes: [0, 35, 34, 33, 36, 38, 39, 37, 40, 15, 16, 13, 12, 10, 9, 11, 14, 0, 73, 74, 75, 76, 77, 80, 79, 78, 54, 55, 56, 53, 50, 49, 51, 52, 0, 25, 28, 27, 26, 32, 31, 30, 29, 24, 23, 21, 22, 20, 17, 19, 18, 0, 4, 5, 6, 3, 1, 2, 8, 7, 68, 67, 69, 72, 71, 65, 66, 70, 0, 41, 42, 43, 46, 44, 45, 47, 48, 64, 61, 59, 58, 57, 63, 60, 62, 0]
Elapsed time: 221.78952288627625

i:0	122055.7579027056
i:50	97287.7254828367
i:100	90921.53752322028
i:150	90296.33713014357
i:200	90026.47713157369
i:250	89562.71623249631
i:300	89562.71623249631
i:350	89532.09300964705
i:400	89532.09300964705
i:450	89532.09300964705
i:500	89532.09300964705
i:550	89532.09300964705
i:600	89532.09300964705
i:650	89532.09300964705
best: 89532.09300964705
routes: [0, 4, 5, 6, 3, 1, 2, 8, 7, 70, 68, 67, 69, 72, 71, 65, 66, 0, 73, 74, 75, 76, 77, 80, 79, 78, 54, 55, 56, 53, 50, 49, 51, 52, 0, 60, 63, 64, 61, 59, 58, 57, 62, 48, 46, 47, 45, 44, 43, 41, 42, 0, 11, 14, 13, 15, 16, 12, 10, 9, 40, 39, 37, 38, 36, 33, 35, 34, 0, 25, 27, 28, 26, 32, 31, 30, 29, 24, 23, 22, 21, 18, 17, 19, 20, 0]
Elapsed time: 203.58759260177612

i:0	123409.46345152069
i:50	96494.15858877433
i:100	91451.0101725839
i:150	90351.83722239546
i:200	89572.78847187283
i:250	89371.22523537668
i:300	88292.29572380538
i:350	87998.93198342812
i:400	87869.1211702912
i:450	87857.16373075313
i:500	87857.16373075313
i:550	87857.16373075313
i:600	87857.16373075313
i:650	87857.16373075313
best: 87857.16373075313
routes: [0, 4, 3, 1, 2, 7, 8, 6, 5, 9, 11, 10, 12, 13, 15, 16, 14, 0, 35, 34, 37, 40, 39, 38, 36, 33, 71, 72, 69, 67, 65, 66, 70, 68, 0, 73, 74, 75, 76, 77, 80, 79, 78, 54, 55, 56, 53, 50, 49, 51, 52, 0, 64, 61, 59, 58, 57, 63, 60, 62, 48, 43, 41, 42, 46, 47, 45, 44, 0, 25, 28, 27, 26, 32, 30, 29, 31, 24, 23, 21, 22, 20, 19, 17, 18, 0]
Elapsed time: 216.17147135734558

i:0	127415.23654675073
i:50	96287.36413271762
i:100	90297.32016961918
i:150	89386.08264116457
i:200	88497.96175819106
i:250	88492.95976509238
i:300	88492.95976509238
i:350	88492.95976509238
i:400	88363.14895195546
i:450	88363.14895195546
i:500	88363.14895195546
i:550	88304.49395308353
i:600	88304.49395308353
i:650	87333.65858673322
best: 87333.65858673322
routes: [0, 25, 28, 27, 26, 32, 31, 30, 29, 24, 23, 21, 22, 20, 17, 19, 18, 0, 4, 5, 6, 3, 1, 2, 8, 7, 9, 11, 10, 12, 13, 15, 16, 14, 0, 41, 42, 43, 46, 44, 45, 47, 48, 63, 64, 61, 59, 58, 57, 62, 60, 0, 73, 74, 75, 76, 77, 80, 79, 78, 54, 55, 56, 53, 50, 49, 51, 52, 0, 40, 39, 38, 36, 37, 35, 34, 33, 72, 71, 65, 69, 67, 66, 70, 68, 0]
Elapsed time: 205.12283492088318

i:0	127773.4415954944
i:50	97750.85876155715
i:100	91779.66123601554
i:150	90653.55409498281
i:200	89878.17252237501
i:250	89195.24009173612
i:300	89114.13581883913
i:350	89091.23884697478
i:400	89078.70540912618
i:450	89078.70540912618
i:500	89078.70540912618
i:550	89078.70540912618
i:600	89078.70540912618
i:650	89078.70540912618
best: 89078.70540912618
routes: [0, 11, 14, 13, 15, 16, 12, 10, 9, 35, 40, 39, 37, 38, 36, 33, 34, 0, 41, 42, 43, 46, 44, 45, 47, 48, 63, 64, 61, 59, 58, 57, 62, 60, 0, 73, 74, 75, 77, 80, 79, 78, 76, 50, 49, 51, 52, 53, 55, 56, 54, 0, 4, 5, 6, 3, 1, 2, 8, 7, 68, 67, 69, 72, 71, 65, 66, 70, 0, 25, 32, 30, 29, 31, 28, 27, 26, 24, 23, 21, 22, 20, 19, 17, 18, 0]
Elapsed time: 210.26331639289856

i:0	119158.63897489617
i:50	95399.66847204312
i:100	90388.37949706905
i:150	89409.65171619548
i:200	88949.98316536684
i:250	88810.39460533838
i:300	88703.43809544673
i:350	88703.43809544673
i:400	88460.64361708603
i:450	88460.64361708603
i:500	88246.25285628096
i:550	88246.25285628096
i:600	88246.25285628096
i:650	88246.25285628096
best: 88246.25285628096
routes: [0, 4, 3, 1, 2, 7, 8, 6, 5, 9, 11, 10, 12, 13, 15, 16, 14, 0, 70, 68, 67, 69, 65, 66, 71, 72, 33, 36, 38, 39, 37, 34, 35, 40, 0, 73, 74, 75, 76, 77, 80, 79, 78, 54, 55, 56, 53, 50, 49, 51, 52, 0, 41, 42, 43, 46, 44, 45, 47, 48, 63, 62, 60, 58, 57, 59, 61, 64, 0, 25, 28, 27, 26, 32, 31, 30, 29, 24, 23, 21, 22, 17, 19, 18, 20, 0]
Elapsed time: 205.16981291770935

i:0	128130.70928265878
i:50	97271.05750049149
i:100	96618.22859287859
i:150	92994.90675199762
i:200	89541.0190776684
i:250	87671.56878012643
i:300	87217.234959464
i:350	87069.24102123323
i:400	86806.23902006407
i:450	86770.80861035113
i:500	86770.80861035113
i:550	86770.80861035113
i:600	86770.80861035113
i:650	86770.80861035113
best: 86770.80861035113
routes: [0, 73, 74, 75, 77, 80, 79, 78, 76, 54, 55, 56, 53, 50, 49, 51, 52, 0, 35, 34, 37, 40, 39, 38, 36, 33, 71, 72, 69, 67, 65, 66, 70, 68, 0, 25, 28, 27, 26, 32, 31, 30, 29, 24, 23, 21, 22, 20, 17, 19, 18, 0, 4, 3, 1, 2, 7, 8, 6, 5, 9, 11, 10, 12, 13, 15, 16, 14, 0, 41, 42, 43, 46, 44, 45, 47, 48, 63, 64, 61, 59, 58, 57, 62, 60, 0]
Elapsed time: 219.00626277923584

i:0	121184.48794720526
i:50	95231.20381051386
i:100	91010.63563278673
i:150	89008.1909794921
i:200	87840.00031784066
i:250	87738.56649375526
i:300	87577.86408779575
i:350	87577.86408779575
i:400	87552.90042361975
i:450	87357.32827209414
i:500	87357.32827209414
i:550	87357.32827209414
i:600	87357.32827209414
i:650	87357.32827209414
best: 87357.32827209414
routes: [0, 73, 74, 75, 77, 80, 79, 78, 76, 49, 51, 52, 54, 55, 56, 53, 50, 0, 41, 42, 43, 46, 44, 45, 47, 48, 64, 61, 59, 58, 57, 63, 60, 62, 0, 4, 3, 1, 2, 7, 8, 6, 5, 9, 11, 10, 12, 13, 15, 16, 14, 0, 25, 28, 27, 26, 32, 31, 30, 29, 24, 23, 21, 22, 20, 17, 19, 18, 0, 35, 40, 39, 38, 36, 37, 34, 33, 71, 72, 69, 67, 65, 66, 70, 68, 0]
Elapsed time: 203.65031456947327

i:0	118960.73500501274
i:50	92670.37239831264
i:100	91659.97533823541
i:150	89934.88298670677
i:200	89186.39233215444
i:250	89154.73393203742
i:300	88143.1895181261
i:350	88101.06063532179
i:400	88101.06063532179
i:450	88101.06063532179
i:500	88101.06063532179
i:550	88101.06063532179
i:600	88101.06063532179
i:650	88101.06063532179
best: 88101.06063532179
routes: [0, 4, 5, 6, 3, 1, 2, 8, 7, 9, 11, 10, 12, 13, 15, 16, 14, 0, 73, 74, 75, 76, 77, 80, 79, 78, 54, 55, 56, 53, 50, 49, 51, 52, 0, 64, 61, 59, 58, 57, 63, 60, 62, 48, 46, 47, 45, 44, 43, 41, 42, 0, 25, 28, 27, 26, 32, 31, 30, 29, 24, 23, 21, 22, 20, 17, 19, 18, 0, 70, 68, 67, 69, 65, 66, 71, 72, 33, 36, 38, 39, 37, 34, 35, 40, 0]
Elapsed time: 212.0646378993988

mean: 88234.59948587406
std: 1026.8185417085137
mean-time: 211.00746018886565
std-time: 6.256874901995016