8.67249124526923e-05	1	35	111167.14174623454
7.32449588275509e-05	4	36	114236.34957774184
4.9131520576395224e-05	1	26	108511.65604894303
7.72420726180995e-05	1	24	105202.94641789715
8.906262700898348e-05	3	34	114823.50636208577
1.845214550773223e-05	3	26	111911.10187288956
8.137138911866725e-05	4	38	116168.52212391704
7.341223626485739e-05	1	20	104805.9547724406
8.162435281768847e-05	1	20	107476.98957086142
9.153655687518427e-05	1	20	98839.53648493592
9.756507249694163e-05	1	20	98501.99527597931
7.107728696157996e-05	2	20	99454.62939621833
9.867375116413528e-05	3	20	115183.37563180726
9.708546446615501e-05	2	20	111985.84458826782
8.7725540513015e-05	1	20	109788.40417056107
0.0001	1	20	102003.75790942705
1e-05	5	20	113477.75016661952
1.1513697985258871e-05	1	37	107538.61035140697
9.780814852837123e-05	1	20	101050.67511657209
6.119570720702306e-05	2	20	104257.04232318795
9.232637328191113e-05	1	21	108629.32658772124
9.504937619079612e-05	1	20	105802.9818402389
9.438133817088306e-05	1	21	100553.07829143603
9.718536524395101e-05	1	21	101447.4278808421
0.0001	1	20	106938.0417857302
5.7761133973136416e-05	1	20	101783.93435781595
1.1850387592740574e-05	1	20	97508.38446702843
9.694611667866254e-05	1	29	99631.40350829832
4.298572666311653e-05	1	20	105179.66291342322
9.484646505303087e-05	1	20	101637.54148783324
1e-05	1	20	101713.61165739235
9.630850975731507e-05	1	34	107446.34001747993
9.696918015842867e-05	1	20	103458.0632912064
5.7761133973136416e-05	1	20	102464.65360249791
1.009626525468158e-05	1	33	108548.49190251052
1e-05	1	20	100485.37094752173
9.388421152416984e-05	1	20	107814.71535394962
4.298572666311653e-05	1	20	101608.05010812162
1e-05	1	20	101540.83326104148
7.023714851361753e-05	1	20	98837.77786670686
6.742514174721286e-05	1	20	103541.2604758312
3.331174005124837e-05	1	20	103507.57201415354
9.983738798587295e-05	1	20	102414.24349323598
1e-05	1	20	100518.14485016078
9.983738798587295e-05	1	20	104859.74266093783
3.331174005124837e-05	1	20	101712.57270919312
6.611434665278152e-05	1	20	106085.54725205424
1e-05	1	20	102334.34889032172
1e-05	1	20	111097.48602245942
3.331174005124837e-05	1	20	104142.02037196071
9.983738798587295e-05	1	20	101959.78568669778
7.033543802321744e-05	1	20	102343.4747167652
5.591895773002802e-05	1	20	107908.08757423858
1.1850387592740574e-05	1	20	105590.03938546733
9.983738798587295e-05	1	20	102345.06201736114
9.630850975731507e-05	1	34	106440.56008907294
5.7761133973136416e-05	1	20	106546.34518045871
1.3706324831652428e-05	1	20	104422.34770985444
0.0001	1	20	101102.24829673281
9.630850975731507e-05	1	34	107070.20107264293
5.7761133973136416e-05	1	20	107476.30448479112
0.0001	1	20	102679.61448123837
1e-05	1	20	100506.54614751619
9.694611667866254e-05	1	29	100484.08744825539
1e-05	1	20	104293.09950088637
5.7761133973136416e-05	1	20	103414.3182703977
0.0001	1	20	96148.41924944261
9.694611667866254e-05	1	29	103330.46131386774
9.630850975731507e-05	1	34	109960.7571855144
0.0001	1	20	103543.1561416846
1e-05	1	20	101535.88634211592
5.7761133973136416e-05	1	20	96999.64936956877
0.0001	1	20	104980.34648248137
5.7761133973136416e-05	1	20	99366.79444089111
1e-05	1	20	103832.61808696143
9.694611667866254e-05	1	29	102586.21558058861
0.0001	1	20	103093.19313919537
9.630850975731507e-05	1	34	107162.63822602465
5.7761133973136416e-05	1	20	102319.31965407744
1e-05	1	20	99106.61522277386
5.7761133973136416e-05	1	20	110759.30301352385
9.694611667866254e-05	1	29	110704.32235380451
1e-05	1	20	103909.52932666079
0.0001	1	20	96675.34453755606
9.694611667866254e-05	1	29	109602.66125886592
5.7761133973136416e-05	1	20	105085.12109950413
1e-05	1	20	101637.70085744596
0.0001	1	20	102653.06387800998
1e-05	1	20	103717.98719244699
5.7761133973136416e-05	1	20	100589.02581163617
0.0001	1	20	101782.58308911033
1.009626525468158e-05	1	33	104171.74872851282
1e-05	1	20	104116.30678183146
1.009626525468158e-05	1	33	106661.9544904166
0.0001	1	20	102314.82971626341
5.7761133973136416e-05	1	20	102715.38349370199
1e-05	1	20	103774.40597128667
1.009626525468158e-05	1	33	107802.18121592529
5.7761133973136416e-05	1	20	101740.7646254083
0.0001	1	20	98651.53952309603
0.0001	1	20	107301.42150295686
5.7761133973136416e-05	1	20	102080.31436718584
1e-05	1	20	104571.19156949666
9.694611667866254e-05	1	29	101368.01262058303
1e-05	1	20	104100.47870955712
0.0001	1	20	100224.6750989601
5.7761133973136416e-05	1	20	100738.27455676012
9.694611667866254e-05	1	29	105189.69830162835
0.0001	1	20	106046.6762719702
1.1850387592740574e-05	1	20	101563.59935836801
7.023714851361753e-05	1	20	98936.03156349556
3.331174005124963e-05	1	20	100225.95335524419
1.1850387592740574e-05	1	20	102066.21156797263
7.023714851361753e-05	1	20	101370.46704167954
3.331174005124837e-05	1	20	99132.83059097311
0.0001	1	20	95830.21244315691
7.023714851361753e-05	1	20	103468.99271795616
0.0001	1	20	103663.03535415704
1.1850387592740574e-05	1	20	100299.51682783337
3.331174005124837e-05	1	20	102134.8587370326
3.3311740051253426e-05	1	20	102624.93513733945
1.1850387592740574e-05	1	20	108072.83860430904
7.023714851361753e-05	1	20	101128.66515919818
0.0001	1	20	99967.90395743142
7.023714851361753e-05	1	20	103694.44085626048
1.1850387592740574e-05	1	20	103226.85839743393
3.331174005124837e-05	1	20	103869.77262150621
0.0001	1	20	95916.04706165809
1.1850387592740574e-05	1	20	106777.05885612984
3.331174005128443e-05	1	20	104091.31669761315
7.023714851361753e-05	1	20	99958.5652839265
0.0001	1	20	99055.79127718836
0.0001	1	20	105680.24016212393
3.331174005124837e-05	1	20	101591.1575536613
1.1850387592740574e-05	1	20	104575.2212885655
7.023714851361753e-05	1	20	99441.11486365303
3.331174005124837e-05	1	20	104690.07832156825
1.1850387592740574e-05	1	20	104015.944544958
7.023714851361753e-05	1	20	103419.91068860516
0.0001	1	20	103153.47112002071
0.0001	1	20	102921.6313942982
1.1850387592740574e-05	1	20	100960.43152040694
7.023714851361753e-05	1	20	100636.83783657047
3.331174005124837e-05	1	20	99868.58402647602
1.1850387592740574e-05	1	20	106524.72224444858
0.0001	1	20	101090.51571079591
3.331174005124837e-05	1	20	99878.10082672191
7.023714851361753e-05	1	20	99243.24785266165
0.0001	1	20	102045.60295271492
1.1850387592740574e-05	1	20	105577.65447134888
7.023714851361753e-05	1	20	100027.85562968752
3.331174005124837e-05	1	20	95807.88209670439
3.331174005124837e-05	1	20	108374.38294997082
7.023714851361753e-05	1	20	103231.7956365832
1.1850387592740574e-05	1	20	101405.5953752905
0.0001	1	20	103581.93564992101
3.331174005124837e-05	1	20	104840.13201781239
0.0001	1	20	101626.55538350191
1.1850387592740574e-05	1	20	103347.04307411486
7.023714851361753e-05	1	20	99857.04489109009
9.834401042251172e-05	1	20	105960.0590160931
7.023714851361753e-05	1	20	102109.53634670991
1.1850387592740574e-05	1	20	104930.18259615629
3.698919257556551e-05	1	20	100875.8819016174
8.8383995673321e-05	1	20	104323.74354800467
1.1850387592740574e-05	1	20	103073.11872297463
7.023714851361753e-05	1	20	99016.07625649938
3.331174005128496e-05	1	20	98172.88834418889
7.84901990914326e-05	1	20	105996.67001920825
3.331174005124869e-05	1	20	105537.9729430738
1.1850387592740574e-05	1	20	103073.50049261059
9.983738798587295e-05	1	20	100644.97841360144
1.1850387592740574e-05	1	20	105957.76676859136
7.023714851361753e-05	1	20	98524.93814422947
0.0001	1	20	101958.1265190929
3.331174005124837e-05	1	20	98456.0200526041
9.983738798587295e-05	1	20	105956.14278290216
1.1850387592740574e-05	1	20	103634.47436168625
7.706971069687143e-05	1	20	100339.78815661452
3.331174005124837e-05	1	20	102480.8330162226
9.983738798587295e-05	1	20	106916.3217405499
3.331174005124838e-05	1	20	105344.8065521901
7.566860965867932e-05	1	20	101734.8160335392
1.1850387592740574e-05	1	20	103733.19433625629
1.1850387592740574e-05	1	20	105508.01667456015
7.511045960619866e-05	1	20	102044.76668207182
9.983738798587295e-05	1	20	102362.15654324087
3.331174005124837e-05	1	20	97644.05135257277
3.331174005124837e-05	1	20	106861.56407724803
7.403656319173483e-05	1	20	100331.5479056791
9.983738798587295e-05	1	20	99312.89479910707
1.1850387592740574e-05	1	20	102450.09528735983
9.983738798587295e-05	1	20	105914.9435190945
3.331174005124837e-05	1	20	103155.85593017195
1.1850387592740574e-05	1	20	100611.52686980777
7.649966628707456e-05	1	20	102705.82266900943
9.983738798587295e-05	1	20	107988.47492016372
7.569301407934725e-05	1	20	108426.82098768959
1.1850387592740574e-05	1	20	99021.25367294523
3.331174005124837e-05	1	20	100298.38617857265
1.9383277455987673e-05	1	20	109487.78837819121
4.298572666311653e-05	1	20	103774.6951973915
7.282062998422273e-05	1	20	105750.82438746947
9.983738798587295e-05	1	20	104692.07411630405
1.795161228299877e-05	1	20	103834.02296315125
7.406371507250807e-05	1	20	105617.6846338619
4.298572666311653e-05	1	20	102904.9775929903
9.983738798587295e-05	1	20	98823.61665018438
7.023714851361753e-05	1	20	105631.5133514337
1.1850387592740574e-05	1	20	103370.69845139248
0.0001	1	20	102564.61668090147
3.331174005124837e-05	1	20	98098.53910125772
3.331174005124837e-05	1	20	102419.90183740036
0.0001	1	20	100044.66460459273
7.023714851361753e-05	1	20	103058.65681008321
1.1850387592740574e-05	1	20	103772.43213461449
1.1850387592740574e-05	1	20	107019.93133453217
3.331174005124837e-05	1	20	106274.87817826607
0.0001	1	20	105294.63142410506
7.023714851361753e-05	1	20	98330.21069033047
9.983738798587295e-05	1	20	100413.86567752584
4.298572666311653e-05	1	20	98050.0679933947
2.231108150205082e-05	1	20	100625.37275116342
7.749348592648187e-05	1	20	100199.54246648864
4.298572666311653e-05	1	20	103949.5150363427
2.116616182051812e-05	1	20	103349.33660077749
7.370129969694416e-05	1	20	99192.47619344448
9.983738798587295e-05	1	20	96237.06803622695
0.0001	1	20	102855.98688129995
3.331174005124837e-05	1	20	104190.52356201143
1.1850387592740574e-05	1	20	105425.90811353366
7.023714851361753e-05	1	20	102145.43525115182
0.0001	1	20	106551.82215387421
1.1850387592740574e-05	1	20	107231.85525705144
3.331174005124837e-05	1	20	98563.44634089051
7.023714851361753e-05	1	20	97185.49141883237
9.983738798587295e-05	1	20	108111.3445715206
3.331174005124837e-05	1	20	104448.63284522368
7.254448539541515e-05	1	20	101204.8483400085
1.1850387592740574e-05	1	20	103142.44565617514
2.161129154772006e-05	1	20	110402.9619808407
4.298572666311653e-05	1	20	101720.80371888838
7.19301643517644e-05	1	20	101238.73654307358
9.983738798587295e-05	1	20	100518.77742614523
7.285192027308194e-05	1	20	106356.53649174915
3.331174005124837e-05	1	20	103955.16989414913
1.1850387592740574e-05	1	20	102546.12154559148
9.983738798587295e-05	1	20	100350.50774174731
1.1850387592740574e-05	1	20	105841.61918494679
9.983738798587295e-05	1	20	105910.49461874133
7.439523286889341e-05	1	20	104897.59891262825
3.3311740051249015e-05	1	20	99546.95941303026
7.194423575254548e-05	1	20	105223.94525036849
4.298572666311653e-05	1	20	103630.18588496091
2.1373784675980557e-05	1	20	105825.56953959497
9.983738798587295e-05	1	20	99779.03033575245
3.331174005124837e-05	1	20	104370.97679731925
7.519874019383302e-05	1	20	105573.32167581317
1.1850387592740574e-05	1	20	101607.2384888068
9.983738798587295e-05	1	20	98969.47791651776
3.331174005124837e-05	1	20	108328.23414130675
7.023714851361753e-05	1	20	108448.12691385896
0.0001	1	20	100776.52151357682
1.1850387592740574e-05	1	20	99583.05228388312
0.0001	1	20	104452.35826700281
3.331174005124837e-05	1	20	99719.83243159372
7.023714851361753e-05	1	20	102499.46836301865
1.1850387592740574e-05	1	20	98816.21481291289
3.331174005124837e-05	1	20	103372.03423918513
7.023714851361753e-05	1	20	101500.56489420708
1.1850387592740574e-05	1	20	98459.16775507107
0.0001	1	20	101730.05972589347
1.1850387592740574e-05	1	20	107769.33512442124
3.331174005124837e-05	1	20	104583.0322037911
7.023714851361753e-05	1	20	101573.85756534628
0.0001	1	20	101165.7193200313
1.1850387592740574e-05	1	20	108316.26440178568
3.331174005124837e-05	1	20	107691.02781045824
7.023714851361753e-05	1	20	107550.40926789895
0.0001	1	20	99741.73885278415
0.0001	1	20	104489.4574720494
1.1850387592740574e-05	1	20	100943.38173897042
3.331174005124837e-05	1	20	101778.48763543603
7.023714851361753e-05	1	20	101937.51617463019
0.0001	1	20	103707.86537727895
3.331174005124837e-05	1	20	99219.05950890966
1.1850387592740574e-05	1	20	101537.4165478608
7.023714851361753e-05	1	20	103658.37671693123
7.023714851361753e-05	1	20	112365.64494643193
3.331174005124837e-05	1	20	102512.03348054299
0.0001	1	20	101644.23398461302
1.1850387592740574e-05	1	20	101440.94327039403
0.0001	1	20	108189.65684183719
3.331174005124837e-05	1	20	103597.95574357205
1.1850387592740574e-05	1	20	104366.80184631623
7.023714851361753e-05	1	20	103621.6573091234
1.1850387592740574e-05	1	20	106119.25036539226
0.0001	1	20	101069.16200125779
3.331174005124837e-05	1	20	100250.75817391711
7.023714851361753e-05	1	20	99311.5491858235
3.331174005124837e-05	1	20	104920.8155020265
0.0001	1	20	103198.04623115863
1.1850387592740574e-05	1	20	100693.37572243574
7.023714851361753e-05	1	20	100603.79245972408
1.1850387592740574e-05	1	20	103676.97392287933
7.023714851361753e-05	1	20	100849.30720890008
0.0001	1	20	103635.79797213261
3.331174005124837e-05	1	20	105051.28962575155
7.023714851361753e-05	1	20	110546.48826062337
3.331174005124837e-05	1	20	105867.76486808162
0.0001	1	20	105362.7856696657
1.1850387592740574e-05	1	20	105710.39760004319
3.331174005124837e-05	1	20	105036.23886635616
1.1850387592740574e-05	1	20	104202.11880254446
7.023714851361753e-05	1	20	103768.6668871649
0.0001	1	20	102050.91293253998
1.1850387592740574e-05	1	20	105446.95452628043
7.023714851361753e-05	1	20	98141.61648557047
3.331174005124837e-05	1	20	100301.32172695
0.0001	1	20	99477.20788406608
7.023714851361753e-05	1	20	107504.7204324106
0.0001	1	20	103693.38813659785
1.1850387592740574e-05	1	20	101063.74091393048
3.331174005124837e-05	1	20	98890.32591032199
0.0001	1	20	105618.32900819342
3.331174005124837e-05	1	20	103983.87944458876
1.1850387592740574e-05	1	20	104053.89613370228
7.023714851361753e-05	1	20	98715.28280370243
3.331174005124837e-05	1	20	102779.71023304289
7.023714851361753e-05	1	20	102169.3066257567
0.0001	1	20	102493.80391038282
1.1850387592740574e-05	1	20	98953.01252994982
7.023714851361753e-05	1	20	102436.8325224261
3.331174005124837e-05	1	20	101536.24830204241
0.0001	1	20	100887.67055243516
1.1850387592740574e-05	1	20	100128.81893725779
0.0001	1	20	106721.60550189103
3.331174005124837e-05	1	20	98957.18827003142
1.1850387592740574e-05	1	20	99389.06228350796
7.023714851361753e-05	1	20	99097.90644034736
3.331174005124837e-05	1	20	107082.90636359146
1.1850387592740574e-05	1	20	105097.61856665435
7.023714851361753e-05	1	20	101316.68798068825
0.0001	1	20	101386.5503722617
7.023714851361753e-05	1	20	109471.1265544692
1.1850387592740574e-05	1	20	103070.91155657552
3.331174005124837e-05	1	20	100805.23626056143
0.0001	1	20	98271.24552815765
3.331174005124837e-05	1	20	108793.7448917804
7.023714851361753e-05	1	20	106433.9662963975
0.0001	1	20	106138.59136748777
1.1850387592740574e-05	1	20	102750.78875935226
7.023714851361753e-05	1	20	110944.05335385501
0.0001	1	20	106723.13686611564
1.1850387592740574e-05	1	20	104202.5117950398
3.331174005124837e-05	1	20	102737.2634549964
0.0001	1	20	102647.82763024565
1.1850387592740574e-05	1	20	101705.32839240678
3.331174005124837e-05	1	20	98709.06246933705
7.023714851361753e-05	1	20	97860.99460556473
0.0001	1	20	105045.12548617076
3.331174005124837e-05	1	20	106140.83229307944
7.023714851361753e-05	1	20	107887.79827042189
1.1850387592740574e-05	1	20	102507.8220086918
0.0001	1	20	101097.61494354691
3.331174005124837e-05	1	20	104714.38577111613
1.1850387592740574e-05	1	20	100964.32150041967
7.023714851361753e-05	1	20	98087.02592667304
7.023714851361753e-05	1	20	108648.53535394577
0.0001	1	20	104822.92971135843
3.331174005124837e-05	1	20	100633.29403567214
1.1850387592740574e-05	1	20	97759.6829122578
1.1850387592740574e-05	1	20	106487.90594084476
3.331174005124837e-05	1	20	102978.66244002193
0.0001	1	20	100861.342020621
7.023714851361753e-05	1	20	99313.67959846513
3.331174005124837e-05	1	20	102002.0821307321
7.023714851361753e-05	1	20	103592.56294720361
1.1850387592740574e-05	1	20	104902.90968974638
0.0001	1	20	101348.50898059655
3.331174005124837e-05	1	20	106827.10258086181
1.1850387592740574e-05	1	20	104334.11691396497
7.023714851361753e-05	1	20	102942.2141074156
0.0001	1	20	102046.06417170574
0.0001	1	20	101778.64892624195
1.1850387592740574e-05	1	20	102042.61239528586
7.023714851361753e-05	1	20	99864.8315145343
3.331174005124837e-05	1	20	104094.5138753813
7.023714851361753e-05	1	20	106160.05807882489
1.1850387592740574e-05	1	20	105134.10564567483
0.0001	1	20	104228.61449104524
3.331174005124837e-05	1	20	100677.79121752977
3.331174005124837e-05	1	20	104642.96817506787
0.0001	1	20	104423.25436428035
1.1850387592740574e-05	1	20	99656.83906753352
7.023714851361753e-05	1	20	105687.49659857135
0.0001	1	20	104301.09738652017
1.1850387592740574e-05	1	20	106168.7437207097
3.331174005124837e-05	1	20	100414.56204027765
7.023714851361753e-05	1	20	96518.18738020891
1.1850387592740574e-05	1	20	100283.55030662229
3.331174005124837e-05	1	20	102565.70278703906
7.023714851361753e-05	1	20	104988.3012115043
0.0001	1	20	105791.08040034487
0.0001	1	20	104941.02972160974
3.331174005124837e-05	1	20	100941.6345764284
1.1850387592740574e-05	1	20	99051.54100922728
7.023714851361753e-05	1	20	98382.66937672123

Best value: 95807.88209670439 at [Gamma, Alpha, #Firefly] = [3.331174005124837e-05, 1, 20], found in 5156.472195863724 s