3.4739079479926974e-05	1	23	110930.26248791922
6.499400483076611e-05	1	28	107862.37604175403
4.4527966862989765e-05	1	25	104466.76038420093
2.4060788015729865e-05	1	35	106283.52424372216
6.681469970115953e-05	1	38	109863.05654353807
9.76221180136211e-05	4	33	115981.17974785894
7.214534285573403e-05	2	32	110010.67893681474
9.743553029661934e-05	3	36	112613.09960495902
1.2101097510168796e-05	1	20	108966.7726012832
1.0881331481550175e-05	4	38	114247.77677759284
3.32560084169133e-05	1	31	105909.97488336798
7.880003298689344e-05	1	20	101082.69937974762
6.940410667668288e-05	1	20	99594.11095240634
8.763407627340345e-05	1	20	97181.80496264117
4.576145932127168e-05	1	21	101277.06872124395
9.970146229668864e-05	1	27	96887.89718980374
8.319930808780916e-05	1	20	102513.2837605575
0.0001	1	20	102596.70455692048
9.970146229668864e-05	1	27	101704.62866058861
9.932948844447189e-05	1	21	97941.46154031347
7.880003298689344e-05	1	20	104826.41483543563
0.0001	1	20	100420.41192100378
9.742493960380403e-05	1	34	101458.99018780599
9.970146229668864e-05	1	27	99266.02834212969
9.742493960380403e-05	1	34	111738.9134208791
0.0001	1	20	103119.91547594155
7.880003298689344e-05	1	20	100343.26736304697
9.970146229668864e-05	1	27	99491.81182373207
7.880003298689344e-05	1	20	104519.61821214347
9.970146229668864e-05	1	27	105428.33543751933
0.0001	1	20	102417.93411371531
4.576145932127168e-05	1	21	98295.60145004789
6.940410667668288e-05	1	20	111042.73708075173
0.0001	1	20	104099.24439008746
4.2247504380746185e-05	1	20	103216.59233434623
9.970146229668864e-05	1	27	104633.37439486077
2.92855724535174e-05	1	20	102487.28376398995
9.898448775626889e-05	1	32	107655.49172485984
6.940410667668288e-05	1	20	98906.16091562636
0.0001	1	20	98276.26780046729
3.1696633736564504e-05	1	20	106967.83145893854
6.940410667668288e-05	1	20	104979.72038319966
0.0001	1	20	106215.15220044236
9.970146229668864e-05	1	27	102011.68187750802
9.898448775626889e-05	1	32	111912.4251443446
6.940410667668288e-05	1	20	103543.19745390776
2.9285572453517496e-05	1	20	99698.94985908468
0.0001	1	20	98432.48744037139
0.0001	1	20	106455.9225486962
8.319930808780916e-05	1	20	107937.78138274299
4.576145932127168e-05	1	21	103199.7343627376
1.2101097510168796e-05	1	20	106114.47822525128
4.576145932127168e-05	1	21	105354.15433712727
1.2101097510168796e-05	1	20	101702.24439943979
0.0001	1	20	101218.64508699364
9.970146229668864e-05	1	27	104063.86768272531
1.2101097510168796e-05	1	20	106955.50014979504
0.0001	1	20	106229.73363597566
4.2247504380746185e-05	1	20	107593.26899922192
9.970146229668864e-05	1	27	106697.75302633228
0.0001	1	20	106292.25448021674
1.2101097510168796e-05	1	20	101641.00276258233
9.970146229668864e-05	1	27	107776.61631174079
4.2247504380746185e-05	1	20	97996.67396225398
0.0001	1	20	102202.0981922056
9.970146229668864e-05	1	27	103446.732347371
1.2101097510168796e-05	1	20	104851.38214486424
4.2247504380746185e-05	1	20	98012.2554306084
4.2247504380746185e-05	1	20	105185.88738609143
0.0001	1	20	105154.75578547537
1.2101097510168796e-05	1	20	99031.79598705223
9.970146229668864e-05	1	27	104334.00359909567
6.940410667668288e-05	1	20	106701.84402207306
0.0001	1	20	104691.8108573283
2.92855724535174e-05	1	20	99120.8364019345
1.3824843160200367e-05	1	38	108674.03944613042
0.0001	1	20	105888.25795042657
2.92855724535174e-05	1	20	104810.24429874057
1.2101097510168796e-05	1	20	102854.75411702288
6.940410667668288e-05	1	20	98439.05447963587
8.937894750971729e-05	1	20	104810.72815881697
9.970146229668864e-05	1	27	108591.0941872726
1.2101097510168796e-05	1	20	102599.47798600634
2.92855724535174e-05	1	20	97912.69275230964
9.932948844447189e-05	1	21	102052.48935489489
1.2101097510168796e-05	1	20	98124.51076398802
5.0850254620035765e-05	1	20	97142.74272496895
9.742493960380403e-05	1	34	104767.92736065753
4.798548272694727e-05	1	20	107342.32360833402
7.880003298689344e-05	1	20	106171.3467291797
1.2101097510168796e-05	1	20	105500.92246558839
9.932948844447189e-05	1	21	103208.06069796665
9.932948844447189e-05	1	21	108208.98741515283
9.742493960380403e-05	1	34	110790.01535075717
1.2101097510168796e-05	1	20	105785.33890001006
4.6948730888752697e-05	1	20	101471.77455705646
1.3824843160200362e-05	1	38	111796.62148559527
9.932948844447189e-05	1	21	106816.36365371403
1.2101097510168796e-05	1	20	102445.6216709746
4.8294781128238774e-05	1	20	103460.6906573145
7.880003298689344e-05	1	20	105151.84391688593
1.2101097510168796e-05	1	20	102858.77167131915
4.7627822683407315e-05	1	20	100042.45689797336
9.932948844447189e-05	1	21	102116.36986236864
1.2101097510168796e-05	1	20	108616.9881445362
0.0001	1	20	106676.93364346129
4.613447199768674e-05	1	20	97650.614431161
7.880003298689344e-05	1	20	95244.17288550053
1.2615913067204649e-05	4	20	116459.8927523767
9.932948844447189e-05	1	21	107463.68606786647
1.2101097510168796e-05	1	20	104056.50195787466
5.1127289777601634e-05	1	20	100019.80520672817
5.073150634989538e-05	1	20	109028.06850953859
9.93294884444719e-05	1	21	104639.32166908284
1.2101097510168796e-05	1	20	101473.61251775101
6.795551729135489e-05	1	34	100154.28194301171
5.188019719717344e-05	1	20	105312.81715236302
9.932948844447189e-05	1	21	106240.52574250405
1.2101097510168796e-05	1	20	104445.26252130559
7.068667370704324e-05	1	38	107586.15181111885
9.932948844447189e-05	1	21	106627.38106510819
1.2101097510168796e-05	1	20	103560.09632113707
5.1676750211011834e-05	1	20	98536.20945648997
7.068667370704324e-05	1	38	103050.02878231346
1.2101097510168796e-05	1	20	104640.89563804191
9.932948844447189e-05	1	21	101018.31189412052
5.1660293602890315e-05	1	20	99895.22129924131
7.068667370704324e-05	1	38	105425.25569008803
5.219679467741422e-05	1	20	103473.43233370113
1.2101097510168796e-05	1	20	105244.75352830839
9.932948844447195e-05	1	21	102977.62422180803
7.068667370704324e-05	1	38	105923.8339516676
7.068667370704324e-05	1	38	115758.65457992547
1.2101097510168796e-05	1	20	109161.38558751284
5.25385491780934e-05	1	20	101761.61884271953
9.932948844447189e-05	1	21	99010.06298730755
5.3940986183058185e-05	1	20	101282.24547458111
9.932948844447189e-05	1	21	105664.45737305246
1.2101097510168796e-05	1	20	100527.96457684525
7.068667370704324e-05	1	38	103299.06578625299
5.343421618749662e-05	1	20	107116.33315317931
9.932948844447189e-05	1	21	103745.28210890465
1.2101097510168796e-05	1	20	101968.88333609035
7.068667370704324e-05	1	38	104553.42831523581
1.2101097510168796e-05	1	20	103996.90279875946
5.313319786796845e-05	1	20	102536.82681664347
9.932948844447189e-05	1	21	103986.64342675902
7.068667370704324e-05	1	38	106248.2909158475
7.068667370704324e-05	1	38	113110.77230525852
5.3060980858047e-05	1	20	104689.99575123223
1.2101097510168796e-05	1	20	103727.41815089404
9.932948844447189e-05	1	21	98494.25092157969
1.2101097510168796e-05	1	20	105942.92911012974
5.3828233803565416e-05	1	20	98531.81752909115
7.068667370704324e-05	1	38	106336.11146903159
9.932948844447189e-05	1	21	96054.31157883482
9.932948844447189e-05	1	21	105866.45725163558
1.2101097510168925e-05	1	20	102351.7342904467
5.566080624494815e-05	1	20	101359.32778623649
7.068667370704324e-05	1	38	107275.66362763231
9.932948844447189e-05	1	21	107587.2105180036
1.2101097510168988e-05	1	20	107576.23726829063
5.497066601211804e-05	1	20	103302.66280967557
7.068667370704372e-05	1	38	103143.84006791271
9.932948844447189e-05	1	21	104049.0282369259
5.51093119596674e-05	1	20	105974.26170600462
1.2101097510169007e-05	1	20	101223.15758324231
7.068667370704324e-05	1	38	109961.45912858545
9.932948844447189e-05	1	21	107961.16377998612
1.2101097510168857e-05	1	20	108192.66062378002
7.068667370704324e-05	1	38	108689.98235597629
5.433735642157971e-05	1	20	101943.91711678272
5.429006991969147e-05	1	20	106353.31618643514
9.932948844447189e-05	1	21	105597.72999329315
1.2101097510168796e-05	1	20	103084.12916816336
7.06866737070434e-05	1	38	109304.87352730513
9.932948844447189e-05	1	21	104635.20482214131
5.3590346474877414e-05	1	20	104342.49680294485
1.2101097510168796e-05	1	20	100142.18631536397
7.068667370704341e-05	1	38	100433.5126113334
9.932948844447189e-05	1	21	104712.87821851586
1.2101097510168796e-05	1	20	105892.42270092506
7.068667370704352e-05	1	38	106069.3121279083
5.316700509724983e-05	1	20	93978.6470750833
1.2101097510168796e-05	1	20	106681.85922879011
5.329005529136541e-05	1	20	107092.39690808226
9.932948844447189e-05	1	21	100167.12839528044
7.068667370704324e-05	1	38	103717.24652277761
9.932948844447189e-05	1	21	102729.167775116
1.2101097510168796e-05	1	20	100276.58468776179
5.45571565835561e-05	1	20	97892.0339583982
7.068667370704324e-05	1	38	106739.79722648763
5.422801936844356e-05	1	20	104153.57533268949
7.068667370704324e-05	1	38	110273.36559572913
1.2101097510168796e-05	1	20	103048.00109128389
9.932948844447189e-05	1	21	103680.30782868832
5.397044861234887e-05	1	20	106746.14464738069
9.93294884444719e-05	1	21	107124.84102059256
1.2101097510168796e-05	1	20	105398.73430960283
7.068667370704324e-05	1	38	106417.52365457089
5.371439990903225e-05	1	20	109545.43298923383
1.2101097510168796e-05	1	20	105784.3317102285
9.932948844447189e-05	1	21	101707.06456677278
7.068667370704324e-05	1	38	103133.10028156792
5.514274605853787e-05	1	20	104727.7940287093
9.600137436653103e-05	1	39	109703.13657716491
9.93294884444719e-05	1	21	103751.03895577615
1.2101097510168796e-05	1	20	99509.3489506282
5.4137264614490096e-05	1	20	103915.56078483135
9.932948844447189e-05	1	21	103255.53148524821
1.2101097510168796e-05	1	20	102793.28357682338
7.068667370704324e-05	1	38	107489.29385051159
9.932948844447189e-05	1	21	107181.4696729223
5.369589654175118e-05	1	20	103630.24648382592
7.068667370704324e-05	1	38	105639.19386348124
1.2101097510168796e-05	1	20	95736.43300782549
5.074862897172089e-05	1	20	105743.46375249396
9.932948844447189e-05	1	21	101618.35130621711
1.2101097510168796e-05	1	20	104830.0265749006
7.068667370704324e-05	1	38	107457.06877305968
1.2101097510168796e-05	1	20	102715.76706831084
9.600137436653098e-05	1	39	107254.34039844193
5.193361598855448e-05	1	20	102237.67304143004
9.932948844447189e-05	1	21	99297.95372571368
9.932948844447189e-05	1	21	105620.60563725219
1.2101097510168796e-05	1	20	103997.15296918931
5.2977171203885586e-05	1	20	100860.522231517
9.600137436653098e-05	1	39	107079.90263863132
1.2101097510168796e-05	1	20	102844.82619483992
5.254316127433939e-05	1	20	100742.60629589333
9.932948844447189e-05	1	21	102616.9401945842
7.068667370704324e-05	1	38	108336.2643966587
5.229923310106076e-05	1	20	110860.94748603067
7.068667370704324e-05	1	38	113122.64492573151
1.2101097510168796e-05	1	20	103773.37607314452
9.932948844447189e-05	1	21	102271.57880487034
9.600137436653103e-05	1	39	113680.9441888527
9.932948844447189e-05	1	21	102385.19777831636
1.2101097510168796e-05	1	20	100252.308230983
5.463497192192004e-05	1	20	102808.75649086117
1.2101097510168796e-05	1	20	107262.66406315219
9.932948844447189e-05	1	21	101757.57376155604
5.244336666788048e-05	1	20	100249.92762500903
2.0542227192283545e-05	1	39	105520.18947121645
1.2101097510168796e-05	1	20	103426.88929024574
5.719655739726034e-05	1	20	105710.77258933515
9.932948844447189e-05	1	21	107448.07030082727
2.0542227192283545e-05	1	39	110211.42087977678
1.2101097510168796e-05	1	20	108373.97385399544
5.2460705668147345e-05	1	20	102254.50725372313
9.932948844447189e-05	1	21	104476.44057784409
2.0542227192283545e-05	1	39	107714.87816196634
5.5460232276180665e-05	1	20	100448.27797658127
9.932948844447189e-05	1	21	102447.30666812505
1.2101097510168796e-05	1	20	100264.69750973688
3.783316998366144e-05	1	39	109401.53550279432
1.2101097510169886e-05	1	20	106052.4820306792
5.5649023211616625e-05	1	20	101756.7851464968
9.932948844447189e-05	1	21	102457.93078737763
3.783316998366144e-05	1	39	111414.6014737939
7.068667370704324e-05	1	38	109791.27596081732
9.932948844447189e-05	1	21	102211.32878960771
1.2101097510168796e-05	1	20	99671.93319399533
5.82569797251891e-05	1	20	94434.97488669185
9.932948844447189e-05	1	21	106167.7728040095
5.951981021230859e-05	1	20	104834.03112721661
1.2101097510168796e-05	1	20	101430.27641134446
7.068667370704324e-05	1	38	102545.06854579938
1.2101097510169218e-05	1	20	98253.95077178827
7.068667370704324e-05	1	38	107044.6839364963
9.932948844447189e-05	1	21	101813.85487199653
5.785712912429187e-05	1	20	99649.9864152184
7.068667370704388e-05	1	38	107330.7826327791
1.2101097510168796e-05	1	20	103600.45752183814
9.932948844447189e-05	1	21	98340.32181431887
5.782678837512313e-05	1	20	100966.46798037627
5.93258054650314e-05	1	20	104405.06699578297
1.2101097510168796e-05	1	20	103730.06535571518
9.932948844447189e-05	1	21	99891.53383634593
7.068667370704324e-05	1	38	105670.24028215853
9.932948844447189e-05	1	21	104814.01006944713
6.009344831928878e-05	1	20	99294.32759634321
1.210109751016983e-05	1	20	103361.47213389327
7.068667370704324e-05	1	38	109098.01003515595
6.0336779259429e-05	1	20	105807.91154798048
9.932948844447189e-05	1	21	100897.43054352788
1.2101097510168796e-05	1	20	102764.62793217007
7.068667370704324e-05	1	38	104173.12673293496
6.0245376609400956e-05	1	20	103662.3743529961
1.2101097510169931e-05	1	20	100256.07131754496
7.068667370704324e-05	1	38	106843.64614865216
9.932948844447189e-05	1	21	102028.27213043605
9.932948844447189e-05	1	21	108550.51762797651
7.068667370704324e-05	1	38	111603.92193283178
5.9752597804455955e-05	1	20	104722.21086006306
1.2101097510169937e-05	1	20	101897.68734421891
9.932948844447189e-05	1	21	101947.63882284919
7.068667370704324e-05	1	38	108947.50712942865
5.670601334171316e-05	1	20	97863.325333196
1.2101097510172337e-05	1	20	100513.36500588138
5.699422478370051e-05	1	20	101725.88441480999
9.932948844447189e-05	1	21	104677.32800187061
1.2101097510169123e-05	1	20	102737.60771273696
7.068667370704324e-05	1	38	107987.71549824439
1.2101097510168796e-05	1	20	108034.99276737783
5.65947314311234e-05	1	20	95037.00153954627
7.068667370704324e-05	1	38	105584.83411086348
9.932948844447192e-05	1	21	96622.5932956882
7.068667370704324e-05	1	38	112719.3392145928
1.2101097510168796e-05	1	20	106768.81919779889
5.895553492442788e-05	1	20	101937.24687493952
9.932948844447189e-05	1	21	99012.75021726255
9.932948844447189e-05	1	21	107659.38386422613
6.031139826274394e-05	1	20	100824.67180830696
4.6075547443763134e-05	1	38	108186.44468127382
1.2101097510169515e-05	1	20	99358.15452694338
9.932948844447189e-05	1	21	105111.24420387033
7.068667370704324e-05	1	38	108652.04437334253
5.938698390824289e-05	1	20	101803.99016958484
1.2101097510168796e-05	1	20	100424.10840873024
9.932948844447189e-05	1	21	108834.38802532261
5.882611516571344e-05	1	20	102189.05345735245
1.2101097510168796e-05	1	20	104066.60102578544
7.068667370704324e-05	1	38	103937.08243026814
5.816138198780014e-05	1	20	105405.2053530442
7.068667370704324e-05	1	38	109795.40616673804
9.932948844447189e-05	1	21	102703.63116079698
1.2101097510170284e-05	1	20	100101.99461283823
9.932948844447189e-05	1	21	105894.4037247143
5.758597654258517e-05	1	20	106321.67715886922
7.068667370704324e-05	1	38	108364.21834012572
1.2101097510168796e-05	1	20	99247.74008791467
5.608292311704344e-05	1	20	102871.4411835884
1.2101097510168796e-05	1	20	103930.7752724129
9.932948844447189e-05	1	21	105768.23415589616
7.068667370704324e-05	1	38	107432.31782679106
9.93294884444719e-05	1	21	107464.51196436863
5.5700837836280394e-05	1	20	105177.48984689478
1.2101097510168796e-05	1	20	100735.84089562987
7.068667370704553e-05	1	38	109393.92381074556
9.932948844447189e-05	1	21	106626.77225238625
1.2101097510168796e-05	1	20	105543.66367843724
5.373224922763717e-05	1	20	101671.79844266688
7.068667370704324e-05	1	38	106638.77343422726
9.932948844447189e-05	1	21	100536.46738817301
5.358234180008995e-05	1	20	98697.44567683371
1.2101097510169716e-05	1	20	102453.50863237909
7.06866737070436e-05	1	38	105327.54103505502
7.068667370704324e-05	1	38	109244.09030853158
1.2101097510169945e-05	1	20	102756.01305331757
9.932948844447189e-05	1	21	102302.13652459982
5.372563123094966e-05	1	20	103221.41857475133
9.93294884444719e-05	1	21	108615.1896743084
5.3805013028690185e-05	1	20	100920.21684122193
7.068667370704324e-05	1	38	110098.95023041563
1.2101097510168796e-05	1	20	98807.54125414288
1.2101097510168796e-05	1	20	104267.44430002298
7.068667370704335e-05	1	38	107839.36878830276
5.1798233364568434e-05	1	20	99173.45032377387
9.932948844447189e-05	1	21	98072.10436625872
9.932948844447189e-05	1	21	106985.35049248843
5.2300015834729053e-05	1	20	104322.02240267339
1.2101097510168796e-05	1	20	104388.74740938998
7.068667370704324e-05	1	38	106895.91741572428
1.2101097510168796e-05	1	20	105535.0531571252
9.932948844447189e-05	1	21	103405.30499465289
5.224593204571677e-05	1	20	107698.11717204424
7.068667370704334e-05	1	38	107811.96330815235
7.068667370704324e-05	1	38	113756.63024824465
1.2101097510168796e-05	1	20	103385.94247734343
5.375672631901941e-05	1	20	100721.64964194449
9.932948844447189e-05	1	21	99239.30537938626
7.068667370704342e-05	1	38	109514.15044696555
9.932948844447189e-05	1	21	103566.82099177908
5.439228317913956e-05	1	20	105297.35522116537
1.2101097510168796e-05	1	20	100068.44106310222
5.3445985819857144e-05	1	20	107377.88016825565
9.932948844447189e-05	1	21	102786.16541397045
1.2101097510168796e-05	1	20	99180.24349534478
7.068667370704324e-05	1	38	109469.55947212064
5.237160217881874e-05	1	20	104752.86336151909
9.932948844447189e-05	1	21	108017.68822208226
1.2101097510168796e-05	1	20	102293.02474287161
7.068667370704324e-05	1	38	104111.84324783015
5.115672827323715e-05	1	20	108785.87102102322
9.932948844447189e-05	1	21	104187.2391136043
1.2101097510168796e-05	1	20	103342.53881571427
7.068667370704324e-05	1	38	105402.02238137329
5.533100656073667e-05	1	20	106454.66386585074
1.2101097510168796e-05	1	20	97095.12846272314
9.932948844447189e-05	1	21	98588.58866868634
2.0542227192284565e-05	1	39	107271.91994373905
1.2101097510168796e-05	1	20	102408.89018315214
9.932948844447189e-05	1	21	105151.50929913638
4.905539313848306e-05	1	20	103116.54510554599
7.068667370704324e-05	1	38	104225.21580489255
7.068667370704324e-05	1	38	109911.6741334191
1.2101097510168796e-05	1	20	101023.9631167265
4.824197453502023e-05	1	20	99449.12329377737
9.932948844447189e-05	1	21	103328.91835421688
1.2101097510168796e-05	1	20	104168.86763519378
4.637162014788639e-05	1	20	97942.52743709784
9.932948844447192e-05	1	21	100695.65106646402
7.068667370704324e-05	1	38	107849.63427207484
4.579451072292478e-05	1	20	109398.74505146146
9.932948844447189e-05	1	21	106666.21510286703
7.068667370704324e-05	1	38	110664.14351359944
1.2101097510168796e-05	1	20	101275.76849911931

Best value: 93978.6470750833 at [Gamma, Alpha, #Firefly] = [5.316700509724983e-05, 1, 20], found in 5488.177689552307 s