3.9493935759062024e-05	4	32	112896.91681741418
1.0943462227846812e-05	4	22	111069.36271815146
3.219072508535343e-05	1	35	102368.67021863435
4.34603567900229e-05	1	36	105052.07151177511
4.666409451824956e-05	4	26	114751.84530806895
7.67706403362523e-05	3	39	115954.34975821324
2.2262100815883895e-05	2	38	112291.31213986692
2.511627755357712e-05	3	20	106259.69051015312
1.531135359658806e-05	1	33	105412.68258560149
2.5915892707127948e-05	1	38	103848.52172419845
3.4478059035113994e-05	1	31	103306.0845121729
3.096776232206334e-05	1	32	102853.43359807921
4.426890674667459e-05	1	20	101514.76359712346
2.937600741164831e-05	1	20	101524.39883286151
1.1499739380892821e-05	2	20	101157.85372030135
3.6834987256327464e-05	2	20	99201.02087007
6.063337783810904e-05	1	20	102000.15055112522
8.87543743489824e-05	1	20	100373.36565169478
2.9812172053997726e-05	2	20	104407.5776315096
4.484889513541057e-05	2	20	101713.17492329092
3.336801585697148e-05	1	20	100445.2139869857
1.8357986965265317e-05	1	20	103711.98458088958
4.426890674667459e-05	1	20	102599.24153141372
6.469198235913513e-05	1	20	102079.99598327381
8.666832409096242e-05	1	20	102496.87329489927
3.9936173691832305e-05	1	20	101766.36104744316
0.0001	1	20	102551.96930094382
6.867867901573961e-05	1	20	100220.14731834042
4.426890674667459e-05	1	20	102329.20191186774
8.666832409096245e-05	1	20	100400.61313023287
6.555014731904471e-05	1	20	101430.69091888312
4.20193859650566e-05	2	20	99810.50250341826
7.5692867101636e-05	1	20	101335.36804065239
4.1128514890741375e-05	1	20	99947.80219001079
2.918356882285556e-05	1	20	101241.64820242536
5.5796950479935445e-05	1	20	102040.95307282414
2.918356882285556e-05	1	20	101016.20648557178
7.752866738493042e-05	1	20	100439.59618748762
4.065103838918963e-05	1	20	100841.21005767162
4.9591680211212585e-05	1	20	100967.53503504406
4.065306691278257e-05	1	20	101548.79374001411
4.9591680211212585e-05	1	20	100843.93373880314
7.774407251183236e-05	1	20	100501.41755827777
2.9313007729963698e-05	1	20	100823.49027034469
7.780468670654486e-05	1	20	100643.46323663977
4.9591680211212585e-05	1	20	99604.83407631796
4.067904956762181e-05	1	20	102833.6401599762
2.918356882285556e-05	1	20	101528.81210752335
4.601361492269544e-05	1	20	100949.6519206418
6.622760750883758e-05	1	20	102413.44745656669
3.52801561275915e-05	1	20	101262.74866569357
7.724255876581448e-05	1	20	101893.92664089047
7.829688495065911e-05	1	20	101321.45944541895
4.9591680211212585e-05	1	20	101602.416414372
4.425232876526331e-05	1	20	102760.59187161035
2.918356882285556e-05	1	20	100531.57086108609
7.806319539878704e-05	1	20	102608.27552800733
3.6433124309654504e-05	1	20	100138.34926267475
4.9591680211212585e-05	1	20	102650.28053561089
3.1671653237851366e-05	1	20	101170.98796276408
3.1671653237851366e-05	1	20	105197.23971035916
4.9591680211212585e-05	1	20	102259.17269440439
7.754461879032101e-05	1	20	100990.30758260234
3.543745904498363e-05	1	20	101597.42583774927
8.666832409096242e-05	1	20	101615.85736391018
7.671464126277628e-05	1	20	101339.81537477046
3.629930219414452e-05	1	20	103711.24280930383
4.9591680211212585e-05	1	20	101248.57245212134
8.666832409096242e-05	1	20	103147.11763000273
5.5796950479935445e-05	1	20	104130.67557259805
7.499273269606425e-05	1	20	101023.41326530947
4.0141383886701636e-05	1	20	101913.52195902911
4.9591680211212585e-05	1	20	101373.67034564036
3.9836626886350646e-05	1	20	101915.37846503033
2.918356882285556e-05	1	20	102874.9913648199
7.534294379834353e-05	1	20	101181.6910411381
2.918356882285556e-05	1	20	101203.70870512912
7.524112238483024e-05	1	20	101992.5700929958
4.2495100569031644e-05	1	20	100479.80701604168
4.9591680211212585e-05	1	20	101634.03400287122
4.2779095441120676e-05	1	20	101775.05430538149
4.9591680211212585e-05	1	20	102242.07944424388
7.584291819806085e-05	1	20	102935.93113157342
2.918356882285556e-05	1	20	100363.04745974024
4.102522618883169e-05	1	20	101149.8781016906
4.9591680211212585e-05	1	20	100072.27677864808
7.70695120642249e-05	1	20	103116.0812837328
2.918356882285556e-05	1	20	99687.43375636896
3.297186197131627e-05	1	20	101758.2278966079
4.9591680211212585e-05	1	20	101660.34869132719
7.662835529953452e-05	1	20	102363.04195457915
4.5188907874723094e-05	1	20	103531.41444372977
7.728233962210207e-05	1	20	100023.76102808713
5.1453104984948364e-05	1	20	100617.93205563253
3.2037331798326754e-05	1	20	100558.47311314273
1.7571497604800086e-05	2	20	100949.17306110368
5.00947297754433e-05	1	20	103662.45838951043
2.8943940971997512e-05	1	20	101585.56465589143
7.731270909635918e-05	1	20	99135.05443089567
1.7571497604800086e-05	2	20	105603.02978480114
7.680412116156389e-05	1	20	103335.75345537771
9.520338701179922e-05	1	20	104273.0021634842
3.515321603853246e-05	1	20	101625.3813982273
4.9591680211212585e-05	1	20	102209.57884654294
3.4954810967686055e-05	1	20	101229.66253668035
8.666832409096242e-05	1	20	100011.69570312809
4.9591680211212585e-05	1	20	102368.24703983564
7.29396540053621e-05	1	20	101195.73891087886
7.70598242727482e-05	1	20	101954.05773533191
4.9591680211212585e-05	1	20	102282.41062348385
3.461217866697936e-05	1	20	102701.53822687695
4.252695600935745e-05	2	20	100435.00430916525
4.9591680211212585e-05	1	20	101233.74297882532
3.523795052851997e-05	1	20	99993.0876037793
3.0034118503644093e-05	1	20	98867.23661992316
7.735809396369322e-05	1	20	102339.18915181201
4.426890674667459e-05	1	20	103705.57129712582
3.366799475888772e-05	1	20	102499.38655982046
7.53637493454989e-05	1	20	100595.91894876948
4.20193859650566e-05	2	20	103820.94838070698
7.55315930407746e-05	1	20	100985.71544233736
4.9591680211212585e-05	1	20	101923.65629718469
1.8357986965265317e-05	1	20	100208.23582814493
3.2269026191930303e-05	1	20	100048.61550060513
7.530663721045193e-05	1	20	100559.537600882
2.5355183422641608e-05	1	20	102917.39215718838
3.52801561275915e-05	1	20	102702.70264164769
4.9591680211212585e-05	1	20	99931.70516173942
4.9591680211212585e-05	1	20	101945.47363008569
3.080343098927392e-05	1	20	100276.65395183777
7.451685639790103e-05	1	20	103355.80452731004
1.8357986965265317e-05	1	20	102334.45314932591
3.116590799483203e-05	1	20	102414.36349555808
1.8357986965265317e-05	1	20	103623.89710715688
4.9591680211212585e-05	1	20	99534.27857576005
7.689000426139922e-05	1	20	99240.79199636713
4.9591680211212585e-05	1	20	104316.12607432288
7.644704558942039e-05	1	20	102752.08761951858
3.328620920970737e-05	1	20	100613.0523751349
3.0034118503644093e-05	1	20	102896.72829622643
7.706897764021244e-05	1	20	101124.20433067204
4.9591680211212585e-05	1	20	101264.26312870049
3.300954497515228e-05	1	20	101865.73805175014
3.0034118503644093e-05	1	20	101742.59821005177
3.301460640196562e-05	1	20	99918.90374248537
7.71394402375476e-05	1	20	99971.84575348394
3.0034118503644093e-05	1	20	100225.96652021128
4.9591680211212585e-05	1	20	102347.24254308428
4.9591680211212585e-05	1	20	103210.91160785823
3.266415243816949e-05	1	20	101755.04707761966
3.0034118503644093e-05	1	20	101767.47135364494
7.732639628586729e-05	1	20	101013.19017697214
3.0034118503644093e-05	1	20	103694.60220299163
7.753377858891963e-05	1	20	101339.1704726095
3.242960551931863e-05	1	20	102707.2960047119
4.9591680211212585e-05	1	20	101007.80920834496
7.744785655696986e-05	1	20	100560.51744824013
4.9591680211212585e-05	1	20	103424.59850832389
3.0034118503644093e-05	1	20	100186.5042688039
3.2971879072716557e-05	1	20	100547.43493143472
7.763893387258399e-05	1	20	101946.21917568272
3.0034118503644093e-05	1	20	101524.3051009008
4.9591680211212585e-05	1	20	99142.68055229673
3.2517402741127835e-05	1	20	101347.1746376923
4.9591680211212585e-05	1	20	102585.35167927362
3.0034118503644093e-05	1	20	100638.09966722899
7.730818969291922e-05	1	20	100597.00831254115
3.2901374733157714e-05	1	20	101657.20595806089
4.9591680211212585e-05	1	20	99915.57827193919
3.0034118503644093e-05	1	20	101073.86355449262
7.746156424882934e-05	1	20	100383.48295867565
3.255057411803602e-05	1	20	100679.85050182499
3.265239850124169e-05	1	20	106041.0261054583
3.0034118503644093e-05	1	20	101933.19464695381
4.9591680211212585e-05	1	20	101288.86821706532
7.748720517517442e-05	1	20	99555.0614038092
4.9591680211212585e-05	1	20	102364.6407658131
3.0034118503644093e-05	1	20	102651.30400301807
3.4216167700132886e-05	1	20	101775.50376252524
7.720936209021084e-05	1	20	101578.59598173716
4.9591680211212585e-05	1	20	103861.21480951626
3.422690347581065e-05	1	20	100427.74013691493
3.0034118503644093e-05	1	20	101114.2966597318
7.731106745787789e-05	1	20	101342.2026334465
3.0034118503644093e-05	1	20	103623.32092691661
4.9591680211212585e-05	1	20	103643.91012413971
3.362230684497263e-05	1	20	100993.58433852083
7.746124645374628e-05	1	20	100719.5995093851
7.762201049184456e-05	1	20	101877.46704188299
4.9591680211212585e-05	1	20	100163.94438477172
3.3584784960785264e-05	1	20	100871.75047638638
3.0034118503644093e-05	1	20	102577.87390441893
3.3900145473042355e-05	1	20	102630.00708598469
7.75128492040412e-05	1	20	101900.43523834602
3.0034118503644093e-05	1	20	101952.6500313306
4.9591680211212585e-05	1	20	100903.2787422857
3.403673584458591e-05	1	20	102633.6314442991
7.741602806887373e-05	1	20	99794.30344164935
4.9591680211212585e-05	1	20	99377.86528739137
3.0034118503644093e-05	1	20	101215.09025877563
7.733265774027609e-05	1	20	102448.48574293239
3.4670531860321794e-05	1	20	102469.14290830516
4.9591680211212585e-05	1	20	101989.88345105581
3.0034118503644093e-05	1	20	99727.7701386488
4.9591680211212585e-05	1	20	102449.64569587517
3.3056139288144085e-05	1	20	102262.19033520119
6.622760750883758e-05	1	20	100748.20223717134
7.721889806569136e-05	1	20	100529.28019075931
7.694140822816166e-05	1	20	101200.27540933204
3.1911709646909256e-05	1	20	99214.1917911481
6.622760750883758e-05	1	20	101090.94802411862
4.9591680211212585e-05	1	20	99713.57608347785
6.622760750883758e-05	1	20	105931.03446628235
7.660288844366543e-05	1	20	99922.97609912681
3.171230428621419e-05	1	20	100704.57589054706
4.5188907874723094e-05	1	20	101091.28782972875
7.740532317098975e-05	1	20	102259.64151367
4.9591680211212585e-05	1	20	102103.08052731429
3.2695152577889455e-05	1	20	102740.62772534625
4.252695600935745e-05	2	20	100814.25559304452
7.744293404031826e-05	1	20	100942.57117609959
3.3858979737678945e-05	1	20	100966.21871770918
4.9591680211212585e-05	1	20	100893.56634462795
3.0034118503644093e-05	1	20	99795.96980545866
4.9591680211212585e-05	1	20	101522.56817617163
7.74433485647801e-05	1	20	100060.77951320985
3.2538604574489056e-05	1	20	102925.71154704783
4.252695600935745e-05	2	20	102332.89344390374
7.746440344697517e-05	1	20	103333.18756512516
3.2697822048833466e-05	1	20	100235.79741348937
4.9591680211212585e-05	1	20	101509.12637395214
3.643670064837434e-05	1	25	102705.72998718917
7.723812373978794e-05	1	20	99891.49574748166
3.258174783371721e-05	1	20	101331.44227632468
4.252695600935745e-05	2	20	104691.63730658268
4.9591680211212585e-05	1	20	102171.379611114
8.666832409096242e-05	1	20	100112.23243470475
3.2460301228497926e-05	1	20	102270.71707466777
4.9591680211212585e-05	1	20	100879.9070666123
7.698622496359388e-05	1	20	100063.65092235719
6.867867901573961e-05	1	20	101307.39924673917
7.834215037211616e-05	1	20	104471.1405670221
4.9591680211212585e-05	1	20	102566.70698034143
3.2556843219855225e-05	1	20	102710.52511112315
8.666832409096242e-05	1	20	102778.72439455074
4.9591680211212585e-05	1	20	102157.36571842799
3.2824483545325054e-05	1	20	101997.65685422852
7.7246451004847e-05	1	20	102233.41247245656
7.597730246733248e-05	1	20	100945.00365144576
8.666832409096242e-05	1	20	102256.86688768023
4.9591680211212585e-05	1	20	101777.80278340056
3.26578860009576e-05	1	20	102328.21086368823
8.666832409096242e-05	1	20	100343.69647011289
7.536741866803032e-05	1	20	102758.59762853156
4.9591680211212585e-05	1	20	102328.27209598458
3.2605723070822324e-05	1	20	102015.44019493989
4.9591680211212585e-05	1	20	100480.46746043552
7.721719296179328e-05	1	20	102223.64288115935
3.237584593018859e-05	1	20	101941.04862238225
1.8357986965265317e-05	1	20	101809.21152147984
4.9591680211212585e-05	1	20	102001.76740519506
1.8357986965265317e-05	1	20	102170.33854443811
7.715102830967248e-05	1	20	102606.91409052508
3.2416584075137996e-05	1	20	101908.25361030798
3.0034118503644093e-05	1	20	100420.39751219485
3.495013339606563e-05	1	20	101477.30596326964
5.579695047993922e-05	1	20	101399.74776524506
7.719700720176722e-05	1	20	101466.14320072171
4.9591680211212585e-05	1	20	104792.21085654592
7.691330298423414e-05	1	20	103666.510248147
3.1955678219193874e-05	1	20	100553.16117789249
3.181321502434003e-05	2	20	99034.30653946652
4.426890674667459e-05	1	20	101609.10216292078
7.722429341625907e-05	1	20	103285.89134316119
2.212640468359504e-05	1	20	102117.39248866154
3.2587891607147744e-05	1	20	101260.15562148236
7.715288147082212e-05	1	20	102199.10859289521
2.212640468359504e-05	1	20	101577.52775473609
3.2794616534673065e-05	1	20	103802.87139937028
4.426890674667459e-05	1	20	101587.783096584
7.697988870769768e-05	1	20	100400.19041764233
3.1022450613015084e-05	1	20	99327.72453076777
4.9591680211212585e-05	1	20	101448.3816501019
3.181321502434003e-05	2	20	98675.46182009297
4.9591680211212585e-05	1	20	101985.91765482645
3.0034118503644093e-05	1	20	100482.88490060033
7.727817149956765e-05	1	20	100775.22078499067
3.240076797932494e-05	2	20	101187.30545350243
3.0034118503644093e-05	1	20	102561.22810057987
7.738371179237594e-05	1	20	105198.52768930024
4.959168021121781e-05	1	20	101398.37215435781
3.2396281144733605e-05	2	20	106259.50805648816
3.1370601317127337e-05	1	20	104663.4965271262
7.581815615948169e-05	1	20	101357.20010266305
4.9591680211212585e-05	1	20	102002.08280211367
3.181321502434003e-05	2	20	100252.49559256998
3.331828080793796e-05	1	20	100016.7826920031
4.426890674667459e-05	1	20	100826.65075498832
2.212640468359504e-05	1	20	100855.02477960175
7.585732907168856e-05	1	20	101258.29578642645
7.516317859548212e-05	1	20	101679.24647330203
4.426890674667459e-05	1	20	102477.51185245084
2.212640468359504e-05	1	20	101610.24766676695
3.2980571823399984e-05	1	20	102364.74450867297
7.599190401713631e-05	1	20	101329.66693685911
2.212640468359504e-05	1	20	103348.30093894392
3.2554856618618406e-05	1	20	102535.76613205585
4.426890674667459e-05	1	20	100516.26233322077
7.516766770995137e-05	1	20	101138.34772099493
2.212640468359504e-05	1	20	103073.15447189147
3.413457956747936e-05	1	20	101390.72565827555
4.426890674667459e-05	1	20	102036.26149045119
4.426890674667459e-05	1	20	102926.94722405002
2.212640468359504e-05	1	20	103115.72363782473
3.449976459247391e-05	1	20	102227.71154870362
7.523017773883076e-05	1	20	101717.31459248802
2.3418008685820768e-05	1	20	99726.73664193241
7.624929459861301e-05	1	20	100573.4429220729
3.4635982690342656e-05	1	20	102254.52239690738
4.426890674667459e-05	1	20	101784.38120503111
7.595005148090725e-05	1	20	102568.72524991848
4.9591680211212585e-05	1	20	100263.91303861095
2.9202440860276053e-05	1	23	103949.18577923477
3.166531635266855e-05	1	20	101807.80267769845
3.201327127735755e-05	1	20	100572.04924463134
4.9591680211212585e-05	1	20	100610.89836392846
7.619424464179914e-05	1	20	100650.19612409399
3.0034118503644093e-05	1	20	101510.02522535391
3.182834580940369e-05	1	20	105384.03481964036
3.0034118503644093e-05	1	20	102691.10555126652
4.9591680211212585e-05	1	20	100415.78265158387
7.587532156909988e-05	1	20	99567.42555901848
5.5796950479935445e-05	1	20	100581.46766315302
3.7425924426994265e-05	1	20	103410.12952075305
3.0034118503644093e-05	1	20	105847.30711671905
7.458408304730607e-05	1	20	101214.45932184187
7.159265353117712e-05	1	20	100369.60465466355
3.493328194068167e-05	1	20	101618.79423216035
4.426890674667459e-05	1	20	100392.19309908379
8.666832409096242e-05	1	20	102079.68186717897
6.97943185312267e-05	1	20	107420.14421240563
8.666832409096255e-05	1	20	100965.72237365111
2.918356882285556e-05	1	20	103592.51409467732
4.7989476224388046e-05	1	20	100799.03479183419
3.661341063975933e-05	1	20	101093.09753921891
5.192712799536688e-05	1	20	102301.16647676828
7.9229957233704e-05	1	20	101068.56263624316
3.0034118503644093e-05	1	20	101864.5453517936
5.5796950479935445e-05	1	20	104060.72362615776
7.954426059417322e-05	1	20	101693.70973918504
4.2415898427993344e-05	1	20	99810.77048124133
3.181321502434003e-05	2	20	102672.81342341294
3.0034118503644093e-05	1	20	103580.98663406381
8.003275929415805e-05	1	20	102540.60861717514
4.2039011210085244e-05	1	20	101091.33852403247
3.181321502434003e-05	2	20	99507.61594226853
5.5796950479935445e-05	1	20	102695.05092657272
4.199532129369087e-05	1	20	102216.2438071203
7.977355521266267e-05	1	20	100748.52303158375
3.181321502434003e-05	2	20	97587.8866589456
8.03804601172909e-05	1	20	101166.62089943304
3.2889806048919013e-05	2	20	105549.03181065261
2.212640468359504e-05	1	20	101936.9590733169
4.7958395759985246e-05	1	20	100537.3903647574
8.01592308718095e-05	1	20	102826.38993639962
4.2437540670936665e-05	1	20	100199.29203175113
2.212640468359504e-05	1	20	100808.51296867532
3.056206105540974e-05	2	20	100678.46307861905
1.8357986965265317e-05	1	20	100733.70743900933
7.977015561043376e-05	1	20	100966.29131852405
4.426890674667459e-05	1	20	101730.20004034594
3.3797693448309796e-05	2	20	100469.9419018646
1.8357986965265317e-05	1	20	102544.08097111293
4.426890674667459e-05	1	20	104063.20363520386
7.993769821752621e-05	1	20	100608.79906296855
3.342486836615185e-05	2	20	99777.1200520991
2.212640468359504e-05	1	20	101655.76457092476
4.9591680211212585e-05	1	20	101127.0177321398
8.029926651948516e-05	1	20	101713.25090624874
3.3109128056824684e-05	2	20	98944.35457353118
8.032919320561865e-05	1	20	102222.69761835909
2.212640468359504e-05	1	20	106489.98655592898
4.9591680211212585e-05	1	20	102657.70575811907
3.2781480075398336e-05	2	20	101205.7979305796
8.001978074421588e-05	1	20	99074.24830929839
3.0034118503644093e-05	1	20	101223.24622695238
4.9591680211212585e-05	1	20	102025.24572212165
3.293748313847959e-05	2	20	103630.20227728912
8.049361665591938e-05	1	20	102090.08391491795
3.0034118503644093e-05	1	20	102626.74798524447
4.9591680211212585e-05	1	20	100913.35860203896
3.333000348325787e-05	2	20	103106.35023621203
4.9591680211212585e-05	1	20	101802.9305195638
3.0034118503644093e-05	1	20	102094.69802557281
8.024769647459427e-05	1	20	100780.25202583885
3.364621647505926e-05	2	20	101104.746987591
8.0432682078922e-05	1	20	103104.16880478026
3.0034118503644093e-05	1	20	103014.10673412037
4.9591680211212585e-05	1	20	103685.63554618885
3.3538865768242934e-05	2	20	105014.80434503495
5.5796950479935445e-05	1	20	102899.73338744882
1.829284802979806e-05	1	20	102796.5543085309
7.980910628882438e-05	1	20	104008.53728933577
4.110230396304492e-05	1	20	101617.30084824213
4.111875639919215e-05	1	20	99231.4477992726
2.212640468359504e-05	1	20	103322.32637174714
7.932215311497877e-05	1	20	101302.52866989211
3.056206105540974e-05	2	20	98179.74156236106

Best value: 97587.8866589456 at [Gamma, Alpha, #Firefly] = [3.181321502434003e-05, 2, 20], found in 5976.394806146622 s