4.5852138766624995e-05	4	31	56139.13509453363
1.9044430803320706e-05	2	34	51318.974659777115
2.554595648414647e-05	2	32	49736.787464461755
8.034910527410694e-05	3	29	53703.91278099938
6.891753446481417e-05	2	20	49695.46738487678
4.4608606571067534e-05	4	20	54431.622463361804
2.0811459453529734e-05	1	27	49112.30686369108
5.115355649526303e-05	2	21	50233.495564969584
4.243907159253695e-05	1	20	49648.86918971538
5.355114469481233e-05	1	20	49843.799597658595
6.588171266917049e-05	1	23	48765.71907883914
5.065865540679023e-05	1	25	49176.91057245438
0.0001	1	20	51771.09064835287
9.877932971444597e-05	1	28	51705.24490836401
8.099908173670427e-05	1	30	49659.184414672
4.858788573203963e-05	1	38	50316.79132309119
6.679520790407262e-05	1	26	50205.89932996278
6.212597133773403e-05	1	25	49570.666590457215
4.2839270886165916e-05	1	27	51006.44891695863
5.1929742177103666e-05	1	25	49305.765589290844
1.997033531225304e-05	1	21	49969.06389036487
2.4506402843504562e-05	1	28	49750.63592509531
1e-05	1	24	48913.850908210596
1.3121165858104383e-05	1	34	48566.152452628085
1.1003921773669639e-05	1	25	50521.53842556075
1.040398082338814e-05	1	39	51532.26235945917
1.1675443511377696e-05	1	32	51057.01191755086
1e-05	1	35	48726.981722898476
5.017196503478428e-05	1	22	49531.629518824644
1.997033531225304e-05	1	21	49957.92806814394
6.588171266917049e-05	1	23	49000.96840550544
3.5038470004304e-05	1	29	49967.666984137264
4.244443195320221e-05	1	23	48671.86275051059
5.8703856131694e-05	1	21	49253.02592787954
6.624840603175669e-05	1	26	49469.37551260444
2.2119250477507983e-05	1	29	50228.92859232854
4.244443195320221e-05	1	23	49532.31012353819
5.6640441037330205e-05	1	21	49756.69067116953
6.949087063892333e-05	1	20	49410.793876189586
5.590675426517231e-05	1	28	49908.85174965956
5.8018623956914706e-05	1	20	49584.835229617136
5.856174296775106e-05	1	20	50744.11586308935
4.2895498118678685e-05	1	22	50542.30474369078
6.624840603175669e-05	1	26	49116.369174408
4.171612268974734e-05	1	27	52089.79232377281
5.6615794650569616e-05	1	20	49018.194333319785
6.105941992810296e-05	1	24	49921.730827190964
1e-05	1	27	49121.45402055036
6.0522822792572553e-05	1	20	49328.84169983297
4.0309217386473815e-05	1	20	49457.181155070786
6.381712518821368e-05	1	25	50694.91626795663
1e-05	1	20	49536.94787864098
1e-05	1	20	50049.325834084615
5.869878048887871e-05	1	20	49621.12532742748
4.0309217386473815e-05	1	20	48488.932634333345
6.588171266917049e-05	1	23	49745.94434614455
3.232139796635735e-05	1	20	49718.093997788696
5.1555442652761475e-05	1	20	48490.11013805742
6.518925382135476e-05	1	20	49420.650736739
1.0695439070349277e-05	1	23	49992.41276272639
5.158678717246691e-05	1	20	49822.037948496596
3.55784262869816e-05	1	20	50023.41794214534
6.518925382135476e-05	1	20	49660.82280820474
4.5821650079703034e-05	1	20	48846.01159941869
6.518925382135476e-05	1	20	48900.6970939802
1e-05	1	27	50870.73866083368
5.242683042370501e-05	1	20	49699.9570617649
3.7420133396422995e-05	1	20	49362.24481372418
5.379554127269389e-05	1	20	52911.533481553095
6.949087063892333e-05	1	20	50354.65401214671
3.7420133396422995e-05	1	20	48660.41290581058
5.500376426773242e-05	2	20	50545.38164338844
6.374542520569973e-05	1	22	50158.499143713416
1.997033531225304e-05	1	21	51137.10871877116
4.118619271889135e-05	1	20	49227.69549499905
4.684922593971339e-05	1	20	48780.619997009126
6.374542520569973e-05	1	22	49598.24339000533
4.454541257615595e-05	1	20	49544.150873434686
2.398068116677812e-05	1	20	50377.86531924641
4.3853259380735974e-05	1	20	48383.044407181456
4.4412010968076844e-05	1	20	48618.00303041382
2.839811363816667e-05	1	20	49554.10615971632
4.454541257615595e-05	1	20	48880.85229683264
6.374542520569973e-05	1	22	48614.024091150815
4.422374205968716e-05	1	20	49862.61104331383
5.8922785567321435e-05	1	20	49405.11959660791
6.624840603175669e-05	1	26	49800.21206126145
3.232139796635735e-05	1	20	49041.17709409568
2.738683313221418e-05	1	20	49759.298195639894
5.8922785567321435e-05	1	20	50517.57339328016
4.328444240756341e-05	1	20	47906.99953560298
6.624840603175669e-05	1	26	52149.07911127814
2.6399303658279703e-05	1	20	50415.23931342964
6.203221641179839e-05	1	20	50278.18195290417
4.285608582179243e-05	1	20	50032.204905147046
1.89980457810226e-05	1	29	50211.464108149616
6.203221641179839e-05	1	20	49891.42293312568
2.398068116677812e-05	1	20	49411.328352485696
4.337272125860655e-05	1	20	50035.5434160743
1.3219565436792887e-05	1	34	49440.62354170781
4.303848769485863e-05	1	20	49742.241516987946
1.997033531225304e-05	1	21	50404.465333461165
6.203221641179839e-05	1	20	48830.501251673515
1.3121165858104383e-05	1	34	50303.145757236736
6.518925382135476e-05	1	20	49640.47735953245
4.3749431611431e-05	1	20	49300.72518526456
2.6649925908605414e-05	1	21	49255.827756652165
1.3075787683339225e-05	1	33	48716.95516350137
2.6649925908605414e-05	1	21	48997.64364838896
4.336655654360622e-05	1	20	48820.83700780015
6.518925382135476e-05	1	20	49308.01940543456
1e-05	1	32	50469.126277374846
4.287850435881663e-05	1	20	49314.572096624026
6.203221641179839e-05	1	20	50180.890402567005
2.6649925908605414e-05	1	21	49155.78753616676
1.360257344829481e-05	1	33	49660.82805981215
6.203221641179839e-05	1	20	49207.25237566596
2.6649925908605414e-05	1	21	49680.820264413705
4.215359372643194e-05	1	20	49856.65653169593
1.5170816633076952e-05	1	33	49651.470582836075
6.203221641179839e-05	1	20	50500.63185933525
2.6649925908605414e-05	1	21	48598.82500445631
4.241134838050431e-05	1	20	49004.35413666415
1.517081663308357e-05	1	33	50211.960512595215
4.1131248780123506e-05	1	20	49314.24687556412
6.203221641179839e-05	1	20	49720.15978295458
2.398068116677812e-05	1	20	48561.79816241513
1.51708166330756e-05	1	33	48963.44869749568
1.997033531225304e-05	1	21	49898.404978650295
4.0107562030532066e-05	1	20	49587.82704903997
5.8922785567321435e-05	1	20	50025.91702462986
1.51708166330756e-05	1	33	50337.441699628034
6.203221641179839e-05	1	20	50533.87122946464
1.997033531225304e-05	1	21	49399.90930207873
4.010529264378611e-05	1	20	49584.20995067688
1.51708166330756e-05	1	33	49015.18897211981
3.9704941331113465e-05	1	20	50932.22196170066
5.8922785567321435e-05	1	20	49569.212833857724
1.997033531225304e-05	1	21	49668.04342908501
1.51708166330756e-05	1	33	49251.06134756288
6.203221641179839e-05	1	20	49610.40963588702
1.997033531225304e-05	1	21	48707.59247705386
4.0565181576772e-05	1	20	48958.962815471095
2.03126963588134e-05	1	33	49978.200211990625
1.997033531225304e-05	1	21	49855.80491583549
3.964406696016538e-05	1	20	48563.55114429457
6.203221641179839e-05	1	20	50263.102294182
1.51708166330756e-05	1	33	49508.06508526807
3.92369837136841e-05	1	20	48793.75096615914
1.997033531225304e-05	1	21	48856.76580813988
5.8922785567321435e-05	1	20	48399.69726242377
1.51708166330756e-05	1	33	49880.618218643314
5.8922785567321435e-05	1	20	50586.46013271991
3.880101195447422e-05	1	20	49741.01856177724
1.997033531225304e-05	1	21	49323.85090100697
4.454541257615595e-05	1	20	49717.62993279185
1.997033531225304e-05	1	21	50038.4329697332
3.8571528251992815e-05	1	20	50548.01014526821
5.8922785567321435e-05	1	20	49754.466021185886
1.51708166330756e-05	1	33	48899.122008248894
5.8922785567321435e-05	1	20	49622.813594264495
1.997033531225304e-05	1	21	49726.58667312189
3.986372620085004e-05	1	20	48868.73022433438
1.51708166330756e-05	1	33	49798.23204252351
3.97740998470284e-05	1	20	51208.58247698381
5.8922785567321435e-05	1	20	49732.347487023515
1.997033531225304e-05	1	21	48956.287539957986
1.5170816633150419e-05	1	33	48947.719181951674
6.203221641179839e-05	1	20	49970.41481106528
3.989738345554925e-05	1	20	51260.25971708439
1.997033531225304e-05	1	21	49845.05049045445
1.5170816633220274e-05	1	33	49898.14879637024
4.123104214114633e-05	1	20	49232.531279241004
6.374542520569973e-05	1	22	48522.978718458704
1.997033531225304e-05	1	21	50074.926813802056
1.5170816633086117e-05	1	33	48722.23452166786
4.1628839874519793e-05	1	20	50109.62144438704
1.997033531225304e-05	1	21	48920.6343665202
6.374542520569973e-05	1	22	49155.15220412087
1.4953683533330786e-05	1	32	49268.722521642776
1.997033531225304e-05	1	21	49558.73897876583
4.1329874731446e-05	1	20	48573.19550672105
6.374542520569973e-05	1	22	49429.39998795794
1.4981428734092225e-05	1	32	47779.68393724183
4.13410734725643e-05	1	20	49591.62777693893
1.5052036289732271e-05	1	32	49354.74041259957
6.374542520569973e-05	1	22	48960.384304655934
1.997033531225304e-05	1	21	50191.26493293876
1.997033531225304e-05	1	21	51057.61395398881
4.1652469286596894e-05	1	20	49917.966910466086
6.374542520569973e-05	1	22	49113.26750722723
1.5017516677944483e-05	1	32	49892.78230565415
1.997033531225304e-05	1	21	50218.717984418014
4.2107259029716284e-05	1	20	48860.84417441879
6.374542520569973e-05	1	22	49353.41499556153
1.4929837875061786e-05	1	32	49928.60517845806
2.0518386769122255e-05	1	21	47666.29602595556
4.2163398876569865e-05	1	20	50648.66551505646
6.374542520569973e-05	1	22	49611.563243041826
1.4880670231385262e-05	1	32	48944.63537794032
4.1436679929046755e-05	1	20	50321.08044479668
6.374542520569973e-05	1	22	49279.4586142099
1.997033531225304e-05	1	21	47714.75875123903
1.505179612758738e-05	1	32	49517.20605072232
3.2618033236646655e-05	1	20	50240.78391766757
4.454541257615595e-05	1	20	49880.89597339888
5.939861814229589e-05	1	22	49565.13289003094
1.5450825081219532e-05	1	32	49875.81021247157
4.219353438203478e-05	1	20	50781.635140256694
6.588171266917049e-05	1	23	49445.49716290391
1.997033531225304e-05	1	21	49203.10699662217
1.4874838801822665e-05	1	32	49666.40515944119
2.9744188639578745e-05	1	20	50232.07489646797
4.454541257615595e-05	1	20	49388.579415081615
5.932105052333104e-05	1	22	50092.74167953051
1.5661403237293424e-05	1	32	49001.18195321727
1.997033531225304e-05	1	21	48733.172538203085
4.209897409320791e-05	1	20	48928.69795994445
6.588171266917049e-05	1	23	49535.47417083904
1.493160436980109e-05	1	32	50850.23270552633
1.997033531225304e-05	1	21	51032.6010123251
4.173702141013403e-05	1	20	48785.16653085705
6.374542520569973e-05	1	22	49888.06080122858
1.4938534424508143e-05	1	32	49165.965877412425
1.997033531225304e-05	1	21	49616.632576291726
4.197905862339179e-05	1	20	48965.703126769375
1.4898313975706586e-05	1	32	48989.89557312803
6.374542520569973e-05	1	22	49879.919238842675
4.1925254263100066e-05	1	20	50043.17458427858
6.374542520569973e-05	1	22	49139.800791545844
1.997033531225304e-05	1	21	49103.10080678201
1.4900280422064089e-05	1	32	48529.26818409782
1.997033531225304e-05	1	21	49842.74243774601
6.374542520569973e-05	1	22	48424.17417369989
4.1921144276055676e-05	1	20	48695.91976835771
1.4904210788415692e-05	1	32	49446.376033227556
1.997033531225304e-05	1	21	48892.408540413875
6.374542520569973e-05	1	22	50151.888934819784
4.18766427544714e-05	1	20	50317.7705648363
1.4903910189062652e-05	1	32	49798.04730994186
6.374542520569973e-05	1	22	50384.14759393509
4.186686188512761e-05	1	20	50345.174932375274
1.997033531225304e-05	1	21	49187.92326970996
1.491263568201665e-05	1	32	49444.20901986186
4.1897922291556504e-05	1	20	49166.54048625263
6.374542520569973e-05	1	22	48504.30522713172
1.4927049335586695e-05	1	32	49198.64647581619
1.997033531225304e-05	1	21	47745.99459042247
2.5824797438774866e-05	1	21	50337.03771935538
7.004972368000823e-05	1	24	48889.24380407542
4.948637481921306e-05	1	20	49564.53361579938
1.647983493902003e-05	1	32	47982.26760829698
1.799348512922494e-05	1	21	50127.7485819015
4.163962106406576e-05	1	20	49971.72309335957
6.588171266917049e-05	1	23	51284.70856103535
1.5729356933182166e-05	1	32	48526.621342602935
6.588171266917049e-05	1	23	49897.5954728074
4.222263572052052e-05	1	20	49979.997282131204
1.997033531225304e-05	1	21	48478.79200629233
1.5924419606852254e-05	1	32	50254.59760284746
2.4733588466450755e-05	1	21	49292.479278715466
7.004972368000823e-05	1	24	49453.91507330915
4.9087912643976626e-05	1	20	48574.83976939787
1.7816278121114104e-05	1	33	49583.997514551425
4.9288494244676855e-05	1	20	48633.3155138358
2.4636795263351895e-05	1	21	50688.41549065786
7.004972368000823e-05	1	24	49173.19690670953
1.791893516606871e-05	1	33	49025.767233579216
4.5222389045746195e-05	1	20	49493.3608343011
1.997033531225304e-05	1	21	50011.42932974692
6.588171266917049e-05	1	23	48977.97355105872
1.5856670809729492e-05	1	32	50666.30626898566
6.588171266917049e-05	1	23	50298.360919326864
4.519809015915686e-05	1	20	48814.14912062583
1.997033531225304e-05	1	21	49562.61856894286
1.5544219044824226e-05	1	32	48957.00190128878
1.997033531225304e-05	1	21	50159.38189636373
1.5635126820800825e-05	1	32	49967.37159456454
4.542122028919033e-05	1	20	49140.812374708934
6.588171266917049e-05	1	23	50071.99284836708
4.55315588944388e-05	1	20	50492.747231813075
6.588171266917049e-05	1	23	49921.380862463215
1.997033531225304e-05	1	21	49578.79865052899
1.5554589898742437e-05	1	32	48886.229184079755
4.5200322460795554e-05	1	20	49802.10349892746
6.588171266917049e-05	1	23	49257.83755734923
1.997033531225304e-05	1	21	49141.59570452978
1.5629394838852964e-05	1	32	50747.0760144019
1.997033531225304e-05	1	21	49609.480410708355
6.588171266917049e-05	1	23	50596.36882784633
4.5035548637986575e-05	1	20	48599.546910143064
1.540064392067778e-05	1	32	49184.275444678286
4.5288659289480056e-05	1	20	50436.601716241814
6.588171266917049e-05	1	23	49842.26333812531
1.542454680484623e-05	1	32	50770.6076803466
1.997033531225304e-05	1	21	48945.40875382147
4.491263022721253e-05	1	20	49292.17330009405
6.588171266917049e-05	1	23	49729.8156031549
1.997033531225304e-05	1	21	50194.005428294906
1.5272594398870797e-05	1	32	49681.3089559996
4.500356591666625e-05	1	20	50107.23304342474
1.997033531225304e-05	1	21	49604.570729001294
6.588171266917049e-05	1	23	49769.20005662648
1.5285598700186033e-05	1	32	49351.67785028679
4.4825546496718374e-05	1	20	49004.93050863368
1.997033531225304e-05	1	21	49727.20277106793
6.588171266917049e-05	1	23	49884.82914720608
1.5315078014499786e-05	1	32	50572.24522566835
4.49421528919615e-05	1	20	47481.192928234916
1.5256860359872056e-05	1	32	50340.414111657345
1.997033531225304e-05	1	21	48886.148158763324
6.588171266917049e-05	1	23	49655.27753779809
4.525023349373421e-05	1	20	49454.99334605488
6.588171266917049e-05	1	23	50387.38781289481
1.997033531225304e-05	1	21	50211.11095960713
1.5170816634534667e-05	1	33	50296.71239222648
1.997033531225304e-05	1	21	50830.76796790598
6.588171266917049e-05	1	23	49296.95235299944
4.5283072226584976e-05	1	20	49068.58438270527
1.51708166330756e-05	1	33	51577.64160630832
6.588171266917049e-05	1	23	49168.23757789579
4.538553123220287e-05	1	20	49770.86221980826
1.799348512922494e-05	1	21	49897.167571056554
1.51708166330756e-05	1	33	49961.65611736542
1.997033531225304e-05	1	21	48755.66995909097
4.532152932240872e-05	1	20	48351.842918043396
6.588171266917049e-05	1	23	50016.12437701305
1.51708166330756e-05	1	33	48285.28922928251
4.545693925255859e-05	1	20	49128.01671653398
1.997033531225304e-05	1	21	50383.06562957886
1.51708166330756e-05	1	33	50167.61471648157
6.588171266917049e-05	1	23	49039.59972561201
4.551592900963818e-05	1	20	49805.05661229446
6.588171266917049e-05	1	23	50141.54003208648
1.997033531225304e-05	1	21	49301.87491707282
1.51708166330756e-05	1	33	49993.03580786252
1.997033531225304e-05	1	21	50509.15812050262
4.54614352378548e-05	1	20	49112.4560148953
6.588171266917049e-05	1	23	49607.97850637243
1.51708166330756e-05	1	33	49245.23484406965
6.588171266917049e-05	1	23	50126.02270014704
4.5526290619485295e-05	1	20	48860.086405074544
1.997033531225304e-05	1	21	48972.077096888876
1.51708166330756e-05	1	33	48781.66213745794
1.997033531225304e-05	1	21	49423.833878704245
4.559335349729739e-05	1	20	50872.60886070335
1.51708166330756e-05	1	33	51191.47390564003
6.588171266917049e-05	1	23	48926.19699844434
4.537321538009861e-05	1	20	50558.68190993641
6.588171266917049e-05	1	23	49182.54268184378
1.997033531225304e-05	1	21	48687.64350838696
1.51708166330756e-05	1	33	48570.745864117445
1.997033531225304e-05	1	21	50836.560727249554
6.588171266917049e-05	1	23	50267.51167650834
4.515566404163136e-05	1	20	48431.18022730343
1.51708166330756e-05	1	33	48961.30370867322
4.532640624245615e-05	1	20	49943.94990932148
1.5157482923409787e-05	1	32	50432.31881503406
6.588171266917049e-05	1	23	50566.016564963065
1.997033531225304e-05	1	21	49737.498532676014
1.997033531225304e-05	1	21	49175.18359422254
6.588171266917049e-05	1	23	49893.661524478644
4.525232262831604e-05	1	20	49065.725532846176
1.51708166330756e-05	1	33	49870.69459339829
4.529145757970301e-05	1	20	50125.05131415499
1.997033531225304e-05	1	21	48814.91288723432
6.588171266917049e-05	1	23	49431.90131967199
1.517081663399425e-05	1	33	49172.115716550594
4.5174021130706456e-05	1	20	50779.32754987835
1.997033531225304e-05	1	21	50513.23152561242
6.588171266917049e-05	1	23	48293.50151602301
1.51708166330756e-05	1	33	49155.72721382205
1.5215726582285185e-05	1	32	52086.491760482604
4.5010628045895615e-05	1	20	48911.67749685161
6.588171266917049e-05	1	23	49854.89955589279
1.997033531225304e-05	1	21	49187.637293354084
4.50397007748371e-05	1	20	49248.89603498277
1.997033531225304e-05	1	21	50279.90273220283
6.588171266917049e-05	1	23	50509.664183739194
1.51708166330756e-05	1	33	48664.72256345874
1.997033531225304e-05	1	21	48975.32459676757
4.5088247506987696e-05	1	20	49641.327309476444
6.588171266917049e-05	1	23	49027.09799376001
1.854578183337353e-05	1	34	49500.69315468394
4.503753628570456e-05	1	20	48930.974985438006
1.997033531225304e-05	1	21	50483.839046964946
6.588171266917049e-05	1	23	49838.62505591389
1.859466427849573e-05	1	34	48948.57565484309
4.512122027006481e-05	1	20	49720.52342262639
6.588171266917049e-05	1	23	49705.22270463401
1.997033531225304e-05	1	21	49899.19174344828
1.6498588944206954e-05	1	33	49337.55857366102
4.509630130678545e-05	1	20	50387.05653129281
6.588171266917049e-05	1	23	49631.760624985836
1.997033531225304e-05	1	21	48895.055777944784
1.6651500902787395e-05	1	33	48785.05127246396
1.997033531225304e-05	1	21	51272.078198859446
4.4942807571327015e-05	1	20	49959.23372343575
6.588171266917049e-05	1	23	50509.74356677265
1.71076100670725e-05	1	33	51133.61311836263
1.997033531225304e-05	1	21	50383.09709797859
4.4972207034417654e-05	1	20	50521.701719540986
6.588171266917049e-05	1	23	50000.58054040746
1.580183887642782e-05	1	33	49671.98203529965
4.4862288573460326e-05	1	20	50500.29456943234
6.588171266917049e-05	1	23	50189.265336489494
1.997033531225304e-05	1	21	49878.25724827139
1.5806808167246216e-05	1	33	50962.46978114253

Best value: 47481.192928234916 at [Gamma, Alpha, #Firefly] = [4.49421528919615e-05, 1, 20], found in 1279.9787909984589 s