1.5411508467243755e-05	1	20	53319.26361251979
4.26296263233662e-05	1	21	52544.44839431443
6.158158777359639e-05	2	23	51944.2033602424
6.330141569050656e-05	1	27	51760.70976912909
7.318729660610405e-05	1	33	52775.37852638939
1.4003075221896e-05	1	39	54359.293079888295
7.964419536851444e-05	4	37	56681.94651267845
1.666780806582261e-05	3	37	55089.23805905868
6.326675814601849e-05	1	20	53968.91185582478
9.032436074275027e-05	1	20	51780.97464730867
7.452299931825657e-05	1	20	51508.77974440018
6.722008271951778e-05	1	21	52371.985666841625
9.91478180790503e-05	1	20	52614.69163079113
9.874808279750993e-05	2	20	53285.388366782376
7.826936389028027e-05	2	20	53393.362122556566
9.741461048411805e-05	1	29	52952.138371317604
9.85003707239862e-05	1	20	53033.64848190416
8.13639990243129e-05	1	20	52428.06818732084
1.1638360536360006e-05	1	20	52516.18880014727
4.735190365990586e-05	1	23	52560.130847758686
9.85003707239862e-05	1	20	52786.84421830483
1.1638360536360006e-05	1	20	53171.773894708094
7.346409137856216e-05	1	20	53098.833973632936
4.6702311496613e-05	1	22	52994.0176957434
9.85003707239862e-05	1	20	53270.54886120048
5.213767120793998e-05	1	20	54309.02540951183
7.552359842304034e-05	1	23	53428.93028798651
6.051955038051717e-05	1	34	53188.26633577971
3.2266923655372726e-05	1	20	52518.46321149859
8.030715378370551e-05	1	20	53108.07143502642
9.841578893963977e-05	1	33	54318.243289123915
4.877620088799013e-05	1	37	53092.0119154599
9.85003707239862e-05	1	20	52314.67237782938
2.3628408262692995e-05	1	20	52836.01931895517
7.247397089668906e-05	1	20	52585.445608502065
5.2271858491551504e-05	1	32	51247.141553662594
9.032436074275027e-05	1	20	53249.85333154737
1.9606712054290352e-05	1	22	52540.84895051952
5.242948572306672e-05	1	29	51932.73189824707
5.8735298830758606e-05	2	20	52068.18532334922
9.85003707239862e-05	1	20	53982.932989627145
7.021854559198401e-05	1	23	52997.679176592465
5.0539376592711136e-05	1	29	52019.575064458935
2.579382918797337e-05	1	27	52989.561574563304
7.502159926214393e-05	1	20	53394.84602872123
2.7015399729357743e-05	1	22	52825.17767279204
5.163722910336572e-05	1	29	53111.87368890825
5.5786757881233625e-05	2	20	52010.27706713439
2.7015399729357743e-05	1	22	52519.64835080181
8.434913877823649e-05	1	20	52550.122023714066
5.176572273276268e-05	1	29	52421.825299007665
5.5348092629703074e-05	2	20	52089.364622675224
8.129882225702938e-05	1	20	51691.10241106329
2.7015399729357743e-05	1	22	52838.29693914923
5.138505948337724e-05	1	30	52222.30862951529
5.790352575262373e-05	2	20	52015.40178947161
5.188797825630257e-05	1	30	51822.815957343715
6.171818240242917e-05	1	27	51772.65284266446
4.5157248774596424e-05	3	20	53937.71872516889
5.730815615823277e-05	2	20	51914.538057980644
7.160501648518448e-05	1	27	52377.41754225483
4.603972901741331e-05	1	33	53343.43406713065
5.565122562096318e-05	1	29	52691.64438488098
6.070285269759659e-05	2	22	52580.12846436947
7.672789273774106e-05	1	20	53433.06685591857
5.766246282696197e-05	1	28	53293.33020431919
4.058799026673432e-05	1	28	52428.296292302315
5.745230704824844e-05	2	20	51615.72280758849
5.8840202555068434e-05	2	20	53510.977761261165
5.84704264139596e-05	2	26	54452.67111915185
3.4232505328940266e-05	1	24	52091.53215840041
5.365103897293879e-05	1	29	52255.96936119109
5.18232518518412e-05	1	28	53878.807259156114
2.8406769912018615e-05	1	20	51603.472702295614
8.434913877823649e-05	1	20	52071.71097690113
5.8735298830758606e-05	2	20	50654.33679358283
2.8406769912018615e-05	1	20	53343.04880987412
9.27042598955789e-05	1	20	54651.22713117053
5.7669340255145903e-05	2	20	51905.48255490292
6.309742872209081e-05	1	32	53040.670389839004
9.032436074275027e-05	1	20	52404.90876247387
2.7015399729357743e-05	1	22	52651.72153947011
6.309742872209081e-05	1	32	53064.2562932536
5.7656989640005807e-05	2	20	51434.37689552571
8.434913877823649e-05	1	20	54180.85840127
1.1638360536360006e-05	1	20	52210.35660104589
4.542415597242746e-05	1	27	53429.55102024214
5.779617275138824e-05	2	20	52642.86044970977
2.3628408262692995e-05	1	20	54314.55169154669
9.032436074275027e-05	1	20	53131.32229811746
5.765975148755157e-05	2	20	53279.46317250781
6.058645814170597e-05	1	31	52487.20723818646
1.1638360536360006e-05	1	20	51791.5329153597
9.032436074275027e-05	1	20	52589.78924690951
4.9094387412879515e-05	1	30	52399.17249375599
5.823515841517531e-05	2	20	52058.06013446667
1.1638360536360006e-05	1	20	53483.183586285566
9.032436074275027e-05	1	20	53521.95997501407
5.2271858491551504e-05	1	32	54788.33868195709
5.855738384064798e-05	2	20	52069.41105878307
2.1287611515793936e-05	1	20	53603.2296156214
6.819102120872167e-05	1	29	53660.568725268844
5.793390304704485e-05	2	20	52246.682371755676
9.642833290493191e-05	2	20	52440.61157662098
2.7015399729357743e-05	1	22	52795.08758430752
9.642833290493191e-05	2	20	51648.74577307336
5.883918645135828e-05	2	20	52155.7950196381
6.051955038051717e-05	1	34	52309.62937760334
4.13274740407145e-05	1	26	51857.00337812762
1.1638360536360006e-05	1	20	52614.44630638215
6.063644984578598e-05	2	20	51124.45120462471
9.642833290493191e-05	2	20	52234.497619387366
1.1638360536360006e-05	1	20	52060.387552870496
4.13274740407145e-05	1	26	52827.935840644466
6.177374712948804e-05	2	20	53346.16780175442
9.642833290493191e-05	2	20	52036.44335305282
1.1638360536360006e-05	1	20	53959.84624054322
4.13274740407145e-05	1	26	53292.51747548555
6.16916156262503e-05	2	20	53633.649653187385
9.642833290493191e-05	2	20	50575.25071759741
1.1638360536360006e-05	1	20	52526.608662621504
4.542415597242746e-05	1	27	53458.94799381419
9.143120047005143e-05	2	20	52635.837031154064
5.5348092629703074e-05	2	20	51403.95946279123
9.868716728763347e-05	4	20	55763.50171553694
3.4232505328940266e-05	1	24	53423.20563475809
9.642833290493191e-05	2	20	53220.50662973779
6.130453003827883e-05	2	20	51344.95995498088
1.1638360536360006e-05	1	20	52339.685437158216
5.228107621013806e-05	1	28	53055.339144827216
5.993635234858121e-05	2	20	51895.334259590694
9.642833290493191e-05	2	20	51125.956332126734
6.041749470957618e-05	2	20	53215.17239608527
1e-05	1	20	52749.227509435696
5.228107621013806e-05	1	28	54705.76176887739
9.642833290493191e-05	2	20	51486.41381098808
1e-05	1	20	51693.42272206734
4.9094387412879515e-05	1	30	53162.23554337352
9.3953646472455e-05	2	20	52049.56927622893
5.8735298830758606e-05	2	20	51125.46573659325
1e-05	1	20	53427.83347697472
6.015194225218369e-05	2	20	52841.633558430396
5.518865747430587e-05	1	29	53050.77852951691
9.642833290493191e-05	2	20	50531.39135645473
1e-05	1	20	52131.07168407556
9.611749539635767e-05	2	20	52876.837535011735
5.518865747430587e-05	1	29	52758.95231544609
5.9196513995419076e-05	2	20	52494.09193989937
1e-05	1	20	52137.56378013565
9.558511528758921e-05	2	20	51825.96252520474
5.518865747430587e-05	1	29	52918.02763002608
5.906423127045783e-05	2	20	53543.31882853616
4.9094387412879515e-05	1	30	54282.0254054281
1e-05	1	20	52941.34947048027
9.589568191102728e-05	2	20	51314.866710300026
5.903347049360617e-05	2	20	53475.75850314356
1e-05	1	20	52178.656073701575
5.9054424087621215e-05	2	20	51665.08183659006
6.595978922513496e-05	1	29	53295.766625250966
9.627563767607847e-05	2	20	51694.62725218632
1e-05	1	20	51582.34075807
7.742213548632514e-05	1	20	54705.47243068645
5.9605713423749726e-05	2	20	52433.452723574126
9.654495612473236e-05	2	20	51567.7620984334
1e-05	1	20	52178.78264314057
8.527586817476984e-05	2	20	51316.3741820405
9.880021175217556e-05	2	20	52595.260076006176
5.766251066938476e-05	2	20	52194.13668316226
1e-05	1	20	52796.52949842673
9.537456167382609e-05	2	20	51906.558561944265
6.058333822223698e-05	2	20	52777.44505614998
8.320220037471039e-05	2	20	53202.27059976289
1e-05	1	20	53696.860170174914
3.5871607701016464e-05	2	20	53201.95236845617
5.97792623140226e-05	2	20	52089.52239402104
9.640049343043635e-05	2	20	51743.568401069126
1e-05	1	20	52908.30736529032
5.990949180619093e-05	2	20	52556.67009987625
9.63954841110172e-05	2	20	51490.52244537785
8.527586817476984e-05	2	20	51250.40002797024
1e-05	1	20	53570.94426678651
8.504594243160988e-05	2	20	52957.70111442907
6.22897113142226e-05	2	20	52425.39732800853
9.486000611754986e-05	2	20	51921.24975028038
1e-05	1	20	51930.43680619868
9.594783393709749e-05	2	20	51717.18012873111
6.065234257095513e-05	2	20	51640.73059489454
8.527586817476984e-05	2	20	51407.68648205181
4.330947777654761e-05	1	20	53178.8082475369
1e-05	1	20	52249.14478848735
6.4600695092947e-05	2	20	52779.86606115275
9.470460485684314e-05	2	20	51773.208056424184
1e-05	1	20	53946.68278664541
8.90318027602624e-05	1	26	53484.469958154215
9.484585472965702e-05	2	20	52732.8534219624
6.440967981661191e-05	2	20	51433.214626423854
1e-05	1	20	52231.590234797426
9.478823284213677e-05	2	20	54178.59371789129
6.58417545939978e-05	2	20	51896.613217569065
4.2268517823157125e-05	2	20	52345.899241901076
1e-05	1	20	52981.52383323627
4.6702311496613e-05	1	22	52058.02671906041
9.448748797047568e-05	2	20	52590.33750137044
6.198361645164581e-05	2	20	51280.185635467205
4.6702311496613e-05	1	22	53750.68745113566
1e-05	1	20	52876.159627372865
9.421640352561012e-05	2	20	52219.13695843931
6.238847890987078e-05	2	20	52196.6708350754
4.330947777654761e-05	1	20	51469.69019314736
1e-05	1	20	53546.38321287719
6.238847890987078e-05	2	20	53118.65706805084
9.410640142825321e-05	2	20	52751.41689804023
1e-05	1	20	53142.829966863406
4.330947777654761e-05	1	20	53697.06115265882
6.06426288153641e-05	2	20	52749.174014543205
9.483597538172699e-05	2	20	52098.09981125317
1e-05	1	20	52069.3414074636
4.13274740407145e-05	1	26	53291.42657602216
6.101129175842376e-05	2	20	52272.285069776626
9.475949482712107e-05	2	20	51790.43294418388
1e-05	1	20	52541.38026033945
4.330947777654761e-05	1	20	52348.40402306476
6.134812959062756e-05	2	20	53856.473040991696
9.482777824788094e-05	2	20	51868.22842681574
1e-05	1	20	53002.176014911805
9.519787219674979e-05	2	20	52744.06862391898
8.320220037471039e-05	2	20	52502.360694786636
6.0333627944545543e-05	2	20	51465.22674810757
1e-05	1	20	51743.9154847626
9.46746994914521e-05	2	20	51796.06716244697
6.058100926912233e-05	2	20	52456.76992218058
5.518865747430587e-05	1	29	52727.36713145361
1e-05	1	20	51904.35993191907
5.518865747430587e-05	1	29	53541.68543062643
9.477596699624993e-05	2	20	54017.17852507313
6.043501122472852e-05	2	20	53229.858269280754
1e-05	1	20	51899.3116328273
4.6702311496613e-05	1	22	53728.352771499616
9.442938814283885e-05	2	20	52199.71924827956
6.0902906103286736e-05	2	20	51126.872542468096
1e-05	1	20	53282.88811368734
9.399224872584166e-05	2	20	52732.02318468715
6.115557836316295e-05	2	20	52038.74966486003
3.5871607701016464e-05	2	20	51514.17211256891
1e-05	1	20	53238.668153625564
3.5871607701016464e-05	2	20	52885.01932571021
9.453843177689272e-05	2	20	52002.5780984231
5.77244632094418e-05	2	20	51177.432887382005
1e-05	1	20	51885.572473343185
5.836405974335424e-05	2	20	51696.91531066145
9.468871001745111e-05	2	20	51554.58999506831
3.5871607701016464e-05	2	20	51633.59762719735
1e-05	1	20	53601.24799694003
3.5871607701016464e-05	2	20	53011.90969899893
9.506511832345498e-05	2	20	51759.97749207985
5.700282971951266e-05	2	20	52585.0361986683
1e-05	1	20	54064.594488022056
5.783840658802744e-05	2	20	52484.91560951849
9.501812625937008e-05	2	20	53131.40608938063
3.5871607701016464e-05	2	20	53150.48050212305
1e-05	1	20	51877.235365945795
3.5871607701016464e-05	2	20	52395.377298112086
5.827022360333629e-05	2	20	52322.59655060762
9.433967914068118e-05	2	20	52467.93446853182
1e-05	1	20	52717.36119137986
3.5871607701016464e-05	2	20	51917.20509950559
9.45267732852038e-05	2	20	52997.517230110665
5.7879232503202075e-05	2	20	51118.467897975665
1e-05	1	20	52932.97567240826
3.5871607701016464e-05	2	20	52325.17543030817
5.6955894258235915e-05	2	20	51304.1415591958
9.492882260516379e-05	2	20	52992.37103346035
3.065192417249781e-05	1	20	52404.35459226118
9.503800883756471e-05	2	20	52713.51505955747
7.482410156438281e-05	2	20	51385.13729821262
5.647400910582985e-05	2	20	52464.53303595779
3.065192417249781e-05	1	20	51675.02721860659
8.304138293132595e-05	2	20	53153.14894081516
9.946748395088681e-05	2	20	53376.01160188778
5.5348092629703074e-05	2	20	51679.42572020108
3.065192417249781e-05	1	20	51472.13352798772
5.760574353412209e-05	2	20	53461.83396589062
7.482410156438281e-05	2	20	52404.31392606684
9.54879691887937e-05	2	20	51526.14077985868
2.902569523247066e-05	1	20	52587.66971845181
9.599224020526628e-05	2	20	52466.25786956374
5.779274056354908e-05	2	20	52875.360097542674
7.482410156438281e-05	2	20	52250.187568413385
2.902569523247066e-05	1	20	53208.77495121353
1.1638360536360006e-05	1	20	53348.32331785895
8.942419251197228e-05	2	20	50119.66991899655
5.5453895950363575e-05	2	20	52862.465480919695
2.236445899056123e-05	1	20	53063.699532539154
6.058645814170597e-05	1	31	51902.405521120134
8.69695759139967e-05	2	20	52435.97026966582
5.5348092629703074e-05	2	20	52910.66184419622
2.236445899056123e-05	1	20	53427.74375039323
6.058645814170597e-05	1	31	53117.85891313616
8.729566575685677e-05	2	20	51320.34035984374
5.5348092629703074e-05	2	20	52331.64160621602
5.5348092629703074e-05	2	20	53416.53269570465
8.655731568575545e-05	2	20	52269.63285029207
1e-05	1	20	51387.21685335012
6.058645814170739e-05	1	31	51878.813602730406
6.05864581417087e-05	1	31	53456.61459403697
1e-05	1	20	52727.51125790117
8.658872507634854e-05	2	20	51780.8511801987
5.5348092629703074e-05	2	20	53058.0250755377
1e-05	1	20	52578.94965927943
6.058645814170597e-05	1	31	52975.18231680072
5.5348092629703074e-05	2	20	52926.088874491434
8.621528872333418e-05	2	20	52092.59886810967
1e-05	1	20	52859.425472067414
8.614652082596124e-05	2	20	51701.74110348421
6.0586458141707736e-05	1	31	52927.40164403287
5.5348092629703074e-05	2	20	52349.85126026295
1e-05	1	20	52866.4756975868
8.587188802182034e-05	2	20	52368.94180107054
6.058645814170597e-05	1	31	52504.509252931726
5.5348092629703074e-05	2	20	52038.016115597726
1e-05	1	20	52559.81499748635
6.058645814170764e-05	1	31	51929.2976404653
5.5348092629703074e-05	2	20	53324.37650482124
8.611419501707962e-05	2	20	51626.9226480612
1e-05	1	20	52426.57978866895
5.5348092629703074e-05	2	20	52289.14710968209
6.0586458141708035e-05	1	31	52431.28639462375
8.577816974236977e-05	2	20	52159.9034504775
1e-05	1	20	52702.736965093645
5.5348092629703074e-05	2	20	51973.930326294176
8.585063497847337e-05	2	20	52023.47969540044
6.058645814170597e-05	1	31	52145.817549114916
1e-05	1	20	53395.78365768671
6.058645814171665e-05	1	31	52904.09147672638
5.5348092629703074e-05	2	20	51689.57185139886
8.5873258643024e-05	2	20	52156.60495703896
1e-05	1	20	52841.050161844374
6.058645814170746e-05	1	31	54492.19507314465
5.5348092629703074e-05	2	20	52899.12911756282
8.596534289099931e-05	2	20	51000.36411372249
6.05864581417112e-05	1	31	55181.378732844896
1e-05	1	20	53375.82897138926
5.5348092629703074e-05	2	20	52659.740434946354
8.539399987309503e-05	2	20	53160.3709814214
1e-05	1	20	52685.147784690416
6.058645814170597e-05	1	31	52238.291447388525
5.5348092629703074e-05	2	20	52466.6111817058
8.590546782147207e-05	2	20	52499.72655629838
1e-05	1	20	52626.88771285914
6.058645814171185e-05	1	31	54178.223839980434
8.613581560966826e-05	2	20	52379.2460526767
5.5348092629703074e-05	2	20	52479.91586438295
1e-05	1	20	52913.62344329762
4.9094387412879515e-05	1	30	52398.92590055669
8.623939261131687e-05	2	20	52624.44177047715
5.5348092629703074e-05	2	20	51396.787394768966
1e-05	1	20	52972.17688610898
5.5348092629703074e-05	2	20	52403.84292752147
4.9094387412879515e-05	1	30	53321.989299547524
8.659198280141383e-05	2	20	50856.49537366416
9.692608863508431e-05	1	20	53108.27812937938
2.592851491826592e-05	1	20	54357.648228345475
5.5348092629703074e-05	2	20	52020.09093722273
8.609813658199886e-05	2	20	51569.79696333593
1e-05	1	20	53691.63958698525
2.3845451637196645e-05	3	20	54872.18408759557
5.5348092629703074e-05	2	20	50739.308405695636
8.5955336972624e-05	2	20	52268.60210920319
1e-05	1	20	52572.73230627699
4.9094387412879515e-05	1	30	54101.884313965646
5.5348092629703074e-05	2	20	52228.14658912803
8.61572418271937e-05	2	20	51130.058853730574
1e-05	1	20	53441.51612411959
9.978454674528834e-05	1	21	52986.31027989192
5.5348092629703074e-05	2	20	52356.74201427363
8.586269224321285e-05	2	20	51761.83498213052
1e-05	1	20	51476.493822717595
5.5348092629703074e-05	2	20	52306.054304546225
9.946748395088681e-05	2	20	52058.07568192699
8.566242464584391e-05	2	20	51175.33861801539
1e-05	1	20	54384.4609615738
8.548161514050803e-05	2	20	52310.32421986629
5.5348092629703074e-05	2	20	52657.91804189248
9.946748395088681e-05	2	20	52118.19132041584
1e-05	1	20	54432.77927427719
5.5348092629703074e-05	2	20	51313.21507937893
8.560467066494722e-05	2	20	51763.27266566888
9.946748395088681e-05	2	20	51981.2408900543
3.402787410898234e-05	1	20	52571.807953894
9.946748395088681e-05	2	20	53114.343228763995
5.5348092629703074e-05	2	20	52949.0760405142
8.564879454101744e-05	2	20	52884.27196610861
3.402787410898234e-05	1	20	54182.22596653054
8.569823867873863e-05	2	20	52126.202800173916
5.5348092629703074e-05	2	20	52618.28861407833
9.946748395088681e-05	2	20	51556.13313484009
9.978454674528834e-05	1	21	52501.9957321066
1e-05	1	20	53569.37280862288
5.5348092629703074e-05	2	20	52546.953890640616
8.590996287734285e-05	2	20	51825.32877568782
1e-05	1	20	51318.66630729858
9.978454674528834e-05	1	21	52881.61169476986
5.5348092629703074e-05	2	20	51737.31244994055
8.583615621867543e-05	2	20	52547.53425705994
9.978454674528834e-05	1	21	53495.685557233424
5.5348092629703074e-05	2	20	53402.69814944657
1e-05	1	20	52402.10697149335
8.594214233141031e-05	2	20	54505.86115363438

Best value: 50119.66991899655 at [Gamma, Alpha, #Firefly] = [8.942419251197228e-05, 2, 20], found in 1251.4231157302856 s