3.7916850182416784e-05	4	20	56548.27124546481
2.997360952888201e-05	1	32	53862.027261723255
1.1579571393202007e-05	3	22	55466.6413214326
3.6729616599311174e-05	2	39	54034.344259486534
6.335195838205736e-05	3	20	55436.6691610478
1.7104160647144236e-05	4	32	58950.09845561527
6.815686601415155e-05	1	36	55064.83541473236
6.769934316286399e-05	2	31	54160.71348497592
4.0491597773362916e-05	1	35	52750.68501258318
4.18604716056219e-05	1	30	53420.71540758379
5.1631050333670114e-05	2	38	55269.324755672635
3.242825824901936e-05	1	39	53518.609465009635
4.2310067197087683e-05	1	33	53653.6119252752
3.4947968565127064e-05	1	34	52308.74253715645
1.3031617323466387e-05	1	39	53501.443504021365
2.435100829415737e-05	2	34	53732.78481939004
0.0001	1	20	54598.830619761335
0.0001	5	40	59562.51417388937
1e-05	1	20	53744.45111207776
3.6273297927268735e-05	2	34	55458.69914853187
4.026584605987734e-05	1	21	53337.347574955005
1.3475965364451012e-05	1	22	54247.703907050265
1.4403823749892345e-05	1	36	55562.93400629363
3.881686902667394e-05	1	39	52951.58028798246
4.52348096818279e-05	1	20	54988.54591159632
2.1413026553281383e-05	1	20	54037.654174484174
6.614970376326822e-05	1	22	54426.04747684967
3.904230973175885e-05	1	34	53941.825096908746
3.3339753525074986e-05	1	23	52896.115798741484
3.632282854664098e-05	1	35	53466.92466360887
4.7807172856713655e-05	1	39	53380.254377128535
1.0645213164099321e-05	1	39	52679.10374940721
3.494942185039173e-05	1	28	53679.114646372
1.221144195964183e-05	1	20	53926.1178086865
3.116662596928672e-05	1	40	53268.28435159086
1.0645213164099321e-05	1	39	53818.94086297202
2.1413026553281383e-05	1	20	52491.07152535283
3.585141310824183e-05	1	28	53890.615977911104
1.0645213164099321e-05	1	39	53994.030918336706
3.2437294152518005e-05	1	40	54420.17406967343
2.6218656389295492e-05	1	21	53102.86081294584
3.338500232077486e-05	1	34	53340.55816062608
4.7807172856713655e-05	1	39	53137.45443009932
1.0645213164099321e-05	1	39	53574.55081404168
1.221144195964183e-05	1	20	54284.77812432152
4.514138738678506e-05	1	31	53309.50593889955
2.8787222376117643e-05	1	24	52480.34206396357
3.4511489436710916e-05	1	40	53268.90113437484
1.8678578936492384e-05	1	20	54300.42833242664
2.965454716054062e-05	1	23	54429.51045629317
3.4416754995568455e-05	1	40	53587.13430214282
3.763283231895531e-05	1	30	53957.07383307941
3.235475587409442e-05	1	26	53030.32905161802
1.5833023276394296e-05	1	39	53989.18215092539
3.532310981664485e-05	1	40	54149.216374421085
4.772919756899462e-05	1	33	53668.116171070214
2.1413026553281383e-05	1	20	54494.15551493476
3.178425996998752e-05	1	26	52453.338500253485
1.2823921626673904e-05	1	39	54772.729664726605
3.688071756516681e-05	1	39	54045.98081979448
3.335880616279954e-05	1	20	55392.46358802373
3.263938632098097e-05	1	27	54490.77798030791
5.2080390909025374e-05	1	30	54497.373711993874
3.621993545043478e-05	1	38	53236.3111226069
2.5800136796374484e-05	1	23	53661.25246349955
3.3204291560485474e-05	1	32	54633.64041902787
1.5833023276394296e-05	1	39	53790.67893129682
3.881686902667394e-05	1	39	53206.13026675801
2.9086234147874608e-05	1	26	53609.28033696204
1.6729595980693773e-05	1	39	54224.58648689642
5.147374013896609e-05	1	30	53879.394365813656
3.697123014706708e-05	1	38	54406.75966999032
1.8342588068215887e-05	1	20	53929.272394375934
1.850367624290185e-05	1	39	53787.65561622042
3.069045245194303e-05	1	27	53875.254785733436
4.021600961430516e-05	1	39	52860.7264176577
1.5270611366440286e-05	1	21	53583.306082417825
3.247585516753265e-05	1	26	54453.81653708427
2.747978901225103e-05	1	36	53300.065336588494
4.0008548836271895e-05	1	40	53591.06571422116
3.0030178922793636e-05	1	26	54258.25330515711
1.1295194323582656e-05	1	21	53024.410723713634
2.6296432482525876e-05	1	37	53189.44292550557
3.956400432375185e-05	1	40	54341.68928901649
2.3867357506796777e-05	1	24	53836.5647405211
1.3158186236461999e-05	1	33	53879.15462455437
3.538186353778584e-05	1	37	54214.09151584735
4.7807172856713655e-05	1	39	53122.66003073116
1.2922596804030983e-05	1	20	53922.53560316772
2.6257041542466498e-05	1	26	53745.270669872596
2.6296432482525876e-05	1	37	55753.53330621414
4.127962157046039e-05	1	40	53034.79001562906
2.7354297480899935e-05	1	26	54296.39358029965
4.836785113824357e-05	1	32	54315.978817688694
4.2383761570439535e-05	1	40	54399.3648386532
1.8466848331508057e-05	1	39	53402.803286064474
1.221144195964183e-05	1	20	55216.0585022657
3.977279156534471e-05	1	40	54028.33150322898
2.7856927207590897e-05	1	26	53201.49206003048
1.4685471796551536e-05	1	38	54995.24235024288
2.985049727882717e-05	1	26	54178.10772185893
1.4006473376469059e-05	1	20	53753.134048093714
4.151325688964557e-05	1	40	54083.51921439101
2.0314388558996836e-05	1	39	54293.241245523895
1.4006473376469059e-05	1	20	52828.09896574945
2.9606047467999018e-05	1	26	53680.25239853286
1.9116895837576176e-05	1	39	53690.5385809361
4.141488735517476e-05	1	40	53504.230979604414
2.3744849995175975e-05	1	23	54532.23170438225
3.7655036739258037e-05	1	32	54658.78998928212
4.1768477802560704e-05	1	40	53721.16220598032
1.706729957346739e-05	1	39	53395.86758548956
2.7412367956508037e-05	1	25	55191.71829197959
4.723387903817905e-05	1	32	54094.52787983699
1.8975497690528276e-05	1	39	54362.823431093166
4.1174116130676116e-05	1	40	54454.176575986305
1.9575991497386118e-05	1	22	52465.80694211593
4.053909163590233e-05	1	30	53173.43571266909
4.038060498235439e-05	1	40	55652.62939302705
1.1955266101163509e-05	1	39	53289.369757117216
1.932040666426375e-05	1	22	54318.95454033943
4.6406418695744934e-05	1	25	54221.87023297319
3.7381175942059506e-05	1	35	53918.29538841229
1.0645213164099321e-05	1	39	53639.54244145353
1.744140553900367e-05	1	23	53957.97328292625
4.391361187338743e-05	1	25	54571.73979785631
3.7039960001552566e-05	1	35	53620.13482528217
1.0645213164099321e-05	1	39	55322.10034428183
1.77995159341939e-05	1	22	54433.6101779414
4.585010119439825e-05	1	26	54610.570933270035
3.728355154649117e-05	1	35	52075.2219707614
1.1676607987703407e-05	1	39	53861.90830940231
1.795418642144541e-05	1	22	53459.17618505705
3.685655468357973e-05	1	35	54064.20767486408
5.742474187204881e-05	1	39	53549.90448214901
1.0645213164099321e-05	1	39	53905.54681095033
1.7389967885739952e-05	1	23	54316.59891619545
3.782092829682639e-05	1	36	53429.62161054283
1.0645213164099321e-05	1	39	53652.41720114408
5.742474187204881e-05	1	39	52946.70306469612
1.9804993293813556e-05	1	24	53546.83213483152
4.1527007415499025e-05	1	37	53507.020856688054
1.2642676181725052e-05	1	39	52932.97499265015
7.090264228280815e-05	1	38	53697.58689903682
1.4006473376469059e-05	1	20	54518.4811934332
2.766343368078639e-05	1	30	54429.32108448704
1.0645213164099321e-05	1	39	54190.57414339795
4.862564418079175e-05	1	40	54027.66885457636
1.4006473376469059e-05	1	20	53806.779090484815
2.7416801163749115e-05	1	27	54070.7073015935
1.6729595980693773e-05	1	39	54243.49204491733
4.756239969147793e-05	1	39	55035.87427382934
1.7873122912590648e-05	1	23	54520.08400797083
6.131691090574158e-05	1	39	55858.44945651691
3.8783724623447805e-05	1	36	53049.36362520832
1.0645213164099321e-05	1	39	54095.58798071473
2.1868456988026652e-05	1	22	55305.811082418295
5.742474187204881e-05	1	39	52668.445731956
3.6769828859776685e-05	1	35	53663.886528115356
1.0645213164099321e-05	1	39	53841.642549856915
3.7957705627373e-05	1	35	55931.07724098081
2.027283947030005e-05	1	24	53230.95409018777
1.0645213164099321e-05	1	39	53496.57531719904
5.742474187204881e-05	1	39	53071.98584063307
2.027283947030005e-05	1	24	53134.07373878041
3.9892477559338954e-05	1	37	54560.807061337764
1.0645213164099321e-05	1	39	54338.627606618895
7.090264228280876e-05	1	38	52937.363667390695
2.437570381606144e-05	1	27	54013.60338233025
5.0435241438799205e-05	1	40	54160.63490058917
1.0645213164099321e-05	1	39	53019.55326584905
8.357501531439917e-05	1	38	52978.82879730725
2.320787009044803e-05	1	27	54233.067795931325
8.398136167384928e-05	1	40	55530.7821502379
4.780717285671483e-05	1	39	54126.64054829937
1.0645213164099321e-05	1	39	52889.29128717921
1.7273024459644995e-05	1	26	52789.1960977282
1.0645213164099321e-05	1	39	54739.922265851696
4.1842858083677305e-05	1	37	53572.564713117245
7.281224288885099e-05	1	39	53120.11488822587
1.516949455796867e-05	1	27	54540.76445690725
7.573157576419246e-05	1	36	54298.81620966982
1.0645213164099321e-05	1	39	53806.14534315575
4.8351359155566126e-05	1	38	53680.98135074257
2.173078398172181e-05	1	27	53902.1087304637
7.573157576419246e-05	1	36	54024.77875237588
1.0645213164099321e-05	1	39	54817.34885337957
4.963006671613147e-05	1	39	54149.309400720966
2.1666523541864638e-05	1	25	53226.75996100296
4.6728734727623784e-05	1	38	52949.210192195045
7.573157576419246e-05	1	36	54629.71929574385
1.0645213164099321e-05	1	39	55494.11512824332
2.0849889041015573e-05	1	24	53351.20548552475
1.0645213164099321e-05	1	39	52858.15232100035
4.530998978093378e-05	1	37	53997.64628357347
7.281224288885099e-05	1	39	53503.55050812648
2.2489478009128446e-05	1	26	53346.98991471047
7.281224288885099e-05	1	39	54355.52325746105
4.788983044179632e-05	1	38	53804.91695982047
1.0645213164099321e-05	1	39	53033.26857783506
1.7907649917099938e-05	1	25	55585.508327947035
1.0645213164099321e-05	1	39	55525.170808226336
4.2624198979923505e-05	1	37	54522.007022194986
7.281224288885099e-05	1	39	53077.192963015346
2.7368622169795294e-05	1	26	53771.00247507276
8.357501531439936e-05	1	38	52859.154634981125
5.303360940267998e-05	1	40	54580.299896095254
1.6729595980693773e-05	1	39	53630.00457772744
2.7857945914535875e-05	1	27	53217.826795722256
2.37795934357685e-05	1	39	54107.39221485124
5.600088204588507e-05	1	40	54531.730614303364
8.357501531439911e-05	1	38	54319.37006236811
1.687185167468127e-05	1	22	53958.15217288504
3.63023440154078e-05	1	35	53638.62892571957
1.0645213164099321e-05	1	39	53470.13966813222
7.281224288885099e-05	1	39	52604.53261950724
1.687185167468127e-05	1	22	54264.275165705745
3.648563475151063e-05	1	35	53861.2180126518
7.281224288885099e-05	1	39	53829.10560001383
1.0645213164099321e-05	1	39	54936.774404293195
1.7074842242268475e-05	1	22	53396.69773070937
1.0645213164099321e-05	1	39	54788.8127067846
7.28122428888866e-05	1	39	54206.00182032711
3.6733430632679515e-05	1	35	52856.83726817748
1.70481524690405e-05	1	22	54664.21494390975
3.661666964391951e-05	1	35	54475.829118977745
7.281224288885099e-05	1	39	53912.412520414175
1.0645213164099321e-05	1	39	54127.12073127256
2.027283947030005e-05	1	24	54555.95145874134
3.6809555560724885e-05	1	35	53983.10685681556
1.0645213164099321e-05	1	39	53908.848817172155
7.281224288885099e-05	1	39	54100.10387494337
2.1868456988017182e-05	1	22	53333.13259419382
7.281224288885099e-05	1	39	53954.71409592399
3.701887021565296e-05	1	35	55026.46937048445
1.0645213164099321e-05	1	39	53207.60864614437
2.963436583570962e-05	1	27	53875.05078672319
5.741852686363274e-05	1	40	55482.52886316326
8.357501531439911e-05	1	38	54101.58484645702
2.37795934357685e-05	1	39	54412.31656712141
2.131476133847106e-05	1	21	54268.885550594714
3.5947574273801296e-05	1	34	55682.864178206815
1.0645213164099321e-05	1	39	54359.54423125432
7.2812242888855e-05	1	39	53603.32604326149
2.8007281647186748e-05	1	27	54101.90462636364
3.457381663350602e-05	1	39	54895.72127258683
6.802409282261216e-05	1	40	52773.68453025082
9.78759700916646e-05	1	37	54951.60873293688
1.221144195964183e-05	1	20	55047.54658165795
2.9353982091556318e-05	1	27	53909.49088230425
6.552355940986983e-05	1	40	53204.5180879505
2.37795934357685e-05	1	39	53763.827846683074
2.8579141542613173e-05	1	27	54028.691930404646
5.537055818417812e-05	1	27	53028.59682241131
6.595011222259393e-05	1	40	53929.42731631165
2.6326064274438143e-05	1	39	53371.241949033414
6.63283069655767e-05	1	28	54903.24836883054
3.0914913181702337e-05	1	27	55364.82870071203
6.523432954033634e-05	1	40	53070.13443240706
2.37795934357685e-05	1	39	55230.15344488706
2.6791165513860692e-05	1	25	54323.41065012093
5.537055818417812e-05	1	27	54850.773625652095
6.52921612400333e-05	1	40	54169.46331680271
3.457381663350602e-05	1	39	53658.98776959897
5.537055818417812e-05	1	27	54318.714666983265
2.5066298176765184e-05	1	25	53243.943300376515
3.457381663350602e-05	1	39	53934.25031064414
6.56645123339999e-05	1	40	54659.975449098696
2.4848711284508756e-05	1	25	53788.95355626586
5.537055818417812e-05	1	27	54591.37708159032
3.457381663350602e-05	1	39	53560.273702121456
6.583958209832579e-05	1	40	54682.514782129416
2.45443261983767e-05	1	25	53158.96076955895
1.0431105775274335e-05	1	36	55322.47714755537
6.622987613425846e-05	1	40	53133.50394738726
3.457381663350602e-05	1	39	54100.50479724347
3.457381663350602e-05	1	39	55125.076804867225
2.5547482483906324e-05	1	25	54528.55239379899
6.607234809141829e-05	1	40	53151.12062246242
1.0645213164099321e-05	1	39	53921.658469087924
2.5397780940608317e-05	1	25	54941.67962487412
1.0645213164099321e-05	1	39	54759.109331268024
6.620215196390583e-05	1	40	54089.34561018824
3.457381663350602e-05	1	39	54682.54746365014
5.537055818417812e-05	1	27	52595.27260787399
2.544495203529541e-05	1	25	55557.50452945061
6.611501581656792e-05	1	40	53512.8956819036
3.457381663350602e-05	1	39	53262.17646364905
1.2922596804030983e-05	1	20	53145.9899277403
3.313852599363639e-05	1	30	53944.19342324904
1.0645213164099321e-05	1	39	55047.077426939984
6.456454308894336e-05	1	40	52769.4446973818
1.2922596804030983e-05	1	20	54500.804616208465
3.425085483067709e-05	1	30	54669.38331001368
1.0645213164099321e-05	1	39	53067.73167163889
6.454828490552144e-05	1	40	53812.38165389364
2.4737164418113643e-05	1	24	52229.76726621457
5.537055818417812e-05	1	27	53107.92091258614
2.37795934357685e-05	1	39	53953.814917348056
6.457826165930074e-05	1	40	53954.737769745545
2.6889293033339933e-05	1	24	54253.59426737551
5.537055818417812e-05	1	27	52943.57726616515
6.413394029575996e-05	1	40	54127.99374043264
2.37795934357685e-05	1	39	54123.54633286943
3.3206002740345216e-05	1	27	53196.677921160604
1.4006473376469059e-05	1	20	52476.433501737134
6.369073666580565e-05	1	40	53546.07298805992
1.8466848331508057e-05	1	39	54567.844232548625
2.4042071295813997e-05	1	22	53823.80781797116
5.537055818417812e-05	1	27	54457.12473561976
6.415743797597659e-05	1	40	55289.08930899824
3.016246100014565e-05	1	37	53996.77621985822
2.3378353800144155e-05	1	22	56129.67255320245
5.537055818417812e-05	1	27	53365.480132886456
6.439860623064595e-05	1	40	55214.80601526795
3.0144580005092634e-05	1	37	54248.6804082816
1.919745072055451e-05	1	22	54056.46229322561
8.357501531439911e-05	1	38	54401.4921741551
5.186358560573602e-05	1	35	54391.118622311435
1.8466848331508057e-05	1	39	54836.123183899545
5.5904123895710056e-05	1	23	54174.63924235517
1.8326346121198926e-05	1	22	53924.148407700064
1.6729595980693773e-05	1	39	53463.268087041404
5.349764417647119e-05	1	36	55110.41162071206
1.4006473376469059e-05	1	20	53851.05200186694
3.5501557140483967e-05	1	28	54227.19050762321
1.0645213164099321e-05	1	39	55246.00014764073
6.630188310767493e-05	1	40	54718.82052652338
1.4006473376469059e-05	1	20	53983.55335193826
3.56233768211956e-05	1	28	53279.94422170712
1.6729595980693773e-05	1	39	53896.49895392335
6.601933207943458e-05	1	40	53958.14209544752
1.6777999084239068e-05	1	20	54395.57448069744
4.39286156162495e-05	1	32	53898.5712955972
1.2583681340732702e-05	1	39	54560.47492914513
7.281224288885099e-05	1	39	53777.19989982415
1.67779990842427e-05	1	20	54525.317931370904
4.392740588401097e-05	1	32	53810.0754174619
7.281224288885099e-05	1	39	53952.02487346712
1.6729595980693773e-05	1	39	52985.19063587708
1.3780144818681104e-05	1	22	52973.57179895802
4.366278181751741e-05	1	32	54345.07640287996
7.281224288885099e-05	1	39	54220.9468165454
1.6729595980693773e-05	1	39	53317.402638355365
2.3808763922271825e-05	1	25	53450.31731377274
6.63283069655767e-05	1	28	52840.51323408559
1.6729595980693773e-05	1	39	54975.91795946668
5.0319837326569494e-05	1	40	53007.31970898584
2.29946500228744e-05	1	25	55074.77308101304
5.276621744545591e-05	1	37	54619.00956035293
5.9527013977589615e-05	1	23	54152.10379145475
1.6729595980693773e-05	1	39	54064.95774033889
7.281224288885099e-05	1	39	55300.64556962069
1.6871851674715833e-05	1	22	53149.22933477064
5.193825614498398e-05	1	32	54695.8750775516
2.37795934357685e-05	1	39	54484.01817766065
1.4674040544840214e-05	1	22	53570.85384870165
5.3093919680681465e-05	1	26	53909.50912616289
1.255940972067781e-05	1	39	53687.64697189942
4.838846018971298e-05	1	40	54044.49625253018
5.3093919680681465e-05	1	26	54841.117130511775
1.3590172553759659e-05	1	21	52147.579684822005
4.841590040834556e-05	1	40	53811.67100541196
1.2894826675648267e-05	1	39	54181.48066350115
1e-05	1	21	54072.6185553285
4.585010119439825e-05	1	26	54178.08549749872
1.2646448846612027e-05	1	38	54572.79647422328
4.857861140680207e-05	1	40	53095.76916079149
1.0444748929720508e-05	1	21	53820.28476220636
4.712649136636027e-05	1	25	55058.64476825658
1.3689130183344899e-05	1	39	53926.37889255393
4.8537703211803796e-05	1	40	54092.47791189989
1e-05	1	21	56353.50166234239
4.4487902336219364e-05	1	27	55166.59439870403
1.3810413181709814e-05	1	39	54264.19701690999
4.854080129881134e-05	1	40	54571.64883530144
6.63283069655767e-05	1	28	53410.77175515097
1.9876394726572362e-05	1	23	53337.63950076168
1.0645213164099321e-05	1	39	56690.174075630006
4.7621602088064955e-05	1	40	54010.929111135505
2.0577131160674925e-05	1	24	54055.56239431361
4.821227077886822e-05	1	40	54615.54131574519
6.63283069655767e-05	1	28	52970.855406885246
1.6729595980693773e-05	1	39	53784.94364223528
1.930630743244295e-05	1	23	54702.99994826177
6.039483354369536e-05	1	20	52789.236427232376
6.394046875808866e-05	1	33	54813.648148048844
3.457381663350602e-05	1	39	53428.23857212532
2.060445263466386e-05	1	22	54250.75143746473
6.77391251640521e-05	1	26	54538.979297198704
1.2523543606704202e-05	1	38	54264.79471789171
4.4959403363628585e-05	1	40	53237.139119221945
2.0833737771661314e-05	1	22	54512.39475916124
6.63283069655767e-05	1	28	53758.14288340839
4.4847591893089154e-05	1	40	55271.96348890495
1.1978760382654042e-05	1	39	53703.31453110499
1.745905892077998e-05	1	22	53160.14680690053
6.63283069655767e-05	1	28	54835.5701270016
4.0086938754068575e-05	1	38	53670.25114572233
8.357501531439911e-05	1	38	53187.17124315712
1.7696425893067234e-05	1	22	54518.34462716514
6.039483354369536e-05	1	20	52736.09861990622
7.573157576419246e-05	1	36	54857.75767437136
3.985693358046932e-05	1	38	53845.89725262774
1.8711083836800513e-05	1	20	53256.64142486397
6.023493768489543e-05	1	20	53924.42522318865
4.0654912978536685e-05	1	40	53923.761635617004
7.573157576419272e-05	1	36	55521.427396874016

Best value: 52075.2219707614 at [Gamma, Alpha, #Firefly] = [3.728355154649117e-05, 1, 35], found in 1335.2151424884796 s