6.427160869017748e-05	3	28	55481.44836273234
5.848301163902604e-05	3	27	54623.07996757732
5.3614130709080995e-05	3	30	53367.35168727847
4.876964880768689e-05	1	23	50669.106785892196
5.898289754029332e-05	3	24	55746.65127320726
4.501308817605337e-05	4	25	57074.08942916499
4.7260929651947916e-05	3	38	55422.3140895532
3.5598478800410805e-05	2	35	50832.93389111991
3.911960789511506e-05	1	30	52969.98680568256
4.927811810581451e-05	1	33	51671.799739528215
3.23386169641972e-05	1	31	50893.566120475705
3.898234281361232e-05	1	31	50580.17892090953
3.282101170435863e-05	1	20	50125.16252257761
1.018772962219225e-05	1	20	49721.781300323164
1e-05	1	37	52223.40497473449
6.25070691455624e-05	1	24	51103.95147934283
1.7177159095077097e-05	1	20	51533.40406842192
1.018772962219225e-05	1	20	50805.19125880942
3.750674378461384e-05	1	20	50193.094689376056
4.675157837437771e-05	1	20	50031.97847536726
0.0001	1	20	50392.28143661264
2.529883569941855e-05	1	22	53216.19358697858
4.102472796814257e-05	1	20	51072.44266351412
5.1424594123624946e-05	1	22	50583.106849536685
7.175406316917538e-05	1	20	51562.63667348456
4.675157837437771e-05	1	20	50838.03729079483
9.92121036429366e-05	1	23	51409.89841523441
0.0001	1	40	50355.811824869874
9.92121036429366e-05	1	23	50156.605173362266
4.7424147665530836e-05	1	20	49864.02843569114
6.242394881854251e-05	1	38	51858.58517833803
0.0001	1	40	50357.217144408416
4.820453704726554e-05	1	20	49920.8755537602
1e-05	1	20	49956.540894216356
9.92121036429366e-05	1	23	51599.81540788196
0.0001	1	35	52158.618409721705
0.0001	1	20	51603.207702462016
1e-05	1	20	50906.85704048525
4.762116640480799e-05	1	20	50893.76373707565
0.0001	1	40	51055.64592313942
1e-05	1	20	50055.8278627737
4.71626205195536e-05	1	20	52424.785142638335
4.8638362434328464e-05	1	29	51209.2295103496
0.0001	1	40	49293.26767573778
1e-05	1	20	51584.98561718716
4.675157837437771e-05	1	20	49879.07885361172
9.92121036429366e-05	1	23	50674.6949449667
0.0001	1	40	50608.393019912895
9.92121036429366e-05	1	23	50705.19841045946
1.0187729622192439e-05	1	20	50528.718427167034
4.505345379283891e-05	1	20	50527.983327697984
0.0001	1	40	51106.46951115008
4.545408282614135e-05	1	20	51060.81524548945
1e-05	1	20	50394.92137293272
9.92121036429366e-05	1	23	51157.33508340152
0.0001	1	40	52879.99461391887
7.81386095031915e-05	1	23	50750.97023365955
4.3453382464875924e-05	1	20	51791.14470498582
1.018772962219225e-05	1	20	49759.5322362423
0.0001	1	40	52537.28696310129
1e-05	1	20	50994.63375065428
0.0001	1	20	50824.82635096823
4.675157837437771e-05	1	20	50229.416598400494
6.330723659433495e-05	1	31	50151.534510749436
5.208917356000782e-05	1	21	51151.794342023226
1e-05	1	20	51982.943398083764
2.8598292576001905e-05	1	29	52037.569273548885
8.886097906188564e-05	1	25	52132.793671779706
4.740479043742699e-05	1	20	51134.56882544487
1.0187729622192373e-05	1	20	52473.003479426014
7.461632101640629e-05	1	27	50718.65741248969
9.92121036429366e-05	1	23	51368.004858416374
1.018772962219225e-05	1	20	49719.76357178329
4.915545762955654e-05	1	20	50573.798540103075
7.632251245060707e-05	1	27	51323.45737190948
0.0001	1	40	50816.03015104317
4.752266348016899e-05	1	20	51965.126981491616
9.228107943778464e-05	1	20	50776.550613343
1.018772962219225e-05	1	20	51541.95799693713
6.429774240563267e-05	1	31	50640.36505280684
8.99873125463432e-05	1	20	50978.65816052303
1.018772962219225e-05	1	20	51692.28582947193
4.839804491697301e-05	1	20	49748.88987090796
6.308103368920013e-05	1	32	50561.172927882
5.042506702950178e-05	1	20	51488.79557180182
8.998731254634291e-05	1	20	51982.06758056605
6.308103368920013e-05	1	32	51239.264966893636
1.018772962219225e-05	1	20	49891.41056097056
4.5603943374074195e-05	1	20	51225.65035656469
1.018772962219225e-05	1	20	51373.2405251759
6.483252555479964e-05	1	31	51432.91421052558
0.0001	1	40	50719.45277682657
1.018772962219225e-05	1	20	51965.441457932466
4.5897336278916054e-05	1	20	50333.53504366645
6.447064585324405e-05	1	31	51380.725399250965
0.0001	1	40	52692.75205884498
4.668293490173572e-05	1	20	50950.23942394704
9.228107943778418e-05	1	20	52083.4645182011
1.018772962219783e-05	1	20	51630.326073207965
6.304012771255394e-05	1	31	49873.86215591207
4.684922663256798e-05	1	20	50907.599562703545
9.921210364293688e-05	1	23	51765.05359564149
1.018772962219225e-05	1	20	51596.97382337396
6.394397134188343e-05	1	31	50485.031733101685
8.998731254634291e-05	1	20	51919.87245653548
4.75985787615143e-05	1	20	50713.75195835973
1.1626454800736766e-05	1	20	51121.77780278149
6.387059472248115e-05	1	31	52358.231791312995
1.018772962270161e-05	1	20	51565.57726886535
4.59750654148941e-05	1	20	51342.15827722191
6.086159987549854e-05	1	30	51472.57405967528
0.0001	1	40	51993.337787112185
4.620467975898526e-05	1	20	51086.42156027135
1.0940044802605336e-05	1	20	50860.744782423
9.92121036429366e-05	1	23	50730.475820490785
6.174067077526082e-05	1	30	50751.58949850404
4.636930461361863e-05	1	20	50970.43750596974
1.0401248281323143e-05	1	20	50291.10869034786
6.086159987549854e-05	1	30	51547.73723714647
9.92121036429366e-05	1	23	50623.735286648815
1.018772962220321e-05	1	20	50529.806370975275
4.561705349042877e-05	1	20	50099.89025769239
6.086159987549854e-05	1	30	50596.87923989892
9.92121036429366e-05	1	23	50606.99359783206
4.556057345939897e-05	1	20	52074.05700577938
5.7377840707452096e-05	1	30	52272.59071089409
0.0001	1	25	50965.91243581043
1.018772962223862e-05	1	20	50697.73293326953
1.0187729622198221e-05	1	20	50185.96866130753
9.92121036429366e-05	1	23	50988.69354008515
4.509101342588851e-05	1	20	50582.24551603574
6.59777262108319e-05	1	30	51568.84278121918
1.018772962219225e-05	1	20	51444.782093892645
4.425495898439451e-05	1	20	51683.0906444491
9.921210364293953e-05	1	23	50902.664743170295
6.086159987549854e-05	1	30	50972.06985593038
4.614819091162991e-05	1	20	51458.71067460823
1.018772962219687e-05	1	20	50965.19349681454
6.086159987549854e-05	1	30	51176.080681204745
0.0001	1	22	50816.63271255729
0.0001	1	23	51183.830914913284
1.0187729622192354e-05	1	20	50914.18897573439
4.658469843322403e-05	1	20	50247.369959616095
6.086159987549854e-05	1	30	50689.58653655667
1e-05	1	20	51487.509522454624
4.718576430762368e-05	1	20	51069.92780164383
0.0001	1	25	51744.978171252835
6.086159987549854e-05	1	30	51009.28185095599
1.1425763351004767e-05	1	20	50250.06349681446
4.749467793765766e-05	1	20	49440.93926641042
0.0001	1	20	50018.56103436395
6.086159987549854e-05	1	30	51246.481833468
4.8366518449649325e-05	1	20	51956.98031495345
0.0001	1	20	51016.12202610748
1e-05	1	20	50884.516418619125
5.580493643595753e-05	1	30	50202.1336072156
4.703224543822599e-05	1	20	50414.88604260546
5.580493643595753e-05	1	30	51513.80059043085
0.0001	1	20	51795.52167919603
1.018772962219225e-05	1	20	49524.69595232691
0.0001	1	20	51284.16031130296
4.570709733537821e-05	1	20	50514.42313741636
1.018772962219225e-05	1	20	50043.363548664456
5.580493643595753e-05	1	30	51958.80346764362
4.496968300782175e-05	1	20	49848.154650701195
0.0001	1	20	50284.29427182274
1.0187729622192605e-05	1	20	50898.51519568953
6.086159987549854e-05	1	30	50032.16373424044
0.0001	1	20	52894.33546707938
4.507832156077608e-05	1	20	51964.02082430987
1.018772962219225e-05	1	20	50497.54244208525
6.086159987549854e-05	1	30	50150.67667065485
1.01877296221938e-05	1	20	52183.957654475715
9.932038115157275e-05	1	25	51714.66526282218
4.371709972389417e-05	1	20	50849.24886024006
6.086159987549854e-05	1	30	51428.13669839286
4.45586890456515e-05	1	20	50313.53241157236
1.0187729622202066e-05	1	20	50282.18914240743
0.0001	1	25	50736.27181582515
6.086159987549854e-05	1	30	50972.27809467871
4.3675973727029974e-05	1	20	50634.711827721
6.086159987549854e-05	1	30	52808.46225847113
0.0001	1	26	49426.37689723082
1.018772962219225e-05	1	20	51731.19501078637
4.2141139791534056e-05	1	20	51558.90158780066
1.018772962219225e-05	1	20	52721.56938690442
7.386925788886991e-05	1	26	51104.07518574351
9.921210364293661e-05	1	23	50685.29524664172
4.482556800866966e-05	1	20	50124.042609785014
9.92121036429366e-05	1	23	50052.624133593614
1.018772962219225e-05	1	20	51360.6117118041
7.386925788886302e-05	1	26	51442.76200457032
1.0187729622192991e-05	1	20	49647.50301846498
0.0001	1	26	52018.15064369148
4.4469155282508664e-05	1	20	50473.87369662788
6.086159987549854e-05	1	30	50354.937070287146
4.357805995049821e-05	1	20	50429.90240553706
0.0001	1	24	50651.7300175009
6.086159987549854e-05	1	30	50877.226501308876
1.018772962219225e-05	1	20	51354.51490262824
4.368444076417748e-05	1	20	51753.90854510876
1.018772962219225e-05	1	20	50114.84386588254
0.0001	1	25	51064.30168266924
6.086159987549854e-05	1	30	50306.79264261222
1.0187729622192924e-05	1	20	50028.01070600862
4.447369722012911e-05	1	20	51567.35577690137
9.945415142029468e-05	1	26	53398.95698249385
6.086159987549854e-05	1	30	51147.29585927112
1.018772962219225e-05	1	20	50768.215076854656
4.404253129972175e-05	1	20	49976.32626810514
0.0001	1	20	50549.9969615464
6.086159987549854e-05	1	30	50683.24296846029
4.391367877571015e-05	1	20	51179.074798812355
0.0001	1	20	51297.45741432479
1.018772962219225e-05	1	20	50968.62220107019
6.086159987549854e-05	1	30	50949.80552986624
0.0001	1	20	50279.982148672636
4.4527428688938124e-05	1	20	50692.65623495338
6.086159987549854e-05	1	30	51740.427458078644
1.018772962219225e-05	1	20	50371.94345551172
0.0001	1	20	50136.60328028797
4.455015512350686e-05	1	20	51913.68189962479
1.018772962219225e-05	1	20	50534.471813046104
6.086159987549854e-05	1	30	50241.30982770808
1.0187729622198665e-05	1	20	51118.90267555909
0.0001	1	20	50566.469976535845
4.641674822953194e-05	1	20	51246.65486354254
6.086159987549854e-05	1	30	49478.622405326474
4.739026606447137e-05	1	20	51395.78346671637
0.0001	1	20	51453.698555327064
1.018772962219225e-05	1	20	52000.10728444262
6.086159987549854e-05	1	30	51375.2766427841
0.0001	1	20	51453.75696984824
4.654838673726091e-05	1	20	50163.31912162532
6.086159987549854e-05	1	30	51502.115799839536
1.018772962219225e-05	1	20	51089.97338668185
1.018772962222725e-05	1	20	51539.735123169645
4.649142635445059e-05	1	20	51529.48856471475
0.0001	1	20	50925.991428486035
6.086159987549854e-05	1	30	53678.30650656541
0.0001	1	20	52027.055274407
1.018772962219225e-05	1	20	50360.498273096615
4.3884096269374974e-05	1	20	51017.22001871822
6.086159987549854e-05	1	30	52815.24371364848
1.018772962219225e-05	1	20	51508.76307524591
0.0001	1	20	51033.92767896566
4.0840972809821605e-05	1	20	50379.4057386144
6.086159987549854e-05	1	30	50313.444118331914
4.074250972073069e-05	1	20	50558.669489477514
1.018772962219225e-05	1	20	50838.12519980127
7.149924468081363e-05	1	22	51288.60596736967
5.051839670796049e-05	1	35	50177.84124150318
0.0001	1	20	50609.224379975436
3.882509514364482e-05	1	20	51335.00750671808
1.0187729622201484e-05	1	20	49755.672925603954
5.679061035638514e-05	1	30	50354.315239048075
3.891962442464605e-05	1	20	51031.8453240831
1.0187729622199351e-05	1	20	50934.08554365356
0.0001	1	20	49933.12711622777
5.675139143787255e-05	1	30	50743.31564095823
1.018772962219225e-05	1	20	52037.438224646714
0.0001	1	20	51563.029355294595
4.037625616916232e-05	1	20	52076.098951983106
5.6863162149427804e-05	1	30	51906.83230824878
4.4406821857211993e-05	1	20	51249.506921271444
0.0001	1	20	51432.45793903679
5.992668562906381e-05	1	31	51605.875727821935
1.018772962219225e-05	1	20	51306.1259185815
0.0001	1	20	50301.42974223778
4.459578066708243e-05	1	20	51703.97790669136
1.018772962219225e-05	1	20	51205.447955453965
5.996036903342403e-05	1	31	51604.0144435807
4.5663375722290445e-05	1	20	51879.2218137247
0.0001	1	20	51216.85697228667
1.0187729622213095e-05	1	20	51105.85587335207
6.0096686458574996e-05	1	31	52982.90827456303
0.0001	1	20	50752.27345828655
1.0187729622197799e-05	1	20	50376.09154605745
4.446107619539315e-05	1	20	51029.36905197709
4.9305133443730495e-05	1	35	50199.77223554628
1e-05	1	20	52012.41954579922
0.0001	1	20	52222.74425069683
4.675157837437771e-05	1	20	50450.82385969152
4.636567199619459e-05	1	35	50991.05193226774
1.0187729622201252e-05	1	20	51116.511684726494
4.2855695364806475e-05	1	20	50595.56032972627
0.0001	1	20	50838.686411736824
4.8554642435013054e-05	1	36	51480.012140008155
1.018772962219225e-05	1	20	50434.457525611484
4.281122049519117e-05	1	20	50515.5282029671
0.0001	1	20	50524.97000305406
5.0453206935130225e-05	1	35	51588.345087880036
4.23613409834756e-05	1	20	52267.87921776514
1.0187729622194389e-05	1	20	50844.93060793173
0.0001	1	20	51982.70309681257
4.9289410890787176e-05	1	35	51681.6351489785
4.42435174646071e-05	1	20	51778.14422941204
1.018772962219225e-05	1	20	51054.17825411753
0.0001	1	20	50491.9993456923
4.973164947175454e-05	1	35	50713.60466278118
5.054210166847192e-05	1	21	50790.21952684652
1e-05	1	20	50818.85928405048
0.0001	1	20	50390.10066780888
3.6690252841206044e-05	1	34	50549.501056897025
1e-05	1	20	52274.72225899168
5.0422431115227216e-05	1	21	52256.56665703321
0.0001	1	20	50587.817688548006
3.494242257355574e-05	1	34	51363.56638594257
3.790380903012589e-05	1	20	51420.03600271016
0.0001	1	20	49887.719014602284
1.018772962219225e-05	1	20	50963.31940953995
4.295869926351057e-05	1	35	50912.14599215266
5.04553189713533e-05	1	21	51391.85649386952
1e-05	1	20	52355.61127170022
0.0001	1	20	51772.269322286025
3.672120568645001e-05	1	34	50814.97492027475
0.0001	1	20	52905.615486436036
1.018772962219225e-05	1	20	52115.41600432735
4.164960750588831e-05	1	20	50655.18035721885
4.044907582713031e-05	1	35	51642.0286273469
4.124709154334573e-05	1	20	50114.04424506235
1.018772962219225e-05	1	20	51243.95725036449
0.0001	1	20	50248.305727693645
4.159052045014607e-05	1	35	51849.88171119911
4.146222464721928e-05	1	20	50852.7007878377
1.018772962219225e-05	1	20	51069.19152853392
0.0001	1	20	50144.25455005905
6.49704666959049e-05	1	31	51661.36594138139
4.169286861819097e-05	1	20	51153.27669437727
0.0001	1	20	51173.121673137466
1.0187729622199707e-05	1	20	49601.63287724774
4.316141827864208e-05	1	35	50289.52208174836
1.0187729622213362e-05	1	20	52651.084957264036
3.916192491071757e-05	1	20	51760.40112058182
0.0001	1	20	50955.465230242
4.159575751158968e-05	1	35	51156.39719863045
1.018772962219225e-05	1	20	51980.96478625374
0.0001	1	20	51629.68816603344
4.383304701403001e-05	1	20	50584.99582404874
4.1357775842385614e-05	1	35	52063.56293083048
4.471745957312235e-05	1	20	50166.27967382442
5.0462924626384334e-05	1	36	54916.27698747666
1.018772962219225e-05	1	20	50880.721861806756
0.0001	1	20	50684.59234080859
4.59291361996732e-05	1	20	51824.228109256306
0.0001	1	20	50955.53507024442
1.0187729622202585e-05	1	20	52054.02534746968
6.709026103680469e-05	1	31	50531.94592029302
0.0001	1	20	51334.4569702216
4.638960604263193e-05	1	20	51571.98067150709
1.018772962219225e-05	1	20	49630.877233765656
6.915807345531439e-05	1	33	49154.40501042991
0.0001	1	20	51814.750553122256
4.569199335346144e-05	1	20	50532.15838376739
1.018772962219225e-05	1	20	51314.91939931504
7.826160137065751e-05	1	35	50618.650257306625
4.579672280412981e-05	1	20	50504.87134969335
8.998731254634624e-05	1	20	51836.305421276884
1.0187729622193496e-05	1	20	50755.02536189409
7.499105034470314e-05	1	35	50479.06422823392
1.0187729622192534e-05	1	20	51141.781191069706
0.0001	1	20	50958.91283240126
4.4793560450575905e-05	1	20	50155.17784461173
7.845716652081927e-05	1	35	51396.48586563044
4.4893949985576625e-05	1	20	50831.39685080333
1.018772962219477e-05	1	20	50705.062587951266
7.814480319187537e-05	1	35	50568.62442374916
0.0001	1	20	50627.53578298787
0.0001	1	20	50474.3661340746
4.4953351245217415e-05	1	20	51276.319150317584
1.018772962219225e-05	1	20	50104.90241887207
7.825101855526237e-05	1	35	51847.01830191944
4.442010551659141e-05	1	20	49930.97118846232
0.0001	1	20	50794.20096773697
1.018772962219225e-05	1	20	49972.59662547473
7.792638743908136e-05	1	35	51108.09458297946
4.375888729529918e-05	1	20	50073.899197757026
0.0001	1	20	50057.44643001938
1.0187729622196923e-05	1	20	50443.583033696596
7.784867918902485e-05	1	34	51568.2314935759
4.3417880836270704e-05	1	20	50848.25125348831
0.0001	1	20	51599.58328864125
1.018772962219225e-05	1	20	50737.54993607017
7.144873140618692e-05	1	33	50822.92963744488
4.314477343931295e-05	1	20	51516.10292376483
1.018772962219225e-05	1	20	50876.008550260325
0.0001	1	20	51282.18177680256
7.727059559511477e-05	1	34	50708.01778127375
4.3376495022315246e-05	1	20	51335.94408204824
0.0001	1	20	50793.082705745925
1.0187729622223176e-05	1	20	51071.12868441758
7.749380312881166e-05	1	34	51115.672556942984
4.373734085548303e-05	1	20	51552.63804323486
1.0187729622221348e-05	1	20	51518.21927773089
0.0001	1	20	51023.52943386084
7.737011412409085e-05	1	34	51635.09918419755
4.418607554759022e-05	1	20	51210.69431167889
0.0001	1	20	50910.90539161861
1.018772962219225e-05	1	20	51592.580700797356
7.718026771424623e-05	1	34	51687.0939132741
4.457242155997871e-05	1	20	50047.41980419181
0.0001	1	20	51321.78739213252
1.018772962221164e-05	1	20	51213.61455464932
7.127047167761695e-05	1	33	50242.215327242615
1.0187729622271767e-05	1	20	51105.862504867226
4.487246888119452e-05	1	20	51163.44052970892
0.0001	1	20	50792.614048200034
7.657863066943472e-05	1	34	53496.48474117392

Best value: 49154.40501042991 at [Gamma, Alpha, #Firefly] = [6.915807345531439e-05, 1, 33], found in 1231.7189087867737 s