7.111550095656417e-05	4	35	75923.03036351281
2.0869708899909477e-05	2	29	73089.54944314004
9.304449028974798e-05	1	39	74302.37263351916
1.4172043999791306e-05	1	36	73085.50609147592
7.359227000481992e-05	1	31	76707.06355701157
7.884609433537145e-05	4	36	75958.54742835024
4.382672303255773e-05	2	38	75676.10555593845
2.2066700932359357e-05	3	28	73885.43590930509
1.0395565491730722e-05	1	32	76171.73713553364
1.0231109382196952e-05	1	32	76171.73713553364
1.0886688987312422e-05	2	27	75147.89480247453
1.0117492688522656e-05	2	34	73285.05781071921
1.0117492688522656e-05	2	34	73303.92850319766
1.418310867089311e-05	1	36	72741.46812459
2.2066700906428507e-05	3	28	73453.11602579919
9.304448975664638e-05	1	39	73271.35276605762
1.4632317904494956e-05	1	37	78051.8846769642
1.41427917275732e-05	1	36	75525.29340690828
2.3865467929778854e-05	3	27	73087.03128116892
2.0381088135912922e-05	2	29	72955.58222823369
9.310753944191152e-05	1	39	74798.38548056308
9.272181923731791e-05	1	38	72973.16670556966
2.3969365718066003e-05	3	27	72856.40115093102
2.209158928244787e-05	3	28	71234.27003061127
2.209930532165748e-05	3	28	74682.83132554943
9.253306980146859e-05	1	38	74463.43961585904
2.1989209704343157e-05	3	28	74041.12278346006
2.1951940236102193e-05	3	28	71394.24895889056
4.717193051656211e-05	3	28	71684.3880030986
2.1942968602527982e-05	3	28	74258.0216304737
2.1951940236102193e-05	3	28	74258.0216304737
2.1951940236102193e-05	3	28	74258.0216304737
9.458940396893148e-05	4	20	73056.45429942234
2.5196960180075166e-05	3	27	74248.23425456951
1.504505230077508e-05	1	21	74017.59523082216
9.869457150152868e-05	1	39	76132.87996878343
9.801359868569666e-05	1	20	74382.67641271485
1.2960052467198124e-05	1	39	78053.53530664054
0.0001	5	40	74758.6362239418
2.3660707390854552e-05	3	27	71869.56276692942
1.504505230077508e-05	1	21	73761.2841327273
9.181628584297547e-05	1	39	76072.30906023628
2.5878585573518797e-05	3	27	73818.87493983567
9.458940396893148e-05	4	20	71431.34986719348
2.2317332930663866e-05	3	28	71990.11535341598
9.478762022623815e-05	4	20	71599.14978835668
1.504505230077508e-05	1	21	74440.76227773713
9.801359868569666e-05	1	20	70067.90312719478
9.488663900777013e-05	4	20	71362.11760851715
2.2724766132103618e-05	3	30	72429.98601645276
9.97501074770447e-05	3	39	74149.12059101358
9.801359868569666e-05	1	20	73026.19320657288
4.009154153864285e-05	3	28	75766.08675657744
9.801359868569666e-05	1	20	71474.65162790261
1.066409161252389e-05	4	38	75301.65409356824
9.505715748390055e-05	4	20	72996.74030979784
3.972098981202209e-05	1	20	74457.63478664195
2.0689044882335927e-05	3	30	74334.66586856583
9.840300062278652e-05	1	20	72319.87912163929
9.480533015343687e-05	4	20	71481.14210076639
2.061320737751218e-05	3	28	74485.83518536288
9.856528203586106e-05	2	39	74246.75191413642
9.496768795571894e-05	4	20	69994.67933556662
9.927123992531885e-05	1	20	71019.15370091607
9.809681711797492e-05	1	20	74828.07559535796
9.458940396893148e-05	4	20	69859.71589871007
0.0001	3	20	73060.88300896467
3.7716450620152916e-05	4	20	71592.010104007
9.758225032403715e-05	1	20	74212.10997005091
3.317570492453558e-05	4	20	74037.22534158494
1.1198984337031071e-05	2	20	70985.43334673905
0.0001	5	20	71524.50974435192
1.0860603510855029e-05	2	20	73566.89914609185
2.4039223021797026e-05	4	20	72180.5580342332
0.0001	5	20	69304.56217175776
9.856394783647349e-05	2	20	69955.43364037607
6.89149009273648e-05	4	20	70363.17451878576
1.3405669156313066e-05	4	20	71197.07936434228
9.856394783647349e-05	2	20	69356.92745653933
0.0001	5	20	68499.86982389774
0.0001	5	20	73391.27563259243
1.3405669156318856e-05	4	20	72794.67966216261
9.856394783647349e-05	2	20	69991.74298170811
6.89149009273648e-05	4	20	71110.86899146994
9.77827356353087e-05	2	20	71597.49608407922
1.1198984337031071e-05	2	20	72190.03068008847
0.0001	4	20	71478.26229997378
3.532575541179138e-05	4	20	70855.48428787725
3.317570492453558e-05	4	20	72540.21044497218
0.0001	4	20	70937.28913537775
9.856394783647349e-05	2	20	70970.40187743746
1.1198984337031071e-05	2	20	67265.61463212506
9.801359868569666e-05	1	20	74737.43766039968
0.0001	3	20	70908.66124007625
1e-05	4	20	70124.18214052026
7.329639714475924e-05	4	21	70612.89235027472
9.801359868569666e-05	1	20	73532.97003201707
0.0001	3	20	70478.58609305185
1e-05	3	20	71343.36275024779
6.89149009273648e-05	4	20	71772.10356814516
0.0001	3	20	72118.21187852835
1e-05	3	20	74313.00062338675
9.758225032403715e-05	1	20	74162.85899906096
6.89149009273648e-05	4	20	69662.3401173171
5.7213708790303816e-05	4	20	72160.29757700219
9.758225032403715e-05	1	20	73488.52046254947
0.0001	4	20	72898.86483719647
1.5326468234911465e-05	3	20	71619.05098522376
0.0001	4	20	73153.99394261318
5.7213708790303816e-05	4	20	72473.60582569652
1.5326468234913304e-05	3	20	70787.67212335402
9.856394783647349e-05	2	20	72409.40947450462
5.7213708790303816e-05	4	20	74088.49849838181
1.532646823491221e-05	3	20	71677.93646174207
0.0001	4	20	71311.32758370748
9.758225032403715e-05	1	20	70860.9162014506
1e-05	4	20	72218.83989928327
9.801359868569666e-05	1	20	72105.73501030562
0.0001	3	20	72889.37984474986
5.7213708790303816e-05	4	20	69368.88830941464
9.781921726133018e-05	2	20	72021.00074254212
1.5326468234911424e-05	3	20	71033.31222290266
0.0001	4	20	71487.92793601677
1.0411259957775442e-05	2	20	69960.18976840048
0.0001	4	20	72871.1052697343
1.5326468234910025e-05	3	20	72027.69600128161
1.0411259957775442e-05	2	20	72177.90384742207
9.758225032403715e-05	1	20	71287.1349084943
1.3405669156312366e-05	4	20	71491.33484780681
9.758225032403715e-05	1	20	71789.33346882727
8.186074473853547e-05	4	20	71757.79777579934
1.1198984337031071e-05	2	20	70679.72556981507
8.067385169048514e-05	4	20	73692.42325511089
1.119898433703225e-05	2	20	70778.55829820265
9.758225032403715e-05	1	20	71125.49131906577
1.3405669156312366e-05	4	20	71272.67034984689
9.428285833148444e-05	2	20	73352.82387664357
0.0001	5	20	72501.75338625626
3.75960719811269e-05	4	20	71508.48085303188
1e-05	3	20	71121.90793976639
9.801359868569666e-05	1	20	72622.41445663606
1e-05	3	20	70560.44250001459
0.0001	3	20	72644.25545677244
5.7213708790303816e-05	4	20	71684.86601969934
1e-05	3	20	74113.27861932367
3.317570492453558e-05	4	20	73070.11003256452
9.440603384988506e-05	2	20	70647.43017255876
0.0001	5	20	71099.04397078897
1e-05	3	20	72663.51565168942
9.758225032403715e-05	1	20	74862.38173269859
4.75331392247406e-05	4	20	73234.33405553429
0.0001	5	20	71083.8142118017
9.758225032403715e-05	1	20	74606.74423470728
1.604124298725252e-05	1	20	73715.33877935183
1e-05	3	20	70721.13315864377
0.0001	5	20	71305.63865528555
9.758225032403715e-05	1	20	74747.73915539526
1e-05	3	20	69940.40417945923
1.0411259957775442e-05	2	20	69755.58796844281
0.0001	5	20	69689.3479362876
9.856394783647349e-05	2	20	75213.5826101809
0.0001	5	20	74542.8812279712
1e-05	3	20	72710.17427637642
3.317570492453558e-05	4	20	71196.61586849295
9.758225032403715e-05	1	20	72494.62349527994
1.0411259957775442e-05	2	20	73540.57628318548
0.0001	5	20	72127.31586781291
1e-05	3	20	67409.10261541636
9.758225032403715e-05	1	20	73195.31414408279
1e-05	3	20	70707.73608205351
0.0001	5	20	72312.62955218556
1.0411259957775442e-05	2	20	70119.59978759426
1e-05	3	20	71613.1651992666
0.0001	5	20	72174.20436852104
9.428285833148444e-05	2	20	70047.40911933527
1.0411259957775442e-05	2	20	70705.94384633147
9.428285833148444e-05	2	20	73979.18950442571
1e-05	3	20	71224.39083761195
1.0411259957775442e-05	2	20	72473.91089549405
0.0001	5	20	71230.0249203024
0.0001	5	20	71862.96540943884
1e-05	3	20	71260.0821971032
1.0411259957775442e-05	2	20	72181.28491105416
9.428285833148444e-05	2	20	71076.07941868638
1e-05	3	20	70716.03715788649
1.0411259957775442e-05	2	20	72356.5392901499
9.428285833148444e-05	2	20	71835.33229338282
0.0001	5	20	70467.11721992132
1e-05	3	20	72682.70882495015
9.20154992121662e-05	2	20	72333.79001343998
0.0001	5	20	73789.44565564413
1.0411259957775442e-05	2	20	71482.74455231964
1.0411259957775442e-05	2	20	73875.9281107934
1e-05	3	20	71891.64047877268
9.428285833148444e-05	2	20	73275.18173675973
0.0001	5	20	70117.86175471272
1.0411259957775442e-05	2	20	73706.64573155751
1e-05	3	20	72944.55688212081
9.428285833148444e-05	2	20	73011.96975407365
0.0001	5	20	70388.71947337639
1e-05	3	20	73675.32100599419
9.758225032403715e-05	1	20	73011.7117042366
1.0411259957775442e-05	2	20	72037.9428177869
0.0001	5	20	70143.0044937101
9.758225032403715e-05	1	20	73414.60591809367
1e-05	5	20	69593.3770127716
0.0001	5	20	72114.77829466667
1.0411259957775442e-05	2	20	70839.2951155258
1e-05	5	20	73701.11227411863
1.0411259957775442e-05	2	20	72712.7490512717
9.758225032403715e-05	1	20	70945.08115023776
0.0001	5	20	70424.13388182789
0.0001	5	20	71961.10347695093
1e-05	4	20	72750.40165629334
9.758225032403715e-05	1	20	73394.2879752371
1.0411259957775442e-05	2	20	69178.2456819958
9.758225032403715e-05	1	20	73753.23612966997
3.75960719811269e-05	4	20	70131.90181824399
0.0001	5	20	71461.36851017326
1e-05	3	20	70610.96736777925
1.0411259957775442e-05	2	20	72454.73629580796
0.0001	5	20	71466.64596044752
1e-05	3	20	69833.45199407902
9.428285833148444e-05	2	20	70840.42667920813
1e-05	3	20	72626.38172404969
9.428285833148444e-05	2	20	71884.29475346005
1.0411259957775442e-05	2	20	70585.73210646817
0.0001	5	20	69880.84659238478
3.75960719811269e-05	4	20	71539.50169255308
9.428285833148444e-05	2	20	73059.44237477543
1e-05	3	20	70013.33410880009
0.0001	5	20	70617.82351091651
1e-05	3	20	73851.65054691363
9.20154992121662e-05	2	20	73650.45796698923
0.0001	5	20	69975.42642202099
3.317570492453558e-05	4	20	70912.01314827587
9.856394783647349e-05	2	20	70919.23673963101
0.0001	5	20	70583.40543988245
1e-05	5	20	72133.2790714221
1.0411259957775442e-05	2	20	70162.25780520563
9.856394783647349e-05	2	20	73326.88522416944
0.0001	5	20	70008.02867007587
1e-05	3	20	72789.38370879416
3.317570492453558e-05	4	20	70883.1165226994
0.0001	5	20	71794.89200329504
9.856394783647349e-05	2	20	71530.15512291163
1e-05	3	20	70044.15932698682
1.604124298725252e-05	1	20	70366.41263874079
0.0001	5	20	73314.73643266685
1.8333253217262126e-05	1	20	73179.83762802053
9.856394783647349e-05	2	20	72279.58710929038
1e-05	3	20	69536.61571202887
9.856394783647349e-05	2	20	72688.30685448946
3.75960719811269e-05	4	20	73773.91182779704
0.0001	5	20	72372.75247307758
1e-05	3	20	72780.88251829935
0.0001	5	20	70648.03283384453
1e-05	3	20	71593.85522358028
3.317570492453558e-05	4	20	70127.32200451291
9.428285833148444e-05	2	20	71062.7843220844
9.428285833148444e-05	2	20	74751.268540219
1e-05	3	20	71525.29915454893
0.0001	5	20	71510.17991314051
1.604124298725252e-05	1	20	72936.35957504126
1e-05	3	20	72412.94326608759
9.428285833148444e-05	2	20	73167.3380918286
0.0001	5	20	71302.02174323564
1.604124298725252e-05	1	20	71824.26971225557
1.604124298725252e-05	1	20	72625.49308323198
1e-05	3	20	71686.64225454921
9.856394783647349e-05	2	20	71840.85313188184
0.0001	5	20	71300.8971149914
1e-05	3	20	72217.23424995996
1.604124298725252e-05	1	20	74261.0164295404
0.0001	5	20	71333.61329607495
9.856394783647349e-05	2	20	69094.7526194553
9.85639478364735e-05	2	20	73739.10141209952
1e-05	3	20	71784.54339802073
3.75960719811269e-05	4	20	71814.02178636348
0.0001	5	20	68558.52262731621
0.0001	5	20	71213.83546821939
9.856394783647349e-05	2	20	72030.25154830932
1e-05	3	20	72446.4628670245
1.0411259957775442e-05	2	20	72197.2363213822
9.856394783647349e-05	2	20	73453.56811310511
0.0001	5	20	71486.39342274608
1e-05	3	20	70797.80927138102
3.75960719811269e-05	4	20	71455.38856603687
1e-05	3	20	71327.69517046798
0.0001	5	20	71269.28005093972
3.317570492453558e-05	4	20	69887.4807745434
9.856394783647349e-05	2	20	69783.78019911418
1.0411259957775442e-05	2	20	71117.77776304357
9.856394783647349e-05	2	20	70431.51117544722
1e-05	5	20	70657.09895197426
0.0001	5	20	69986.38191946552
9.856394783647349e-05	2	20	73707.48381695941
0.0001	5	20	71384.6750508822
1.0411259957775442e-05	2	20	72542.13979861149
1e-05	5	20	71070.86838730681
9.856394783647349e-05	2	20	73512.05169097068
0.0001	5	20	72619.23679223655
1.0411259957775442e-05	2	20	72185.92386367446
1e-05	5	20	71533.388936048
0.0001	5	20	71052.57991900007
1.0411259957775442e-05	2	20	72000.69966656978
9.856394783647349e-05	2	20	72598.63852715689
1e-05	5	20	72421.87708441785
1e-05	5	20	70612.83691264753
1.0411259957775442e-05	2	20	73245.8255622886
0.0001	5	20	72210.69134069516
9.856394783647349e-05	2	20	72489.1610404446
1e-05	5	20	71186.73941176265
0.0001	5	20	72759.93680951538
9.856394783647349e-05	2	20	71318.39250097002
1.0411259957775442e-05	2	20	69570.08505730817
9.856394783647349e-05	2	20	73841.23270678012
1e-05	5	20	72665.33791334144
1.0411259957775442e-05	2	20	71521.13457994649
0.0001	5	20	72004.72296581964
0.0001	5	20	72252.34767275155
1e-05	5	20	72125.37392467559
1.0411259957775442e-05	2	20	69344.09826358467
9.85639478364735e-05	2	20	70951.06161343897
1e-05	3	20	73526.3311004022
9.856394783647349e-05	2	20	73625.32411203766
3.317570492453558e-05	4	20	72719.592418132
0.0001	5	20	72030.1289999674
0.0001	5	20	71115.92791228207
1e-05	5	20	72268.44732893663
1.0411259957775442e-05	2	20	72047.03508162744
9.856394783647349e-05	2	20	71295.07694103419
1e-05	3	20	72288.84871316607
0.0001	5	20	70986.09582417707
9.856394783647349e-05	2	20	71692.60604606348
3.75960719811269e-05	4	20	70805.94478676608
0.0001	5	20	72976.7437257946
3.75960719811269e-05	4	20	72687.0211815179
1e-05	3	20	70751.11521098223
9.85639478364735e-05	2	20	70214.15448678289
0.0001	5	20	72694.54194052353
9.856394783647349e-05	2	20	72794.13668892553
3.317570492453558e-05	4	20	71295.46842606078
1e-05	3	20	70634.17322356581
1e-05	3	20	72500.2420051288
0.0001	5	20	70590.44274106322
3.317570492453558e-05	4	20	71866.35478583878
9.856394783647349e-05	2	20	68139.86624207498
0.0001	5	20	72865.50588259974
9.856394783647349e-05	2	20	71088.13114497256
1e-05	3	20	70055.6239528977
3.317570492453558e-05	4	20	69304.20512558438
9.856394783647349e-05	2	20	74504.71009067778
0.0001	5	20	71169.35719967625
3.317570492453558e-05	4	20	69781.31195807664
1e-05	3	20	72506.69991478774
9.856394783647349e-05	2	20	71822.75998514026
0.0001	5	20	71026.27847995269
1e-05	5	20	71543.1447641444
1.0411259957775442e-05	2	20	70966.75539136883
9.856394783647349e-05	2	20	71835.94890003488
0.0001	5	20	72782.40512052293
1e-05	5	20	72647.62995504944
1.0411259957775442e-05	2	20	72015.88876095889
3.317570492453558e-05	4	20	72623.08305346778
9.856394783647349e-05	2	20	72301.51138170766
0.0001	5	20	70822.07564042039
1e-05	3	20	71813.06907131136
9.85639478364735e-05	2	20	71800.25233513804
1e-05	3	20	72159.22225171907
3.317570492453558e-05	4	20	71998.59919893947
0.0001	5	20	71978.04411930931
9.856394783647349e-05	2	20	71959.9916446977
3.317570492453558e-05	4	20	72601.14240022133
0.0001	5	20	71707.6843861872
1e-05	3	20	71117.6836364204
1e-05	3	20	72352.06882558572
9.856394783647349e-05	2	20	72647.21274211073
0.0001	5	20	72621.21532297714
3.317570492453558e-05	4	20	70208.48734669821
1e-05	3	20	71891.53942284224
9.856394783647349e-05	2	20	71518.42702685425
0.0001	5	20	72121.12656475535
3.75960719811269e-05	4	20	66793.6758369228
1.3405669156312366e-05	4	20	74264.74405907515
9.856394783647349e-05	2	20	72039.84356323796
1.1198984337031657e-05	2	20	71277.64551593694
6.759389327505665e-05	5	20	71826.34520777647
9.758225032403715e-05	1	20	73138.04269968222
3.317570492453558e-05	4	20	71886.501310855
0.0001	5	20	71294.32068839106
1e-05	3	20	71431.35072718914
0.0001	5	20	70855.48789470151
1e-05	3	20	72408.85362704223
9.428285833148444e-05	2	20	73240.14173197265
3.317570492453558e-05	4	20	72423.22063284795
1e-05	3	20	72302.04267329961
3.317570492453558e-05	4	20	71842.91437417046
9.758225032403715e-05	1	20	72653.21239873767
0.0001	5	20	73653.85159039455
9.758225032403715e-05	1	20	71587.21241937316
3.75960719811269e-05	4	20	72621.49722369245
0.0001	5	20	71482.60943772427
1e-05	3	20	67940.86612178893
3.317570492453558e-05	4	20	72544.32737050178
0.0001	5	20	71690.50374593944
9.758225032403715e-05	1	20	70379.16738220469
1e-05	3	20	70489.54414388732

Best value: 66793.6758369228 at [Gamma, Alpha, #Firefly] = [3.75960719811269e-05, 4, 20], found in 966.8401274681091 s