6.152826738530888e-05	1	37	75666.3794078844
8.841750593327987e-05	1	39	77483.69133527923
8.029462532275223e-05	2	27	72262.10736571622
6.414430305959191e-05	3	30	72826.68461279187
7.030365374699056e-05	1	29	78155.90168615535
9.882225441216008e-05	3	36	73328.34450587795
8.975014491578196e-05	2	38	75690.18160437504
8.466313171288154e-05	2	34	72407.80649400139
8.810424354392104e-05	1	20	74803.0993096886
1.0605200540959985e-05	1	38	75304.76964817029
1.2526969289978832e-05	3	20	72746.6106507525
5.26541471220597e-05	4	39	74043.0261782253
1.2526969289978832e-05	3	20	73317.7099583001
9.768446772827637e-05	1	21	72633.60666175857
5.26541471220597e-05	4	39	75111.92696176558
3.512161801236665e-05	1	39	74942.83072202714
9.768446772827637e-05	1	21	73285.0410879547
8.022640976368365e-05	2	27	74521.75290278524
9.84735500951708e-05	3	36	73621.18348249872
6.429146838020104e-05	3	30	73676.03863809488
3.297680497668482e-05	1	39	76147.49217617027
7.17801633803023e-05	2	31	74963.13939493072
9.691342854716795e-05	2	34	73417.79402215811
9.061284602850922e-05	4	23	72542.33059252682
6.66436725685374e-05	1	30	74453.09938653573
4.2724528265248764e-05	4	22	72071.60900374947
5.00038836030965e-05	4	30	73426.98261067015
9.061284602850922e-05	4	23	71842.99864723781
6.215782050989205e-05	4	20	73705.86836833254
9.755145684581179e-05	2	20	72148.93299612454
2.9107780766326345e-05	4	20	71785.55414901437
9.446648743338418e-05	4	20	71218.12159486712
9.755145684581179e-05	2	20	71388.06960360093
0.0001	4	20	72324.01091641621
9.342750532312453e-05	4	20	72626.18356577346
2.7659706895055946e-05	5	20	70899.12462458572
9.79994350537597e-05	4	21	72314.1343687786
0.0001	3	20	71449.2699322198
4.449498953888949e-05	4	20	70303.94865371127
2.2089669477590482e-05	5	20	71070.28415465044
0.0001	3	20	71490.87728045891
2.8570989845918023e-05	5	20	71363.1316974971
4.449498953888949e-05	4	20	72085.25086141561
1.254853501248699e-05	4	21	70868.51411814448
1.3484748266082672e-05	5	20	72923.98682235437
0.0001	3	20	72887.8958181177
3.587896268512383e-05	4	20	71171.73017439822
1.0941183554529306e-05	4	28	70545.43477745252
0.0001	3	20	72605.93593730104
2.487416794076241e-05	5	20	70710.615202223
4.449498953888949e-05	4	20	71371.88693039728
1.0941183554529306e-05	4	28	73393.74761399077
0.0001	3	20	73529.13017368634
2.7824118940144477e-05	5	20	71468.43075195672
1.254853501248699e-05	4	21	72008.69579812104
4.449498953888949e-05	4	20	72469.65995447934
0.0001	5	20	73278.44822396983
2.6803864966496855e-05	5	20	72438.30634516817
1.0629754358292198e-05	4	22	72751.00212752409
4.449498953888949e-05	4	20	71263.82984062828
1.254853501248699e-05	4	21	72933.03668938574
0.0001	3	20	71795.17975659188
3.102859110675137e-05	5	20	70698.3936227242
5.5712142651137584e-05	4	20	71475.37433842447
3.365537326364697e-05	5	20	73760.14203580696
5.5712142651137584e-05	4	20	72680.77755875068
0.0001	3	20	72780.07396984672
1.254853501248699e-05	4	21	70832.33235822638
0.0001	3	20	71568.71786012605
1.0629754358292198e-05	4	22	72963.9184200167
5.5712142651137584e-05	4	20	71916.98062456283
2.794270669431339e-05	5	20	73168.32060426312
6.215782050989205e-05	4	20	75320.6847255478
3.156117454714736e-05	5	20	71209.2285141344
0.0001	3	20	70870.7397748387
1.254853501248699e-05	4	21	71124.5627377684
2.6683763788883054e-05	5	20	72947.89558339024
0.0001	3	20	72165.20734636366
1.0941183554529306e-05	4	28	72638.11463273302
4.449498953888949e-05	4	20	70927.64570227801
0.0001	3	20	72844.60231724645
1.254853501248699e-05	4	21	71509.33768839258
3.002112372286292e-05	5	20	70398.78982938926
5.5712142651137584e-05	4	20	70059.53068844767
0.0001	3	20	72341.99419957178
3.150785545222013e-05	5	20	72691.61396291021
5.5712142651137584e-05	4	20	71880.94112308153
1.254853501248699e-05	4	21	71613.31750369168
0.0001	3	20	73162.5453921854
5.5712142651137584e-05	4	20	73222.94386818059
1.0629754358292198e-05	4	22	71238.78976270369
3.071069837883936e-05	5	20	71341.69709904268
0.0001	3	20	73102.4837111497
2.6867534634039458e-05	5	20	72188.19605729592
1.0941183554529306e-05	4	28	73230.72411469146
4.517266967784456e-05	4	20	71170.52735026827
0.0001	3	20	73695.07625273408
3.0299315432276845e-05	5	20	72490.97135211597
1.254853501248699e-05	4	21	71175.7453854227
5.5712142651137584e-05	4	20	69370.13987581892
9.554086907198553e-05	2	20	73110.46045800282
0.0001	5	20	72881.00921831882
1.0629754358292198e-05	4	22	72125.5408707773
3.420466076753394e-05	5	20	72693.55008467915
1.0629754358292198e-05	4	22	71938.95872875696
3.1818232230034315e-05	5	20	71646.41980513865
6.19625053230943e-05	3	20	71766.97523819514
0.0001	4	20	71142.41630522728
9.400383476547827e-05	4	20	74856.15545729455
1.032411772759114e-05	4	20	72459.12498249978
9.554086907198553e-05	2	20	72977.70673505164
3.159431784163467e-05	5	20	70943.28641968763
1.0629754358292198e-05	4	22	72024.95889292592
4.8054329103118656e-05	3	20	72954.80111702334
9.70366274371603e-05	4	20	71621.85125441286
3.270838863210771e-05	5	20	69554.6494424755
6.19625053230943e-05	3	20	74672.52688250344
0.0001	4	20	73665.20657518736
3.337367755252605e-05	5	20	74043.01616360203
1.0629754358292198e-05	4	22	71732.03251314089
0.0001	5	40	75310.68450217294
0.0001	4	20	71831.45950311344
1.032411772759114e-05	4	20	71104.12624879174
2.8309600958691044e-05	5	20	71224.05497286198
0.0001	3	20	72620.09341678876
4.449498953888949e-05	4	20	71430.86074018768
2.2776238055632797e-05	5	20	72043.04689178252
1.0233480837924146e-05	3	20	71822.9332942957
4.449498953888949e-05	4	20	72389.67213922259
1.0233480837924146e-05	3	20	72042.84712189688
2.2230534372577433e-05	5	20	72282.0280861606
0.0001	3	20	69439.66066610387
0.0001	3	20	71476.00126448605
1.0838136325345998e-05	2	20	72849.31627504856
4.449498953888949e-05	4	20	72482.68342392023
1e-05	5	20	70606.99838821587
1.0838136325345998e-05	2	20	74230.685920732
0.0001	4	20	72367.92397991118
1e-05	5	20	71508.14265021474
4.449498953888949e-05	4	20	70641.43152454647
1.0233480837924146e-05	3	20	74321.88879764904
1e-05	5	20	73243.19227159562
9.904958969680638e-05	3	21	72314.71834400295
5.5712142651137584e-05	4	20	71137.4942873579
6.215782050989205e-05	4	20	72827.89306777323
2.9129707664063266e-05	5	20	73027.63347247809
1.032411772759114e-05	4	20	72670.07207813601
0.0001	4	20	72480.01472698642
2.8588635900584798e-05	5	20	73095.9206294122
0.0001	4	20	73402.00327794708
1.032411772759114e-05	4	20	71731.33046922869
6.309538576935575e-05	4	21	70616.47410036849
3.700802665865612e-05	5	20	71666.89509104006
1.0629754358292198e-05	4	22	71336.48143328092
9.716013085372946e-05	4	20	73349.68841518067
9.967622411388099e-05	1	20	73046.56374878218
9.967622411388099e-05	1	20	74443.8389220071
9.70366274371603e-05	4	20	72380.35012835552
1.0629754358292198e-05	4	22	70020.81407952857
3.593950401994614e-05	5	20	69366.12068637255
1e-05	5	20	72738.47493051588
9.755145684581179e-05	2	20	73132.30648331837
1.0971630805574761e-05	4	34	73268.40835331116
6.888415202581355e-05	5	20	71102.48542050424
3.665707607640564e-05	5	20	73952.91528224022
9.554086907198553e-05	2	20	72895.31194656788
1.0629754358292198e-05	4	22	71519.6881395277
0.0001	5	20	71305.46608193425
8.176611915443109e-05	5	20	74138.39038544135
1e-05	5	20	72638.23470346756
9.755145684581179e-05	2	20	73083.58034317053
1.0233480837924146e-05	3	20	71836.53412630156
0.0001	5	20	72708.62400159132
4.449498953888949e-05	4	20	73389.70084993944
1.3726270977542368e-05	5	20	71806.43714519704
9.554086907198553e-05	2	20	72201.23964227005
1e-05	5	20	72017.58805458416
7.738330310390743e-05	4	20	72233.15410762392
1.0233480837924146e-05	3	20	72665.83894081388
9.755145684581179e-05	2	20	73392.19803668515
9.755145684581179e-05	2	20	72659.48388124554
7.738330310390743e-05	4	20	74290.04814500397
1.0233480837924146e-05	3	20	70739.50513560417
1e-05	5	20	72549.28328791214
1.0233480837924146e-05	3	20	73309.00618231481
0.0001	4	20	72505.6487896231
4.449498953888949e-05	4	20	71103.57278279099
1.781778348769269e-05	5	20	71195.64871292924
1.0233480837924146e-05	3	20	72425.89024830809
2.0380451808012455e-05	5	20	71844.43233124728
0.0001	4	20	73335.56819660112
4.449498953888949e-05	4	20	70787.70963187887
1.0233480837924146e-05	3	20	72828.80260467378
3.0358271751105664e-05	5	20	71426.33730270271
9.967622411388099e-05	1	20	73654.33568282265
0.0001	4	20	71808.75637723789
1.032411772759114e-05	4	20	73677.02401976845
9.967622411388099e-05	1	20	73067.82333585015
9.82100718825788e-05	4	20	72320.13691049504
3.0376011004467823e-05	5	20	71820.22409525122
3.264316415030827e-05	5	20	73226.27001376815
1.032411772759114e-05	4	20	73055.54097204846
9.967622411388099e-05	1	20	73773.29641482899
9.767684173670259e-05	4	20	72231.00158160304
3.310879959344536e-05	5	20	71600.51447749163
9.770125041968587e-05	4	20	70835.52815021451
1.032411772759114e-05	4	20	72061.84942857576
9.967622411388099e-05	1	20	73051.18612320018
9.967622411388099e-05	1	20	74415.9101688934
3.276720130103661e-05	5	20	71737.22706221751
1.032411772759114e-05	4	20	71561.4357772154
9.794211908892249e-05	4	20	71033.5371081745
9.554086907198553e-05	2	20	73234.23172460892
0.0001	5	20	72201.10221531284
3.1142284813474665e-05	5	20	71440.25770016419
1.032411772759114e-05	4	20	70287.9092559881
2.108017715041362e-05	5	20	73426.60524031326
9.755145684581179e-05	2	20	73777.59087873153
1.0233480837924146e-05	3	20	71288.15240281235
0.0001	5	20	70490.45720406486
4.449498953888949e-05	4	20	73118.52277160193
9.554086907198553e-05	2	20	72411.59194150835
0.0001	5	20	72947.63091894743
1e-05	5	20	72594.99870368186
4.449498953888949e-05	4	20	73326.24472145828
9.554086907198553e-05	2	20	72734.50609532003
0.0001	5	20	71503.89707395503
1.774513494934662e-05	5	20	70376.44001015715
9.554086907198553e-05	2	20	73713.29593674772
0.0001	5	20	72149.3452329179
1e-05	5	20	71867.41446817231
4.449498953888949e-05	4	20	71104.41079249755
1e-05	5	20	73309.48002274291
9.554086907198553e-05	2	20	73997.38122003363
0.0001	5	20	72581.75725132685
4.449498953888949e-05	4	20	71152.12816388844
9.755145684581179e-05	2	20	74108.62787588358
0.0001	5	20	71889.42965258368
2.562445677649589e-05	5	20	72000.35765249144
1.0233480837924146e-05	3	20	72729.9306522226
2.472574063986124e-05	5	20	71372.31186248739
9.755145684581179e-05	2	20	71639.25650313313
1.0233480837924146e-05	3	20	70890.87847380861
0.0001	5	20	71281.26393472755
9.755145684581179e-05	2	20	73671.5389606269
1.0233480837924146e-05	3	20	73890.98441839493
2.2736059804500572e-05	5	20	72875.4038506345
0.0001	5	20	70675.27252229553
0.0001	5	20	72790.37839202351
9.755145684581179e-05	2	20	71821.15236218223
1.920113896098071e-05	5	20	71926.1365766737
1.0233480837924146e-05	3	20	72560.89043519406
9.755145684581179e-05	2	20	72725.96342899068
0.0001	5	20	72484.37754566406
2.3069229516551915e-05	5	20	71763.2116095609
1.0233480837924146e-05	3	20	71632.10615441253
9.755145684581179e-05	2	20	72874.06640824098
1.0233480837924146e-05	3	20	72000.19542504061
2.4018575259891893e-05	5	20	70005.27413167122
0.0001	5	20	71231.59140832217
9.755145684581179e-05	2	20	73253.01861497108
2.1975144794713494e-05	5	20	72513.09304866756
1.0233480837924146e-05	3	20	71029.5694880119
0.0001	5	20	71493.61926661324
1.0233480837924146e-05	3	20	74799.67304027308
9.755145684581179e-05	2	20	73535.25654204146
0.0001	5	20	72121.51589339877
2.0825939655001088e-05	5	20	70487.06426020374
0.0001	5	20	71892.96045993255
1.9187147445839946e-05	5	20	71823.93324892953
1.0233480837924146e-05	3	20	71854.67466503152
9.755145684581179e-05	2	20	71017.3446977973
1.0233480837924146e-05	3	20	71891.15654104436
9.755145684581179e-05	2	20	74074.36649405023
0.0001	5	20	70877.66301486465
1.9405910213361667e-05	5	20	70809.63681955468
1.0838136325345998e-05	2	20	73364.3432584462
1.61884928195274e-05	5	20	73941.72247315505
0.0001	5	20	72503.88984893738
4.449498953888949e-05	4	20	71505.31704621909
9.755145684581179e-05	2	20	72169.6831119423
1.0233480837924146e-05	3	20	71672.74530178675
2.4391971590496595e-05	5	20	71895.44555195884
0.0001	5	20	69909.6548066719
9.755145684581179e-05	2	20	73076.68832440903
0.0001	5	20	71719.63627700899
2.2240505285357416e-05	5	20	71685.21392151427
1.0233480837924146e-05	3	20	71465.21130138144
9.755145684581179e-05	2	20	71875.30725285712
0.0001	5	20	73660.28480112948
1.0233480837924146e-05	3	20	71629.26503181468
2.2174653870006623e-05	5	20	71714.59004698475
9.755145684581179e-05	2	20	73372.27035648676
2.391928223620023e-05	5	20	72294.80308130628
0.0001	5	20	71666.51529729308
1.0233480837924146e-05	3	20	70950.938467089
1.0233480837924146e-05	3	20	74845.33804372276
9.755145684581179e-05	2	20	72871.29201161524
0.0001	5	20	72090.22273713945
2.4062579737916786e-05	5	20	70483.47524444226
9.755145684581179e-05	2	20	74081.56866634349
0.0001	5	20	73095.41254690969
2.2861664330547398e-05	5	20	72080.72929443048
1.0233480837924146e-05	3	20	71228.0796993643
9.755145684581179e-05	2	20	72493.5970803754
2.342128289693131e-05	5	20	71483.75398508659
1.0233480837924146e-05	3	20	70877.33922154413
0.0001	5	20	70967.53798164411
9.755145684581179e-05	2	20	72989.31310042493
2.302329605349867e-05	5	20	72723.26663362238
0.0001	5	20	72127.61294980126
1.0233480837924146e-05	3	20	71043.56506009062
1.0233480837924146e-05	3	20	72967.17217920926
0.0001	5	20	72406.7542779436
9.755145684581179e-05	2	20	70786.91466082053
2.4172362841656323e-05	5	20	71214.44817612092
1.0233480837924146e-05	3	20	73755.32934460911
0.0001	5	20	71435.73208654157
9.755145684581179e-05	2	20	72752.65396078999
2.4266780923487223e-05	5	20	71841.84796942363
1.0233480837924146e-05	3	20	73503.01469879741
9.755145684581179e-05	2	20	72759.07635428228
0.0001	5	20	71961.44174728419
2.3728797009283716e-05	5	20	70482.62027289065
2.339810705043485e-05	5	20	72869.52296178114
9.755145684581179e-05	2	20	73486.74221552789
0.0001	5	20	71226.48834793229
1.0233480837924146e-05	3	20	71217.23509309182
0.0001	5	20	71239.04313050746
2.3169542753753295e-05	5	20	73869.67395202749
1.0233480837924146e-05	3	20	71733.52077155017
9.755145684581179e-05	2	20	71587.85595480053
0.0001	5	20	72655.62731648705
9.755145684581179e-05	2	20	72651.718351858
2.4209786899444695e-05	5	20	71539.39376340467
1.0233480837924146e-05	3	20	72052.3572919558
9.755145684581179e-05	2	20	73100.76182365153
2.51907334206626e-05	5	20	71381.8311241814
0.0001	5	20	72115.18406226719
1.0233480837924146e-05	3	20	71628.68897305879
9.755145684581179e-05	2	20	73446.70227911763
0.0001	5	20	71753.22173026857
2.5834267215699973e-05	5	20	70659.54976645659
1.0233480837924146e-05	3	20	71662.70183740217
1.0233480837924146e-05	3	20	74522.97948075924
0.0001	5	20	72338.82240496948
2.617084987007829e-05	5	20	73290.78055132304
9.755145684581179e-05	2	20	72376.18989783022
9.755145684581179e-05	2	20	72641.48832870038
2.4337964681861822e-05	5	20	72355.73614278366
1.0233480837924146e-05	3	20	72326.19996062099
0.0001	5	20	70968.46729550614
9.755145684581179e-05	2	20	74085.91725455056
1.0233480837924146e-05	3	20	70665.55283606771
2.4183344845247747e-05	5	20	72256.50536992248
0.0001	5	20	70858.52713591784
0.0001	5	20	72904.91043546189
2.255764180821623e-05	5	20	71765.0686771906
9.755145684581179e-05	2	20	70747.01598600979
1.0233480837924146e-05	3	20	70827.41237848139
0.0001	5	20	71897.49414336184
2.5090055056183725e-05	5	20	71543.21883728534
1.0233480837924146e-05	3	20	72547.17554002654
9.755145684581179e-05	2	20	72307.19287021755
1.0233480837924146e-05	3	20	72681.91187061605
0.0001	5	20	73207.09013299341
2.572693284425741e-05	5	20	72016.89073254017
9.755145684581179e-05	2	20	72524.91983847285
9.755145684581179e-05	2	20	73547.23092950937
0.0001	5	20	72614.01415573873
1.0233480837924146e-05	3	20	73076.75848471656
2.691983023105493e-05	5	20	70104.8846587647
2.731836829963482e-05	5	20	72990.45633915854
9.755145684581179e-05	2	20	72439.58697933266
1.0233480837924146e-05	3	20	72908.15986586458
0.0001	5	20	71490.00120560381
9.755145684581179e-05	2	20	72214.41169295824
2.6037049059497192e-05	5	20	70488.63755805825
0.0001	5	20	70717.8573182309
1.0233480837924146e-05	3	20	70965.26036564552
2.6246332885707103e-05	5	20	70877.2210655943
0.0001	5	20	72348.1851793767
9.755145684581179e-05	2	20	73010.98916164723
1.0233480837924146e-05	3	20	72826.7748565261
9.755145684581179e-05	2	20	73986.35261000074
2.6612154671653017e-05	5	20	71931.6021506565
1.0233480837924146e-05	3	20	73745.56989660402
0.0001	5	20	71450.68760359065
9.755145684581179e-05	2	20	72727.92023288118
0.0001	5	20	72907.97321422906
1.0233480837924146e-05	3	20	71667.82986940797
2.575298614163107e-05	5	20	71258.9962434754
2.6407105953505884e-05	5	20	73557.2483232362
1.0233480837924146e-05	3	20	73933.01525886563
0.0001	5	20	72651.6570513686
9.755145684581179e-05	2	20	70894.31065737433
1.0233480837924146e-05	3	20	72179.20593855141
2.5226706896109274e-05	5	20	71742.1750881206
0.0001	5	20	71791.2014111765
9.755145684581179e-05	2	20	70329.08116785836
0.0001	5	20	73297.20744303548
1.0233480837924146e-05	3	20	72566.2295025291
2.566671341916264e-05	5	20	72312.53693873664
9.755145684581179e-05	2	20	72121.50311851209
1.0233480837924146e-05	3	20	72050.75832552672
0.0001	5	20	74047.18241971385
9.755145684581179e-05	2	20	72412.12784446428
2.646540801463752e-05	5	20	73307.47322560719

Best value: 69366.12068637255 at [Gamma, Alpha, #Firefly] = [3.593950401994614e-05, 5, 20], found in 1004.7042257785797 s