9.704404924437842e-05	1	38	73823.11431961013
9.903447104825094e-05	3	27	70522.88582239625
7.585776484163957e-05	4	35	71976.89379116341
5.837443664084493e-05	4	35	70039.78339525432
6.055286522481011e-05	4	31	69332.70783553137
3.9799823906030995e-05	3	39	72678.31770109278
2.8658753196850117e-05	3	35	69395.38950414497
2.206116723329216e-05	3	32	69637.61236161408
2.4194533184366937e-05	3	33	71412.7029679004
3.112035577892838e-05	3	32	72600.81768518877
5.48511556199169e-05	4	31	72387.01569902434
2.031582190632574e-05	3	35	68789.69614667448
0.0001	5	40	71485.01596807863
1.2512121916974486e-05	1	20	70207.92940443852
2.031582190632574e-05	3	35	72892.41010349712
9.970458193295048e-05	1	23	68763.7303432105
1.2512121916974486e-05	1	20	69200.51682622827
1.1050019757156012e-05	3	38	70748.42617095086
6.0617333341726454e-05	4	31	71078.79094613239
9.970458193295048e-05	1	23	68494.3529536002
1.164420630566579e-05	4	40	72805.86359161188
9.970458193295048e-05	1	23	72704.28809559575
0.0001	5	40	72492.72721904263
1.2512121916974486e-05	1	20	67759.72684882666
9.970458193295048e-05	1	23	71622.63897591547
9.937809229063702e-05	5	40	74515.94120396853
1.2512121916974486e-05	1	20	72460.73839933633
1.0392140273961886e-05	4	39	72226.04131154022
1.2512121916974486e-05	1	20	71712.68311195716
9.970458193295048e-05	1	23	72983.89456170402
0.0001	5	37	71479.55741302675
1.0392140273961886e-05	4	39	74305.18242291937
1.251212659597935e-05	1	20	69654.67991124917
9.508283115857515e-05	1	37	74286.18193543461
1.0106972173943533e-05	4	21	68412.83603955894
9.88420123293163e-05	4	36	71315.188725427
1.2512656306539493e-05	1	20	70113.6288631294
1.0106972173943533e-05	4	21	68645.31712614858
9.939910063338138e-05	1	27	72171.9528599851
9.868587054272499e-05	4	29	69132.44246821746
1.2512121916974486e-05	1	20	71228.72799513277
9.652488988215501e-05	1	21	71026.0909010377
1.008101927354039e-05	4	21	67667.38328563783
0.0001	5	29	69342.29991760389
1.4091331815821918e-05	1	22	73439.62003608668
8.282937000472224e-05	2	20	68715.8709401814
9.92421754487284e-05	4	27	71027.27659858073
1e-05	4	21	66360.72748482494
8.253117826941186e-05	2	20	70413.02454392683
1.896651088638832e-05	2	31	72414.6389914887
0.0001	5	29	68536.99815843118
1e-05	4	21	68585.75133043673
1e-05	1	40	75331.68907669609
1e-05	4	21	70596.3395980895
0.0001	5	29	70880.38795565764
8.379614879175177e-05	2	20	70158.19167714311
6.602572022682648e-05	3	20	69500.61013460568
0.0001	5	20	67567.98548073394
1.2275117276970242e-05	4	20	66349.50494395729
4.035413644010863e-05	5	20	69381.2828683921
4.3620091167292986e-05	4	20	72091.5606193427
0.0001	5	20	69611.44650697708
1e-05	5	20	65316.32168600091
8.344189697680542e-05	5	20	69958.98392969774
1.6616484185200192e-05	3	20	69693.41196241823
9.051845831565269e-05	2	20	70509.39955201125
1e-05	5	20	69089.98034969466
0.0001	5	20	67574.2163146827
0.0001	5	20	66154.77713507433
1.6616484185200192e-05	3	20	68095.8257703034
9.975589257263529e-05	2	20	70463.69153903339
1e-05	5	20	68927.93011402574
1.2209190922826962e-05	2	20	70309.47404879073
0.0001	5	20	71603.39122607217
1e-05	5	20	68644.61650747883
5.013230021950161e-05	3	20	66168.89342822437
4.309930636777941e-05	3	20	70938.38294236088
9.86172545480636e-05	5	20	68106.9613354243
1e-05	5	20	68278.05919055955
9.975589257263529e-05	2	20	69372.08495512222
4.309930636777941e-05	3	20	70673.76653196529
1e-05	5	20	70031.07539830769
9.97558925726353e-05	2	20	68955.67664705779
0.0001	5	20	66352.76580061628
0.0001	5	20	68207.88895084741
1.3539924535892788e-05	1	20	72061.14525739933
5.823881444963739e-05	2	20	67961.85426987363
1.8127311634629978e-05	4	20	68916.67038209019
0.0001	5	20	71215.7363230268
1.8127311634629978e-05	4	20	68711.10505915253
1.2209190922826962e-05	2	20	67466.69572033997
5.823881444963809e-05	2	20	70660.34592391588
9.975589257263529e-05	2	20	70427.712399707
4.309930636777941e-05	3	20	69451.14680404917
1e-05	5	20	69477.87705207003
0.0001	5	20	68065.23739878793
9.975589257263529e-05	2	20	69630.02073353955
0.0001	5	20	70933.997566206
4.309930636777941e-05	3	20	68599.05207132062
1e-05	5	20	62822.86334402398
9.48879039081366e-05	1	20	73051.27719170405
1.3539924535892788e-05	1	20	70786.05668150683
1e-05	5	20	67450.06831818722
0.0001	5	20	70104.05350155145
1e-05	5	20	71199.44501125757
1.3539924535892788e-05	1	20	69803.13998042278
0.0001	5	20	67721.30340792057
9.48879039081366e-05	1	20	67848.6328489953
1e-05	5	20	68526.81371735905
9.48879039081366e-05	1	20	70499.62795764426
0.0001	5	20	70621.11537837441
1.3539924535892788e-05	1	20	68227.55986625199
9.48879039081366e-05	1	20	70547.8089079949
1.3539924535892788e-05	1	20	72108.54140844577
0.0001	5	20	68929.39076876287
1e-05	5	20	69403.08709860733
1.3539924535892788e-05	1	20	71295.17007406926
0.0001	5	20	70780.20932062282
9.48879039081366e-05	1	20	71207.1596844916
1e-05	5	20	67698.22599899591
9.48879039081366e-05	1	20	70702.54911737418
0.0001	5	20	67716.55310821049
1.3539924535892788e-05	1	20	70993.53101187479
1e-05	5	20	69778.39438686013
1e-05	5	20	70611.21276899768
0.0001	5	20	69411.28746699993
1.3539924535892788e-05	1	20	67407.21495115387
9.48879039081366e-05	1	20	68809.49313839244
1e-05	5	20	70234.98461540304
9.48879039081366e-05	1	20	71784.5006894696
0.0001	5	20	69846.93812648891
1.3539924535892788e-05	1	20	68749.04393188405
1.5835057692552802e-05	1	20	74569.94179994272
1e-05	5	20	69450.96149812025
0.0001	5	20	71304.6844991231
9.48879039081366e-05	1	20	67973.33001384881
0.0001	5	20	70651.97533346139
1e-05	5	20	71904.43394221723
1.5835057692552802e-05	1	20	70376.54822601067
9.652488988215501e-05	1	21	69921.44678002145
1e-05	5	20	70400.48254301383
0.0001	5	20	70239.33013039702
9.652488988215501e-05	1	21	69288.47251178586
1.5835057692552802e-05	1	20	70272.35312325074
1.5835057692552802e-05	1	20	73390.30395722234
9.652488988215501e-05	1	21	71665.85197054317
0.0001	5	20	69709.96081210731
1e-05	5	20	67244.76097409634
1e-05	5	20	70515.62946106521
0.0001	5	20	69601.22913780376
1.5835057692552802e-05	1	20	68091.73678145584
9.652488988215501e-05	1	21	65616.67922583483
1e-05	5	20	69832.12819330771
1.5835057692552802e-05	1	20	70942.12841274857
9.652488988215501e-05	1	21	71126.32233131214
0.0001	5	20	69298.01763210417
0.0001	5	20	70455.60180929898
1e-05	5	20	67529.63650543768
9.652488988215501e-05	1	21	70957.68186871288
1.5835057692552802e-05	1	20	68959.35554739235
0.0001	5	20	67266.00089757521
1.5835057692552802e-05	1	20	70649.39945315615
9.652488988215501e-05	1	21	70731.43664413363
1e-05	5	20	68285.60840383059
1.5835057692552802e-05	1	20	67182.99044315089
1e-05	5	20	67779.5393462352
0.0001	5	20	67449.03662390307
9.652488988215501e-05	1	21	69142.04198991277
0.0001	5	20	72689.88189177228
9.652488988215501e-05	1	21	71846.67104816635
1.5835057692552802e-05	1	20	69651.44439108897
1e-05	5	20	68768.45633580777
0.0001	5	20	70445.31582385092
1.5835057692552802e-05	1	20	70140.42707040561
9.652488988215501e-05	1	21	71647.24967887143
1e-05	5	20	69534.12064041379
0.0001	5	20	71656.44281461716
9.652488988215501e-05	1	21	71472.63539522805
1.5835057692552802e-05	1	20	70230.08729556491
1e-05	5	20	67510.17786763671
1.2512121916974486e-05	1	20	71095.56628729033
0.0001	5	20	67329.43830562031
9.652488988215501e-05	1	21	69297.14627463423
1e-05	5	20	67027.46002761423
9.652488988215501e-05	1	21	72610.2876960279
0.0001	5	20	70309.56816890079
1.5835057692552802e-05	1	20	69807.31115736738
1e-05	5	20	66989.96838911383
1e-05	5	20	68175.85586355792
9.652488988215501e-05	1	21	69056.7960334562
0.0001	5	20	70749.52641827878
1.5835057692552802e-05	1	20	68816.98793093934
1.5835057692552802e-05	1	20	70124.43655529074
1e-05	5	20	67842.85036011538
0.0001	5	20	69841.10197240964
9.652488988215501e-05	1	21	68882.92712639779
9.652488988215501e-05	1	21	69879.11911890136
1e-05	5	20	69108.23308823185
1.5835057692552802e-05	1	20	71394.13745210413
0.0001	5	20	69492.76348472305
1.5835057692552802e-05	1	20	71368.03113286101
0.0001	5	20	68911.32912073389
9.652488988215501e-05	1	21	69068.24237315185
1e-05	5	20	66892.23670748032
1.5835057692552802e-05	1	20	70336.38244038975
0.0001	5	20	70284.47030370668
1e-05	5	20	69166.36125251005
9.652488988215501e-05	1	21	70755.55701556364
1e-05	5	20	70518.90377044954
0.0001	5	20	69902.6264972375
9.652488988215521e-05	1	21	71166.11947930104
1.5835057692552802e-05	1	20	69652.44287866994
9.652488988215501e-05	1	21	70900.08522174037
1.5835057692552802e-05	1	20	70686.799985841
1e-05	5	20	69813.53863236385
0.0001	5	20	68937.39856939124
1.5835057692552802e-05	1	20	73410.99085736708
9.652488988215501e-05	1	21	70759.14147007084
1e-05	5	20	69711.04392065667
0.0001	5	20	70103.15863247198
1.5835057692552802e-05	1	20	70211.9573968651
0.0001	5	20	70909.31027429321
1e-05	5	20	67293.17541558275
9.652488988215501e-05	1	21	65670.66435459923
1.5835057692552802e-05	1	20	73734.53387685078
1e-05	5	20	68381.40555767194
0.0001	5	20	69754.19056316846
9.652488988215501e-05	1	21	69849.50817583165
1e-05	5	20	70492.71741236906
1.5835057692552802e-05	1	20	70027.4612816717
9.652488988215501e-05	1	21	69984.16652127955
0.0001	5	20	70627.89876044556
1e-05	5	20	65245.94019097972
9.652488988215501e-05	1	21	68578.49719353883
0.0001	5	20	68919.08808985495
1.5835057692552802e-05	1	20	67427.59065968779
1.5835057692552802e-05	1	20	69150.55448024177
1e-05	5	20	69682.33269248102
0.0001	5	20	70067.205540601
9.652488988215501e-05	1	21	69671.46469447124
9.652488988215501e-05	1	21	68952.21012565882
0.0001	5	20	71329.12706476077
1e-05	5	20	70105.6253778694
1.5835057692552802e-05	1	20	69023.92573828102
0.0001	5	20	70954.85982781326
1.5835057692552802e-05	1	20	70665.9787675618
1e-05	5	20	68913.26352474828
9.652488988215501e-05	1	21	67659.23622964208
1.2512121916974486e-05	1	20	70595.6938711573
9.917971492594107e-05	3	20	71027.88680413233
1e-05	5	20	68100.53174313091
0.0001	5	40	71131.60795338065
1.5835057692552802e-05	1	20	70592.95745029904
9.652488988215501e-05	1	21	72507.33582417962
0.0001	5	20	68186.82978613628
1e-05	5	20	67706.6052917878
1.5835057692552802e-05	1	20	70116.96657662855
1e-05	5	20	70260.2655651985
9.652488988215501e-05	1	21	68396.21531599252
0.0001	5	20	69203.9014883472
9.652488988215501e-05	1	21	73179.86019668207
1.5835057692552802e-05	1	20	70901.81951460551
1e-05	5	20	69093.09869904596
0.0001	5	20	70231.65451470984
1.5835057692552802e-05	1	20	69749.94750839057
1e-05	5	20	67391.06199812178
9.652488988215501e-05	1	21	71373.88356307059
0.0001	5	20	69395.22392296353
9.652488988215501e-05	1	21	70056.55365576639
1e-05	5	20	69957.43944565867
1.5835057692552802e-05	1	20	69836.66727682375
0.0001	5	20	68114.99493028743
9.652488988215501e-05	1	21	70911.4041568171
1.5835057692552802e-05	1	20	71164.55452773767
1e-05	5	20	70296.87469160264
0.0001	5	20	67396.86617998192
1e-05	5	20	66949.92500439673
0.0001	5	20	70021.58834878169
9.652488988215501e-05	1	21	69405.83234368803
1.5835057692552802e-05	1	20	70328.60193712046
1e-05	5	20	71902.28403172726
1.5835057692552802e-05	1	20	68525.31752020575
9.652488988215501e-05	1	21	69278.58688669237
0.0001	5	20	68182.21778214964
1.5835057692552802e-05	1	20	70226.34452290919
9.652488988215501e-05	1	21	70792.7517938521
0.0001	5	20	70303.17935629256
1e-05	5	20	70069.91776453274
1.5835057692552802e-05	1	20	71400.01187182471
1e-05	5	20	69959.79137975842
9.652488988215501e-05	1	21	70805.67646174128
0.0001	5	20	68833.24983288257
1e-05	5	20	71132.10057438558
9.652488988215501e-05	1	21	69637.05845507413
1.5835057692552802e-05	1	20	69367.92476996656
0.0001	5	20	67939.26202203179
1e-05	5	20	70543.07687900557
9.652488988215501e-05	1	21	69215.78887584285
1.5835057692554733e-05	1	20	70035.91467060108
0.0001	5	20	68407.65135576706
9.652488988215501e-05	1	21	70984.40518070832
1.5835057692552802e-05	1	20	68816.44036713208
1e-05	5	20	70621.74080575033
0.0001	5	20	70430.06447795112
1.5835057692552802e-05	1	20	71504.62017191264
1e-05	5	20	70913.50984240462
9.652488988215501e-05	1	21	69138.38072252131
0.0001	5	20	67946.23072102843
9.652488988215501e-05	1	21	72492.82608310522
1e-05	5	20	69602.75294367669
1.5835057692552802e-05	1	20	70197.90541708004
0.0001	5	20	67710.18025538989
9.652488988215501e-05	1	21	69258.87373677365
0.0001	5	20	68061.62339207178
1.5835057692553405e-05	1	20	71070.12135269267
1e-05	5	20	69396.32257292845
1.5835057692556766e-05	1	20	70864.80353214123
0.0001	5	20	69881.04628053083
9.652488988215501e-05	1	21	70325.80111790376
1e-05	5	20	67862.72453837206
1.5835057692552802e-05	1	20	69137.19809252468
9.652488988215501e-05	1	21	69894.64113685027
0.0001	5	20	68794.15940214931
1e-05	5	20	68172.669547654
1.5835057692554025e-05	1	20	71478.47767120338
1e-05	5	20	69081.78206214425
9.652488988215501e-05	1	21	69307.18291153849
0.0001	5	20	67235.22114697073
0.0001	5	20	70479.69670693313
1.5835057692552802e-05	1	20	69497.78010566557
1e-05	5	20	69500.94264201728
9.652488988215501e-05	1	21	69604.20002325426
1.5835057692552802e-05	1	20	70228.5811108689
1e-05	5	20	70718.8087623072
9.652488988215501e-05	1	21	71715.73357820831
0.0001	5	20	65375.469163460264
0.0001	5	20	69034.13145870864
9.652488988215501e-05	1	21	70885.08660557345
1e-05	5	20	65641.92148841028
1.5835057692552802e-05	1	20	68167.7873878889
1.5835057692552802e-05	1	20	72515.45049628572
1e-05	5	20	71392.9776737046
9.652488988215501e-05	1	21	70435.30066063881
0.0001	5	20	68504.89343251582
9.652488988215501e-05	1	21	73549.86855328601
1.5835057692552802e-05	1	20	70649.01668908638
1e-05	5	20	68867.22572118208
0.0001	5	20	69601.85100851864
0.0001	5	20	71156.44471700168
9.652488988215501e-05	1	21	69138.74872080627
1.5835057692556526e-05	1	20	70224.1750477191
1e-05	5	20	66815.45390308471
1.5835057692552802e-05	1	20	71991.33190324785
1e-05	5	20	71451.11600625543
0.0001	5	20	70096.76183920701
9.652488988215501e-05	1	21	71395.47678041739
0.0001	5	20	70786.9828401502
1.5835057692556953e-05	1	20	69544.39783876773
9.652488988215501e-05	1	21	68618.94781419792
1e-05	5	20	66524.00105303523
1e-05	5	20	69144.32751260555
1.5835057692552802e-05	1	20	70737.05136878433
9.652488988215501e-05	1	21	70026.06064371727
0.0001	5	20	68184.5863440441
1e-05	5	20	68648.41976209873
1.5835057692552802e-05	1	20	70649.94711094814
0.0001	5	20	70950.11781337927
9.652488988215501e-05	1	21	68993.84748086694
1.583505769255295e-05	1	20	73474.81599969082
0.0001	5	20	68766.46894742927
9.652488988215501e-05	1	21	70982.35060306515
1e-05	5	20	67482.41176506829
0.0001	5	20	71342.61753229138
1.5835057692552802e-05	1	20	72048.08100910948
9.652488988215501e-05	1	21	69605.99257106702
1e-05	5	20	69182.08951866157
1.2512121916974486e-05	1	20	71645.64011522867
8.650043921471628e-05	1	20	70838.75685917567
1e-05	5	20	67232.93805454629
0.0001	5	20	68076.88819829392
0.0001	5	20	72570.79665496947
8.650043921471623e-05	1	20	71120.01918929043
1.2512121916974486e-05	1	20	72204.60150056772
1e-05	5	20	69107.79328667095
1.583505769255603e-05	1	20	70757.25119837203
1e-05	5	20	69862.98841700473
0.0001	5	20	70034.47054331131
9.652488988215501e-05	1	21	69156.22862680412
8.650043921471623e-05	1	20	71287.4410945675
1e-05	5	20	69462.52232583244
1.2512121916974486e-05	1	20	71475.27453026823
0.0001	5	20	67898.22050544329
0.0001	5	20	68001.43195526132
1.2512121916974486e-05	1	20	69760.21460757001
8.650043921471623e-05	1	20	68952.39108158981
1e-05	5	20	68548.1364790946
0.0001	5	20	71427.07278405435
1.2512121916974486e-05	1	20	68416.4379394333
8.65004392147163e-05	1	20	69965.47973447814
1e-05	5	20	69812.21236215418
1.2512121916974486e-05	1	20	72902.04317418457
0.0001	5	20	70024.01089716713
1e-05	5	20	70155.16089688303
8.650043921471623e-05	1	20	71439.2931548068
8.650043921471623e-05	1	20	69821.39468316606
0.0001	5	20	68922.38388643271
1.2512121916974486e-05	1	20	68251.76213822611
1e-05	5	20	68452.61717837998

Best value: 62822.86334402398 at [Gamma, Alpha, #Firefly] = [1e-05, 5, 20], found in 882.978550195694 s