4.193201977923503e-05	1	23	77285.1581918645
2.779120448456559e-05	4	30	76455.69542735309
1.07174799533922e-05	4	25	74564.04828358759
6.4808870414107e-05	3	23	75885.8963680589
9.44418609229021e-05	4	29	77383.17332002788
4.016294975790893e-05	2	30	75457.93774565175
2.5243364359170245e-05	3	30	73740.95317497718
4.820612838210879e-05	1	35	76866.18100523404
0.0001	1	20	76116.35798090154
2.473884029046256e-05	3	30	75234.91202350608
3.546326735423499e-05	2	34	73737.68334243898
1.1073721626333915e-05	4	25	73023.08661324723
1.0272153810040058e-05	1	36	80122.18990500564
3.448628192431447e-05	3	35	77670.31110862577
1.0967920088509436e-05	3	24	71803.52780571014
0.0001	1	40	78454.85374644925
1.4344484937925514e-05	4	25	73504.373875969
2.74219176586413e-05	3	31	75408.38367637979
1.1012296770807211e-05	3	24	73453.03852085755
1.2215726282440892e-05	3	24	72842.31133541718
1.1493298275987309e-05	2	20	73740.11467446259
1.0857032408107447e-05	4	20	71679.25547598253
4.041570370827041e-05	3	20	71875.72914654361
1e-05	3	21	72662.20372419702
3.308276325686193e-05	4	20	72158.39694617325
1.0857032408107447e-05	4	20	73028.14667550739
2.162770786303646e-05	3	20	74231.83455494557
1e-05	4	20	72559.29008764002
1.0275302787990943e-05	4	21	74127.84320399203
2.162770786303646e-05	3	20	75212.17029911604
3.9027554893671957e-05	4	20	71976.19577370938
1e-05	5	20	71376.61723235814
1e-05	5	20	73142.22481125423
3.9027554893671957e-05	4	20	73125.0966714537
1.0275302787990943e-05	4	21	71958.52936593261
6.193063304049158e-05	4	21	72788.80849613665
1e-05	5	20	73695.16518012572
6.193063304049158e-05	4	21	72931.12483035133
3.9027554893671957e-05	4	20	72296.56808513748
1.0275302787990943e-05	4	21	72459.67366117334
1e-05	5	20	73400.45634980132
6.193063304049158e-05	4	21	72661.66663076353
1.129694357335383e-05	3	20	74014.56732935125
3.902755489367202e-05	4	20	71038.49149066284
2.162770786303646e-05	3	20	73470.99503443016
1.0857032408107447e-05	4	20	74354.88325078166
3.653404010541982e-05	5	20	73593.15239715837
6.193063304049158e-05	4	21	73024.97693396691
4.0523801326223534e-05	5	20	73504.25124022937
1.0857032408107447e-05	4	20	74137.36103669701
1.129694357335383e-05	3	20	73285.15505918772
6.193063304049158e-05	4	21	73440.0336426317
4.16155392987345e-05	5	20	74046.07138233165
5.9333850980734246e-05	4	20	72737.30703845398
1.2193373572234016e-05	3	20	74045.04179448933
1.5078172637505705e-05	4	20	71791.33510735526
5.9333850980734246e-05	4	20	72462.6694752425
1.5078172637505705e-05	4	20	73113.9366919666
3.866446192605956e-05	5	20	72828.51771669547
1.0857032408107447e-05	4	20	71116.16683847959
1.0857032408107447e-05	4	20	73152.19855086856
3.416162168958251e-05	5	20	73496.45006939878
1.129694357335383e-05	3	20	71028.48199152693
5.9333850980734246e-05	4	20	70698.37801041163
5.1034678780416165e-05	4	20	74177.11391683194
4.041570370827041e-05	3	20	71739.49511666414
8.303262426050305e-05	4	20	72982.12860157201
1.5078172637506077e-05	4	20	71178.73269892255
3.90889407794066e-05	4	20	74824.06174881817
6.963090360187817e-05	4	20	74165.32643033392
1.1849334722298011e-05	3	20	74043.36399729607
1.0857032408107447e-05	4	20	73424.37248247946
1e-05	4	20	73335.61416433666
4.041570370827041e-05	3	20	75133.57386251824
5.7700099241057124e-05	5	20	71887.32870217605
8.303262426050188e-05	4	20	72355.64641115697
6.093781097598486e-05	5	20	73056.65711210815
1e-05	4	20	72819.26247214814
3.234855686905643e-05	3	20	74752.26478123102
8.303262426050188e-05	4	20	74368.85724229537
1e-05	5	20	74552.02089192624
1.129694357335383e-05	3	20	73753.6319345221
6.0027784902686045e-05	5	20	72519.8002944157
8.303262426050188e-05	4	20	73095.71627489521
8.303262426050188e-05	4	20	74342.29596993708
1.2193373572234016e-05	3	20	73888.55279642777
1.5078172637505705e-05	4	20	72660.77015718308
5.459460280045372e-05	5	20	71682.04227454157
8.303262426050188e-05	4	20	75750.96752404154
1.5078172637505705e-05	4	20	72172.13870286246
4.041570370827041e-05	3	20	72860.88083941098
5.4413967496860746e-05	5	20	72891.28985514634
5.2498694707399894e-05	5	20	72480.50806721805
1.5078172637505705e-05	4	20	73521.70729620638
6.751281616969877e-05	4	20	71828.88151903273
1.0857032408107447e-05	4	20	72438.3573487885
6.535864288907679e-05	3	20	72738.02926146418
1.5078172637505705e-05	4	20	72158.65689357165
5.4311300230640556e-05	5	20	74196.42210400126
1.0857032408107447e-05	4	20	72925.61332705875
4.041570370827041e-05	3	20	75094.32224716437
5.717530827428029e-05	4	20	74510.42518359791
1e-05	4	20	73668.44674596822
8.303262426050188e-05	4	20	71577.95782366335
6.038964199423654e-05	5	20	74236.10566706187
1e-05	4	20	74284.27481118619
3.234855686905643e-05	3	20	73572.31941736641
8.303262426050188e-05	4	20	73456.31948223976
1.863782549163128e-05	3	20	75172.26876671854
1e-05	4	20	74080.69902135934
6.080017569484688e-05	5	20	72284.54386463197
8.303262426050188e-05	4	20	72876.386083197
1.129694357335383e-05	3	20	73192.07237024826
5.3404378624438374e-05	5	20	71185.51263590436
1.0857032408107832e-05	4	20	70530.55811678032
8.303262426050188e-05	4	20	72091.0649274678
1.129694357335383e-05	3	20	72915.06485414936
5.101985550727985e-05	5	20	71611.27511066842
8.303262426050188e-05	4	20	73194.12093461791
1.0857032408107905e-05	4	20	72096.19686315475
1.0857032408107447e-05	4	20	73517.62475967697
5.124361799732866e-05	5	20	74060.6275473428
1.129694357335383e-05	3	20	73791.41480357111
8.303262426050188e-05	4	20	71133.52985117116
1.0857032408107447e-05	4	20	72861.53563284119
1.129694357335383e-05	3	20	74118.17541655232
5.3766103560040236e-05	5	20	72545.3524320559
8.303262426050188e-05	4	20	72749.0004587514
8.303262426050188e-05	4	20	75483.46923399821
1.129694357335383e-05	3	20	74202.0750076042
5.4595786337844585e-05	5	20	72484.41980828001
1.0857032408107447e-05	4	20	71695.07063737004
9.594350065554346e-05	4	20	75263.6789702673
6.363207963419514e-05	5	20	72960.86743428283
1e-05	5	20	73228.77751334682
3.234855686905643e-05	3	20	72578.9838982881
1.0857032408108697e-05	4	20	73505.97561159726
5.1196476785484414e-05	5	20	72842.97043013768
1.129694357335383e-05	3	20	72691.77362938526
8.303262426050188e-05	4	20	72558.53703211588
5.366643393040894e-05	5	20	72813.65306994505
1.0857032408110224e-05	4	20	71834.40279054939
1.129694357335383e-05	3	20	73412.5590882697
8.303262426050216e-05	4	20	72675.27456428666
8.303262426050195e-05	4	20	74495.08821584412
5.430655107630263e-05	5	20	75423.54711046022
1.129694357335383e-05	3	20	74495.276161625
1.0857032408107447e-05	4	20	73624.10659561939
8.303262426050188e-05	4	20	74259.81374252099
3.234855686905643e-05	3	20	72474.23150620228
6.280855973893737e-05	5	20	72946.94426119738
1e-05	5	20	71029.630869787
6.24631167808307e-05	5	20	72288.49292579594
3.234855686905643e-05	3	20	73818.56325071874
8.303262426050188e-05	4	20	73116.57159479045
1e-05	5	20	72097.37613792127
6.208133914885824e-05	5	20	74510.59049412384
1e-05	5	20	74408.87687415798
3.234855686905643e-05	3	20	72509.4391590325
8.303262426050188e-05	4	20	73450.0527712462
3.234855686905643e-05	3	20	74170.05288214255
8.989226849675386e-05	4	20	72379.96415832613
1e-05	5	20	73510.7366496092
6.25995677246507e-05	5	20	72171.8084600695
3.234855686905643e-05	3	20	73288.69423856148
8.989226849675386e-05	4	20	73768.19946408861
1e-05	5	20	73470.58085049919
6.250016681551152e-05	5	20	72535.10022575498
1.3520808212671978e-05	5	20	73527.52616800704
6.382886918749745e-05	5	20	73197.14953950376
1.129694357335383e-05	3	20	74318.36957774709
8.989226849675386e-05	4	20	73549.017764858
1.5031988779796973e-05	5	20	75002.66081874663
7.559925678110276e-05	3	20	73922.27417663966
6.464122867562383e-05	5	20	72439.88281724737
1.129694357335383e-05	3	20	73350.49464558644
1.0857032408107447e-05	4	20	73439.34046945733
1.863782549163128e-05	3	20	72361.91873028294
5.2784901168070256e-05	5	20	73508.67786719595
8.303262426050188e-05	4	20	72091.13596893937
5.438805577757433e-05	5	20	71846.83539322409
1.0857032408107447e-05	4	20	73057.70739422944
1.863782549163128e-05	3	20	73578.397422205
8.303262426050188e-05	4	20	70126.25750531172
1.2193373572234016e-05	3	20	74863.48874189283
5.638887252560575e-05	5	20	72339.21907865246
8.303262426050188e-05	4	20	73727.70861547775
1.0857032408107447e-05	4	20	73653.1403770316
8.303262426050188e-05	4	20	76066.8513790255
1.863782549163128e-05	3	20	73677.02443941295
1.0857032408107447e-05	4	20	74420.76988482669
5.661251175004883e-05	5	20	74605.56246837016
1.0857032408107447e-05	4	20	73303.73121017747
1.2193373572234016e-05	3	20	71905.6627764081
5.2178087516187976e-05	5	20	71865.90425230445
8.303262426050188e-05	4	20	73273.49436141911
1.0857032408107713e-05	4	20	73850.50358605233
1.2193373572234016e-05	3	20	73479.75250588513
8.303262426050188e-05	4	20	73266.15153095328
5.1442701913716006e-05	5	20	71965.8847604366
1.0857032408107447e-05	4	20	75105.76388575291
5.165232794631063e-05	5	20	71656.45066005355
1.2193373572234016e-05	3	20	73313.83685414994
8.303262426050188e-05	4	20	72336.96073959391
1.0857032408107501e-05	4	20	73676.35351232902
8.303262426050188e-05	4	20	73624.64560277032
1.2193373572234016e-05	3	20	71862.78654222973
5.2243311315992355e-05	5	20	72577.25624122453
1.0857032408107447e-05	4	20	71552.18721292344
8.303262426050188e-05	4	20	72008.58658516861
1.2193373572234016e-05	3	20	71000.2538912552
5.246924710150843e-05	5	20	71848.6024482616
8.303262426050188e-05	4	20	73154.71660389559
1.2193373572234016e-05	3	20	73468.19044740716
5.248013997840797e-05	5	20	73271.17290948828
1.0857032408107447e-05	4	20	72829.69822842392
5.2758725883999656e-05	5	20	74898.52815422894
1.0857032408109634e-05	4	20	73843.93113287052
1.2193373572234016e-05	3	20	73559.11919391574
8.303262426050188e-05	4	20	72889.24044759046
8.303262426050188e-05	4	20	74140.18820617205
5.397312571652838e-05	5	20	72572.68183400572
1.0857032408107447e-05	4	20	73643.78328315918
1.2193373572234016e-05	3	20	73055.58337001533
8.303262426050188e-05	4	20	74947.19255572176
5.3871951535936734e-05	5	20	74208.23333356137
1.5078172637505705e-05	4	20	73845.53685970398
1.1493298275987309e-05	2	20	74598.69345275959
1.0857032408109096e-05	4	20	74450.62904832573
8.303262426050188e-05	4	20	74315.01594585025
1.2193373572234016e-05	3	20	74019.53757830357
5.2968544131433384e-05	5	20	72566.23331275283
1.1493298275987309e-05	2	20	73158.75861400567
1.5078172637505705e-05	4	20	74021.73093165821
5.2787001425933435e-05	5	20	72872.80822374012
8.303262426050188e-05	4	20	72766.80920561848
1.2193373572234016e-05	3	20	76164.66701169638
5.3240462638664566e-05	5	20	72228.82584150809
1.0857032408107447e-05	4	20	72671.05480665536
8.303262426050188e-05	4	20	72062.83873680334
1.2193373572234016e-05	3	20	73522.652926026
1.0857032408107447e-05	4	20	73672.4964116439
5.264103564454724e-05	5	20	73516.2626348047
8.303262426050188e-05	4	20	72568.56611616004
1.2193373572234016e-05	3	20	72720.85784525808
1.0857032408107447e-05	4	20	72685.56140465642
8.303262426050188e-05	4	20	72007.7832776168
5.3677021838063965e-05	5	20	72489.7493974806
1.0857032408108023e-05	4	20	72790.24434143507
5.452053817898604e-05	5	20	72629.7353927639
8.303262426050188e-05	4	20	73798.92482707003
1.2193373572234016e-05	3	20	74617.83818721709
5.399041409817588e-05	5	20	74238.5611447924
1.0857032408107447e-05	4	20	72896.09038245706
1.2193373572234016e-05	3	20	73979.51995003317
8.303262426050188e-05	4	20	71607.39162436264
1.0857032408107447e-05	4	20	72510.1343225996
1.2193373572234016e-05	3	20	71485.2896378317
5.538318896764345e-05	5	20	72916.84697582829
8.989226849675387e-05	4	20	73729.65760908688
1.2193373572234016e-05	3	20	72427.96666327966
8.303262426050188e-05	4	20	71881.79216290137
5.5600202436053126e-05	5	20	72224.20528092718
1.0857032408110976e-05	4	20	69904.56168291051
1.0857032408107447e-05	4	20	74729.20606333975
5.5082543524617734e-05	5	20	72191.9725157224
8.989226849675386e-05	4	20	72630.63107444058
1.2193373572234016e-05	3	20	73183.2509021973
5.55865800792973e-05	5	20	73626.23030709005
1.0857032408107447e-05	4	20	73995.06778469124
8.989226849675404e-05	4	20	72990.42989746438
1.2193373572234016e-05	3	20	73659.83614140077
1.0857032408107835e-05	4	20	74370.54174845111
5.592266247224613e-05	5	20	74165.20634479032
1.2193373572234016e-05	3	20	72716.67315005946
8.989226849675386e-05	4	20	72109.14559304112
1.0857032408107447e-05	4	20	73944.19581227485
1.2193373572234016e-05	3	20	73518.49510196735
5.6543925190096644e-05	5	20	73733.85802647352
8.989226849675386e-05	4	20	74045.34234659754
1.0857032408108645e-05	4	20	73920.95509840919
1.2193373572234016e-05	3	20	74265.24492675562
5.676143134524313e-05	5	20	73433.9018890794
8.989226849675396e-05	4	20	71441.34414165182
1.0857032408107447e-05	4	20	75958.79352727182
1.2193373572234016e-05	3	20	74065.45725626269
0.0001	5	20	74217.6823087786
5.708148855259697e-05	5	20	72960.07174835657
5.548249763718751e-05	3	20	73929.2402056034
0.0001	5	20	73967.39333019569
5.871467901703503e-05	5	20	71733.00483525216
1.5078172637505705e-05	4	20	72888.1008130059
1.5078172637505888e-05	4	20	72943.87435658867
1.1493298275987309e-05	2	20	73586.84912405527
5.941474779690699e-05	5	20	72303.02931110535
8.989226849675386e-05	4	20	72520.88367686317
1.5078172637505705e-05	4	20	72324.78918198941
0.0001	5	20	72955.40862470755
5.548249763718751e-05	3	20	73028.1160787873
5.985666599058094e-05	5	20	73550.32935846879
5.548249763718751e-05	3	20	73571.18411397604
1.5078172637505705e-05	4	20	72749.34632442183
5.8499359842035635e-05	5	20	71073.52421204584
0.0001	5	20	73009.69037121531
5.548249763718751e-05	3	20	74137.94173880488
1.5078172637505705e-05	4	20	72450.9808195892
0.0001	5	20	72159.31880314462
5.8409155020124114e-05	5	20	71210.1777928012
1.507817263750574e-05	4	20	73437.58139323218
5.799253076471419e-05	5	20	73828.1801567045
0.0001	5	20	73540.31931601927
5.548249763718751e-05	3	20	72502.44871078586
6.681859056489614e-05	2	20	73293.34780489802
1.5078172637505705e-05	4	20	72675.96488260545
5.776743262869949e-05	5	20	72966.6776535274
0.0001	5	20	73182.83616431421
1.5078172637505705e-05	4	20	74133.91154799104
6.681859056489614e-05	2	20	75037.3220713851
5.768472658561976e-05	5	20	75532.32587480373
0.0001	5	20	72218.73735180125
5.548249763718751e-05	3	20	72367.31963862598
9.594350065554336e-05	4	20	73889.94987488931
5.56404653039016e-05	5	20	73075.99737057692
1.5078172637505705e-05	4	20	71841.47901631056
1.5078172637505705e-05	4	20	75415.32040733186
6.681859056489614e-05	2	20	75355.05017395955
0.0001	5	20	73364.02073227821
5.558383042505761e-05	5	20	72680.07886595523
5.559735464396852e-05	5	20	74615.11148858385
5.548249763718751e-05	3	20	73562.17949049089
9.594350065554343e-05	4	20	72566.27568439969
1.5078172637513157e-05	4	20	71217.48367202704
1.5078172637505705e-05	4	20	73418.93928817984
9.594350065554334e-05	4	20	74347.65877826916
5.548249763718751e-05	3	20	73207.78828365196
5.4924370974261094e-05	5	20	71961.78649004639
9.594350065554342e-05	4	20	74267.67083048674
5.488306071171535e-05	5	20	71398.57522269248
5.548249763718751e-05	3	20	71459.18702653804
1.5078172637505705e-05	4	20	72618.46902200568
5.548249763718751e-05	3	20	74688.77641706256
1.5078172637505705e-05	4	20	73185.17708514957
0.0001	5	20	72223.20444204987
5.466269266701519e-05	5	20	70424.06777192438
6.681859056489614e-05	2	20	72912.80967880199
5.352527485439781e-05	5	20	73094.31441917253
0.0001	5	20	71825.66750136463
1.5078172637505705e-05	4	20	72131.32122184968
1.5078172637505977e-05	4	20	75945.0969090907
6.681859056489614e-05	2	20	72707.23643525867
5.3164843718011066e-05	5	20	72625.31960795086
0.0001	5	20	72952.0746499674
5.3534497183205975e-05	5	20	74054.67819332246
1.1493298275987309e-05	2	20	72067.36087324384
1.0857032408107447e-05	4	20	72890.97674839312
0.0001	5	20	71958.22557376904
1.1493298275987309e-05	2	20	74666.34849928008
1.0857032408111623e-05	4	20	71212.17636341562
0.0001	5	20	72251.68106934371
5.3717307757232676e-05	5	20	72916.07092506815
5.279108066185167e-05	5	20	75569.15318435326
1.0857032408107447e-05	4	20	72171.27687562985
1.1493298275987309e-05	2	20	72754.813337837
0.0001	5	20	73160.24960319721
1.0857032408110132e-05	4	20	74396.55313057099
5.3869627138328026e-05	5	20	72339.55967569337
9.594350065554334e-05	4	20	73299.67532415902
1.1493298275987309e-05	2	20	72696.48211226326
1.0857032408107447e-05	4	20	74166.53806052529
9.594350065554334e-05	4	20	72275.08668754998
1.1493298275987309e-05	2	20	73552.81778389102
5.4385633607223324e-05	5	20	71918.96656627508
1.0857032408112258e-05	4	20	73509.56427939908
5.466964680306393e-05	5	20	72610.34402716339
9.594350065554334e-05	4	20	71866.05917778642
1.1493298275987309e-05	2	20	71870.96921740517
1.0857032408107998e-05	4	20	74197.65635733787
5.51514981159288e-05	5	20	73995.81152350733
9.594350065554334e-05	4	20	72631.26116307014
1.1493298275987309e-05	2	20	71369.86571314832
1.5078172637505705e-05	4	20	73673.18625416055
0.0001	5	20	73329.92215859282
1.0219349167339298e-05	2	20	73380.73215406013
5.627086501573605e-05	5	20	72249.51391957465
1.0857032408107447e-05	4	20	73734.98285807953
1.1493298275987309e-05	2	20	74226.40712225606
0.0001	5	20	74145.84783276229
5.6424803854449104e-05	5	20	72623.36306986967
1.0219349167339298e-05	2	20	73155.40134416004
1.5078172637508236e-05	4	20	73338.76538828111
0.0001	5	20	72429.90126862135
5.641822017088092e-05	5	20	71503.93028708562
1.0219349167339298e-05	2	20	74278.76886277786
5.650317669752852e-05	5	20	73471.5916440114
1.507817263750673e-05	4	20	72714.61598209625
9.594350065554334e-05	4	20	71352.56222485736
1.0219349167339298e-05	2	20	75919.86546443947
1.5078172637505705e-05	4	20	74431.20565018308
5.669750028740929e-05	5	20	71753.99475325673
0.0001	5	20	71772.19590445077
0.0001	5	20	74979.76140547948
6.681859056489614e-05	2	20	72942.70334235342
5.68717938310937e-05	5	20	74194.66860661062
1.5078172637505705e-05	4	20	71599.8627495943
0.0001	5	20	73713.3948066675
1.5078172637505705e-05	4	20	74337.70734112264
6.681859056489614e-05	2	20	75390.71696631493
5.646297297124664e-05	5	20	74151.88329647004

Best value: 69904.56168291051 at [Gamma, Alpha, #Firefly] = [1.0857032408110976e-05, 4, 20], found in 1043.1375138759613 s