2.215795240543187e-05	4	23	94181.04416918909
9.878215171767587e-05	4	27	97727.52963951274
3.0017043692018923e-05	1	21	86784.49213159212
6.717241204927888e-05	2	31	89047.33380074006
7.346027327153811e-05	2	34	92177.40877469922
2.0343830295415228e-05	3	34	90643.30738895593
3.168148868255604e-05	1	35	86215.27414571184
4.6811929776765646e-05	2	21	83741.77741780377
5.412440902485933e-05	1	21	88864.7523394055
4.94725288293806e-05	1	25	88681.07535145633
4.738550988541569e-05	1	26	86852.98500367417
5.9093448135977333e-05	2	20	87388.52334199888
1.0938450131586586e-05	1	20	87862.70862169738
1.0912479086382255e-05	1	31	88831.6509071374
4.070234845696014e-05	2	20	85607.74179832227
3.484060018529544e-05	1	39	85929.56675055195
4.274101656658022e-05	2	20	84555.44905103571
5.061392731196799e-05	2	20	86609.32975073594
3.0484636641524023e-05	1	40	87903.18776929475
3.657680313205311e-05	2	27	84207.53543639035
3.9916582676388925e-05	2	23	88458.0906431846
4.318453140679482e-05	2	20	84727.7368923735
3.647457471392676e-05	2	26	84474.00308776474
2.896561023013104e-05	2	21	84439.09055834997
3.5894540514545284e-05	2	20	85737.10687598512
4.369454981352227e-05	2	20	84836.57141273885
2.039343411911022e-05	2	20	83660.82564171134
3.432224339118903e-05	2	26	83894.7097568872
1.566655229920509e-05	2	20	86771.2238826947
2.5654924762424452e-05	2	20	84312.41980781654
3.910339867795447e-05	2	20	85886.96027190951
3.321344382777884e-05	2	26	84851.80064513294
3.4039224429502134e-05	2	29	93372.87720059385
3.69681070625367e-05	1	31	87346.91820776691
3.4486921240182136e-05	2	29	85843.97307753183
3.1039052368267985e-05	2	31	85931.49020866535
3.665748653938265e-05	1	20	88482.02186901744
3.166287609905192e-05	2	20	83256.964575219
1.8520722046842596e-05	2	20	84925.34369999776
4.318453140679482e-05	2	20	85459.67350511238
1.8520722046842596e-05	2	20	86123.72699287142
3.0208729938992225e-05	2	20	84388.81698469445
3.240015181959619e-05	2	26	87385.45208286082
4.318453140679482e-05	2	20	84147.02625299254
3.658828216006812e-05	2	24	90821.46727863436
3.1610255201363335e-05	2	20	85908.76020591936
1.8520722046842596e-05	2	20	86526.14556844103
4.318453140679482e-05	2	20	84630.41032940635
4.232900287849613e-05	1	20	87012.96254579324
4.3350106758550754e-05	2	20	86366.7486617747
2.039343411911022e-05	2	20	83276.05301607802
3.2835101922822924e-05	2	20	84180.64170600625
3.8534325066098375e-05	2	20	84820.74996661392
2.97747878022203e-05	2	20	84567.03612145767
1.566655229920509e-05	2	20	87025.35319603437
4.318453140679482e-05	2	20	85972.16474682375
1.8520722046842596e-05	2	20	84846.50043673857
2.2771560594361994e-05	3	20	87807.6851000782
3.093219768582915e-05	2	20	84894.94959270877
4.318453140679482e-05	2	20	84032.1173717205
3.8534325066098375e-05	2	20	87412.8949673001
1.8520722046842596e-05	2	20	85904.62141666739
3.188174171468343e-05	2	20	85695.78756792643
4.318453140679482e-05	2	20	85324.58109057802
4.318453140679482e-05	2	20	89585.9754683681
1.8520722046842596e-05	2	20	86545.09285087869
3.149319762209431e-05	2	20	83811.45729805937
3.8534325066098375e-05	2	20	85313.24607927147
1.8520722046842596e-05	2	20	88306.37143785847
3.052930783282849e-05	2	20	85442.84157284789
4.318453140679482e-05	2	20	85787.82536627678
3.2798352064149704e-05	2	26	85878.268687729
1.9055271469321455e-05	2	20	88238.021206604
3.1465746325297466e-05	2	20	85488.81948682806
4.318453140679482e-05	2	20	84800.66433404371
3.432224339118903e-05	2	26	86474.78967260648
2.039343411911022e-05	2	20	84198.45080927531
4.318453140679482e-05	2	20	85230.1543799744
3.24852989249252e-05	2	20	84714.89301254376
3.432224339118903e-05	2	26	85577.8804707737
4.318453140679482e-05	2	20	86090.24252403356
3.188225982674062e-05	2	20	83583.57161322566
2.039343411911022e-05	2	20	85123.24495120202
3.4343338069473484e-05	2	26	86679.71220056014
3.145540518208752e-05	2	20	90208.81310880417
4.318453140679482e-05	2	20	87111.76862980425
2.039343411911022e-05	2	20	84572.19271108569
3.4343338069473484e-05	2	26	85384.70588435145
1.8520722046842596e-05	2	20	89406.04011940534
3.432224339118903e-05	2	26	88483.89559125129
4.318453140679482e-05	2	20	86160.21107693715
3.10405208263588e-05	2	20	85163.86868044849
4.318453140679482e-05	2	20	89418.39388196834
3.9779725953062414e-05	1	40	88555.31164000873
2.039343411911022e-05	2	20	83480.58450340277
3.205056847622779e-05	2	20	85991.64919878499
3.2664640929731974e-05	1	26	89663.4581584754
4.318453140679482e-05	2	20	84310.39529296038
1.566655229920509e-05	2	20	84555.31584909269
3.03381121224778e-05	2	20	84272.36680996441
4.232900287849613e-05	1	20	87695.57793948794
2.9859665289571185e-05	2	20	85969.2613467089
4.318453140679482e-05	2	20	85615.69995390318
1.566655229920509e-05	2	20	85419.03241854266
2.9420731216870456e-05	2	20	86388.4810121587
1.566655229920509e-05	2	20	87061.89076143855
3.4343338069473484e-05	2	26	86275.52516238396
4.318453140679482e-05	2	20	85734.24617246486
4.318453140679482e-05	2	20	86067.36319743027
3.0057388560918992e-05	2	20	87244.41533725282
1.566655229920509e-05	2	20	86094.74789332243
3.4343338069473484e-05	2	26	85314.36526085921
1.566655229920509e-05	2	20	85386.34963770455
4.318453140679482e-05	2	20	83705.90629555681
3.4343338069473484e-05	2	26	84853.43290483257
3.0217917395680895e-05	2	20	87233.3801490959
1.566655229920509e-05	2	20	85044.53838324784
3.097287697408069e-05	2	20	84251.45678268724
4.318453140679482e-05	2	20	83880.05211004193
3.489255985201636e-05	2	26	84407.75980152469
3.113119878130783e-05	2	20	86835.27126754473
4.318453140679482e-05	2	20	85276.1647003267
1.566655229920509e-05	2	20	83580.63255490806
3.5761842317198764e-05	2	26	86516.81780729722
3.5598511993377044e-05	2	26	90243.54968749142
2.897352208661075e-05	2	20	85431.57289857374
4.318453140679482e-05	2	20	85603.13087910856
1.566655229920509e-05	2	20	84472.840911683
2.8119403101344675e-05	2	20	87243.3884200474
3.4343338069473484e-05	2	26	84815.22424329256
4.318453140679482e-05	2	20	84526.30742708156
1.566655229920509e-05	2	20	84413.279748825
1.566655229920509e-05	2	20	85487.96856772536
4.318453140679482e-05	2	20	84886.26239913408
2.704047730973269e-05	2	20	85139.9938017516
3.4343338069473484e-05	2	26	85932.67273379982
2.6579139441457967e-05	2	20	84236.78254845872
3.4343338069473484e-05	2	26	84688.3888710894
4.318453140679482e-05	2	20	84783.56900129886
1.3697708653698912e-05	2	20	84232.45504375339
4.318453140679482e-05	2	20	84638.16202567282
2.4579862691927873e-05	2	20	83880.66877053135
3.158028243081008e-05	2	26	85358.56534550054
1.3697708653698912e-05	2	20	85443.71517422948
1.3697708653698912e-05	2	20	84780.64998859107
4.318453140679482e-05	2	20	85053.02092758354
2.4171028557152207e-05	2	20	84534.26236194329
3.1033327317613334e-05	2	26	84650.24966299848
3.376578763139224e-05	2	26	88006.69156096634
2.3472695193033194e-05	2	20	85348.61038750995
4.318453140679482e-05	2	20	85316.26037488625
1.096635982003614e-05	2	22	84367.51484080573
3.1021881108855555e-05	2	24	85688.06837883737
1.096635982003614e-05	2	22	86048.29150739043
4.318453140679488e-05	2	20	83839.40936315528
2.2527296001376506e-05	2	20	84819.5450411537
1.096635982003614e-05	2	22	86465.85457288518
4.318453140679482e-05	2	20	84279.12227059639
3.1033221164366876e-05	2	24	84161.89979155466
2.2758197475682526e-05	2	20	85019.60467508444
1.096635982003614e-05	2	22	88884.81185647968
2.3299955468559952e-05	2	20	85718.84081268092
4.318453140679482e-05	2	20	84001.37643477212
3.1059383903461926e-05	2	24	84026.61019492015
1.3697708653698912e-05	2	20	88276.58914901028
2.458741040721205e-05	2	20	85221.70647763611
3.153760807908303e-05	2	24	88543.05926652151
4.318453140679482e-05	2	20	86301.15773576855
2.5661310329629934e-05	2	20	86106.89694706388
3.1085184260499346e-05	2	26	87331.17659207091
1.566655229920509e-05	2	20	83835.33611743429
4.318453140679482e-05	2	20	84266.72446359046
4.318453140679482e-05	2	20	86861.22923857949
1.566655229920509e-05	2	20	86470.62504466025
3.552462439742666e-05	2	24	86242.9174569177
2.4893245777122016e-05	2	20	85543.03161935105
2.5252422129554674e-05	2	20	86523.5889451801
1.566655229920509e-05	2	20	84421.24589163736
4.318453140679482e-05	2	20	86432.91648701206
3.5538722972558865e-05	2	24	85359.67995182541
4.318453140679482e-05	2	20	88090.06590369064
1.3697708653698912e-05	2	20	85741.63051033074
2.457397409291616e-05	2	20	85175.18039337822
3.4675809519605764e-05	2	24	86920.50685563826
3.418417390747904e-05	2	24	87713.68181609383
4.318453140679482e-05	2	20	85115.68292193286
2.4416597273483284e-05	2	20	83519.5308987384
1.3697708653698912e-05	2	20	83957.54694529783
2.3609220101782917e-05	2	20	88260.99887726235
1.3697708653698912e-05	2	20	86809.92876177124
4.318453140679482e-05	2	20	85351.83667810456
3.058918955053025e-05	2	26	85378.86102576133
4.318453140679482e-05	2	20	86288.87093408762
1.3697708653698912e-05	2	20	85695.27544141366
2.452788990624131e-05	2	20	84812.69878052452
3.073922236448928e-05	2	26	85462.20128957804
2.4364063053636093e-05	2	20	87307.80812578803
4.318453140679482e-05	2	20	87028.07431129918
1.3697708653698912e-05	2	20	84045.01764120451
3.0361619304750365e-05	2	26	83014.50354574007
1.3697708653698912e-05	2	20	88474.01333850375
2.3481468033779733e-05	2	20	85475.8400220727
2.5855881590611828e-05	2	25	89018.43914238221
4.318453140679482e-05	2	20	85507.46848553198
1.3697708653698912e-05	2	20	84491.74940964006
2.561389028005569e-05	2	20	86330.99245992057
4.318453140679482e-05	2	20	84894.61628140928
3.4343338069473484e-05	2	26	84451.14013345144
1.3697708653698912e-05	2	20	85443.17057586172
4.318453140679482e-05	2	20	84323.27144404399
2.4415094707586736e-05	2	20	84338.15880357359
3.4343338069473484e-05	2	26	86068.09468663152
1.3697708653698912e-05	2	20	86474.18983703715
4.318453140679482e-05	2	20	84608.16584717363
2.4127553667991274e-05	2	20	87601.13717619838
3.4343338069473484e-05	2	26	83900.8394118052
1.566655229920509e-05	2	20	85275.61660010043
5.110987725496779e-05	2	20	84585.50308848861
3.586986396991233e-05	2	20	85284.08223820852
3.4343338069473484e-05	2	26	84941.45663373446
1.566655229920509e-05	2	20	84586.14981050992
3.6174321049032285e-05	2	20	85996.94825026815
3.160229312416441e-05	2	26	86362.61510686744
5.110987725496779e-05	2	20	83389.33099989622
1.7955981731557183e-05	2	20	86133.30811491856
5.149551348013831e-05	2	20	84056.79455532944
3.971833911591197e-05	2	20	83724.27846099641
3.201487438067605e-05	2	26	84851.408927959
4.626673046417113e-05	2	20	85781.42912551327
6.147864606240393e-05	2	20	85305.83138723447
2.0588942932548347e-05	2	20	85084.40399478692
3.5380700111993854e-05	2	25	84496.79305958495
2.569066029196993e-05	2	20	86309.426056047
4.899734358533131e-05	2	20	85625.34518259476
1.3697708653698912e-05	2	20	87061.57345596064
3.815988938683981e-05	2	25	84557.26229620527
4.859961741849457e-05	2	20	85603.60266387109
1.3697708653698912e-05	2	20	84720.63283489851
2.557394286035085e-05	2	20	87387.35078341898
3.907421346818243e-05	2	25	85308.56647818675
2.174419670308133e-05	2	20	86486.85326476434
3.610826957669586e-05	2	25	85054.60829073965
4.8349588169654454e-05	2	20	84795.05377874624
6.147864606240393e-05	2	20	85953.03087283873
6.147864606240393e-05	2	20	87368.26087047812
4.8908658301777375e-05	2	20	85690.01342774928
2.0945123338255265e-05	2	20	84016.44100406504
3.791114214523054e-05	2	24	83969.68853587608
4.5342522262603045e-05	2	21	85985.53131751352
5.834959098167286e-05	2	20	84469.57842212314
2.1423450846981894e-05	2	20	83382.3976636142
3.538380113243998e-05	2	25	85213.11673716495
4.8473346189741765e-05	2	20	84539.25319009853
6.147864606240393e-05	2	20	84706.90611635694
2.1572182118382223e-05	2	20	85044.67187936735
3.6286839018202995e-05	2	25	85849.90007732627
6.147864606240393e-05	2	20	86595.7880536908
2.0837426125017044e-05	2	20	84946.69507466015
3.7917197220246146e-05	2	24	85302.06512950614
5.048100294942503e-05	2	20	83522.64483580945
2.0669338038132488e-05	2	20	85041.02784078191
6.147864606240393e-05	2	20	85749.3496137241
5.05203772094191e-05	2	20	84509.77353280046
3.81170374197028e-05	2	25	84931.6402125055
2.0511066864725264e-05	2	20	85854.72391457234
3.4184095399867934e-05	2	20	85434.04673730514
3.853458103800943e-05	2	25	87233.5008326398
5.073628745610306e-05	2	20	84527.04869905957
2.059803684359172e-05	2	20	84430.6743830473
5.09581728452367e-05	2	20	85365.1542494094
5.578129188459756e-05	2	24	87745.29435932334
3.791114214523054e-05	2	24	85136.31405292546
2.0728321286536975e-05	2	20	86144.07291591249
6.147864606240393e-05	2	20	84427.07809213836
3.791114214523054e-05	2	24	83334.50358524498
5.0439400579350516e-05	2	20	83760.53515738201
6.147864606240393e-05	2	20	85294.32054583487
2.0526706206804074e-05	2	20	86397.7895400327
5.1315073108076856e-05	2	20	85192.32763741589
3.791114214523054e-05	2	24	86952.99303599095
6.147864606240393e-05	2	20	88547.52208380066
5.1442343235121504e-05	2	20	85734.48323076579
3.791114214523054e-05	2	24	86435.81122770935
2.0611675238103763e-05	2	20	86194.82657885544
5.0278521005829966e-05	2	20	90389.3463122277
2.0886141088166367e-05	2	20	85722.65925576208
3.791114214523054e-05	2	24	85932.18830338323
6.147864606240393e-05	2	20	84197.49833959821
3.5971573636959e-05	2	25	87166.52486061872
6.147864606240393e-05	2	20	85962.00065684337
4.9411964215267876e-05	2	20	84426.06486085177
2.160383675607178e-05	2	20	84040.98352913841
2.168156576224069e-05	2	20	86472.93932560002
4.9622553449217574e-05	2	20	83639.1977383594
3.7353538471693497e-05	2	24	84210.24897049382
6.147864606240393e-05	2	20	84640.288750797
5.042814619791924e-05	2	20	86356.3724046402
2.832464946473971e-05	2	20	84950.76722560493
1.566655229920509e-05	2	20	84524.04737111146
4.2217615513160086e-05	2	25	84952.01127198047
3.791114214523054e-05	2	24	86548.4076471272
2.1028515743212188e-05	2	20	86583.67739117223
6.147864606240393e-05	2	20	85179.41227252735
5.019575501560741e-05	2	20	85867.0422797002
2.0894299679901747e-05	2	20	86144.71056686205
3.791114214523054e-05	2	24	86943.82868164111
6.147864606240393e-05	2	20	86244.55199436544
5.036764630300069e-05	2	20	82955.85607346547
2.0860530966641145e-05	2	20	85933.85763516778
5.055662051569698e-05	2	20	84636.26851079825
6.147864606240393e-05	2	20	83696.74591526987
3.718580363311466e-05	2	24	84705.43569733942
5.135578423000717e-05	2	20	87494.90010833344
2.0729184395369492e-05	2	20	85539.33441309448
3.791114214523054e-05	2	24	86283.21545403995
6.147864606240393e-05	2	20	86223.8461170028
5.061309682489743e-05	2	20	85795.34653706169
2.0775713621097853e-05	2	20	84965.66730920337
3.714919801050139e-05	2	24	84806.78394846898
6.147864606240393e-05	2	20	84598.75349053055
2.9348413769830452e-05	2	21	87836.51750329079
4.2217615513160086e-05	2	25	87830.81850034428
1.566655229920509e-05	2	20	84820.13966682197
5.1033941970346895e-05	2	20	85445.39946879192
1.9901182542407823e-05	2	20	86086.16630129871
3.5994612596275384e-05	2	24	89444.39804303183
6.147864606240393e-05	2	20	84384.25171109573
5.097039143430202e-05	2	20	83450.82970032215
6.147864606240393e-05	2	20	86564.35330982288
3.686067219713917e-05	2	21	85710.90588095352
5.1771203907483864e-05	2	20	85693.67982339326
1.9760081376501072e-05	2	20	86946.34052361788
5.1265173947004896e-05	2	20	83686.04441588424
6.147864606240393e-05	2	20	85955.30629515238
3.686067219713917e-05	2	21	84473.91986936331
1.985781751129659e-05	2	20	84325.42519115107
5.134245831407741e-05	2	20	85268.1564412004
6.147864606240393e-05	2	20	84234.82146986562
1.9833924872120714e-05	2	20	84671.22470714599
3.686067219713917e-05	2	21	85022.65102695426
3.686067219713917e-05	2	21	87862.56046145529
6.147864606240393e-05	2	20	87988.93079002407
5.1775665930033364e-05	2	20	84378.94089624615
1.9780184894285382e-05	2	20	85759.69320851672
5.1298963450440293e-05	2	20	91596.53721549785
3.686067219713917e-05	2	21	85550.4707740544
1.9697439037093405e-05	2	20	84957.81039678652
6.147864606240393e-05	2	20	83416.94218409571
6.147864606240393e-05	2	20	88302.30950062696
2.011810319409969e-05	2	20	85441.2449249078
5.074288749649115e-05	2	20	84351.3756159909
3.67438336303709e-05	2	24	83763.74929264921
4.991078021310848e-05	2	20	85579.88177620008
6.147864606240393e-05	2	20	85614.6298017282
3.6814902752295386e-05	2	24	86412.18706430469
2.021629375711517e-05	2	20	85165.70999114738
4.993207554813955e-05	2	20	86349.64727883716
2.019291785420016e-05	2	20	84093.86081682701
6.147864606240393e-05	2	20	86902.79930614703
3.680210160338764e-05	2	24	86505.87889037751
4.946544813669269e-05	2	20	84244.90050001857
2.035593097504395e-05	2	20	86524.19404071796
3.642753051705937e-05	2	24	85403.58989489808
6.147864606240393e-05	2	20	84336.15086155605
6.147864606240393e-05	2	20	86493.20659349082
3.6608159636329504e-05	2	24	86138.37502890747
2.0141053344062172e-05	2	20	83587.73700968976
4.992149923793549e-05	2	20	84952.86179312978
4.978090409685136e-05	2	20	85926.61239241154
6.147864606240393e-05	2	20	85676.33736397445
2.0124864203384055e-05	2	20	85957.64241517402
3.640214656609693e-05	2	24	84476.36868389712
4.973994186045475e-05	2	20	84613.72968219618
6.147864606240393e-05	2	20	85375.61825074344
3.6391731806868424e-05	2	24	85376.16014531266
2.0133057155764698e-05	2	20	84454.2054375315
3.6387452154579046e-05	2	24	86688.62686253301
2.0018779674380583e-05	2	20	88143.28440469615
4.990904321624367e-05	2	20	84862.42786115504
6.147864606240393e-05	2	20	84577.96788305198
3.6572734572573804e-05	2	24	85852.005452932
5.018742269886254e-05	2	20	86308.83033845728
6.147864606240393e-05	2	20	85270.13107645928
2.001978267643091e-05	2	20	83315.38995749752
2.000705393588973e-05	2	20	86501.48388058925
5.021576830719815e-05	2	20	84373.05408595747
6.147864606240393e-05	2	20	84204.87881917928
3.643519610628893e-05	2	24	85406.09291760612
6.147864606240393e-05	2	20	87361.24805992146
1.9946928072592242e-05	2	20	84970.44591229464
3.667793898552266e-05	2	24	87593.04978928866
5.072337083818478e-05	2	20	85461.6746801009
5.0222720839393785e-05	2	20	84619.44252044304
6.147864606240393e-05	2	20	84131.48817945582
3.634711384904583e-05	2	24	85517.89051333396
1.999989108352063e-05	2	20	83478.49280905703
3.634835700321289e-05	2	24	86636.52342800642
5.068901089697172e-05	2	20	84950.70329384704
6.147864606240393e-05	2	20	83984.46692736931
1.9870309795382745e-05	2	20	84634.51043281605
3.686067219713917e-05	2	21	86569.94276914261
5.125303830192158e-05	2	20	84037.9610271187
1.9786594915902264e-05	2	20	84804.82305223936
6.147864606240393e-05	2	20	83709.83964520323
3.686067219713917e-05	2	21	86006.04796130556
5.212794236991446e-05	2	20	84953.90340415233
6.147864606240393e-05	2	20	84886.75893119093
1.968113541562353e-05	2	20	84837.23814095814

Best value: 82955.85607346547 at [Gamma, Alpha, #Firefly] = [5.036764630300069e-05, 2, 20], found in 4293.330095529556 s