4.366983717582745e-05	3	24	95642.26098147237
4.946795347851505e-05	3	36	92659.88791219401
6.956640888803415e-05	2	25	85348.24815280421
5.69924455218762e-05	2	24	88398.47695838829
5.815180052438533e-05	2	24	88745.56114535988
4.693699583046466e-05	1	22	83228.71023134526
3.745491454236246e-05	3	27	86176.3659855495
5.4483426026041085e-05	1	34	83976.38593431178
4.877986446268303e-05	1	22	82549.23725740172
5.6218049033848104e-05	1	34	85234.88509688506
5.444532398587111e-05	1	33	83847.10656813787
4.579414137932222e-05	1	22	80523.34270740797
4.39448353000894e-05	1	20	87481.21705339744
4.8216086479247897e-05	1	21	81073.84222084348
3.701562370025317e-05	1	21	81017.18633974402
4.7905378459742084e-05	1	20	81889.04894310054
4.448821681310667e-05	1	28	88467.86228340762
4.398784083274803e-05	1	24	84828.49790735981
5.633421837374858e-05	1	21	80086.38091200215
3.3140277294920035e-05	1	23	80237.00125625634
3.5011423198853186e-05	1	20	87482.35629612765
5.5634845546073455e-05	1	20	83600.77860166707
6.588103412918197e-05	1	20	80768.71292521758
2.9735141385854263e-05	1	22	81184.16639639267
7.242327743793136e-05	1	21	83932.49215765836
2.1211674188697712e-05	1	23	83075.01451172774
3.107831777313369e-05	1	23	83095.21753375558
6.109547947590345e-05	1	22	80536.37292976669
5.992100185431515e-05	1	21	84705.3844457528
6.406581484394794e-05	1	25	84606.65986807313
3.3937388975390645e-05	1	22	84169.08654732222
5.300052226333455e-05	1	22	82061.52462450124
1.0812973895456634e-05	1	24	88978.57706539058
6.234658842244391e-05	1	20	85501.76175594027
2.729491753746795e-05	1	23	87163.6206390954
5.2296810840683105e-05	1	21	85563.80789028018
3.693586497442787e-05	1	21	83919.35869857008
9.248569290178045e-05	1	20	81363.2107364173
5.643151055567136e-05	1	21	81830.22367067842
0.0001	1	37	83781.6154898683
9.382980393107475e-05	1	20	84731.45475268069
9.837356599487864e-05	2	21	86791.79953592521
5.6794013886292275e-05	1	21	81453.3775069186
9.918895940985209e-05	1	29	86965.71047583516
0.0001	5	20	94399.24258039516
7.617561582142266e-05	1	20	83114.76153138386
5.663819338094314e-05	1	21	82055.356998662
3.5669459038905805e-05	1	22	80110.41338073372
3.5011423198853186e-05	1	20	84553.9310812914
5.470273373239189e-05	1	20	82338.97333026261
7.572107099754288e-05	1	21	80784.60351105593
0.0001	1	40	89221.8488125384
5.940366187431965e-05	1	20	86939.06134561606
3.5011423198853186e-05	1	20	83067.66758749032
5.963622503490439e-05	1	31	86301.58629896962
8.478952699406783e-05	1	21	81638.48510306943
9.288553924505565e-05	1	21	85645.54465340354
6.623752830163034e-05	1	20	83927.61813120786
3.5011423198853186e-05	1	20	82893.01666829851
5.249857604456605e-05	1	30	83194.10299300072
3.5011423198853186e-05	1	20	82691.0192300875
5.4937333213733494e-05	1	20	82222.32184690003
5.249857604456605e-05	1	30	86857.84400203777
8.478952699406783e-05	1	21	80014.98400349812
7.243136160200277e-05	1	20	82587.54562826408
9.288553924505565e-05	1	21	87394.05554156886
1.8578247972235567e-05	1	20	84493.9037918475
4.177164233318896e-05	1	21	81510.92092230527
5.4134136585824276e-05	1	20	83591.00463013802
7.572107099754288e-05	1	21	82752.99705369028
9.288553924505565e-05	1	21	81112.46333763005
3.11962830195997e-05	1	20	79725.54779492252
5.115967159820478e-05	1	20	85023.99458250872
2.629797391205475e-05	1	20	80922.19236207345
9.879541127337757e-05	1	20	83111.13648877927
7.572107099754288e-05	1	21	81041.79511685416
9.288553924505565e-05	1	21	83016.58090963165
7.496197914850802e-05	1	20	82404.62006338991
5.633421837374858e-05	1	21	82101.726716798
3.654252754358757e-05	1	20	81652.54763318282
5.633421837374858e-05	1	21	85181.92900355121
3.8954281685361383e-05	1	20	84729.61825463906
9.288553924505565e-05	1	21	83557.84927684336
7.671260017872624e-05	1	20	84023.49821507868
3.8030381954508176e-05	1	20	85801.70165542592
1.8578247972235567e-05	1	20	81481.58188076367
7.685621572760106e-05	1	20	84280.29905575255
6.406581484394794e-05	1	25	83099.88152233626
3.501142319885334e-05	1	20	80545.91836434192
7.070087350212424e-05	1	20	82350.7247647298
9.288553924505565e-05	1	21	82190.60283810788
1.363153849562223e-05	1	20	83558.98020230251
4.4082236557856375e-05	1	20	85289.39520286061
7.572107099754288e-05	1	21	81641.84949304076
9.879541127337757e-05	1	20	78984.43354568211
1.8578247972235567e-05	1	20	80024.57239777401
5.633421837374858e-05	1	21	86224.5367160409
8.515606897318434e-05	1	20	84464.36263354482
3.0721921258990866e-05	1	20	87604.69509818348
1.1014997117604842e-05	1	20	83171.83812910967
9.879541127337757e-05	1	20	87722.65246751811
7.900469499685068e-05	1	20	83723.12174995779
1e-05	1	40	92090.2841734719
2.6577883946018754e-05	1	20	80752.86599639629
9.878465684681115e-05	1	23	89082.78114841641
1.0614336635669476e-05	2	20	91242.42740982969
7.665159077347965e-05	1	20	84242.74140035233
2.915486627107261e-05	1	20	81147.24252632947
2.753407882096477e-05	1	20	86036.15799664447
7.634379628192795e-05	1	21	82611.94570179377
5.194920127584617e-05	1	21	83278.77528345061
7.354741528738042e-05	1	31	84250.57521801307
3.119628301960121e-05	1	20	81663.1274495844
7.422364917601649e-05	1	20	81423.44645180766
9.879541127337757e-05	1	20	82885.23403148245
6.871380573843709e-05	1	29	84544.39681445513
7.552871650887182e-05	1	20	84568.79067104285
9.879541127337757e-05	1	20	83245.40425001712
3.11962830195997e-05	1	20	81479.87175090968
5.365963859750872e-05	1	24	81602.47247364925
7.637471829579086e-05	1	20	85006.92008458558
2.9285710296111345e-05	1	20	82792.40960942667
5.365963859750872e-05	1	24	84730.83683922255
9.879541127337757e-05	1	20	80475.31661575151
2.9462413972248896e-05	1	20	85802.53767026789
7.980032797133508e-05	1	20	82704.77160187604
9.879541127337757e-05	1	20	84168.22928697192
5.3801354150302206e-05	1	21	81956.70433323961
7.982324030401707e-05	1	20	84452.82322114124
3.13933660399715e-05	1	20	80765.64906969374
5.852580781887712e-05	1	23	82165.93986930446
9.879541127337757e-05	1	20	80889.59540110144
7.504670905834548e-05	1	21	87996.23639036447
3.01649770379024e-05	1	20	82045.14643402507
5.2570346274753066e-05	1	22	83503.1535756384
9.877156538524858e-05	1	20	82121.52704967819
3.073647837208015e-05	1	20	82525.28782222219
8.752251282909457e-05	1	20	79466.9632776943
5.633421837374858e-05	1	21	83386.48031619741
6.871380573843709e-05	1	29	81345.04702895386
5.852580781887712e-05	1	23	88766.15633835107
2.993448098464142e-05	1	20	82386.09366883725
7.354741528738042e-05	1	31	87215.44223761847
8.795043559760029e-05	1	20	79914.54746214968
8.827495309107801e-05	1	20	88134.26366170355
1.579158589633289e-05	1	20	85830.17558292838
3.09038259200519e-05	1	20	83684.0379992448
5.633421837374858e-05	1	21	83722.70048839904
8.823664246459315e-05	1	20	86968.56972187075
1.8578247972235567e-05	1	20	83098.01545899933
6.15898263894219e-05	1	22	83183.74432475516
3.4770098395082224e-05	1	20	81914.78730479322
5.633421837374858e-05	1	21	83461.10599677851
8.71911653216057e-05	1	20	81434.84738470979
1.8578247972235567e-05	1	20	81106.1836548767
3.483981103373408e-05	1	20	84157.22278460892
1.579158589633289e-05	1	20	85255.26207591663
5.633421837374858e-05	1	21	83784.37755620535
3.1734382641762606e-05	1	20	79092.26689163243
8.607628718206642e-05	1	20	84184.11558165359
5.633421837374858e-05	1	21	86430.84972914362
1.8578247972235567e-05	1	20	82858.83464726519
8.624481762376044e-05	1	20	80527.85231967147
3.238965117717388e-05	1	20	79073.63997509329
1.8578247972235567e-05	1	20	82546.93536602052
3.149465844991842e-05	1	20	82209.38814422836
8.663323288556815e-05	1	20	81485.4453856967
5.633421837374858e-05	1	21	82053.44560601618
3.114805823769173e-05	1	20	85642.17819770999
1.8578247972235567e-05	1	20	86658.90088589108
8.654354131639616e-05	1	20	85486.41219109176
5.633421837374858e-05	1	21	81421.4438708944
1.8578247972235567e-05	1	20	85568.66106916759
3.409227424512526e-05	1	20	86438.52217046873
8.701837240916393e-05	1	20	84324.94220754548
5.633421837374858e-05	1	21	80310.77369942876
9.879541127337757e-05	1	20	83358.23406277876
7.572107099754288e-05	1	21	86056.16903386598
3.68255723038932e-05	1	20	80812.39071688082
1.8578247972235567e-05	1	20	81869.18761232846
6.451664380342385e-05	1	22	88082.11350097407
9.092324137573255e-05	1	20	84294.93726747707
3.636269687045408e-05	1	20	83134.61037688624
1.8578247972235567e-05	1	20	84554.78098080512
1.8578247972235567e-05	1	20	86180.46693153813
9.302823956787512e-05	1	20	80973.62718229892
3.595661648353058e-05	1	20	84549.20232711692
6.451664380342385e-05	1	22	81130.63926418369
3.741895392319501e-05	1	20	88519.21129044451
9.426571570228141e-05	1	20	82373.48601248616
1.8578247972235567e-05	1	20	82710.57615085652
6.749065492900337e-05	1	20	83031.50105350427
3.4278935680906046e-05	1	20	85934.78901900933
6.749065492900337e-05	1	20	86432.97330465999
1.8578247972235567e-05	1	20	84117.87764974489
9.418221422401585e-05	1	20	85245.9410929048
6.15898263894219e-05	1	22	84260.75862823111
9.228060242580507e-05	1	20	84301.73126154757
3.314850893518059e-05	1	20	82231.5997127637
1.579158589633289e-05	1	20	81450.89629508296
1.3821760248049078e-05	1	20	85740.01335247412
3.225553341781167e-05	1	20	85560.5366534616
9.055080072055286e-05	1	20	82443.14399406438
5.633421837374858e-05	1	21	84342.63591515529
3.233821512214895e-05	1	20	84958.80763355289
7.354741528738042e-05	1	31	90865.38433861916
9.078078184748096e-05	1	20	80712.94555999919
5.838997119003597e-05	1	21	84104.87137869923
6.749065492900337e-05	1	20	86649.99157851755
1.579158589633289e-05	1	20	81687.55917411624
9.438364376603895e-05	1	20	82977.00248468001
3.270017787067592e-05	1	20	84401.8023995585
1.579158589633289e-05	1	20	87685.68248772662
3.157695786452285e-05	1	20	85457.31427906788
6.749065492900337e-05	1	20	80484.39186525847
9.566425934109501e-05	1	20	80890.9553202391
1.8578247972235567e-05	1	20	87576.578002173
6.749065492900337e-05	1	20	82301.31591433076
3.605834575404748e-05	1	20	85180.44969526592
9.94168104084318e-05	1	20	82512.67309830149
0.0001	1	20	85008.43418550985
4.630181155983183e-05	1	20	80053.86674385183
7.426527761512191e-05	1	20	81612.0626543403
1.8578247972235567e-05	1	20	80484.39283731153
9.986069631814423e-05	1	20	85847.19347902136
4.610861066514177e-05	1	20	84185.26857276665
1.8578247972235567e-05	1	20	81001.5157297751
7.426527761512191e-05	1	20	83501.92669052204
1.8578247972235567e-05	1	20	82671.78243824016
7.117691856812282e-05	1	20	85985.77888381756
9.400285236637963e-05	1	20	83366.69243406081
4.56821775763163e-05	1	20	82685.66397108995
1.8578247972235567e-05	1	20	85090.74764984197
4.488339586485303e-05	1	20	80402.05766268725
7.117691856812282e-05	1	20	82986.84437657896
9.517383561534461e-05	1	20	82044.75486627973
9.50318618613296e-05	1	20	82343.12667798651
4.513625953596948e-05	1	20	86183.75088695996
1.8578247972235567e-05	1	20	82853.76591225687
6.749065492900337e-05	1	20	81888.04809351805
4.5709508501770014e-05	1	20	87173.58963500238
7.117691856812282e-05	1	20	85690.23645047238
1.8578247972235567e-05	1	20	79456.02272493727
9.576680603450375e-05	1	20	82343.53926770797
9.065707383309152e-05	1	20	85187.35341357432
2.8508029075139024e-05	1	20	81801.1180044751
5.7234311706412487e-05	1	20	82228.49217857697
1.363153849562223e-05	1	20	81290.19015723893
5.7234311706412487e-05	1	20	85074.70978092375
9.058782655463034e-05	1	20	86599.62546137623
2.8278235981183724e-05	1	20	79295.34267965709
1.363153849562223e-05	1	20	84520.97728752039
2.8470191159969205e-05	1	20	84346.40164848423
9.057089670205955e-05	1	20	82590.57195830885
5.633421837374858e-05	1	21	84229.70400112934
1.363153849562223e-05	1	20	81297.75533709461
5.7234311706412487e-05	1	20	85094.43457842189
1.363153849562223e-05	1	20	82230.31800272709
9.061212531769065e-05	1	20	80920.99816323351
2.7969693663741846e-05	1	20	83456.51300606421
5.633421837374858e-05	1	21	83774.41369075575
2.755021599639777e-05	1	20	83285.18118871065
9.054331180280457e-05	1	20	80578.85436133963
1.089246088550333e-05	1	20	79355.85788624696
1.1014997117604842e-05	1	20	81224.88356255364
9.11503674965061e-05	1	20	80977.80265213651
2.6707456905879234e-05	1	20	84675.97565788162
5.633421837374858e-05	1	21	81378.24711373272
9.122398114720414e-05	1	20	82820.92857413748
1.1014997117604842e-05	1	20	82226.26363156766
5.633421837374858e-05	1	21	81158.46368833384
2.6291849886547202e-05	1	20	79619.2437022132
2.5681274311717594e-05	1	20	87026.05141260129
5.633421837374858e-05	1	21	82586.96559647094
1.1014997117604842e-05	1	20	82542.60684249316
9.122522223980613e-05	1	20	81270.85313443442
5.633421837374858e-05	1	21	85452.89673932227
2.6382909861964677e-05	1	20	83852.31530704124
1.1014997117604842e-05	1	20	82814.26463151959
9.126453719300422e-05	1	20	82777.9103846559
5.633421837374858e-05	1	21	84130.31382675678
1.1014997117604842e-05	1	20	83529.19746654549
2.6512930358483466e-05	1	20	86827.86791450025
9.108819702960852e-05	1	20	84002.10847516722
1.1014997117604842e-05	1	20	87149.76976869818
2.6113435753126574e-05	1	20	84160.05719040733
5.633421837374858e-05	1	21	80512.6777640335
9.125170322115421e-05	1	20	81895.78166884603
5.633421837374858e-05	1	21	85277.13770167204
2.7164850884671156e-05	1	20	81923.68296490554
1.1014997117604842e-05	1	20	81299.91832863717
9.152328551844551e-05	1	20	79950.59424653144
9.165685134510173e-05	1	20	83268.26655728575
2.6106679362587786e-05	1	20	83489.63701411526
1.1014997117604842e-05	1	20	82989.74503349459
5.633421837374858e-05	1	21	84358.42164173814
2.634319241878862e-05	1	20	88872.35262191764
9.152447074631137e-05	1	20	84839.15049342641
1.1014997117604842e-05	1	20	81155.70239547438
5.633421837374858e-05	1	21	83270.30612002935
2.4555469185979796e-05	1	20	83088.33397163791
5.633421837374858e-05	1	21	85773.15092019507
1.1014997117604842e-05	1	20	80602.7275673996
9.135639354480078e-05	1	20	82077.42837632276
9.122824286666192e-05	1	20	83086.94707504383
1.9319466245973673e-05	1	20	79300.5500379403
5.633421837374858e-05	1	21	82016.30485657898
1.2023493708449718e-05	2	20	80338.15139679093
9.123381088629192e-05	1	20	86120.59912339316
5.633421837374858e-05	1	21	80469.35446078636
1.7926512753078052e-05	1	20	85971.59470839024
1.0614336635669476e-05	2	20	82814.95427264125
5.633421837374858e-05	1	21	80727.27102799305
9.110486856011648e-05	1	20	83247.26638747325
1.335521324904217e-05	1	20	81818.38446616086
1.0614336635669476e-05	2	20	85273.94135894923
3.004730214383055e-05	1	20	87554.72358669856
5.633421837374858e-05	1	21	83331.02765916304
1.2574797193187414e-05	1	20	83430.18906807792
9.103311941230629e-05	1	20	82668.96876232752
9.10220443898112e-05	1	20	86905.10819073515
4.751034846093092e-05	1	21	84658.94039490222
1e-05	1	20	81704.27716282483
1.0614336635669476e-05	2	20	83923.04091303067
9.039684473440839e-05	1	20	83065.34702657346
1e-05	1	20	82405.04714642178
4.751034846093092e-05	1	21	80217.92482066393
1.0614336635669476e-05	2	20	81643.37878397417
9.055364484499196e-05	1	20	85937.66819038762
1e-05	1	20	84438.35099261516
4.751034846093092e-05	1	21	82245.37986977489
1.0614336635669476e-05	2	20	82751.87299506231
4.751034846093092e-05	1	21	84998.97674585204
9.045144637457916e-05	1	20	82444.89068869493
1e-05	1	20	81370.12460863354
1.0614336635669476e-05	2	20	84817.93212781212
1e-05	1	20	87137.00090396151
4.751034846093092e-05	1	21	84485.13889934265
9.037381428021031e-05	1	20	81601.77776516971
1.0614336635669476e-05	2	20	82361.77943775777
1e-05	1	20	83206.40201956774
4.751034846093092e-05	1	21	83098.06565658473
9.042540476420073e-05	1	20	85656.58865941454
1.0347254727479731e-05	3	20	88783.03442147537
1e-05	1	20	84611.59116282959
4.751034846093092e-05	1	21	84378.9246271022
9.055277295573603e-05	1	20	79891.06260099667
1.0614336635669476e-05	2	20	86228.60156577734
1.1336143035528181e-05	1	20	82971.1994181413
9.06324520078491e-05	1	20	84283.19890586469
4.751034846093092e-05	1	21	83638.81779990699
1.0614336635669476e-05	2	20	77185.44513835937
1.0347254727479686e-05	3	20	91788.71431415666
9.06838763546175e-05	1	20	83650.19831034241
1e-05	1	20	85404.56549422914
4.751034846093092e-05	1	21	79353.14991396817
9.107810079071822e-05	1	20	82799.15417764065
7.151067570510561e-05	1	33	88041.25823820508
1.2441128664946927e-05	1	20	80550.62385300969
4.820182771396712e-05	1	21	83826.2304274094
9.13249581945181e-05	1	20	84251.58890882265
6.871380573843709e-05	1	29	89247.57573118704
4.820182771396712e-05	1	21	82149.96355093658
1.1951295963321599e-05	1	20	80720.11308410642
9.170213419247665e-05	1	20	85323.77167242148
4.751034846093092e-05	1	21	83247.53552282383
7.870421425171279e-05	2	20	89984.71722004126
1.1567597780775493e-05	1	20	83467.06235387237
4.820182771396712e-05	1	21	84764.7259866482
9.522908713167491e-05	1	20	83565.04671564246
1.1551258416962349e-05	1	20	85087.09710529908
7.117691856812282e-05	1	20	80104.64170959171
1.2088394722316702e-05	1	20	86140.80549904366
3.5011423198853186e-05	1	20	82590.37573366251
9.879541127337757e-05	1	20	82697.2183097857
6.430936540111026e-05	1	20	82206.85163772514
5.633421837374858e-05	1	21	86809.76658824131
1.2763776600283653e-05	1	20	84057.97597283653
9.510137027753165e-05	1	20	83041.78225655943
3.4827155698668324e-05	1	27	81649.5516461349
5.633421837374858e-05	1	21	85961.97677242271
3.159849627806824e-05	1	29	86884.21992323887
1.2979905925901821e-05	1	20	82931.47317726475
9.538632121137684e-05	1	20	84087.29242930039
9.369835108694547e-05	1	20	82128.0556787358
5.3801354150302206e-05	1	21	83940.34244339874
1.315862958638587e-05	1	20	80205.57905265507
3.159849627806824e-05	1	29	84304.90045295199
5.3801354150302206e-05	1	21	89101.32535247604
9.454853800824814e-05	1	20	84041.58097348297
3.159849627806824e-05	1	29	87296.58937736186
1.2880588126610967e-05	1	20	83550.94655177344
9.304628763841577e-05	1	20	83384.9141248317
9.918895940985209e-05	1	29	87523.27094694853
1.3132075780776794e-05	1	20	81292.00820442848
4.820182771396712e-05	1	21	83693.42722146152
9.035566353247691e-05	1	20	87387.97544808795
1.3031731196324798e-05	1	20	85832.92098044539
4.820182771396712e-05	1	21	84943.80848357407
5.963622503490439e-05	1	31	84434.530258555
4.820182771396712e-05	1	21	82285.57044083285
1.3284297074939025e-05	1	20	81440.16593696903
9.302578556872831e-05	1	20	80507.02411897355
5.963622503490439e-05	1	31	83238.63936592134
1.3110388895771121e-05	1	20	87239.7730493386
5.633421837374858e-05	1	21	85360.43380435565
9.436297899911535e-05	1	20	82576.31116620058
4.8049100386692645e-05	1	32	87664.80213050867

Best value: 77185.44513835937 at [Gamma, Alpha, #Firefly] = [1.0614336635669476e-05, 2, 20], found in 3237.4983179569244 s