5.899146227323531e-05	4	28	99379.5047169062
4.4810840211419055e-05	4	35	97920.52110165528
9.834614751816493e-05	1	24	93347.3061805913
9.359506765953833e-05	1	36	93300.0456634099
5.654362526256864e-05	4	23	98745.13437013273
1.8576383117090623e-05	4	23	97160.05462273493
3.814312677089339e-05	4	27	100070.53226853671
2.995675296295517e-05	4	31	97999.4616066422
8.998475135138998e-05	1	27	94094.26058050807
0.0001	1	29	95471.44077417429
7.052257883731377e-05	1	32	96036.81904486948
9.979438910265485e-05	1	37	95551.873556348
9.765779840277921e-05	2	20	93905.76569933204
0.0001	1	22	94693.44605722598
6.441015127072366e-05	1	20	94376.80701458402
9.076631995483574e-05	1	36	96782.54913107856
1.7651295888361536e-05	1	20	95245.29585514394
9.765779840277921e-05	2	20	95653.73826521469
0.0001	1	20	89405.84543162756
7.164029950617993e-05	1	20	87826.53474426208
8.005272335090333e-05	1	20	93607.32263428667
0.0001	5	40	100012.74750718327
9.766003518823995e-05	1	20	92787.96530262232
1.4111330879163054e-05	1	37	95491.31843817563
3.0500240324038576e-05	1	20	91279.30592539064
1.015639080759401e-05	2	39	97783.16313176
8.710245102570532e-05	1	20	89613.87850632265
9.804021548661532e-05	1	39	93035.89781166633
8.408976966942807e-05	1	20	95577.00503154114
9.952921448646177e-05	1	24	94740.9840559664
1.4111330879163054e-05	1	37	98316.09922733382
2.720634783720768e-05	1	20	89370.59838768544
1.3675027638863524e-05	1	20	95180.9552740295
5.8347569998464554e-05	1	20	92781.12203732654
9.804021548661532e-05	1	39	95372.9885605881
9.766003518823995e-05	1	20	87820.52555966326
2.720634783720768e-05	1	20	97281.34645246538
7.164029950617993e-05	1	20	94784.2493905611
0.0001	1	20	90293.47177663511
9.804021548661533e-05	1	39	98510.17458328925
1e-05	5	20	96674.9859646188
2.720634783720768e-05	1	20	95269.68014107544
9.907691274213002e-05	2	20	93734.29757032187
0.0001	1	20	94015.93052287298
1.064454367774877e-05	4	20	98210.73988841935
9.907691274213002e-05	2	20	95196.53350815286
0.0001	1	20	90887.03075517074
2.720634783720768e-05	1	20	91704.01781210289
9.765779840277921e-05	2	20	96458.30955223677
2.720634783720768e-05	1	20	93366.43065803306
0.0001	1	20	93358.37003695956
9.804021548661532e-05	1	39	97210.78774297322
0.0001	1	20	95346.91273581357
7.164029950617993e-05	1	20	97141.97016626131
2.720634783720768e-05	1	20	92206.86877364705
9.885575058765648e-05	4	20	94704.87773331908
9.885575058765648e-05	4	20	101321.23476460656
1.7651295888360777e-05	1	20	91472.69900838507
1.4111330879163054e-05	1	37	97184.84197583343
0.0001	1	20	93307.60664988302
1.7651295888360777e-05	1	20	92877.23938673135
7.164029950617993e-05	1	20	93347.71688244911
1.1217712656277184e-05	3	20	94727.60620392227
0.0001	1	20	90852.45175765398
1.121771265627713e-05	3	20	97998.99732418466
0.0001	1	20	92618.73310330378
7.164029950617993e-05	1	20	91351.06340595704
1.7651295888360777e-05	1	20	95395.7294237248
0.0001	1	20	95970.0066105205
9.804021548661532e-05	1	39	94905.06119870294
7.164029950617993e-05	1	20	90415.84287784214
1.7651295888360777e-05	1	20	89673.00947827297
9.804021548661532e-05	1	39	96335.70641942
6.220905581753905e-05	1	21	92974.48595860256
9.519986016751865e-05	1	20	90322.02021201796
1.7651295888360777e-05	1	20	88440.3192411216
1.121771265627713e-05	3	20	97451.9835305489
6.220905581753905e-05	1	21	93937.34207395565
1.7651295888361593e-05	1	20	92694.48828793311
9.638080207931414e-05	1	20	90466.43648492968
9.804021548661532e-05	1	39	98139.6021029265
6.220905581753905e-05	1	21	94529.15055897272
0.0001	1	20	91002.27673081795
1.7651295888360777e-05	1	20	92102.84649042413
6.220905581753905e-05	1	21	93565.06943864601
1.7651295888360777e-05	1	20	94250.26927619945
0.0001	1	20	92588.14981497932
1.1977988899530196e-05	2	20	92717.01357400042
6.220905581753905e-05	1	21	94129.34128738978
1.7651295888360777e-05	1	20	90939.29833157717
0.0001	1	20	89194.48353907284
1.1977988899530196e-05	2	20	91735.39258266911
1.7651295888360777e-05	1	20	95925.57642627647
6.220905581753905e-05	1	21	95953.4192798408
0.0001	1	20	91068.98655964807
1.1977988899530196e-05	2	20	94826.44974953985
0.0001	1	20	97337.71054016633
7.164029950617993e-05	1	20	92533.23541552274
1.1977988899530196e-05	2	20	93722.73946592314
2.2279870676190387e-05	1	20	94240.07604415985
7.164029950617993e-05	1	20	94545.76200767171
1.1977988899530196e-05	2	20	95215.94436819239
1.7651295888360777e-05	1	20	93831.09168779927
0.0001	1	20	86154.52834348824
0.0001	1	20	94339.865904376
1.1217712656277374e-05	3	20	95224.6397882886
1.7651295888360777e-05	1	20	91316.0341530393
7.164029950617993e-05	1	20	94269.03009402103
1.121771265627713e-05	3	20	96884.507680106
9.804021548661533e-05	1	39	94341.09551767135
0.0001	1	20	91493.93190696221
1.7651295888360777e-05	1	20	86424.19841107931
9.804021548661532e-05	1	39	100471.90401110762
1.3700119334805657e-05	2	20	96415.23440358408
1.7651295888361184e-05	1	20	92510.07773330124
0.0001	1	20	89388.30603846659
1.7651295888360777e-05	1	20	93983.93236169752
1.121771265627713e-05	3	20	98554.83597071531
6.220905581753905e-05	1	21	93422.62058719012
0.0001	1	20	89120.06168241632
0.0001	1	20	95566.31452431843
1.121771265627713e-05	3	20	95206.39854303095
7.164029950617993e-05	1	20	92780.62900145653
1.7651295888360777e-05	1	20	92291.09703074975
0.0001	1	20	93753.4418373931
1.121771265627713e-05	3	20	94730.03926513242
1.7651295888360777e-05	1	20	89628.55596378255
6.220905581753905e-05	1	21	93145.98644318394
1.121771265627713e-05	3	20	97738.48717135967
6.220905581753905e-05	1	21	95602.26641250432
0.0001	1	20	92550.88556580199
1.7651295888360865e-05	1	20	92744.01886736452
1.7651295888360946e-05	1	20	93191.66258564974
0.0001	1	20	94435.35618323591
1.1217712656277194e-05	3	20	95362.83149415108
6.220905581753905e-05	1	21	90834.3062080036
1.1217712656277786e-05	3	20	96375.53332565584
5.3363990006342446e-05	1	21	92555.57829731572
0.0001	1	20	92819.55092135593
1e-05	1	20	92903.53195308564
1.121771265627713e-05	3	20	97372.46191900913
1e-05	1	20	92694.02151490514
0.0001	1	20	92124.9979811874
5.3363990006342446e-05	1	21	87616.48703424307
1.121771265627736e-05	3	20	97292.44088277621
0.0001	1	20	94882.85439428993
1e-05	1	20	93450.94826485003
5.3363990006342446e-05	1	21	90170.3001865256
6.220905581753905e-05	1	21	93179.28010503466
0.0001	1	20	92467.77900603908
1.8502774075767965e-05	1	20	93959.93771986707
1.1217712656277842e-05	3	20	94567.68748066187
1.121771265627713e-05	3	20	96993.62695209113
1.7651295888360777e-05	1	20	94392.34807815183
6.220905581753905e-05	1	21	95148.32286122176
0.0001	1	20	93182.72422908363
1.7651295888360777e-05	1	20	93151.9752585636
1.121771265627713e-05	3	20	96728.33411856918
6.220905581753905e-05	1	21	92282.6274210304
0.0001	1	20	93379.63211981914
1.7651295888360777e-05	1	20	94997.26179146094
0.0001	1	20	95824.35286980672
6.220905581753905e-05	1	21	94229.19589027655
1.121771265627713e-05	3	20	95384.4490725681
1.121771265627713e-05	3	20	98360.60149450434
0.0001	1	20	93222.71682476804
1.7651295888360777e-05	1	20	94637.40723869497
6.220905581753905e-05	1	21	93238.92137751717
6.220905581753905e-05	1	21	95227.87895575864
1.1217712656280977e-05	3	20	96035.39225013119
1.7651295888360777e-05	1	20	93145.47394362753
0.0001	1	20	91248.07290453205
6.220905581753905e-05	1	21	93269.33222663679
0.0001	1	20	92308.6577673007
1.7651295888360777e-05	1	20	93141.07799467367
1.121771265627713e-05	3	20	95356.18128184903
1.7651295888360777e-05	1	20	93849.81554047177
0.0001	1	20	90914.30201634458
6.220905581753905e-05	1	21	91600.23545592757
1.1217712656277416e-05	3	20	93899.19403214245
1.7651295888360777e-05	1	20	94769.60597475998
1.121771265627713e-05	3	20	96153.29630160806
6.220905581753905e-05	1	21	95645.07353285499
0.0001	1	20	91682.31141705955
1.121771265627713e-05	3	20	96506.07053054274
6.220905581753905e-05	1	21	91828.46511278415
0.0001	1	20	90269.41128200354
1.7651295888360777e-05	1	20	92675.78332167045
6.220905581753905e-05	1	21	90406.96951374918
1.7651295888360777e-05	1	20	90361.41866412817
1.121771265627713e-05	3	20	94754.76354250833
0.0001	1	20	90437.63610012575
1.121771265627713e-05	3	20	94938.51024748612
6.220905581753905e-05	1	21	95137.45787556967
1.7651295888360777e-05	1	20	92365.29108258829
0.0001	1	20	91798.20996778915
1.121771265627713e-05	3	20	98886.7033236051
6.220905581753905e-05	1	21	92872.31223960212
1.7651295888360777e-05	1	20	90636.57792513864
0.0001	1	20	93218.1339437789
1.7651295888360777e-05	1	20	93569.23143523146
1.121771265627713e-05	3	20	94332.88343941393
0.0001	1	20	94769.70698643793
6.220905581753905e-05	1	21	93590.00552137996
1.121771265627713e-05	3	20	98501.88049636276
1.7651295888360777e-05	1	20	92616.25370689287
6.220905581753905e-05	1	21	95420.94883175069
0.0001	1	20	90343.90751885278
6.220905581753905e-05	1	21	97228.28331390992
1.7651295888360777e-05	1	20	96757.60487403344
0.0001	1	20	91850.05782668901
1.121771265627713e-05	3	20	88302.0383931027
1.1217712656277386e-05	3	20	96924.69464362414
0.0001	1	20	92465.44740833198
1.7651295888360777e-05	1	20	87539.8482531724
6.220905581753905e-05	1	21	92386.55927977804
1.121771265627713e-05	3	20	98101.77875089819
6.220905581753905e-05	1	21	90020.42504296379
0.0001	1	20	89863.03511194437
1.7651295888360777e-05	1	20	91853.15106450295
1.7651295888360777e-05	1	20	94051.60699569323
1.121771265627713e-05	3	20	94889.84789279921
6.220905581753905e-05	1	21	93432.60646082959
0.0001	1	20	91307.65837227974
1.121771265627713e-05	3	20	98918.51885206871
1.7651295888360777e-05	1	20	94818.81925643305
0.0001	1	20	89719.62933573817
6.220905581753905e-05	1	21	90742.61387302305
1.7651295888360777e-05	1	20	93141.45696838062
6.220905581753905e-05	1	21	92246.85800014462
0.0001	1	20	87934.75569824857
1.1217712656277814e-05	3	20	95621.32534105727
1.1217712656277593e-05	3	20	99314.57826354221
1.7651295888360777e-05	1	20	96442.366378967
6.220905581753905e-05	1	21	94477.30075763745
0.0001	1	20	90422.98028490941
1.7651295888360777e-05	1	20	94574.26829909626
6.220905581753905e-05	1	21	95126.47524073746
0.0001	1	20	87637.24846085923
1.121771265627713e-05	3	20	92169.44499187788
1.121771265627713e-05	3	20	98503.18916649786
7.164029950617993e-05	1	20	96358.50440992558
1.7651295888360777e-05	1	20	92549.32645263078
0.0001	1	20	92297.55276592802
1.121771265627713e-05	3	20	96586.77345086455
1.7651295888360777e-05	1	20	92975.5909402956
0.0001	1	20	90771.4211417094
6.220905581753905e-05	1	21	92847.80722018212
1.1217712656277323e-05	3	20	97750.25906933118
1.7651295888360777e-05	1	20	90705.16091947169
0.0001	1	20	88187.27213446223
6.220905581753905e-05	1	21	83541.78769963581
9.885575058765648e-05	4	20	99769.8479504201
1.765129588836082e-05	1	20	92204.97674291818
0.0001	1	20	89989.22680965849
1.2483311873198457e-05	1	38	95444.89858259754
1.098035655210111e-05	4	20	98474.86330554714
0.0001	1	20	97892.93686961997
9.804021548661532e-05	1	39	100621.1581357411
1.7651295888360777e-05	1	20	96327.40603736139
0.0001	1	20	95575.97526930348
1.7651295888360777e-05	1	20	95026.90219479783
9.804021548661532e-05	1	39	96246.84261869316
1.121771265627713e-05	3	20	91827.77173815118
1.0644543677748734e-05	4	20	97712.25312874977
0.0001	1	20	93751.42421805079
1.3675027638863524e-05	1	20	94243.4672082172
9.804021548661532e-05	1	39	99497.79298235713
1.098035655210111e-05	4	20	97917.64045850115
1.3675027638863524e-05	1	20	91796.53640235176
0.0001	1	20	91253.82394535553
9.804021548661532e-05	1	39	97982.16170233209
1.121771265627713e-05	3	20	95396.94127961437
1.7651295888360997e-05	1	20	93666.16309762734
9.804021548661532e-05	1	39	97685.78336085912
0.0001	1	20	92657.04665883952
1.121771265627713e-05	3	20	93270.32139716303
0.0001	1	20	93888.26389629999
9.804021548661532e-05	1	39	96152.18773179155
1.7651295888360777e-05	1	20	91106.44218657348
0.0001	1	20	94370.01008138506
1.3675027638863524e-05	1	20	93563.3960861011
1.098035655210111e-05	4	20	94682.92474138096
9.804021548661532e-05	1	39	94761.0930128067
9.804021548661532e-05	1	39	98169.67347496051
1.098035655210111e-05	4	20	97305.08287690998
0.0001	1	20	91287.12368512992
1.3675027638863524e-05	1	20	90704.27405133826
0.0001	1	20	92400.95115637084
1.098035655210111e-05	4	20	94836.5196377071
9.804021548661532e-05	1	39	94218.54857888453
1.3675027638863524e-05	1	20	90518.98337644494
0.0001	1	20	95702.17296769828
9.804021548661532e-05	1	39	101401.28151660883
1.098035655210111e-05	4	20	99612.029720065
1.3675027638863524e-05	1	20	93937.3722370334
1.0980356552101344e-05	4	20	98471.93404640914
1.3675027638863524e-05	1	20	93807.48225777129
0.0001	1	20	91084.82741782459
9.804021548661532e-05	1	39	96680.87046090196
0.0001	1	20	94620.25570001466
1.098035655210111e-05	4	20	97309.1272633393
1.3675027638863524e-05	1	20	93425.12326657787
9.804021548661532e-05	1	39	95851.56608982905
0.0001	1	20	92762.19125374532
1.3675027638863524e-05	1	20	89856.69393833916
9.804021548661532e-05	1	39	94371.71896433493
1.0980356552103002e-05	4	20	92075.47507092118
1.0980356552101207e-05	4	20	97246.68876613105
1.3675027638863524e-05	1	20	91120.71290911683
9.804021548661532e-05	1	39	97708.12008686736
0.0001	1	20	92732.90996040776
0.0001	1	20	94443.77053687195
1.098035655210111e-05	4	20	96753.44488092682
1.367502763886502e-05	1	20	91901.91801220176
9.804021548661532e-05	1	39	93000.80244249411
1.098035655210111e-05	4	20	97106.93410048787
9.804021548661532e-05	1	39	98029.1332463061
1.3675027638863524e-05	1	20	90484.1683488307
0.0001	1	20	88453.39534316145
1.098035655210111e-05	4	20	98780.94731635514
1.3675027638863524e-05	1	20	94789.51210713809
0.0001	1	20	90820.43475245679
9.804021548661532e-05	1	39	94194.99047272142
1.098035655210111e-05	4	20	98685.33004872911
0.0001	1	20	91959.42009735647
1.3675027638863663e-05	1	20	95852.5343988802
9.804021548661532e-05	1	39	93879.67503131255
1.098035655210111e-05	4	20	94465.64049415544
9.804021548661532e-05	1	39	98779.99916979739
0.0001	1	20	90438.77159482418
1.3675027638863524e-05	1	20	91522.13514390326
1.0980356552101229e-05	4	20	98440.71077169017
1.3675027638863524e-05	1	20	92887.88826509306
0.0001	1	20	93304.8003582729
9.804021548661532e-05	1	39	95778.89007826688
1.121771265627713e-05	3	20	98115.74269606422
0.0001	1	20	96481.03354377845
1.3675027638863524e-05	1	20	95395.65886137912
9.804021548661532e-05	1	39	97551.08791185559
1.0980356552101322e-05	4	20	101866.99961382264
9.804021548661532e-05	1	39	97819.27435726345
1.3675027638863524e-05	1	20	93310.72408545342
0.0001	1	20	90441.81015865486
1.121771265627713e-05	3	20	94225.95229523614
0.0001	1	20	95875.04209585309
1.3675027638863546e-05	1	20	92250.58989790102
9.804021548661532e-05	1	39	96740.95055873579
1.121771265627713e-05	3	20	94825.36012188303
0.0001	1	20	93002.97005361617
1.3675027638863524e-05	1	20	91429.98939194309
9.804021548661532e-05	1	39	97609.3729287769
1.121771265627713e-05	3	20	98147.82939674603
0.0001	1	20	93650.7321516881
1.3675027638863524e-05	1	20	90712.30794286614
9.804021548661532e-05	1	39	95651.52970103486
1.121771265627713e-05	3	20	99892.06950063499
0.0001	1	20	94586.80783116235
1.3675027638863685e-05	1	20	93876.24918045678
9.804021548661532e-05	1	39	94421.17433690013
1.121771265627713e-05	3	20	98063.06034275128
1.3675027638863524e-05	1	20	95029.66324521703
0.0001	1	20	94606.62141099396
9.804021548661533e-05	1	39	97993.87500509767
9.804021548661532e-05	1	39	98574.56935155841
0.0001	1	20	93781.45416430305
1.367502763886372e-05	1	20	91175.87676106993
1.121771265627713e-05	3	20	90154.35803444698
1.121771265627713e-05	3	20	96067.74354779285
0.0001	1	20	94212.72420153434
1.3675027638863524e-05	1	20	95719.02119726795
9.804021548661532e-05	1	39	98311.26305193183
1.3675027638863524e-05	1	20	93825.06188061042
1.121771265627713e-05	3	20	94831.9078933295
0.0001	1	20	93630.54015095536
9.804021548661532e-05	1	39	94542.79722346054
0.0001	1	20	93605.19138128126
1.3675027638863849e-05	1	20	93415.11664432017
1.098035655210111e-05	4	20	93923.91224646245
9.804021548661532e-05	1	39	96126.64215989175
1.098035655210111e-05	4	20	99640.63338969948
0.0001	1	20	91122.70980048974
1.3675027638863524e-05	1	20	89555.2163441731
9.804021548661532e-05	1	39	93034.70381992796
0.0001	1	20	96304.86981566466
1.3675027638863524e-05	1	20	94597.73360703605
1.098035655210111e-05	4	20	96412.84611676159
9.804021548661532e-05	1	39	96009.35573145832
1.098035655210111e-05	4	20	99346.78433186968
9.804021548661532e-05	1	39	95667.09482588092
0.0001	1	20	94262.90580953003
1.3675027638863849e-05	1	20	92049.94821230459
9.804021548661532e-05	1	39	96723.2273598134
1.3675027638863832e-05	1	20	93847.2814220078
0.0001	1	20	89641.0806557253
1.098035655210111e-05	4	20	96182.04750049238
1.121771265627713e-05	3	20	99833.50036227982
0.0001	1	20	94262.24819945909
1.3675027638864081e-05	1	20	94217.74784373822
9.804021548661534e-05	1	39	96466.25811948036
0.0001	1	20	93706.97550375033
1.0980356552101745e-05	4	20	94346.34763687737
9.804021548661532e-05	1	39	93116.92885780014
1.3675027638863524e-05	1	20	89123.82164050628
1.098035655210111e-05	4	20	97985.9672627007
1.3675027638863524e-05	1	20	93275.95204908124
0.0001	1	20	92592.16023368183
9.804021548661532e-05	1	39	91783.06300756382

Best value: 83541.78769963581 at [Gamma, Alpha, #Firefly] = [6.220905581753905e-05, 1, 21], found in 2610.0355100631714 s