8.095191882598314e-05	3	33	100156.18113996516
6.804090676471245e-05	2	29	95660.77280587037
3.875221261160011e-05	2	38	95445.09489949116
3.6897730885968185e-05	3	20	93998.073522441
5.615537741481558e-05	3	24	97984.11785751331
2.6484329243308214e-05	3	33	100575.83566964115
3.2073226349434966e-05	3	39	98890.7935239496
8.529909262807581e-05	1	38	95352.31499299103
8.664581781132537e-05	2	37	99962.55991752798
3.92300356474609e-05	3	20	98018.77617406714
3.134111592121573e-05	3	21	96685.42026721397
3.8523831241897455e-05	3	20	94748.98641123077
1.1997270768445699e-05	4	38	98838.0956077528
9.934015611738803e-05	4	22	99552.25585096466
3.7144653936890134e-05	3	20	98010.2144916317
9.706543021451133e-05	1	38	97090.2947409544
0.0001	5	40	105644.4522712448
1.1997270768445699e-05	4	38	101343.51603763715
3.7179353801840666e-05	3	20	95044.34025881921
9.706543021451133e-05	1	38	95922.05790874353
4.8993928272794254e-05	1	20	97879.35106232102
1.3062541278636058e-05	1	20	96029.84873675073
9.933001865865073e-05	1	20	96176.92998129886
5.815729579381899e-05	1	38	99097.00654612844
1.3062541278636058e-05	1	20	94848.0305935863
9.933001865865073e-05	1	20	94295.64582392467
3.418616277204135e-05	2	20	94388.71537568935
9.706543021451135e-05	1	38	95742.77358418379
0.0001	1	20	96240.58978294054
1.3062541278636058e-05	1	20	95526.32137528392
5.7731588257919894e-05	1	20	96340.5454342175
2.0998121731315994e-05	2	20	92303.54685849394
0.0001	1	20	94705.88691883748
4.64174992491982e-05	2	20	91271.7364834805
1.3985089737329877e-05	2	20	93379.83023108562
1.1112735367983088e-05	1	33	94982.18067691075
9.933001865865073e-05	1	20	96367.75769795723
5.4316067003499814e-05	2	20	95436.83377340464
1.0051622282797906e-05	1	32	95692.09022648817
2.0690666877320615e-05	2	20	91371.10160928703
1.0483078793886952e-05	2	20	97400.49613254068
1.0026609402480859e-05	1	20	96454.15598930894
2.2572298126904253e-05	2	20	95628.73278812831
3.802052095700513e-05	1	20	93585.00407488017
0.0001	1	20	95791.19129602397
1.3062541278636058e-05	1	20	96181.25021182383
3.102922486204382e-05	2	20	94047.70839742426
1.8111456751187745e-05	1	39	97339.61101351907
9.933001865865073e-05	1	20	96179.88555788282
1.0026609402480859e-05	1	20	96985.47789509602
5.3802367193996804e-05	2	20	92857.24014895585
3.20006394791289e-05	2	20	94926.82984457219
9.991925594945209e-05	1	27	97138.03724028563
6.872173120907215e-05	2	20	93021.16784245477
3.774823899463684e-05	2	20	94966.74235925998
1.9081954855968784e-05	2	20	92316.49683792752
1.9081954855968784e-05	2	20	97944.59112287336
6.872173120907215e-05	2	20	94177.94172800181
9.994464325464291e-05	2	20	93673.93301414084
3.634181542430008e-05	2	20	93701.66435278612
8.359223470325916e-05	2	20	97678.43042609227
5.8961881225103305e-05	1	20	94510.23878186045
4.33265414219735e-05	2	20	95450.95069146666
1.9081954855968784e-05	2	20	94815.82972741468
1.3062541278636058e-05	1	20	95244.81787721858
3.108242448032681e-05	3	20	95957.4517047009
7.619148464037014e-05	1	20	94453.44061188381
4.046845616764308e-05	2	20	93862.17836213185
5.529381633290196e-05	3	20	98277.95647372675
1.3711920104245495e-05	1	20	96264.99204965451
7.619148464037014e-05	1	20	96833.32889160831
4.130964290875014e-05	2	20	92232.0146299417
1.742643019968672e-05	1	20	97829.99745417039
9.933001865865073e-05	1	20	97116.05584093332
7.546274432027253e-05	2	20	95829.19942003123
3.9553180298717564e-05	2	20	94592.34629811242
7.546274432027251e-05	2	20	96682.04779036534
1.4907813367500405e-05	2	20	93841.5462705975
1.1112735367983088e-05	1	33	97097.12046615998
4.01458517426838e-05	2	20	93087.58170346112
6.385159920947285e-05	1	20	96745.2373403669
1.4907813367500405e-05	2	20	94647.48967802545
9.994464325464291e-05	2	20	94205.62585718455
3.924459040348007e-05	2	20	93031.77287285445
0.0001	2	20	98629.93500751328
5.7731588257919894e-05	1	20	96420.98142719493
3.83552783490176e-05	2	20	97168.68387985975
1.9081954855968784e-05	2	20	93859.05034189075
7.619148464037014e-05	1	20	95257.11184469279
2.3992121747682404e-05	1	30	96916.83840845538
3.603469902781537e-05	2	20	92194.70704718558
1.0483078793886952e-05	2	20	92147.38721004217
3.446134286206301e-05	2	20	98362.20852554146
9.933001865865073e-05	1	20	94412.67135159073
6.569769528783687e-05	1	20	95622.04142518312
1.0483078793886952e-05	2	20	94171.45516222392
8.552062500310581e-05	1	20	95440.41112981341
1.0051622282797906e-05	1	32	96170.30863903419
3.316447115399252e-05	2	20	94683.76679602891
1.0483078793886952e-05	2	20	92623.16540085664
5.7731588257919894e-05	1	20	95854.49319933316
9.933001865865073e-05	1	20	95413.58366447112
2.6933890652829596e-05	2	20	91019.80198323172
1.2381908621998342e-05	3	20	92465.95387807021
9.933001865865073e-05	1	20	94284.33668534202
1.9965058270006346e-05	2	20	97851.37248001577
1.4220177640097012e-05	3	20	97249.78873518396
5.4316067003499814e-05	2	20	91393.07583037311
0.0001	1	20	96772.25579401219
5.177745102955577e-05	1	20	96301.88603582092
3.250165030352469e-05	2	20	93756.91275754783
1.0483078793886952e-05	2	20	92198.2064758157
5.7731588257919894e-05	1	20	95336.6354533158
2.7165946888341425e-05	2	20	94030.64613833505
9.933001865865073e-05	1	20	95708.55889890538
1.2381908621998342e-05	3	20	94049.87955787587
9.933001865865078e-05	1	20	95655.18722777595
1e-05	2	20	95204.27703979713
1.3062541278636058e-05	1	20	95197.21719543014
4.64174992491982e-05	2	20	93102.2603863953
9.933001865865073e-05	1	20	94485.55097817007
5.7731588257919894e-05	1	20	97040.67243583662
2.9227831000419972e-05	2	20	94122.7551063417
1.2381908621998342e-05	3	20	94198.0456509811
1.3062541278636058e-05	1	20	96310.04393674964
0.0001	1	20	95527.96692774563
4.64174992491982e-05	2	20	93629.28403688935
1e-05	2	20	92088.19513348669
1.001806823428489e-05	1	20	98922.67480635962
0.0001	1	20	95023.01621278933
1e-05	2	20	93754.81089082235
4.641749924919824e-05	2	20	91816.11109288782
2.411362648347451e-05	1	20	95891.85303782238
0.0001	1	20	95586.42945269965
1e-05	2	20	93302.91588047927
4.64174992491982e-05	2	20	93196.60310503516
2.411362648347451e-05	1	20	96730.88358560248
0.0001	1	20	94966.17562330632
1e-05	2	20	94304.20550372296
4.64174992491982e-05	2	20	92830.82573475127
1.0483078793886952e-05	2	20	95594.62469230595
0.0001	1	20	94670.41153304643
4.332123058334987e-05	2	20	95037.92687115191
1.595432374035729e-05	3	20	93838.93056354794
1.595432374035729e-05	3	20	99796.26814974364
4.292136016186247e-05	2	20	96500.2135757686
0.0001	1	20	95109.1997451382
1.0483078793886952e-05	2	20	93626.68617746708
1e-05	2	20	93904.1862568428
2.6147611212997545e-05	1	20	95506.60373619887
0.0001	1	20	95187.19838507156
4.64174992491982e-05	2	20	93875.12802829644
2.7099817742257835e-05	1	20	97006.51655556672
4.64174992491982e-05	2	20	95291.84696323946
0.0001	1	20	95272.7722121992
1e-05	2	20	91479.00894048068
0.0001	1	20	95124.23595143968
1.0446754560342084e-05	1	29	96426.9960486286
1e-05	2	20	92621.73698758517
4.654191103247025e-05	2	20	94251.16346878058
0.0001	1	20	96214.36389292467
1.0026609402480859e-05	1	20	96300.23727682463
4.6535012021397855e-05	2	20	94334.37446461582
1e-05	2	20	92904.845295486
0.0001	1	20	95162.6342021299
2.411362648347451e-05	1	20	95470.59393193037
1e-05	2	20	95292.85565765605
4.665284386831239e-05	2	20	95870.36152304539
0.0001	1	20	95461.4540345316
2.411362648347451e-05	1	20	94569.33350305827
1e-05	2	20	95363.64090432906
4.64174992491982e-05	2	20	95184.51843919672
0.0001	1	20	95507.6315138042
2.411362648347451e-05	1	20	97174.87910653162
1e-05	2	20	93304.94366897752
4.64174992491982e-05	2	20	91660.11353012889
1e-05	2	20	94498.39294529828
4.6673761140004274e-05	2	20	94805.10887676099
0.0001	1	20	93420.96948522054
2.9792310428156056e-05	3	20	91110.79308106862
0.0001	1	20	98594.74668240157
4.7035487493896114e-05	2	20	92721.2652730038
2.9792310428156056e-05	3	20	96089.35123144994
1e-05	2	20	93556.41216181564
1e-05	2	20	97568.09863687455
2.9792310428156056e-05	3	20	97771.33262140602
0.0001	1	20	94040.28314715179
4.7150897914460085e-05	2	20	92499.73996714974
1.0483078793886952e-05	2	20	97637.13857599927
0.0001	1	20	97550.9204859959
4.454902590120525e-05	2	20	93543.19959430068
6.584127041175318e-05	2	20	92079.81235770757
0.0001	1	20	96485.70022400477
4.547919093184028e-05	2	20	96903.10287723523
6.584127041175318e-05	2	20	95333.95597301619
1.0483078793886952e-05	2	20	93705.98655031098
0.0001	1	20	99506.72135418949
4.5024735223643287e-05	2	20	94110.2113581771
1.0483078793886952e-05	2	20	94562.34084080809
6.584127041175318e-05	2	20	95456.16582777794
0.0001	1	20	94702.82252649272
1.0483078793887252e-05	2	20	92731.59402160824
6.584127041175318e-05	2	20	93260.38555272509
4.481207038788954e-05	2	20	92662.20243255518
9.933001865865073e-05	1	20	94755.20889000199
1.0483078793886952e-05	2	20	92821.88260803801
4.5597287737064946e-05	2	20	91881.75279212964
7.546274432027251e-05	2	20	92184.44620422204
9.933001865865073e-05	1	20	94525.49607352594
1.0483078793886952e-05	2	20	94804.42653817506
4.6090395894164606e-05	2	20	91715.35522837844
7.546274432027251e-05	2	20	92600.93884443908
9.933001865865073e-05	1	20	96169.00144262039
1.0483078793886952e-05	2	20	96103.51133710536
4.649600474933538e-05	2	20	94072.35991376775
7.546274432027251e-05	2	20	91777.43629962813
9.933001865865073e-05	1	20	95191.49742681431
1.0483078793886952e-05	2	20	96928.7040272624
7.546274432027251e-05	2	20	95932.25803982039
4.6797215306627297e-05	2	20	91567.56740759232
9.933001865865073e-05	1	20	97515.87151543402
4.686464462131453e-05	2	20	94918.06250362254
7.546274432027251e-05	2	20	95097.13019198622
1.0483078793886952e-05	2	20	91475.5874588486
1.0483078793887826e-05	2	20	96761.37106325559
9.933001865865073e-05	1	20	94764.98880811506
7.546274432027251e-05	2	20	96247.40634760051
4.678144849084779e-05	2	20	92524.5148421697
9.933001865865073e-05	1	20	96054.70140097906
7.546274432027251e-05	2	20	96059.8904584508
1.0483078793886952e-05	2	20	94868.30490485064
4.675693100615619e-05	2	20	93160.27818270636
1.0483078793886952e-05	2	20	96208.91459546765
9.933001865865073e-05	1	20	94110.93031965704
4.674587329457783e-05	2	20	94612.28072499644
7.546274432027251e-05	2	20	93821.67742034236
9.933001865865073e-05	1	20	96925.83623536966
4.674840713274172e-05	2	20	96944.20769829759
7.546274432027251e-05	2	20	94501.36383207722
1.0483078793886952e-05	2	20	90980.09538928512
9.933001865865073e-05	1	20	94829.70820510483
4.655546631835949e-05	2	20	92466.85687127811
7.546274432027251e-05	2	20	92960.37839199936
1.0483078793886952e-05	2	20	94351.81540163983
7.546274432027251e-05	2	20	97131.04849102019
1.0483078793886952e-05	2	20	96840.74901603558
4.678569150492588e-05	2	20	95460.27542468478
9.933001865865073e-05	1	20	93230.97550468532
1.0483078793886952e-05	2	20	95151.66867580914
9.933001865865073e-05	1	20	94641.80109639469
7.546274432027251e-05	2	20	95001.49108490584
4.6469636311563165e-05	2	20	91882.066001621
9.933001865865073e-05	1	20	93906.15043519429
4.657524625960748e-05	2	20	95412.761121279
1.0483078793886952e-05	2	20	93737.33241648256
7.546274432027251e-05	2	20	93733.78588903444
9.933001865865073e-05	1	20	94723.85286158482
1.0483078793886952e-05	2	20	97044.32978876974
4.656136211174199e-05	2	20	94778.27925095009
7.546274432027251e-05	2	20	93044.48445238863
4.661640881114694e-05	2	20	94722.7369793277
9.933001865865073e-05	1	20	95053.59618930407
1.0483078793886952e-05	2	20	92445.60997277709
7.546274432027251e-05	2	20	91879.28212790101
9.933001865865073e-05	1	20	92958.57213944619
4.6771635095086794e-05	2	20	96173.49507722435
1.0483078793886952e-05	2	20	94415.2069478486
7.546274432027251e-05	2	20	95698.10910437154
9.933001865865073e-05	1	20	93660.78862909832
4.654071500837725e-05	2	20	93738.82505379738
7.546274432027251e-05	2	20	94207.42212126672
1.0483078793886952e-05	2	20	94513.07826088184
7.546274432027251e-05	2	20	97158.4008457473
9.933001865865073e-05	1	20	95073.30203060356
4.658172045872195e-05	2	20	93441.80594643051
1.0483078793886952e-05	2	20	93686.51211705765
9.933001865865073e-05	1	20	95360.95502866463
7.546274432027251e-05	2	20	95641.84622039573
4.646728449485673e-05	2	20	96257.8942946803
1.0483078793886952e-05	2	20	94463.44834351847
9.933001865865073e-05	1	20	95192.53618730271
1.0483078793886952e-05	2	20	94713.15960815651
7.546274432027251e-05	2	20	95089.24616792568
4.630402060823297e-05	2	20	93563.10359776791
9.933001865865073e-05	1	20	96155.9286425852
4.6310069213787156e-05	2	20	95340.30171068863
1.0483078793886952e-05	2	20	92055.02288658754
7.546274432027251e-05	2	20	92291.2022890518
7.546274432027251e-05	2	20	94701.98514953427
4.6416265323564494e-05	2	20	95369.12273385788
9.933001865865073e-05	1	20	94010.34206352587
1.0483078793886952e-05	2	20	95219.0415771432
9.933001865865073e-05	1	20	97554.3242147731
7.546274432027251e-05	2	20	94440.94501256758
4.63499213860265e-05	2	20	92512.1356033525
1.0483078793886952e-05	2	20	92653.36791961116
9.933001865865073e-05	1	20	95786.80907499859
4.644292709096949e-05	2	20	94588.09261246512
7.546274432027251e-05	2	20	95009.96945636044
1.0483078793886952e-05	2	20	95811.25229769443
4.640533933749932e-05	2	20	95297.87931836917
9.933001865865073e-05	1	20	96506.92256144056
7.546274432027251e-05	2	20	94650.65323431957
1.0483078793886952e-05	2	20	94488.0806709603
4.636083817877645e-05	2	20	96299.80588722952
9.933001865865073e-05	1	20	95559.78486339601
1.0483078793886952e-05	2	20	92794.16805641016
7.546274432027251e-05	2	20	94191.65160170029
9.933001865865073e-05	1	20	97086.19744027006
1.0483078793886952e-05	2	20	95648.54490060621
4.6298456696866024e-05	2	20	94162.42607071142
7.546274432027251e-05	2	20	90592.91016382232
9.933001865865073e-05	1	20	97169.42608712683
4.654724314116678e-05	2	20	94569.9798636208
8.095262213218559e-05	2	20	94264.9803504752
1.0483078793886952e-05	2	20	91663.18074066646
8.095262213218559e-05	2	20	95649.96437452748
9.933001865865073e-05	1	20	96322.50104759609
1.0483078793887603e-05	2	20	93167.26702217844
4.651116092445183e-05	2	20	92631.35870346738
7.769809109349889e-05	1	20	94152.1624355244
9.933001865865073e-05	1	20	93296.01601003083
1.0483078793886952e-05	2	20	91962.4940455712
4.661209117831503e-05	2	20	94144.06530563378
9.933001865865073e-05	1	20	94854.98143109566
4.660156948452462e-05	2	20	96427.42873317709
1.0483078793886952e-05	2	20	95466.14734330283
7.769809109349889e-05	1	20	94275.83900698922
8.095262213218563e-05	2	20	96371.16177397627
4.645879204153984e-05	2	20	94625.85372313156
9.933001865865073e-05	1	20	96150.87521059465
1.0483078793886952e-05	2	20	93401.9810035935
7.769809109349889e-05	1	20	96062.30500701503
9.933001865865073e-05	1	20	94721.68252925649
1.0483078793886952e-05	2	20	93627.82170912156
4.6484719889912985e-05	2	20	93564.0422217063
7.546274432027251e-05	2	20	93988.88853768466
9.933001865865073e-05	1	20	94885.29823704084
1.0483078793887423e-05	2	20	92493.84614441216
4.649809441885428e-05	2	20	92017.96045503551
9.933001865865073e-05	1	20	98006.90357798341
7.546274432027251e-05	2	20	95235.74622918983
1.0483078793888431e-05	2	20	95146.25141633136
4.662851318183338e-05	2	20	94586.35989353713
9.933001865865073e-05	1	20	93209.98415521222
7.546274432027251e-05	2	20	95782.76285825486
1.0483078793886952e-05	2	20	94025.23114271436
4.658185170973034e-05	2	20	94541.12547051747
9.933001865865073e-05	1	20	95303.05983937
1.048307879388716e-05	2	20	96549.15858721749
7.546274432027251e-05	2	20	93518.9078735455
4.649299219506097e-05	2	20	95790.3222761118
9.933001865865073e-05	1	20	95253.17583872394
1.0483078793886952e-05	2	20	92936.91449656966
4.647319225965911e-05	2	20	93757.92092912113
7.546274432027251e-05	2	20	95190.21126174713
9.933001865865073e-05	1	20	95639.39684292811
4.645586429287697e-05	2	20	94462.60733105526
1.0483078793886952e-05	2	20	92986.11336757394
7.546274432027251e-05	2	20	91042.07280786558
9.933001865865073e-05	1	20	96324.07988008446
4.661989736076125e-05	2	20	92601.5586351536
7.546274432027251e-05	2	20	95915.0323199639
1.0483078793886952e-05	2	20	93906.56051522687
4.6648093708246605e-05	2	20	96351.07129607374
9.933001865865073e-05	1	20	95959.72013300698
7.546274432027251e-05	2	20	93746.64635119957
1.0483078793886952e-05	2	20	93468.76122125928
1.0483078793886952e-05	2	20	96229.30272286262
9.933001865865073e-05	1	20	96136.10429773093
7.546274432027251e-05	2	20	95386.1697586601
4.6542090415042867e-05	2	20	92576.14813177555
9.933001865865073e-05	1	20	94804.01392980808
4.659060985998052e-05	2	20	93989.1189928836
7.546274432027251e-05	2	20	93722.69228524578
1.0483078793886952e-05	2	20	93333.43296153177
9.933001865865073e-05	1	20	96325.14811262175
7.546274432027251e-05	2	20	95431.54916628233
1.0483078793886952e-05	2	20	93260.49489620926
4.662093218620277e-05	2	20	92939.37551183143
4.664936969909687e-05	2	20	95606.97155972724
9.933001865865073e-05	1	20	94209.57313121324
7.546274432027251e-05	2	20	94853.82907284293
1.0483078793888263e-05	2	20	95489.00228741518
9.933001865865073e-05	1	20	96604.24828671296
1.0483078793886952e-05	2	20	93396.05088383642
7.546274432027251e-05	2	20	93786.24385470744
4.654560408559652e-05	2	20	93949.10711059466
9.933001865865073e-05	1	20	94255.26509759456
7.546274432027251e-05	2	20	94361.30996995232
4.6578065608306785e-05	2	20	95411.35479041876
1.0483078793886952e-05	2	20	94106.74465961063
9.933001865865073e-05	1	20	96257.37689409056
4.6507217802006343e-05	2	20	96776.14938115931
1.0483078793886952e-05	2	20	91019.41535364845
7.546274432027251e-05	2	20	94230.75855747485
7.769809109349889e-05	1	20	96102.38131776638
9.933001865865073e-05	1	20	95715.6208646428
1e-05	2	20	91753.70893204976
4.895890536972742e-05	2	20	92114.52425947328
4.980248474532628e-05	2	20	96054.77036553733
2.7099817742257835e-05	1	20	97306.3266132784
8.095262213218559e-05	2	20	95860.07858664988
1e-05	2	20	94336.95216330004
4.98229688034205e-05	2	20	98226.50199654388
7.769809109349889e-05	1	20	96123.3086111649
1e-05	2	20	96268.40035392593
9.933001865865073e-05	1	20	93846.71247270025

Best value: 90592.91016382232 at [Gamma, Alpha, #Firefly] = [7.546274432027251e-05, 2, 20], found in 3436.674878835678 s