9.527067504995601e-05	1	34	77453.08585804042
1.6151059536106234e-05	2	33	80031.91182876566
4.5754892705230887e-05	3	37	49895.38393470416
8.738880477531228e-05	4	33	51348.17806085729
8.755561363912152e-05	4	28	47295.39981533898
5.327309656328353e-05	1	27	77794.10175764888
7.367818361059558e-05	2	25	82099.68887522825
4.020069552718012e-05	3	21	50379.98707038255
5.56049400835125e-05	4	34	52331.33976524292
4.318186261224105e-05	4	26	50136.25764973209
5.883727301932186e-05	4	28	48778.403455868596
7.700024774194258e-05	4	26	49926.44505086565
3.502153291316104e-05	4	20	49799.61250949901
0.0001	4	23	50259.725656141236
5.3042406877508775e-05	4	20	47743.04475218064
0.0001	5	20	48384.904846140475
8.704592112967509e-05	4	20	49949.38913682613
7.313844040805955e-05	4	20	50794.305718212934
1e-05	5	20	50422.24970901301
2.0668897050469607e-05	5	40	50658.884105761324
4.146051675700316e-05	4	20	48143.79783355389
1.4055932611701602e-05	4	30	50982.050037388435
2.939464860209662e-05	4	20	48661.50019674003
4.703376707200884e-05	4	20	49043.79111571969
4.8995277758915925e-05	4	20	50345.046388316805
5.3131256987735966e-05	4	22	49225.95947195005
3.9150044621661126e-05	4	40	49242.81334301587
0.0001	5	40	51179.0768688735
8.993195676210967e-05	4	27	49863.83766675356
5.981168040554493e-05	4	22	50764.7074740394
0.0001	4	29	50159.02057066362
6.408197218268962e-05	4	40	49182.85741715195
3.1896889838214094e-05	3	20	50759.27217818249
3.586942230260164e-05	4	20	48957.06988122023
3.619483218547216e-05	4	20	48957.06988122023
5.148078688915965e-05	4	40	49140.803216715074
2.4377818523767327e-05	4	23	52178.098302017745
8.272987477411069e-05	4	28	50938.986604656784
0.0001	3	40	53947.11740867617
7.519790449403443e-05	4	30	48603.79904602681
4.2457777232398725e-05	4	20	48603.41526188093
4.074235613164971e-05	4	22	49721.828485585575
4.761002968612588e-05	4	21	48038.645192323085
0.0001	5	28	48989.298931814636
4.2007777702802086e-05	4	20	49057.990863800434
5.339193285060262e-05	4	20	50412.94751423405
4.818309139917943e-05	4	20	49501.7678571159
0.0001	5	20	48857.59861446295
6.38085258183591e-05	4	33	51650.53794152144
9.134882567208538e-05	5	22	49059.409739602495
9.523262221488914e-05	4	25	48123.191719576855
6.632755396922684e-05	4	31	50049.859538266785
8.932775913770061e-05	4	24	47344.68667041071
9.419226400760657e-05	4	27	49498.35101552356
8.911481944180156e-05	4	27	49459.11194722534
9.511131201767e-05	5	25	49060.48652753804
8.810723222281571e-05	4	25	49269.932509563434
9.52326222148895e-05	4	25	49371.79837475677
9.35075417474503e-05	4	23	49892.95584990628
8.944981853557854e-05	5	23	48768.03745090601
4.6872377370841025e-05	4	22	50444.8740307712
4.030904698571805e-05	4	20	49598.12243155515
4.530866202179103e-05	4	40	48888.869834390265
8.70948408664577e-05	5	23	47574.80317872944
8.917135993345833e-05	4	24	48992.94641797681
8.263406219845663e-05	4	21	47942.400179818265
8.571007867890522e-05	5	22	49159.709453790194
7.239311724031768e-05	5	40	50261.84861148591
8.917135993345833e-05	4	24	48598.29334134209
8.727562572050737e-05	5	20	50067.613126492615
8.263406219845663e-05	4	21	48909.0290091049
8.426016470436856e-05	5	23	48620.20132721346
8.947650685937219e-05	4	24	49618.818821135064
8.534880969255536e-05	5	23	48294.298220906116
6.494496963558749e-05	5	26	50056.5695904618
4.683007020607989e-05	4	40	49308.043146488686
8.364078920066422e-05	4	22	49278.28926063242
8.917135993345833e-05	4	24	48226.85300757747
8.559418111744498e-05	4	24	48446.55904193839
8.477265613897488e-05	5	23	48749.13963259408
8.60865251053341e-05	4	24	49127.67059031349
8.638360695852668e-05	5	23	49228.60041296826
8.96127629178523e-05	4	24	48903.78355470238
8.397681729370875e-05	4	22	49255.18182968785
8.800826169758548e-05	4	25	52683.91505447531
4.1353813976736276e-05	4	20	50762.72299624066
9.523262221488914e-05	4	25	49503.98851383644
8.708486990701556e-05	5	23	49761.95119636578
5.707117349663667e-05	4	40	50078.833575690456
8.308510885346508e-05	4	21	49944.716339276834
8.74556627214982e-05	5	22	49320.632274241674
4.964649545593018e-05	4	40	48888.935524203356
8.917135993345833e-05	4	24	49123.85130393251
0.0001	5	24	49383.35148430769
4.295009170521651e-05	4	40	49799.482641982286
0.0001	5	20	49333.94870122549
8.917135993345833e-05	4	24	53510.569180601866
0.0001	5	20	53237.64162714811
4.3085986432457546e-05	4	20	51392.47071559305
3.449790636859819e-05	4	20	49265.42905757478
4.6646501332036635e-05	4	40	52679.64412462884
8.40223060385529e-05	5	22	49636.629708844615
0.0001	4	28	48824.39740875943
8.840871415844252e-05	4	27	48573.92492684708
9.747467537062074e-05	4	27	50985.50866034543
8.925023524409356e-05	4	27	48626.257690078965
8.589112902885266e-05	4	25	47942.61113237013
8.293324595775481e-05	4	28	49079.612276465494
8.5881039695656e-05	4	28	49852.20298024783
8.510240976727266e-05	4	23	49104.7899908977
8.572649071345797e-05	4	26	47839.19390212383
7.931377365342505e-05	4	26	48878.54163923365
8.853716366093532e-05	4	24	52872.24497504983
8.802292386738634e-05	4	27	49262.768654837244
8.556872532317265e-05	4	25	49571.627880910666
8.340787372356448e-05	4	24	49446.58752980671
8.17350024473554e-05	4	25	53081.88362316391
8.776851402350981e-05	4	28	53019.91820253187
7.75682614118538e-05	4	28	50369.791597773634
8.390136290709262e-05	4	27	51003.02308408915
3.513248968113879e-05	4	20	48055.82422300682
5.413099052821544e-05	4	25	48817.193750427956
8.633424821568282e-05	5	22	49768.23007305924
0.0001	5	26	48895.860915401514
3.456860169727111e-05	4	20	49650.629720941855
5.442752358553979e-05	4	25	48925.52114900572
5.264993811982608e-05	4	22	48460.93915906257
0.0001	5	26	49288.52845739203
5.3097394894180496e-05	4	24	47949.30254819506
5.4879068234805793e-05	4	27	49605.61074191326
4.98984186988402e-05	4	25	49085.504435503855
5.4030102356447804e-05	4	22	49846.60106864914
4.805774738143459e-05	4	24	52742.14530898025
5.3045314502323996e-05	4	22	50090.744156348694
5.2535660228851466e-05	4	24	50723.91028920416
5.545798809502286e-05	4	26	49781.255494703444
5.98407523970456e-05	4	26	49830.35840308541
0.0001	5	26	50135.428956358344
0.0001	5	30	51384.94964147363
8.631584675459076e-05	5	22	50367.80865191526
5.2156980551178834e-05	4	20	50471.296416404424
3.506382134011755e-05	4	20	48362.56208717116
8.704359577803398e-05	5	22	49489.146416965385
9.749308034442063e-05	5	24	48487.603171999035
8.324242639400263e-05	4	22	50160.31224252245
3.486729893313156e-05	4	20	47445.51125923294
9.208594451699658e-05	5	23	49664.90942125691
9.816026167809779e-05	5	24	49614.59458490584
3.8342907881319256e-05	4	21	48723.253368767844
3.619483218547216e-05	4	20	49284.7346362661
3.441523230038139e-05	4	20	48374.454038075266
9.784739282458444e-05	5	25	48291.69601422376
0.0001	5	25	50703.79187935617
3.619483218547216e-05	4	20	49168.932545590484
3.455329455073785e-05	4	20	49543.7062738706
3.8342907881319256e-05	4	21	48317.11593500307
3.8342907881319256e-05	4	21	50355.811059159256
3.619483218547216e-05	4	20	49990.21952310256
3.534211050895936e-05	4	20	48560.224444277
9.568455096000738e-05	5	25	48020.41872397286
3.4752612526786916e-05	4	20	49615.50571867119
5.1845342163830854e-05	4	40	53499.14465845865
3.8342907881319256e-05	4	21	50397.82403573846
9.562981784127707e-05	5	25	49724.81763844056
3.333582506567185e-05	4	32	53414.65836939986
3.418047713876004e-05	4	35	47432.37080503177
9.567709881008549e-05	5	25	50951.334434971825
3.2690068614354636e-05	4	36	47934.52405502597
3.693795355498794e-05	4	37	49531.124148797644
3.3142851051744135e-05	4	37	50966.36055884624
3.2661257507358e-05	4	39	48754.51837414914
2.98899225643998e-05	4	37	48688.41675658647
2.7748542373773043e-05	4	39	51512.93216470565
3.704255612795363e-05	4	39	51373.319488395035
3.1906714904063725e-05	4	38	51703.97090186019
3.5886566783277235e-05	4	37	52973.13879289944
3.4251520536330587e-05	4	20	49715.64753799157
9.583664779183613e-05	5	25	51790.201707585686
5.7434905042928106e-05	4	24	48020.58831696491
8.901153762088475e-05	4	26	49472.90339432353
5.797242209407556e-05	4	24	50502.70305149817
6.311011561400338e-05	4	26	48749.64107870748
6.0528060560975784e-05	4	22	48853.515190320526
3.485132202672527e-05	4	20	48939.74763351976
3.4858157438671526e-05	4	20	51174.790134486066
5.988595115483022e-05	4	23	47777.808188885996
6.235476492792606e-05	4	26	49036.731225434574
7.000679294061406e-05	4	28	47782.22364751355
5.988595115483022e-05	4	23	51199.230490911286
6.77946776334625e-05	4	27	49909.0900476856
6.304292475917547e-05	4	25	49645.94758135241
7.308514227373737e-05	4	29	49631.931687668046
6.725916315601234e-05	4	28	50878.37937010944
7.308514227373737e-05	4	29	52749.519745895486
6.218188846798167e-05	4	26	48740.43618506655
5.9683572795274066e-05	4	24	48167.31581261271
5.534955638720639e-05	4	22	49828.19783921292
6.253687082649541e-05	4	26	50378.62148098098
6.0528060560975784e-05	4	22	48826.167720449645
5.902264542834334e-05	4	25	48734.67825240869
6.135344141521885e-05	4	22	50410.1918524524
5.89737657199077e-05	4	24	49388.51653613136
6.0469116363141094e-05	4	26	47906.19556827339
8.841645558895271e-05	4	26	50678.72653063085
5.8676071266722496e-05	4	23	49978.87682843094
5.8758981562844326e-05	4	25	49729.445488935424
6.0311882637539716e-05	4	27	48011.21538232409
8.680639435242052e-05	5	22	48395.44055255464
5.715184089341765e-05	4	28	53817.14676852876
6.251598517537907e-05	4	25	48360.18253650924
5.910185402190783e-05	4	27	49480.009249556104
5.7254819295672075e-05	4	24	48571.32249773026
6.588374174295766e-05	4	25	49789.87052214152
6.071955302999498e-05	4	25	49253.07289191415
5.716188499811978e-05	4	23	49715.531166425055
8.695692823824236e-05	5	22	50034.17878702059
6.013527709166388e-05	4	25	53445.85325546341
6.588374174295766e-05	4	25	51033.21097225941
5.733057892604392e-05	4	23	48474.92039076881
8.67742596613551e-05	5	22	48942.75554927537
3.5778351179479053e-05	4	20	49248.02330613242
5.658627153121315e-05	4	24	49974.7223300994
8.263406219845663e-05	4	21	49089.36033598217
8.685039106653808e-05	5	22	49987.733262687085
4.336248272850415e-05	4	20	50110.77518460422
3.575733534418934e-05	4	20	49020.35203651537
5.6728398040669235e-05	4	24	49163.02783482743
8.62370221047666e-05	5	22	50762.61477813348
3.51273630266146e-05	4	20	48701.8624120011
8.67915660037798e-05	5	22	49715.99938355767
5.667477614799955e-05	4	24	49105.588057443754
7.148377146483234e-05	4	40	47675.4670270094
7.276813209957128e-05	4	40	52692.17581781197
6.916399075904634e-05	4	39	52014.445077781944
7.706647873796e-05	4	38	50004.369741573
7.024501206454218e-05	4	38	48896.40294494082
3.508981424253525e-05	4	20	49699.74271981118
9.056395561922289e-05	4	23	51240.72529025627
8.338386600033906e-05	5	21	50897.18292071373
5.6693677399949286e-05	4	24	49217.80690482082
5.4030102356447804e-05	4	22	50070.12685452413
3.524021821839786e-05	4	20	46880.27905698415
5.668308099911648e-05	4	24	49436.817577611735
6.218188846798167e-05	4	26	48528.05012892125
3.5035676470928304e-05	4	20	50705.816012566946
3.8342907881319256e-05	4	21	50421.76112651734
5.7257867160428524e-05	4	24	48181.844607987936
6.218188846798167e-05	4	26	49229.43284560866
5.872277011833352e-05	4	22	48889.29631059862
5.7239395994939976e-05	4	24	50176.56068853767
3.472829169449222e-05	4	20	49772.175376287
6.218188846798167e-05	4	26	49977.87228991749
5.798511863296636e-05	4	21	49754.77519272215
3.511768419358225e-05	4	20	50066.98411095319
6.218188846798167e-05	4	26	50695.15301924968
5.7202168965173395e-05	4	24	49562.715217821686
3.533752406273387e-05	4	20	49750.082917118554
5.6946188439226456e-05	4	24	52556.88699286976
5.798511863296636e-05	4	21	49091.28727944653
0.0001	5	26	47975.121042124134
8.683434306128042e-05	4	26	51098.80374050164
3.540643692619185e-05	4	20	47508.14151467782
5.780314419415931e-05	4	23	48536.714142164135
0.0001	5	26	47930.51898806226
5.790403641156027e-05	4	23	51565.799087955325
6.0192363303848427e-05	4	20	48849.11387564958
0.0001	5	26	48944.68331373064
3.5349808918586015e-05	4	20	47089.471233598735
3.527578803139786e-05	4	20	49369.66793737772
0.0001	5	26	51476.03184260754
5.084020755774267e-05	4	20	49648.8674319812
6.0453815408334975e-05	5	20	50281.813483719285
4.057376423138372e-05	4	20	50303.92043533711
5.782573849520221e-05	4	25	49533.90615831569
3.530021445623327e-05	4	20	48472.050047921446
0.0001	5	26	49726.65801278831
3.482372640008945e-05	4	20	50414.574220562004
5.798511863296636e-05	4	21	51356.4433324872
5.773597684233609e-05	4	25	49167.14571575424
0.0001	5	26	48876.511113704786
3.5254315069923817e-05	4	20	50910.47865465711
5.7829730264322535e-05	4	25	50245.480213939554
0.0001	5	26	48352.04491536369
8.569118235200421e-05	5	23	49502.73457294837
3.537088213765847e-05	4	20	49504.3260638169
0.0001	5	26	50965.532350274356
5.765156149119887e-05	4	25	48318.53311724743
8.56754016680407e-05	5	23	50255.77518118559
5.7608852921236495e-05	4	25	48494.84632974706
3.537826090070484e-05	4	20	51198.86937684504
8.623155844456481e-05	5	23	50655.41013468575
0.0001	5	26	49020.5918699551
5.756442818371272e-05	4	25	51829.87582180358
4.391055134934409e-05	4	20	49094.093860290006
3.542297265951963e-05	4	20	49445.535920647286
0.0001	5	26	49963.68898127223
4.435986380955223e-05	4	20	50325.2546596672
3.5769385239406276e-05	4	20	51013.78303513889
6.024703330640553e-05	4	26	49828.677524553765
0.0001	5	26	49303.14050665762
3.4132387519384886e-05	4	20	54765.62890810705
5.73944953614831e-05	4	24	48530.72849343056
0.0001	5	26	48663.899968372665
8.668167967520927e-05	5	23	47976.28576523534
3.80672503671513e-05	4	20	49741.866507158695
8.670211957329483e-05	5	23	49180.99138041751
5.740953322379205e-05	4	24	49725.526704111835
0.0001	5	26	50245.99793133332
3.7846387435589656e-05	4	20	50331.55414609238
5.741156698126517e-05	4	24	50781.88013940421
8.673158353213865e-05	5	23	50116.059727689186
0.0001	5	26	49116.45682201017
3.72554823456188e-05	4	20	54450.21706816568
6.063905097578952e-05	4	26	51047.56527191385
0.0001	5	26	50315.405434826105
8.668392723006853e-05	5	23	49473.57897806139
9.281813570009675e-05	4	26	50684.949560205074
5.5972852411784155e-05	4	24	48726.26065611132
0.0001	5	26	49596.178070085974
8.674254087868371e-05	5	23	49440.92537477834
5.567023843498522e-05	4	23	50070.61985073489
5.1109434494115066e-05	4	21	48756.42173871843
0.0001	5	25	49534.08728480251
8.65557263652626e-05	5	23	49930.59941063215
5.079979321120628e-05	4	21	49442.312779957545
5.628620557038938e-05	4	24	48430.3451979548
8.656475500006084e-05	5	23	51750.63751273599
0.0001	5	25	49416.58173713821
5.645657054564701e-05	4	24	50626.35536434623
8.265693901465152e-05	5	21	50530.72237865066
5.119720925724589e-05	4	21	48024.052473022166
0.0001	5	25	51081.56884355749
5.111207985197544e-05	4	21	48612.51140493649
5.627987815459814e-05	4	23	48559.88584983712
4.703376707200884e-05	4	20	48346.03812090228
0.0001	5	26	49861.48840403824
4.703376707200884e-05	4	20	54772.62156610686
5.2265594974563434e-05	4	20	50456.5099276897
5.511293571750094e-05	4	22	50263.09071429233
5.0806834058197136e-05	4	21	49493.444641308895
5.83275037406799e-05	4	24	50322.88363671262
5.2002375426904355e-05	4	21	49075.14641481696
8.84656598438583e-05	5	23	49681.97707830105
0.0001	5	26	51189.0693003147
5.1928003746932426e-05	4	21	50174.44906183862
5.753002152763368e-05	4	24	48219.45025151174
8.917135993346769e-05	4	24	47824.36098136294
9.707423827455118e-05	5	25	48926.39904391653
5.8508497280339014e-05	4	24	49003.05707778206
5.212113658643913e-05	4	21	49885.46976133515
9.790005872074076e-05	5	25	50489.765139973904
9.028516920010107e-05	5	23	48621.08866718134
9.523262221488914e-05	4	25	49400.97849697117
5.205782211103628e-05	4	21	48884.54717350637
5.5685920472316986e-05	4	23	48798.46537722949
9.046953008584758e-05	5	23	49039.39115067229
5.151081174855756e-05	4	21	49226.06843617409
5.512978502072826e-05	4	23	48849.86018521882
9.523262221488914e-05	4	25	47587.246153796936
9.077802479999614e-05	5	23	49949.775844085576
5.145453512984649e-05	4	21	48684.27286978243
5.477533783490358e-05	4	23	49584.66472396273
9.182546139794442e-05	4	26	49361.75189021373
9.366712570465703e-05	5	24	48485.542643690394
5.726487104047665e-05	4	24	49574.55560180361
5.180467706659895e-05	4	21	49420.44479691447
9.202204397601458e-05	4	26	49593.11394126062
9.363003989676026e-05	5	24	48529.57478804612
5.1792287296465265e-05	4	21	50006.725107198086
5.717834630099259e-05	4	24	49166.44965838873
9.26700790753434e-05	4	26	50295.13434917418
9.361653980784898e-05	5	24	49754.532889124916
9.361378810659053e-05	5	24	53794.69595712042
5.490997714367896e-05	4	23	49661.94267961071
5.145453512984649e-05	4	21	50259.963593611545
8.756900369884391e-05	4	24	49734.75204231895
5.1706994407076426e-05	4	21	49139.35585983094
5.534127283662652e-05	4	23	50823.96059063418
9.645019351368483e-05	5	25	47766.74084413892
8.873797676693211e-05	5	23	50467.32245894669
5.7177985658569444e-05	4	24	48813.67179140752
8.917135993345833e-05	4	24	49021.82962174723
5.163422207685732e-05	4	21	49279.54691231969
9.603856167982569e-05	5	26	51104.600743664945
5.699970274161531e-05	4	24	49872.84648768366
8.917135993345833e-05	4	24	49661.67234369259
5.165096113228117e-05	4	21	48930.406951816985
9.63263031051234e-05	5	25	49686.57353811619
8.917135993345833e-05	4	24	50294.42155573703
9.639924149605931e-05	5	25	49839.641640900205
5.717187281858758e-05	4	24	49839.380490455085
5.1584895935496676e-05	4	21	48738.34086645086
5.15214319547666e-05	4	21	49570.36573766634
5.701373116959887e-05	4	24	48475.32498630767
8.917135993345833e-05	4	24	48609.36057825182
9.665046637611538e-05	5	25	50484.69433095589
5.157071123151874e-05	4	21	49472.390704235055
9.523262221491078e-05	4	25	49140.14429845393
5.7045440459979355e-05	4	24	48101.77878242967
8.845684831922729e-05	5	23	47679.530938044365
5.162191889967303e-05	4	21	51536.74467753669
5.707172151465728e-05	4	24	47721.87228963749
9.523262221488914e-05	4	25	47664.24738918431
8.862090174910405e-05	5	23	47641.22879450372
5.657622059410786e-05	4	24	50534.529028730445
5.273897708948181e-05	4	21	48294.43293505171
8.889618293517692e-05	5	23	47961.80085495461
9.538950104889513e-05	5	25	47502.35574441878

Best value: 46880.27905698415 at [Gamma, Alpha, #Firefly] = [3.524021821839786e-05, 4, 20], found in 1334.5779650211334 s