5.0587291441841345e-05	2	22	151370.7155838045
5.002308687277457e-05	1	22	148670.0121216716
6.462247170049953e-05	2	22	80329.12392555193
1.856182744956048e-05	2	39	215949.47590889924
4.9357152555396465e-05	3	37	50910.131645593756
5.593051782577173e-05	4	23	51908.70210616276
3.984915317196447e-05	4	24	52935.51836744314
6.195621100216882e-05	1	31	79635.45878547078
6.817767751237393e-05	3	34	53637.7388328977
6.886508890465064e-05	3	39	53402.755660262446
7.875242327902031e-05	3	35	53376.82542299237
5.904729523356529e-05	4	33	50900.9508830542
9.984068843547296e-05	1	30	80791.31857566415
9.999064395912606e-05	2	29	85454.87732067938
0.0001	1	37	77444.32597120258
0.0001	3	20	51604.766198195575
8.556669509514488e-05	4	20	52702.37847405942
9.936485261112847e-05	4	27	51815.512632104044
0.0001	5	20	52609.6560475675
3.554361151282889e-05	5	30	53158.35552667939
7.11194796198211e-05	2	39	77794.35589808099
5.846508584767056e-05	3	38	53742.07296440722
6.42608546985601e-05	3	40	52556.33433160242
0.0001	5	40	57238.836410338816
4.920231097697453e-05	4	29	52652.82263627663
5.7916780041520586e-05	4	33	53003.916840596095
5.287818864617674e-05	5	40	53980.962824049406
6.828862168134171e-05	5	39	51209.37977793888
8.317748989513828e-05	3	26	53902.276937887866
2.6219265668606974e-05	4	22	52898.18339676859
4.463939576093327e-05	4	22	51950.01390185455
3.476442862003003e-05	5	20	52060.40742777207
5.400836759313708e-05	3	33	54404.34469434895
5.3843353195711006e-05	3	36	53845.30974774484
0.0001	4	20	53201.79681342909
5.222351096905849e-05	4	36	54871.0636040755
8.237986901656106e-05	4	28	53954.6698950305
8.246214467000204e-05	4	35	51067.66123775411
8.154276837457184e-05	5	31	52359.83083608625
3.84273981123731e-05	5	25	53592.7098469931
6.66639446157846e-05	3	28	56216.04314475131
4.883205768998037e-05	4	24	50994.71744885525
6.37600409170466e-05	4	25	52032.49822797114
6.803665716401114e-05	5	20	51658.292897162144
8.63750233312082e-05	3	20	53461.704436477834
7.78185624781918e-05	3	20	54888.1986491059
5.482615360891594e-05	4	20	50852.88883516163
5.911485744736451e-05	4	20	52788.36833444473
9.874496047615646e-05	4	31	51886.45702685384
9.023267629977837e-05	4	33	52285.38960830094
8.099220886222541e-05	4	34	49258.21689831582
7.88738958546327e-05	5	40	54574.27493793953
7.843200083364122e-05	4	34	52881.865673827044
7.243556155552258e-05	4	35	53265.548942574715
7.741132775065181e-05	4	33	53930.10435016588
7.001464235348632e-05	4	36	52492.2149077611
4.306242532429828e-05	4	23	52239.78061986315
4.208146134011167e-05	4	24	52204.44231511525
9.472453413364448e-05	4	33	51502.58663820809
0.0001	5	32	54925.179697065
9.695677744914162e-05	3	23	56663.897418739776
0.0001	3	25	54441.24096081493
7.653470077570523e-05	3	30	53773.39292082612
9.992324310289785e-05	4	26	52681.55859684813
5.500113921445371e-05	3	39	53905.93289492309
5.412338950570077e-05	3	40	54871.86448642142
5.0244080204989604e-05	4	25	54292.944582909935
8.763660165187749e-05	4	35	53101.276600369754
6.07988486825479e-05	3	34	53024.06922385368
5.718929442696211e-05	3	35	53736.54196672045
5.4106893655088386e-05	5	20	53806.98236428137
5.9822429697209276e-05	5	20	52198.55648933337
8.233143896957192e-05	3	33	57916.061151947586
8.283865727144147e-05	3	34	54468.67273788244
6.701852061211952e-05	4	22	53554.072212891035
9.266200524131894e-05	4	29	52895.83399553842
0.0001	4	24	51974.91775823981
9.020846094180418e-05	4	20	53361.71754126988
3.968612746197784e-05	4	27	50896.507823518805
8.34316434054657e-05	5	20	53123.82574204906
4.104964867605314e-05	4	28	53794.34607533046
4.078125849711413e-05	4	26	54575.056998301
3.7200684565205774e-05	4	26	52623.755073656124
6.253083292230085e-05	5	37	54237.759968570586
4.6135178779190783e-05	4	20	53777.6140637859
4.662913377163267e-05	4	21	51088.65003821527
5.0607052105443195e-05	4	22	50398.7697214361
5.381837722446468e-05	4	21	52189.81465684271
5.157436063142613e-05	4	22	52896.52309456514
5.4179232609345804e-05	4	23	52177.57447492876
4.5295293701154494e-05	5	34	52553.490978349786
3.0270795883824624e-05	5	40	53591.862452046735
4.0168516753855485e-05	4	37	53582.3482008153
1.2511692278473138e-05	4	29	52631.95092560145
3.70136052384394e-05	5	37	54629.580339281725
1.9425068893151324e-05	5	31	54401.07026466779
1.1081061780060986e-05	4	23	52576.41865078907
2.1001696078450177e-05	4	26	51897.8523386401
1e-05	5	20	52950.36821933413
1.582385639331257e-05	5	21	49555.29301582114
1.7921602771851448e-05	4	21	55103.899217270395
1.5904181961996132e-05	4	21	51226.03832612177
1.718555495580388e-05	5	22	52027.73525211803
1.7582927991708564e-05	5	24	51838.826582673624
8.179850290797143e-05	4	36	51659.56879300989
8.439591029355803e-05	5	34	52756.37985938051
5.874597550063192e-05	5	27	51382.19333267703
8.734218409577728e-05	5	33	52590.04172652098
5.884933787842871e-05	4	29	52545.334052386555
6.1046631417811e-05	4	28	52772.391589031555
5.597892028218451e-05	4	29	50942.26000066433
5.140634346458137e-05	5	29	52764.11402593206
4.647647603489547e-05	4	23	54763.41926572132
5.431565665831538e-05	4	32	51600.54073954621
4.858374521526574e-05	4	23	51795.32277828874
0.0001	4	28	51861.992950192194
5.4987422738051427e-05	4	26	53685.29628823488
5.7231354947133597e-05	4	26	52543.118303053685
6.745520784878683e-05	4	40	53959.198335775895
8.261848869958399e-05	4	35	51203.11478057366
9.447847001316062e-05	4	32	52247.0450379342
9.562079313324838e-05	5	25	51614.41042672459
7.015334619918277e-05	5	32	52236.93283031017
6.651457289289238e-05	5	30	50738.14493048366
6.507157842136492e-05	4	30	52532.74259897399
6.450894958382329e-05	4	28	52296.218580038076
6.637801320970229e-05	5	29	53191.28891143106
6.229734876479847e-05	5	29	55751.326745526865
5.858867865176846e-05	4	32	52028.50346411148
5.575950718290851e-05	4	32	52669.24293529541
9.717795646466442e-05	4	26	51836.67838960808
8.250114824912892e-05	4	35	50631.23889153311
8.253368812121212e-05	4	35	52980.512600196256
8.356246142600241e-05	4	35	52850.52201858937
8.149496785133012e-05	4	35	52364.30000441912
7.198391520951197e-05	5	23	52859.44447684475
7.893108868452602e-05	4	35	56349.27506139954
7.408660592743728e-05	4	35	52502.09145466407
7.613979292803501e-05	5	35	55741.85564053481
7.704567236218404e-05	5	36	51583.80539640508
9.682849001079843e-05	4	26	53084.45868514496
5.710525809032699e-05	4	21	52808.10607188356
0.0001	5	26	53163.56671752641
0.0001	5	25	52359.293641298726
1.8807098805390063e-05	4	27	53333.921194184375
1.553205957526003e-05	4	27	54559.4189441632
7.321329331819493e-05	5	20	52417.98192597168
1.303632116305897e-05	5	26	52297.20608702175
0.0001	4	20	52718.27731326042
6.667806954257983e-05	4	36	50540.30498260923
6.367748675413611e-05	4	35	54436.759613794886
0.0001	4	22	52426.08231645878
7.241592949517152e-05	4	36	53311.918636091636
7.078072580433696e-05	4	36	53521.40311131091
7.146910551321006e-05	4	36	53566.62586099689
7.462690460104677e-05	4	37	53147.096678763395
8.580653839728103e-05	4	33	54589.23423670511
8.348375269531581e-05	4	34	52800.43431895552
9.19689465215123e-05	4	24	52600.36476888179
4.9470028352228015e-05	4	31	52501.1404829954
5.0896354252847775e-05	4	23	50893.58420243923
5.0570024573778497e-05	4	22	51058.81227736986
0.0001	4	34	52674.94842818312
5.2541014747019765e-05	4	21	53261.66658419589
5.078529980377979e-05	4	23	52324.2829592813
4.9635106508805236e-05	4	22	52722.830704148735
4.840343351989552e-05	4	23	52139.40411664953
4.8964164296518245e-05	4	22	52628.423244442376
7.875546972536547e-05	3	24	53003.54326964277
0.0001	4	30	55671.46317439639
3.487882576335661e-05	4	23	51327.83971457228
2.7888180599454643e-05	5	25	53029.140225323856
3.700764198601105e-05	4	22	51382.82487850365
3.640082489674639e-05	4	23	51597.917327697156
3.578270642172644e-05	4	21	51124.89513812086
3.563784669626811e-05	4	23	51756.30570914447
3.733163356127772e-05	4	22	54082.88971130778
3.503505638627292e-05	4	23	51834.767496774
3.6938801272256415e-05	4	23	52408.2306652556
3.5679954440919746e-05	4	21	51545.87255570669
5.6309395789920266e-05	3	38	52190.453483264275
9.814016194168298e-05	4	26	52209.99816918233
0.0001	4	25	51559.615534579534
9.176017034987566e-05	5	35	54379.00887010125
3.4284554754675986e-05	4	24	52730.865716523615
3.1380177540323976e-05	4	25	51999.22237954973
1.4507730452348378e-05	4	21	54024.236423422735
1e-05	5	40	51573.09607414866
1.377004974188355e-05	4	36	54165.46374063732
1.5257663576837387e-05	4	34	52794.50965705221
1e-05	5	35	53885.26309023523
1.3454161546681845e-05	5	37	51652.665471064414
6.115870187255389e-05	4	24	53575.4878094653
6.393083424464199e-05	4	23	52083.289357657515
6.529784416289724e-05	5	20	52408.814613922084
9.145558794463944e-05	5	30	53135.050616789114
7.173191966778628e-05	3	23	52880.062178579545
0.0001	4	25	53920.23943018281
9.287372784100406e-05	4	35	55428.8783362865
9.4489810018163e-05	4	34	51584.41567559747
9.948917828646165e-05	4	32	57515.03654794069
9.597531177786541e-05	4	23	53904.15597634485
9.413266809869064e-05	4	24	50608.63397775191
9.669240117689256e-05	4	32	50751.45725217997
9.48207736322706e-05	4	32	52663.35536282542
9.32032812441339e-05	4	25	53535.69167056922
9.016938457001769e-05	4	25	51757.033748856695
9.428474470094049e-05	4	33	53124.89546627045
7.254108891981422e-05	3	33	57671.92120647376
7.08791300569524e-05	3	32	55228.00352967613
6.974031511424375e-05	3	34	54735.867812938115
3.3597408631226665e-05	5	21	53712.53677102714
5.540388025983197e-05	4	31	52990.98014338859
5.823607679761003e-05	4	32	52010.85097694041
5.596252680381023e-05	4	31	52190.57131008403
5.401142583102905e-05	4	30	51070.899294472154
0.0001	3	20	53477.97958428795
5.353094253856674e-05	4	29	52006.65730594398
5.534280548162062e-05	4	29	51951.010257054324
5.5155666284395986e-05	4	29	51546.49529937769
8.885306504233457e-05	3	20	52447.841391815105
9.199523672737878e-05	3	20	54068.912619378934
5.396880583670353e-05	4	29	51808.973802357265
1.716098358995996e-05	5	40	53967.667503519275
3.415908793503893e-05	4	23	51915.86183569392
5.411805974127116e-05	4	29	52816.7768825094
7.083623481995791e-05	4	38	52232.693046801585
1e-05	5	40	53465.61961514829
6.488789700639976e-05	3	36	54706.66080512223
6.458434560005617e-05	3	36	53122.283536077186
3.419456680494383e-05	4	23	51179.46015175693
5.829301542368959e-05	4	33	52995.93989199731
3.3771614721551764e-05	4	23	52294.152795227455
3.503505638627292e-05	4	23	53498.62995705005
4.449670887913555e-05	4	32	52011.82189579454
4.068380963420184e-05	4	33	51309.332765724685
3.501322543354819e-05	4	30	53135.149603725
3.486247310439899e-05	4	31	51701.38479375245
3.750316915274292e-05	4	32	51926.84658116832
4.081458915833022e-05	4	32	51026.421105858586
3.839462041570103e-05	4	35	52461.86525313372
4.01790919625562e-05	4	33	52953.984607549595
4.218878094479464e-05	4	33	52351.556673762585
4.0940205055063727e-05	4	34	52821.73148845821
4.071840035732401e-05	4	31	52975.68022852649
4.304776744508584e-05	4	31	52606.8938114265
4.0432173333604e-05	4	32	53701.69508818921
4.2725455418522726e-05	4	32	52042.76433045517
4.850756695752555e-05	3	36	61992.36684021695
5.140608970546755e-05	3	37	53728.0868804689
5.0325582682462396e-05	3	36	52160.37370266091
4.0953158819082864e-05	4	31	51594.965681935915
4.907612913419566e-05	4	32	52345.84117362596
5.017449277388235e-05	4	31	53363.71870621745
5.175894001047433e-05	4	31	52032.90711878769
4.707999866855693e-05	4	32	50704.230640039175
4.180617462031401e-05	4	32	54115.91012880808
4.64626481157811e-05	4	33	52670.8365118686
4.2050781742713896e-05	4	32	52659.89744664985
4.597397997355095e-05	4	33	52661.6876878534
5.095341239699892e-05	4	22	52485.39669962327
3.6460969718457795e-05	4	32	51985.01168700849
5.0896354252847775e-05	4	23	50519.25829594334
3.4361736587644054e-05	4	33	51817.97689689466
5.425531239982585e-05	4	23	51972.227963977784
5.394519656974829e-05	4	22	52221.82775745591
5.12400033523114e-05	4	22	52872.109371076025
5.179541790732367e-05	4	22	52607.20354315296
3.674708284222297e-05	4	32	52684.56244620722
5.538332047851258e-05	4	29	52410.41494140797
3.456494683684274e-05	4	32	51755.23246532819
7.157294085580959e-05	4	20	52767.466410379195
5.651912960822067e-05	3	38	57288.406653225094
5.840224863609893e-05	3	39	53614.17365339293
3.723929348367479e-05	4	23	52248.158299226816
3.7451404907617415e-05	4	24	50597.926876764395
3.728910367998753e-05	4	24	52172.629412121525
5.0932139672343555e-05	4	22	52103.27724860337
5.0896354252847775e-05	4	23	52827.105472567055
3.702561587943973e-05	4	25	53310.033994646474
9.661341358318901e-05	4	27	53840.899342839235
9.821069342711777e-05	4	27	51119.562281194936
3.659140066694637e-05	4	23	53764.55756547626
3.7451404905551814e-05	4	24	52273.480317689886
8.33882127822312e-05	4	23	52709.0162196073
8.561334883510399e-05	4	23	52648.954885362466
5.5120380314337756e-05	4	29	53082.31688438825
6.811714431206304e-05	5	20	52239.393065455726
3.653913036373913e-05	4	32	53435.365272549876
5.045874817149578e-05	4	22	52568.532888442765
3.8469166778001444e-05	4	32	51518.36428240888
7.185061709316626e-05	5	30	53135.30897108122
8.092806729057305e-05	4	35	52659.885703213804
6.167817969981947e-05	4	20	51324.99114477527
8.100327894426592e-05	4	35	51702.91497582205
6.25145019569887e-05	5	23	52156.50972272112
6.172430950020362e-05	4	20	53344.928331805015
6.359418347284666e-05	4	20	51571.44907120629
6.567028034853337e-05	4	21	52414.750328817514
6.656127699578043e-05	4	20	51285.823705167735
6.656127700154932e-05	4	20	52898.52042713158
6.322212203332734e-05	4	20	51132.583726763936
6.865582819115698e-05	4	21	53054.78812433521
6.475532088197171e-05	5	21	50996.10597941582
6.089403345827669e-05	4	22	50158.34547055921
6.32221220307687e-05	4	20	52776.90586967388
6.0787114465672664e-05	4	21	53093.23888095667
6.263474656012233e-05	5	21	52177.877537540975
6.085113567156094e-05	4	22	52845.889726655696
5.976669121906326e-05	4	23	52661.511297023266
6.150537877751702e-05	4	23	51727.8971216224
5.9942605005198056e-05	4	22	52025.72088358031
6.322212203655293e-05	4	20	52328.6370300194
3.4662769295398585e-05	4	21	53294.25324981866
6.451208133622292e-05	4	21	52950.92986462899
6.327795894764674e-05	5	22	51466.66373667862
8.106469178976308e-05	4	35	54865.47182987202
9.060753648193918e-05	4	24	52782.340092730155
8.109155592842112e-05	4	35	50785.77356563124
8.878612344906045e-05	5	24	53916.40109165953
5.008701362455453e-05	4	22	51889.84579595009
0.0001	4	26	53020.19501656084
0.0001	4	27	51438.83908876541
9.819932524067472e-05	4	26	52412.636452767474
5.001002888585259e-05	4	22	53125.68282158882
8.108553516851116e-05	4	35	52844.469517613245
5.262668014597789e-05	4	22	51353.91568751176
3.947559992699766e-05	4	32	51744.490215309546
5.333767792591029e-05	4	22	52712.89487687946
3.948626297869518e-05	4	32	52269.34210123613
5.470884398311492e-05	4	22	51876.17028118437
4.25950985027112e-05	4	32	51729.46429028133
4.0244389235433154e-05	4	33	52091.28137458968
4.382388684607872e-05	4	32	51707.00933802081
4.120859181234707e-05	4	32	53875.383143478386
4.1039455106412996e-05	4	31	52431.32383550055
1.35087685993178e-05	5	23	52003.206341572986
1e-05	5	23	53146.163761899195
1.8827098129844614e-05	5	23	54335.44046774014
1.642501955887099e-05	5	23	51128.651659387215
5.316731664517566e-05	4	32	52103.97801992172
4.962242182222823e-05	4	33	52109.31536418561
4.8407652765038684e-05	4	32	52609.33302350313
4.710503255881787e-05	4	32	52832.89673657942
5.677614680819694e-05	4	20	52114.11787104347
7.083623482136858e-05	4	38	54834.875760881376
7.02208377995237e-05	5	39	54526.42644548466
6.886726976614478e-05	5	40	54621.50183606561
5.222809261846376e-05	4	22	52121.097944867906
5.4495116886376994e-05	4	22	53119.3019532056
6.17495686530087e-05	4	22	54143.01313073353
6.225762795780035e-05	5	22	51365.883925427224
5.4950123079899226e-05	4	32	55322.83324077309
3.427262243320206e-05	4	33	52481.453670400166
5.5302917187638745e-05	4	32	51811.965907477155
3.597517621967681e-05	4	33	53230.563909555865
4.4010359211657646e-05	4	22	52534.860327246424
5.0849232533612896e-05	4	23	52017.064051676505
5.295258413063061e-05	4	29	51967.60889740884
5.454755894216133e-05	4	29	51695.36784894462
5.099251040958319e-05	4	23	52488.92448518396
5.295258413063061e-05	4	29	51911.46573884265
5.448848755795497e-05	4	29	52576.29425634535
4.822903258391124e-05	4	31	53142.931264672465
5.4560604116083966e-05	4	29	51227.4351277187
3.112366670099409e-05	4	26	52706.106700206816
3.14727620255859e-05	4	27	54104.48670331289
3.335305707593898e-05	4	25	52745.93925259887
5.455895521140953e-05	4	29	52556.84767245425
5.409688149075041e-05	4	28	51027.43793953294
5.307920451765691e-05	4	29	51204.366728564004
6.116434879939376e-05	5	22	53291.51069330526
5.295258413063061e-05	4	29	52193.954492807745
5.3885805676869204e-05	4	28	51955.44529404608
5.2792083794514566e-05	4	28	52295.97581802021
5.5155666284395986e-05	4	29	52290.271428962755
5.433857099863327e-05	4	29	52398.59346512626
5.537616828577204e-05	4	28	52251.568875552264
5.5155666284395986e-05	4	29	51378.9030850743
5.295258413063061e-05	4	29	51857.186384100794
5.613585040081412e-05	4	20	53455.34936905451
5.500372500641334e-05	4	28	51227.82551775284
5.370009843208582e-05	4	29	53692.24273384886
5.569075222052946e-05	4	29	50730.37700308641
5.5155666284395986e-05	4	29	52943.507422937546
5.593823934410025e-05	4	29	51846.143124026865
5.453379725682308e-05	4	28	52920.81358271387
5.723110309306857e-05	4	28	51422.953693858486
5.5155666284395986e-05	4	29	51540.60214076211
5.648047885403994e-05	4	28	53070.46554068769
5.672615623587817e-05	4	29	52379.13384774426
5.748271221538341e-05	4	28	51312.06769087547
5.7286189392470125e-05	4	28	50222.57090826672
6.12306809392394e-05	5	26	51703.41772072916
6.28517745317493e-05	5	25	51752.51081443206
5.851768208690462e-05	5	27	54064.00019893805
5.733129087355159e-05	4	28	53330.175875946996
6.511621117652908e-05	4	26	52620.8797809642
6.368430292682442e-05	4	26	51744.6852152656
6.491015103070692e-05	5	25	51698.36777458127
5.5582473327143475e-05	4	29	52857.50088637489
6.242376148925094e-05	4	26	52576.64336550944
6.348692030272512e-05	5	24	54266.9845262181
6.329699643523112e-05	5	25	51493.03528257642
7.080666011360299e-05	4	23	51294.44698645487
5.681466624045464e-05	4	28	53082.36057715444
7.386194624841548e-05	4	24	51773.036273473925
5.527675853886896e-05	4	29	51901.192666696465

Best value: 49258.21689831582 at [Gamma, Alpha, #Firefly] = [8.099220886222541e-05, 4, 34], found in 4577.337004899979 s