1.204156270554666e-05	2	28	754291.074457371
4.061033314784963e-05	1	21	824162.0012995471
9.898377806720205e-05	2	37	414210.90399251855
1.1438328322051764e-05	3	34	76825.71925283107
5.8384477009766236e-05	4	27	72455.17993297789
2.312618057302709e-05	4	20	67467.23695450311
9.384369750126617e-05	3	25	75103.65031994523
2.9618712261984686e-05	4	27	72415.6200139147
1.0243922059983133e-05	1	38	755367.274784905
9.827593346672605e-05	1	39	623073.459568716
9.673516732471496e-05	4	20	72386.11636803272
3.183212798754307e-05	4	26	70705.6300750214
8.033333302871062e-05	4	23	72575.10025819218
5.584732858070529e-05	4	38	76465.41902693314
9.688261309164245e-05	4	31	72025.88194270806
1.741612398281742e-05	5	40	71979.21749172937
1.0360986138575173e-05	3	39	76416.09290288315
1.561643219355162e-05	3	39	75462.04230825051
1.2431495320994229e-05	3	37	75313.45278019142
1.4559787126880508e-05	3	39	74706.88287548687
1.1434705065844492e-05	4	23	70380.0397917555
1.4185468165166604e-05	4	21	70088.81739336635
2.8170168374688466e-05	4	20	72846.66926897223
2.2344132506251175e-05	5	20	70887.87435450683
7.890968913708483e-05	4	32	70678.93513071972
0.0001	4	26	72949.27602038086
8.046468252397123e-05	4	39	70669.60048525907
0.0001	5	40	74706.95939100455
3.602912686049226e-05	4	40	75610.60036531495
8.159112836359058e-05	4	20	69233.4376106487
8.703408420583722e-05	4	20	73887.24763839414
5.826026314277023e-05	5	20	70505.74611802728
7.475920680730561e-05	4	32	74044.82846289169
8.100776228947637e-05	4	32	74540.7844513184
3.5337756492135106e-05	5	34	67381.87974777594
1e-05	5	32	70607.28784769108
1.296819194161442e-05	3	36	74831.65174126464
1.0385159841255672e-05	3	36	79606.06452748673
1.461715284870913e-05	3	35	76786.32875950221
1.3069283780208308e-05	3	37	77506.33965726384
0.0001	3	20	72486.08725577076
8.524113097702357e-05	4	26	72974.09734824521
5.1458529810753626e-05	4	33	72667.83045386816
0.0001	4	35	73414.61773117243
6.424037418469506e-05	4	40	75088.1710335466
5.38256658201939e-05	4	23	70983.50046345934
5.9944727692451694e-05	4	21	72524.36720233901
6.350469859868546e-05	4	23	69398.31316258541
2.3711649060610516e-05	4	34	71756.54971379724
1.914819658491112e-05	4	33	71951.95961129815
2.3163293083969452e-05	4	33	70757.54794625496
2.6497142410682338e-05	4	34	73449.37716472133
4.268753285199162e-05	4	20	68030.87387540008
6.731613534832824e-05	4	36	76584.65288535139
2.6416995151696233e-05	4	23	71352.70976810264
2.233165477043636e-05	4	23	71650.1045563681
4.278660619661536e-05	4	29	74542.81491275503
4.230656666404726e-05	4	29	72229.00043595496
4.3782036416425954e-05	4	28	71444.01815893826
4.17328923588529e-05	4	30	72714.66046473708
