9.439755133016888e-05	1	23	78232.82471990648
8.923748896878083e-05	1	21	76419.98040194457
8.95436106157171e-05	3	32	54505.99413531848
3.9100616149259674e-05	1	26	80998.6699948347
7.589028137011442e-05	3	33	50533.24894354675
7.270954484929423e-05	4	31	51746.91370433523
3.140539216847036e-05	2	35	74340.81331880961
2.3733559428708027e-05	3	24	50966.255617808136
1.751335394943605e-05	4	21	50770.762877080306
3.448880135531247e-05	4	23	50373.717334949884
7.383304374565483e-05	3	34	52487.82062903541
5.488031507386023e-05	4	27	52555.02961847806
3.172240532844459e-05	3	20	52136.30616962398
6.921000856816718e-05	5	20	49884.782578580336
1.3741400268324271e-05	5	30	51088.829929043444
0.0001	5	40	51300.71440787916
3.9240580476020946e-05	4	28	51259.64298404236
8.408411934547986e-05	4	21	49884.361182704255
5.093264540732675e-05	5	24	51065.21055804632
0.0001	5	24	50090.29563847205
2.070380457034505e-05	4	26	54387.44858531538
8.609518607642417e-05	4	28	52598.044307930664
1e-05	5	20	50817.27735145852
9.251452074147058e-05	5	30	49576.70605981938
5.1401882144427504e-05	4	20	49793.84975584284
2.486747351424256e-05	4	20	51608.5315274901
3.429810024903866e-05	5	20	49875.12152501976
0.0001	5	20	49142.349387400485
8.404658915462003e-05	4	20	50445.39800189322
4.613723911668187e-05	5	20	50188.46672910192
9.266097128331976e-05	5	20	50055.73567564096
0.0001	5	31	49487.863911189954
1e-05	3	20	52213.07357262165
1e-05	5	40	54811.93918579869
0.0001	5	30	52810.04510521103
5.575373308511277e-05	5	40	50922.81513430742
8.801452759686938e-05	4	40	50181.968468338484
6.092622118314621e-05	5	20	50417.02289658583
0.0001	5	20	50944.58794272848
7.868406627700548e-05	5	40	50991.10907268883
4.5687517771483496e-05	4	20	50742.493376937426
5.762444200772101e-05	5	20	50592.95597633828
4.35332272229828e-05	5	20	50248.806743904664
8.224045527998949e-05	5	20	48820.396129260516
0.0001	3	40	52440.751807774905
8.408411934547986e-05	4	21	49912.48894419766
7.751354077682341e-05	4	21	50670.92928406995
8.124227388605272e-05	5	20	51887.175474540214
8.408411934547986e-05	4	21	49969.01474327254
9.678946295654454e-05	5	23	51403.74574281403
9.164862506599542e-05	5	20	50058.57114385455
8.936469024969276e-05	4	36	50770.173296537134
4.931269280096466e-05	5	20	54593.71512089199
0.0001	5	20	53290.31304202048
3.694475283507682e-05	4	21	49362.83223875773
8.866987239352923e-05	5	20	49265.396583617876
3.425110365880174e-05	4	20	50616.372017427464
7.751354077682341e-05	4	21	50668.46439564102
8.607625910181586e-05	5	20	51878.68186847961
3.650183957602303e-05	4	21	48663.73229548186
3.5548830273858454e-05	4	20	49754.56265603248
3.544439166435519e-05	5	21	49930.790990027825
3.834507733678655e-05	4	24	50197.83792230594
8.741727059422291e-05	5	21	51940.77723111387
3.6051453497677003e-05	4	20	51539.64607035592
3.051275980476497e-05	4	24	50143.81544855158
3.834507733678655e-05	4	24	50647.88390718119
3.5494409992523055e-05	5	21	50486.823429352466
7.751354077682341e-05	4	21	50005.625428971274
3.834507733678655e-05	4	24	51119.85605110213
1e-05	5	20	51046.143808933535
3.529679182215365e-05	5	21	49528.031469875335
6.795828810569515e-05	4	20	50064.578512845364
3.475855323435918e-05	4	23	51479.80577527915
7.166221249679618e-05	5	20	50376.5201304137
3.502550151737116e-05	5	20	50408.05968575854
6.951974522988626e-05	4	20	50208.22968731119
7.533476617108208e-05	4	21	49704.28365675752
7.751354077683144e-05	4	21	50318.63137313673
3.513024828205823e-05	5	20	51040.12629996092
6.446490792536058e-05	4	20	53271.626828466695
7.856911626317746e-05	4	21	52112.81038064103
7.408476694924228e-05	4	23	50030.35814560121
7.191658242389757e-05	4	21	51159.36089339815
8.356244656077207e-05	5	22	51597.14501306065
7.136411636410783e-05	5	22	49959.721150776226
3.604684388737445e-05	5	21	49822.513479791385
8.79932600928729e-05	5	40	52000.64649464473
6.549273510020937e-05	4	25	51210.83489987066
3.372883950940382e-05	4	20	50216.64897427448
3.611903997740936e-05	5	21	49208.883665644
7.046071721251048e-05	5	22	50881.01435735865
7.851754935773444e-05	3	28	53189.201500854
3.236400610319704e-05	4	22	51090.850701477604
3.828635735831185e-05	4	21	49455.41081898863
3.6173505159302166e-05	5	21	49651.369097571325
8.163686657359194e-05	3	40	53670.219971400125
3.86207577567157e-05	4	21	50716.44521043462
3.1720907692692095e-05	4	20	50261.59741891278
3.709396046304935e-05	4	20	49516.49545903702
3.1720907692692095e-05	4	20	52067.52907260312
3.828635735831185e-05	4	21	50856.417287853306
3.696949897830316e-05	5	20	49547.55351438947
0.0001	5	34	49879.834283754986
3.828635735831185e-05	4	21	51167.94709903258
3.7676262464067607e-05	5	20	52224.36669671958
9.500917105195272e-05	4	34	51162.926401800614
0.0001	5	34	48079.885352615674
9.613724898941229e-05	4	33	53627.60672042971
0.0001	5	38	53455.67176511033
0.0001	5	35	52989.00742831421
3.688076720391854e-05	5	20	48978.75849524559
3.5548830273858454e-05	4	20	53079.10356048385
8.408411934547986e-05	4	21	51870.724880887945
3.684396329025407e-05	5	20	53085.59497346269
7.350726377481238e-05	5	20	51242.424150036066
7.303973831166963e-05	5	20	50271.85041609202
3.6727786333641324e-05	5	21	50339.66515040424
4.161326065738777e-05	5	24	49558.889484869665
5.758649404669174e-05	5	34	50237.070174033
7.314700245258388e-05	5	20	50983.46187221777
3.75300730410125e-05	5	21	50039.933910831256
5.3840128922285736e-05	5	33	52970.35534433528
6.345292485519662e-05	5	35	49491.076178511685
7.320454080965721e-05	4	34	53873.90623574381
7.176142804753345e-05	5	21	51400.03746539296
6.704111058763007e-05	5	37	53068.97861387922
3.762325393385966e-05	5	21	51065.458348405955
7.751354077938152e-05	4	21	49982.20447030215
3.720898761693587e-05	5	21	51929.53874886878
4.20018318684865e-05	4	25	49725.351507258834
8.88463873189904e-05	5	20	51188.90188802692
7.787950660611463e-05	5	20	54070.01227055032
3.424239751738065e-05	4	20	50737.20224747603
3.88248469556504e-05	5	22	50676.07210273523
3.992479127822769e-05	4	26	49953.25585854958
7.08252014396244e-05	4	22	49469.3824654466
3.718038798097048e-05	4	21	50795.32275611818
3.9240580476020946e-05	4	28	51110.22420677391
4.0667842268174235e-05	5	24	51030.484549167275
4.4189906409541946e-05	4	24	49902.21395636137
7.072097219689538e-05	4	23	49827.02045158101
6.535706260283056e-05	4	21	50536.74969958838
3.702118902921238e-05	5	21	49594.46321396087
3.6041430228626124e-05	4	21	51650.96316900267
7.060214645229175e-05	4	23	50469.580147485925
6.39045621576974e-05	4	22	50222.80147743892
4.1064488205566826e-05	5	23	49563.22880803297
3.882641926217816e-05	4	21	50397.918982045165
7.019434301345163e-05	4	23	50290.05379293035
6.39045621576974e-05	4	22	50573.942797814416
4.199556541748906e-05	5	24	48549.22071393282
3.8983319729377694e-05	4	21	51926.27282916009
4.478529602630949e-05	4	24	50060.698660014255
7.041523702531394e-05	4	23	48788.26119210633
4.268621090379849e-05	5	24	49081.99846161878
4.487294956061656e-05	4	24	51611.58311623107
6.45795467827223e-05	4	24	51193.394443132485
7.04132942549923e-05	4	23	52171.30821745136
4.3431947738529885e-05	5	24	49494.443365789404
4.053746953233922e-05	4	22	50371.09167957617
3.992479127822769e-05	4	26	50250.72754187909
7.058100862175704e-05	4	22	50319.292218535884
4.305169580892815e-05	5	24	51295.00184970082
7.064839440490764e-05	4	22	50532.6076524929
3.933148945018776e-05	4	21	50287.83050447551
3.992479127822769e-05	4	26	49583.864262233816
4.2518323042835485e-05	5	24	51126.306602283636
7.068242101571728e-05	4	22	50107.45504243805
4.198754894040739e-05	5	24	50072.82442470668
3.961885633517432e-05	4	22	49196.729566866845
4.475062577582151e-05	5	27	50700.24261746014
3.992479127822769e-05	4	26	51733.341189772036
7.07376274361284e-05	4	22	51019.699817372784
3.926564618520339e-05	4	21	49183.58163735212
4.18941483160635e-05	5	24	49537.47395823009
3.882641926217816e-05	4	21	52070.61433213806
3.992479127822769e-05	4	26	50603.592738744825
7.060062645708885e-05	4	22	49295.61729870743
4.215320708162509e-05	5	23	50567.01124315557
6.539433231774227e-05	4	21	51082.69862408982
7.065844700185965e-05	4	22	50745.061926011134
3.882641926217816e-05	4	21	51062.95275091995
4.2238560937005224e-05	5	24	50306.61598816863
3.8917802816673546e-05	4	21	51989.103477966826
3.992479127822769e-05	4	26	50725.26044502122
7.126003958508164e-05	4	22	51023.43309537149
4.221942729360386e-05	5	24	52397.42305215283
7.096284010599808e-05	4	22	52314.95147521884
3.882641926217816e-05	4	21	54687.199578256004
6.574402406904996e-05	4	21	50589.40793470336
4.1840150238386916e-05	5	24	49438.16060884363
3.597327613940847e-05	4	23	50491.79353641367
7.025382691021425e-05	4	22	50039.62077956527
4.2259178570427416e-05	5	24	49499.97778731136
3.424239751738065e-05	4	20	50411.903061482786
7.020406166496256e-05	4	22	50592.4758946893
3.424239751738065e-05	4	20	50500.99731058855
3.607774268439631e-05	4	23	49538.63194497182
4.244729674431856e-05	5	24	54594.96370843585
7.032327678525614e-05	4	22	50497.094133590384
4.6936090243097276e-05	4	23	50153.92438757905
3.270010571275754e-05	4	22	50342.02236088814
3.890172240918347e-05	5	24	49686.73189264746
3.274468069856933e-05	4	22	51263.55414436888
4.68584287766338e-05	4	23	50216.7586958079
7.02594968702837e-05	4	22	50547.44753241729
3.874926979963149e-05	5	24	49782.695456412795
4.700266882365911e-05	4	23	51062.73844111257
7.023518364319154e-05	4	22	50759.93135583276
3.387367447652214e-05	4	22	51430.30309343771
3.95607467316772e-05	5	24	51387.62589213337
7.032026607999601e-05	4	22	51390.508131681614
7.623503631494703e-05	4	23	49705.63353850928
3.582246728555454e-05	4	21	50393.369584550324
4.053493664784891e-05	5	24	50500.8740863818
7.371110004491377e-05	4	23	51690.16418747647
6.768770276980693e-05	4	22	49737.550484514526
3.5786490385861956e-05	4	21	49770.51456458694
4.0535981744102846e-05	5	24	49675.31685422693
6.923182175575116e-05	4	22	50507.943200461974
7.594845295414561e-05	4	23	50303.171998668615
3.580687423623447e-05	4	21	50010.83571222096
4.041961019323067e-05	5	24	51440.15029585829
7.635612116739881e-05	4	23	51423.82966161187
3.5734222638112163e-05	4	21	50946.41093225884
6.982024558475456e-05	4	22	50536.855388378455
4.058959394985893e-05	5	24	51218.094978992034
5.980291359246148e-05	4	23	52848.119500909284
3.568210724122037e-05	4	21	50109.64108291387
6.882762414367214e-05	4	22	48935.11744310991
4.077013366691038e-05	5	24	49350.53109779013
6.98450951413218e-05	4	22	54239.70403980786
4.5273997535701765e-05	4	23	51443.895911744505
3.577941109722321e-05	4	21	51279.5176925989
4.000833626434481e-05	5	24	49842.14710128059
3.5807186969973484e-05	4	21	50330.765023718785
9.194477203274157e-05	5	21	49968.18904685326
7.126370426022553e-05	4	22	49611.06047860403
3.9442990782084644e-05	5	24	50603.88533578784
3.57790513225834e-05	4	21	51794.81851912644
7.180831353525425e-05	5	22	51136.85977253349
9.217675185301594e-05	5	21	50075.856518043984
3.9548401463549736e-05	5	24	49922.85483739015
3.944823048813289e-05	5	24	55899.97115612735
3.706149134436462e-05	4	21	51380.80960361144
9.233604372764349e-05	5	22	50665.45042406479
7.115895951050599e-05	4	22	52087.81365023449
7.08723576791385e-05	4	22	50015.29946060139
3.531355485926755e-05	5	20	50309.926696646646
4.230681270031172e-05	5	24	51313.879502882606
9.215307034862642e-05	5	21	50652.3515839823
7.095706558881929e-05	4	22	49102.20645650328
3.5178176380072265e-05	5	20	50981.271105030646
9.209730491716627e-05	5	21	49105.86687646584
4.198653589315079e-05	5	24	50031.076215935056
7.113678903931632e-05	4	22	50797.12065693346
9.237963704219919e-05	5	22	49969.59824868882
3.537758547087429e-05	5	21	49815.76436789045
4.2266399745687945e-05	5	24	50093.38866993292
7.109247552173098e-05	4	22	50760.40958258728
4.21013340416934e-05	5	24	50509.62785305956
9.245058879646178e-05	5	22	50586.93139453326
3.524295407828662e-05	5	20	51719.76275349391
7.103182944232101e-05	4	22	51067.817553726105
9.238822157731822e-05	5	22	51476.45705795715
3.650840759041531e-05	4	21	49469.481468526494
4.176436423792296e-05	5	24	48760.57440991063
3.627166885062618e-05	4	21	51282.204174451595
7.094383530081178e-05	4	22	49476.16060908356
4.1903999772118814e-05	5	24	50900.09053305638
9.212254905089952e-05	5	21	50921.84836160775
7.102358826554138e-05	4	22	50355.610245069685
3.6837581060643455e-05	4	21	49604.17267095857
4.186989474659484e-05	5	24	52917.9799555259
9.206306936842076e-05	5	21	51692.368190847184
7.103820681777034e-05	4	22	49966.27874026728
3.571392340784676e-05	5	21	53048.082735370706
9.183239402892518e-05	5	21	49703.687432044746
4.215651403525963e-05	5	24	49751.42479289717
7.108035748209695e-05	4	22	50819.06418924724
3.6924240200599524e-05	4	21	51351.39580489552
4.173293358684858e-05	5	24	51073.884102933014
9.190053302056498e-05	5	21	50455.05222437889
3.6854284637604e-05	4	21	51780.70282429055
7.103286320373517e-05	4	22	50328.5122734328
4.17208707892195e-05	5	24	50884.33437812511
9.190360231763773e-05	5	21	50521.82389917049
7.103103366701378e-05	4	22	51473.410446938855
8.465833767812018e-05	4	22	50461.854876259196
9.190598691955408e-05	5	21	52911.54188346807
4.171230552925434e-05	5	24	50343.745335175125
3.678689860319791e-05	4	21	49296.4106656751
7.104669847878625e-05	4	22	49814.324560934016
9.115800445925283e-05	5	21	51526.346090254454
4.172869075948124e-05	5	24	50408.37232862472
3.6612209824048064e-05	4	21	51295.044538946684
7.110034613639695e-05	4	22	50100.63073077358
9.12021110859613e-05	5	21	49618.39144346133
4.1691630915363435e-05	5	24	50281.312257474485
7.109691382064673e-05	4	22	50933.26700628456
3.6961414954531504e-05	4	21	49912.484467653056
4.174734480702751e-05	5	24	51217.15958658618
9.12176926594499e-05	5	20	50338.19419001276
3.710789042419075e-05	4	21	50272.430748470164
7.103612077555078e-05	4	22	50517.480365920754
9.122151083471361e-05	5	20	50604.45017183456
4.160746222563511e-05	5	24	49363.739623933936
7.103510344141609e-05	4	22	51552.65186051043
3.664901583122049e-05	4	21	49927.53666318304
9.124198705424253e-05	5	20	50658.33884929144
4.167906035735771e-05	5	24	49983.65430025085
3.680362941182432e-05	4	21	54390.2947020953
7.095723001298174e-05	4	22	50776.03790989602
4.169850020756456e-05	5	24	50417.115006719534
9.124504948149307e-05	5	20	52683.526287531015
1e-05	4	20	50802.384940749114
7.107059890899465e-05	4	22	49436.500635049684
4.186669588206933e-05	5	24	51435.7616296143
3.720444832489474e-05	5	21	50209.724388363225
7.11513152033968e-05	4	22	50261.19370538716
3.632125470626032e-05	4	21	51046.95751947832
9.238273614271567e-05	5	22	50843.949355065706
4.171023479549332e-05	5	24	50314.774169743294
7.115905703062706e-05	4	22	52339.840582245204
3.614165067438949e-05	4	21	51030.03655264286
7.765569881608596e-05	5	22	51767.763247120216
4.17403528536905e-05	5	24	48614.97044858848
4.294782903149899e-05	4	24	49888.4180998944
3.770013161316523e-05	4	21	50190.00361778362
7.03418323789208e-05	4	22	50852.33298371895
4.1898852636856814e-05	5	24	50631.658284793746
7.033711359092531e-05	4	22	51454.51603093012
3.802601413204725e-05	4	21	48589.92436466032
4.294782903149899e-05	4	24	50451.35576888864
4.187644648347214e-05	5	24	50998.81998077887
7.046711759859066e-05	4	22	50528.24713152245
4.294782903149899e-05	4	24	51658.80321334769
3.882641926217816e-05	4	21	50805.02597973354
4.1664623358972716e-05	5	24	51025.548338274944
4.294782903149899e-05	4	24	49991.47312782183
3.690247730851829e-05	4	21	50784.59992132623
4.164132429847196e-05	5	24	50415.246403854944
7.049088869621202e-05	4	22	50324.460827880095
3.697173104125318e-05	4	21	51435.86009501524
7.044074708966994e-05	4	22	51365.91919004637
4.294782903149899e-05	4	24	50427.103023368756
4.166515429662131e-05	5	24	48964.84084076324
3.882641926313768e-05	4	21	50715.599344293914
4.294782903149899e-05	4	24	50702.02276127358
4.1791575051067935e-05	5	24	50643.95706392292
7.050936494348773e-05	4	22	50070.915017398074
3.882641926217816e-05	4	21	50305.68007840709
4.1783572579498276e-05	5	24	53104.898518096445
7.046749086310524e-05	4	22	51938.653047278254
4.294782903149899e-05	4	24	51273.71260096282
3.741411648548202e-05	4	21	49558.23400795648
4.240233639161314e-05	4	22	49770.99928281311
7.058487704778467e-05	4	22	50101.58703911634
4.1515353241589426e-05	5	24	50975.39379861485
4.2356013467718876e-05	4	22	51121.11467958366
3.6329016479400287e-05	4	21	51411.32416877275
4.138409281886714e-05	5	23	50263.95918889373
7.055393211532836e-05	4	22	50769.826404515385
3.7696663063147946e-05	4	21	51422.845179822885
4.2356013467718876e-05	4	22	51910.80673691749
7.055888578911247e-05	4	22	50925.85126263262
4.1425099459586994e-05	5	24	48245.17015704289
3.711141389762285e-05	4	21	52247.96734346075
7.059578645001188e-05	4	22	52060.77525136909
4.294782903149899e-05	4	24	50324.73840848836
4.1484359757956286e-05	5	24	51427.54185893897
3.799066391685787e-05	4	21	50546.380564237385
7.057255931580965e-05	4	22	51748.672043891565
4.294782903149899e-05	4	24	49570.75551945675
4.157933709083432e-05	5	24	51211.75420199501
7.087257571517948e-05	4	22	49584.92428215258
4.294782903149899e-05	4	24	49255.29356548373
3.8132986491650805e-05	4	21	50526.913791416424
4.1545911226878624e-05	5	24	48801.379981422135
4.4333275101737123e-05	4	24	50058.66092898493
4.1973626914361785e-05	4	24	50176.35484506004
7.099250908063144e-05	4	22	50839.91691088211
3.992479127822769e-05	4	26	50008.60707939541
4.596959939822145e-05	4	22	50380.68678453008
3.992479127822769e-05	4	26	50622.30387877797
7.092466366834714e-05	4	22	51120.31844869012
4.1983227352273036e-05	4	24	50741.26055397865
7.07658968678551e-05	4	22	49798.81432468389
4.619964408974429e-05	4	22	49382.3884922787
4.214166468547003e-05	4	24	48430.249775451695
3.992479127822769e-05	4	26	51055.84250989048
4.259353783295269e-05	4	24	51833.40779098524
4.693715620388754e-05	4	22	49361.81842763801
3.836594549462606e-05	4	24	51573.83903090671
4.1160547447700615e-05	4	22	50029.860960772094
4.1059897735073536e-05	4	23	50233.19925419217
4.53459135904064e-05	4	23	49686.732113492915
5.148297071997202e-05	4	22	50528.09456769959
4.398095012272866e-05	4	24	49225.45554570428
4.1059897735073536e-05	4	23	50252.55290519094
4.535658558755839e-05	4	23	51022.387507256855
4.423437762894382e-05	4	24	50001.31689588876
5.226044994275319e-05	4	22	50949.299333485054
4.1059897735073536e-05	4	23	51864.35069234262
4.450051411980132e-05	4	23	50836.52308492159
4.470905616743239e-05	4	24	49609.990820670326
4.964580711391139e-05	4	22	50304.02257355839

Best value: 48079.885352615674 at [Gamma, Alpha, #Firefly] = [0.0001, 5, 34], found in 1466.0975029468536 s