7.968328306275161e-05	2	28	78339.36793052846
3.506993313076979e-05	3	36	56549.20160726403
9.216914731892269e-05	3	31	52889.46613859222
1.0466410180159643e-05	4	29	53640.818696765586
4.0516905881113276e-05	1	23	213125.80105005484
1.6841948103522863e-05	4	22	52006.80323083858
3.417588042138123e-05	4	30	53869.61242157725
3.575506611246703e-05	4	32	54075.13659081651
1.0028755719260604e-05	4	34	52202.30693530178
2.2747596756482914e-05	4	39	54592.9720327835
6.210716142097563e-05	5	40	52849.60498792201
1e-05	5	40	53960.56174238963
0.0001	3	40	53839.42325624445
9.775321541078506e-05	4	30	54548.99638808963
0.0001	5	20	52060.86423372945
0.0001	5	40	53936.89562065969
6.748035468185e-05	3	40	53180.06083040044
7.597056727785703e-05	4	38	54617.804158707266
5.762553506234022e-05	4	39	52609.56162920862
4.757715740718898e-05	4	39	52439.57088925379
1e-05	3	40	54333.726700701984
1.5864053236254732e-05	3	39	53956.40579663397
1.2027122717676561e-05	4	28	54448.579151848564
1.2858272137737364e-05	4	25	53733.53907030752
7.479480379461189e-05	4	21	54522.44074848365
5.0132458691778225e-05	4	21	52867.28750668909
6.744054444666895e-05	4	24	53321.80104285904
5.9187893919965964e-05	4	21	51615.442294540284
1.0261184790458037e-05	4	34	53652.19095977095
1.2947128893609548e-05	4	33	52394.16739078143
9.834179478039159e-05	4	28	53545.474028364784
1e-05	5	20	53956.69732363994
3.2371562846947034e-05	3	39	54617.247183495805
2.8560729799404788e-05	4	21	54537.34107618218
0.0001	4	34	54062.2408441359
3.5383535004375386e-05	4	39	51795.57058714335
6.216330512113343e-05	4	32	54167.83299700025
5.1199756699329636e-05	4	35	52331.05344181968
5.34167126355094e-05	4	33	53092.92872760971
5.595442708209375e-05	4	33	53596.36079395352
4.797118242182955e-05	4	39	54540.859200540435
4.451218605202511e-05	4	40	53510.19005834573
4.09060938870029e-05	4	38	53225.0013511012
4.264595971614706e-05	4	39	53803.850673144014
1.5498502257926672e-05	4	28	52238.319604399614
1e-05	4	28	53199.341620355495
1.156481160840134e-05	4	26	52340.32588712985
1.4925419666744666e-05	4	27	52606.690358259155
5.64647202314742e-05	4	25	52915.653451337574
5.0857990572543057e-05	4	26	55116.37090530499
4.968432808523637e-05	4	25	52887.83881423754
5.344947493794493e-05	5	25	54116.12679016198
9.958331580473657e-05	4	23	52691.66004787849
8.402598783190693e-05	4	30	53668.05054654464
0.0001	4	24	53275.98126634321
0.0001	5	23	54572.46668676864
7.658205900970516e-05	4	39	53759.28218532255
9.972274876612062e-05	4	20	51862.6037864777
8.631905498923652e-05	5	40	53777.79549648433
7.993800857520238e-05	5	40	53001.67916012793
2.1648807977017442e-05	4	32	54917.60765496217
2.0875676271921874e-05	4	31	52615.85164888337
2.1974455503708442e-05	4	32	53576.46105420734
2.2145515462436893e-05	4	34	53379.79528747389
5.9187893919965964e-05	4	21	54158.59455463145
6.0690450900534646e-05	4	22	53232.05718055483
6.167067527206076e-05	5	20	52999.512186714135
6.008265924110232e-05	5	21	52468.148864422845
0.0001	4	20	53279.85822152401
9.982190598229708e-05	4	20	53198.26803037425
9.989523990614771e-05	4	20	53198.26803037425
9.977703278368816e-05	4	20	53198.26803037425
9.844206144362969e-05	3	23	54764.10553788895
0.0001	4	23	52806.125752988366
9.854616577727478e-05	4	24	53258.84363315618
9.780227351080624e-05	4	24	53543.76887849884
1.7193923588414857e-05	4	23	53254.6953287663
1.7852316540568413e-05	4	24	55698.974708287824
2.021173771578249e-05	4	25	53629.998636486154
1.620595024963425e-05	4	23	53350.743047061864
1.3411088854382081e-05	4	30	54108.03841023848
1.13994060151052e-05	4	31	53984.33050491216
1.1716658524953955e-05	4	29	53023.281478720855
6.30515648556654e-05	4	40	52118.89313910179
1e-05	4	39	57577.34243217291
4.827121616814213e-05	4	36	53678.78150942899
1.0000000000330483e-05	4	37	52200.878304028236
1.0130173903325782e-05	4	37	52200.878304028236
1.0028755719260604e-05	4	34	54851.93529618646
1.002261992464487e-05	4	35	53402.720200705626
1.0391894535413756e-05	4	37	53133.30039541406
1e-05	5	36	53100.03516758707
0.0001	3	32	56002.75201545194
6.395407958880612e-05	4	40	55450.01786645406
6.0906377509564234e-05	4	39	53862.10250057393
5.884099873086772e-05	4	40	52557.09627439555
8.952822292327584e-05	3	40	56373.76203675725
8.728926413264597e-05	3	39	56390.88895588508
9.290766408607321e-05	3	38	56767.73749845103
9.207559422244351e-05	4	40	53302.40573525498
4.336349226234593e-05	3	40	54658.72910038522
5.206812296751036e-05	4	40	52975.353518793876
4.624206203102563e-05	4	40	53433.13039839212
5.462448306080724e-05	4	40	52696.1743130043
3.0992366614733205e-05	4	36	54871.624233553885
2.5843025917783724e-05	4	36	54641.92113596618
2.4177349180263895e-05	4	35	53967.4645214263
2.841971477530644e-05	4	35	52682.516153152195
0.0001	4	40	55176.18172986305
1e-05	4	26	53126.075982758884
1.713789102852807e-05	5	21	54086.374775969896
1.3876993649348804e-05	5	22	52639.09662019042
9.075484599227536e-05	3	31	55590.37729758306
4.5635888647540535e-05	4	33	53860.90766100428
5.444380736386059e-05	4	22	52426.273847754754
0.0001	5	20	52603.04916808958
5.444380736386059e-05	4	22	53562.962887298134
7.24772722071492e-05	4	28	52173.944772260635
5.8093601274649496e-05	5	22	52656.97636197642
0.0001	5	20	52831.17090348963
7.520994266029064e-05	4	27	53179.19389455915
7.232998245726506e-05	4	26	53301.1639340699
7.364378390666737e-05	4	28	52723.34514865294
6.967747878300439e-05	4	27	52825.47078635663
7.072696777580244e-05	4	30	52576.80359371704
6.791035643318197e-05	4	29	52869.6694518636
7.547556702477412e-05	4	32	53324.43276295337
7.206257764549231e-05	5	31	52639.1767455866
7.362740219757287e-05	4	30	54742.21149915957
7.399178238544884e-05	4	29	53332.422877407575
7.125007833184928e-05	4	29	53113.363518239035
7.13395542037335e-05	4	28	53098.55020211735
6.33240646965592e-05	4	34	52528.625722281264
6.505443477701272e-05	4	33	52903.44204443341
6.319618429731212e-05	5	35	53532.676606262634
6.526281645786201e-05	5	32	53724.95146611846
1e-05	4	23	52049.20125870479
6.856720421720002e-05	4	27	52321.547524980364
6.548080672270263e-05	4	27	52936.20702645442
1.139920421892888e-05	4	23	52305.94040886046
1.1399204219424404e-05	4	23	52773.549216843625
1e-05	4	23	52929.53745506748
5.30696024264925e-05	4	38	54346.65465677174
5.3785815438446693e-05	4	37	53841.45744535496
6.875648378749863e-05	4	27	51504.197941228515
1.0000000000399377e-05	4	23	53200.08126437516
1.139920421892888e-05	4	23	52815.20738206527
1e-05	5	22	52851.629927899725
7.183455950091967e-05	4	27	52426.63088803154
6.891702208895055e-05	4	27	54359.12269625329
7.045567624477462e-05	4	26	51953.56478394606
6.943474547256871e-05	4	28	54255.432046515845
6.231667363882374e-05	4	23	53103.53131903478
7.045567623276248e-05	4	26	52198.99579907359
7.061976047361142e-05	4	26	52198.99579907359
6.081760889467571e-05	5	22	54775.12255525732
7.045567624012877e-05	4	26	55621.10120557706
7.183455950091967e-05	4	27	53408.096631314605
7.1520198990196e-05	4	26	53330.81370422242
7.23952570621764e-05	4	25	55553.195416461305
5.879176948569751e-05	3	40	54421.65625376609
5.0132458691778225e-05	4	21	52328.915473646855
5.762553506234022e-05	4	39	51734.46903474237
0.0001	5	20	53562.46317107475
5.013245917119059e-05	4	21	53303.85523439371
0.0001	4	22	52023.583138376525
5.326847072866334e-05	4	21	53656.23789861374
5.304308488423864e-05	5	20	54805.267416113966
4.3299203752382005e-05	4	23	53862.59180048496
4.2884740141615434e-05	4	23	54333.46522360664
4.602085681488287e-05	4	23	53590.2031116831
4.243501471351107e-05	5	23	53235.455792641595
0.0001	4	23	53060.209157450125
0.0001	4	23	53060.209157450125
9.962049792698126e-05	4	22	53635.074773058994
0.0001	4	22	53429.441913857336
1e-05	4	23	54091.625224875366
6.281378270582363e-05	4	26	53920.63768785744
1.0190930913545955e-05	4	26	53885.57452281919
1e-05	4	27	52466.95402672738
0.0001	4	20	53863.9152099182
1.7505210218440616e-05	4	28	52925.59892198834
1.56569894137185e-05	4	28	55076.292095621175
1.4842154543982718e-05	4	28	53228.07262714097
5.762553512986703e-05	4	39	52869.48862150651
5.5995458373666e-05	4	40	53012.14059705235
1.1906688979072242e-05	5	22	55263.15836261222
1.4216273681189857e-05	5	23	53730.96940182291
4.970751432824214e-05	4	23	52556.736346072685
1.0639663179151815e-05	4	35	53068.240947447746
1e-05	4	35	52619.95832202493
0.0001	5	20	52098.22068529689
5.615826373519811e-05	4	40	53224.62131028287
4.970751432824214e-05	4	23	52632.95664913973
9.036201194379322e-05	5	20	53808.8599092741
0.0001	5	20	53950.30266784807
5.031812493369955e-05	4	23	52719.141077295295
5.368143978676954e-05	4	23	52391.477073702496
4.9742309859071465e-05	5	22	54711.83107992625
5.15723017429762e-05	5	22	52532.16946093749
5.4108007011533455e-05	4	22	54168.44488774251
1e-05	4	27	52070.74817127109
1e-05	4	35	53275.64430147686
1e-05	4	35	53275.64430147686
1.0186001488754846e-05	4	26	55540.25065389019
1.0190930913545955e-05	4	26	55540.25065389019
1e-05	4	27	51811.60688709134
5.6730115671066015e-05	4	40	52384.55656956953
5.823933231561273e-05	4	39	54018.22987594348
5.668960451235072e-05	4	40	53916.66127567672
5.9511667085008245e-05	4	40	54203.663244735915
0.0001	5	20	53140.9326951272
7.137556272898967e-05	4	28	53420.890761803435
6.791035643318197e-05	4	29	53771.856196294284
7.261247843176509e-05	4	28	52021.368188593304
0.0001	5	20	53477.3805698574
9.804801573045542e-05	4	28	53387.12910551665
7.251739976686983e-05	4	28	53975.3262568638
0.0001	4	27	52891.904422278174
0.0001	4	26	53735.74548706509
3.924783436093025e-05	4	37	53272.42433507857
6.855329381584929e-05	5	40	56063.99467208413
6.97014079694253e-05	5	35	53919.93386574627
5.808283670109918e-05	5	36	52738.71499053777
5.611031743184799e-05	4	35	53787.99756073044
5.415320643152094e-05	4	35	53222.584074769715
5.6241746906368005e-05	4	35	53098.30186783856
5.830154399771883e-05	4	35	53484.57165859637
9.958062325645078e-05	4	23	54135.67288375291
0.0001	4	22	52739.33116551661
0.0001	4	20	52774.11748448517
0.0001	4	20	52774.11748448517
0.0001	4	20	53404.60806197938
9.972274876611816e-05	4	20	53404.60806197938
0.0001	4	20	53404.60806197938
0.0001	4	20	53404.60806197938
4.994122237948988e-05	4	23	54123.87166718582
5.4443807434745306e-05	4	22	53835.63205234895
1e-05	4	33	52649.36936647427
5.214352843159852e-05	5	22	53832.011144663345
1.0316936443404907e-05	4	33	54379.28776256242
1e-05	4	34	53475.556584982085
1.0622388480531939e-05	4	34	54193.62445548753
1e-05	4	33	51534.81907101819
1.2022968077231386e-05	4	33	52774.62828651763
1.045323018036283e-05	4	32	52622.98824028599
1.0492197561539943e-05	4	33	55102.17304382378
1e-05	4	32	54585.06268258945
7.063828745452908e-05	4	28	52876.294485644736
6.829583494409701e-05	4	27	54510.80344089539
1e-05	4	28	54072.70503627214
1.1206235050474251e-05	4	29	53235.28495789765
7.24772722071492e-05	4	28	53625.20473954096
3.73782963724791e-05	4	40	53522.40104816612
3.8360400442037614e-05	4	39	53822.25147964791
0.0001	5	20	53158.995232076304
1.1198949604805635e-05	4	23	53426.54081267503
1e-05	4	36	52956.10619718764
1.0391894534863276e-05	4	37	52395.595176485884
6.1013989629760525e-05	5	21	53340.5653656146
1.0130173909383298e-05	4	37	55194.563858523645
1e-05	4	36	53819.80733635791
1.0391894535413756e-05	4	37	54338.40608017843
1.2050515413992706e-05	4	37	54464.35840164864
7.369146449871537e-05	5	29	53465.77165267959
7.241782998763424e-05	5	30	53744.19975662703
7.665591705054006e-05	5	29	51712.01904733654
7.13751867625676e-05	5	30	53648.90815397256
7.880698234582199e-05	4	30	57738.54362500036
7.970840540212813e-05	4	28	54763.156448136964
8.091253762237742e-05	5	30	53333.181877893025
8.12364512112875e-05	5	29	52974.56843389643
7.192319644609262e-05	4	28	52923.67055580083
1e-05	4	23	52473.828548100595
5.9018158531080424e-05	5	21	53466.10710158636
6.0090242688850884e-05	5	33	52824.14028297813
6.06789943664806e-05	4	33	53164.9350288928
6.154357037932514e-05	4	33	53406.385774875496
1e-05	4	23	53248.03654264228
6.024733244572488e-05	5	33	52272.031688418414
5.879120475276361e-05	4	33	53133.35216913968
6.141167883682098e-05	4	33	54114.587665513565
5.936215956387293e-05	5	33	52463.83745904234
5.734988648649913e-05	5	33	52780.17333979416
5.740776018888525e-05	4	34	52978.74998118577
5.9542477335080743e-05	4	34	52030.92057801553
5.550197946184885e-05	4	34	52682.13699364106
5.8558460418445845e-05	5	34	54429.805600079904
5.945855878734835e-05	4	34	52378.70355417273
6.054309548926923e-05	4	34	53236.29583389057
5.654216792333353e-05	4	34	55128.78973607836
5.795910760737185e-05	4	34	53792.99424119453
1e-05	4	23	52816.332448409994
1.1472632706427313e-05	4	23	52185.99813695357
6.146642796911049e-05	4	34	51848.24933131915
6.0664624507079914e-05	5	34	55381.26757189197
7.196019192857367e-05	4	28	55362.78677964065
1.1754645274805124e-05	4	23	53131.12462847695
1e-05	4	23	53808.25385400857
6.221216654637018e-05	4	34	53100.51568639794
1.1472377327799957e-05	4	23	54318.56717870486
5.1184972974609975e-05	4	39	52300.68086392126
5.1600823424914896e-05	4	40	54409.08837075183
6.21085776880498e-05	4	34	53079.435638922325
6.2041542976207e-05	4	34	53405.07606743011
5.3866233253526976e-05	4	39	53519.60918614516
5.146595037906248e-05	4	38	53247.734340269584
5.639772485475186e-05	4	39	52736.13485259706
5.6397724849538535e-05	4	39	55751.52923450741
0.0001	4	24	51767.86295399026
5.5009397575476035e-05	4	40	53831.68528237558
6.15253363776297e-05	4	34	52302.154148880705
9.83452119802848e-05	4	24	52493.11846434548
9.839917073396117e-05	4	24	52493.11846434548
0.0001	4	25	53359.196824201244
0.0001	4	24	52338.344729411736
9.035503139948253e-05	4	25	54293.82303144876
9.838524385384533e-05	4	24	53580.93304756089
0.0001	4	24	53238.49906598331
9.317637075859971e-05	4	25	53576.91124899008
9.835454352632634e-05	4	24	54937.19688921922
6.176616339159708e-05	4	34	53594.96190553702
6.355329895762914e-05	4	34	52370.41672059142
0.0001	4	24	51458.82441014835
4.1405937797917244e-05	4	36	56411.190912401544
6.351961971537525e-05	4	34	53314.66294948113
4.212408007669073e-05	4	36	54798.37511631147
6.594746791185604e-05	4	33	53119.272306734325
6.256079477962017e-05	4	34	54949.929153158526
6.439094282061995e-05	4	34	53340.28800130271
7.41370211676584e-05	4	31	55176.36160493127
6.52841670387502e-05	4	33	54505.02836977419
1.8312136345192976e-05	4	28	52858.851333940496
1.6403844574075165e-05	4	32	53592.375324223474
1.5863491485423327e-05	4	28	53785.21768759195
2.1663746159849513e-05	4	28	53074.43891579871
2.4726994724075455e-05	4	29	54726.21044767351
2.5915287159106998e-05	4	28	51948.866603069466
2.6835395869450494e-05	4	28	53656.42709628336
3.2169077181479655e-05	5	26	55933.73012661961
6.484775802822551e-05	4	25	53349.434484587146
6.636078411814182e-05	4	26	53967.72363667927
6.663399873927537e-05	4	26	52453.67294617449
6.76114427253236e-05	5	27	53569.09941239721
1.139920421892888e-05	4	23	51686.098796134516
1e-05	4	23	53303.43401940769
0.0001	4	25	52022.67772284193
0.0001	4	24	52589.6603622311
0.0001	4	24	55572.554060776194
1.1127090021412713e-05	4	23	52749.424932794245
0.0001	4	25	52920.02456326612
0.0001	4	26	52811.06525181781
5.9994512610318554e-05	4	22	53758.17042920374
1.107178088925769e-05	4	23	53848.826088195194
5.682712128020603e-05	4	40	53096.95957015556
5.9746093744590256e-05	5	21	52956.61131050105
1.1771070240844543e-05	4	23	54424.234289501364
1e-05	4	23	53477.34771353798
5.660209249512871e-05	4	39	54441.52044146541
5.667326829457719e-05	4	40	53316.204580933285
1.1399204231144182e-05	4	23	55465.8130356565
1e-05	4	23	53848.53499681134
0.0001	5	20	53377.4713522857
5.99259320772084e-05	5	21	53474.54213024111
6.791035643318197e-05	4	29	55903.58576388413
2.115739566066611e-05	4	28	53410.342287830885
1.8660775826081602e-05	4	28	53385.473691369734
0.0001	5	20	50945.25901207107
5.461227923956483e-05	4	22	52444.9104499093
1e-05	4	28	53421.263114405585
1.1220871127418984e-05	4	29	52595.47933204342
5.671603458439704e-05	5	22	53032.291727255884
1e-05	4	28	53614.39353295093
5.444380736386059e-05	4	22	53124.38246445443
5.3921481004316876e-05	4	23	52133.97396661533
0.0001	5	20	54992.78903965737
5.559689798771912e-05	4	23	53663.45212105021
5.5772877032226486e-05	4	23	53649.86299200734
5.3921481004316876e-05	4	23	53142.25473853728
5.444380736534724e-05	4	22	52395.55061440204
5.4236207046795135e-05	4	23	55428.72517492073
5.051509970451884e-05	4	23	53805.8864067079
5.239665559185984e-05	4	23	52371.564032107155
5.404580625225817e-05	5	22	52850.8060845492
0.0001	4	25	54826.80553071416
0.0001	4	25	54826.80553071416
5.4443807510894097e-05	4	22	52895.73166012153
5.2962238058589204e-05	5	22	52270.39507357852
0.0001	4	23	52691.040949015216
0.0001	4	22	53507.0296091796
5.44438073826248e-05	4	22	55028.96616645789
5.304720913917297e-05	5	22	53245.18415710958
9.975063009269461e-05	4	22	54080.78792343426
0.0001	4	23	51658.96485566508
9.958062325645275e-05	4	23	51658.96485566508
0.0001	4	23	51658.96485566508
0.0001	4	23	53920.39108623657
9.960123422089822e-05	4	23	52355.512819385236
9.97797820325272e-05	4	23	54088.84344969033
9.95806232562343e-05	4	23	52355.512819385236
9.95806232562343e-05	4	23	53298.687841982675
0.0001	4	23	54263.42542607852
0.0001	4	23	54263.42542607852
9.834521198022193e-05	4	24	54614.7383416885
0.0001	4	22	53001.3422870876
0.0001	4	23	54158.717115668835
0.0001	4	23	54158.717115668835
0.0001	5	20	54694.66678651983

Best value: 50945.25901207107 at [Gamma, Alpha, #Firefly] = [0.0001, 5, 20], found in 4393.100815534592 s