-g=1.2423634e-05, -a=5, -f=50, -dlt=0.7606274
i:0	157628.88530159142
i:50	110957.95230539211
i:100	97939.61945596259
i:150	95424.06192163518
i:200	94427.47264989595
i:250	93299.12425781516
i:300	93235.22970730027
i:350	92619.87877992394
i:400	92237.82643726471
i:450	91785.36324577541
i:500	91504.2706200083
i:550	90988.78899712107
i:600	90681.10640675324
i:650	90314.51163740465
best: 89685.74398707811
routes: [0, 31, 39, 40, 36, 35, 37, 38, 34, 33, 32, 28, 30, 29, 27, 25, 26, 24, 21, 23, 22, 16, 15, 14, 17, 19, 20, 18, 13, 11, 12, 0, 51, 52, 53, 56, 54, 55, 57, 59, 60, 58, 76, 74, 71, 72, 73, 75, 78, 77, 79, 80, 2, 1, 3, 10, 9, 7, 8, 6, 5, 4, 0, 61, 62, 63, 64, 65, 66, 67, 68, 70, 69, 98, 97, 99, 100, 96, 95, 94, 93, 91, 92, 0, 43, 42, 45, 47, 46, 49, 50, 48, 44, 41, 89, 88, 87, 81, 82, 83, 85, 86, 90, 84, 0]
Elapsed time: 350.0855679512024

i:0	142518.30391526292
i:50	110480.12025834018
i:100	106864.44613690433
i:150	106726.8690868153
i:200	104508.17022669251
i:250	104508.17022669251
i:300	102693.76720044856
i:350	97970.7464565033
i:400	91351.22237663085
i:450	91149.45424827028
i:500	90788.98821851009
i:550	90642.7829315253
i:600	90478.71877356239
i:650	90215.92869125764
best: 90030.40029554762
routes: [0, 90, 86, 89, 84, 83, 85, 82, 81, 87, 88, 41, 44, 45, 42, 43, 48, 47, 46, 49, 50, 14, 12, 11, 13, 17, 19, 20, 18, 15, 16, 0, 31, 39, 38, 37, 40, 35, 36, 34, 33, 32, 28, 30, 27, 29, 25, 26, 24, 21, 23, 22, 0, 51, 52, 53, 57, 55, 54, 56, 59, 60, 58, 76, 74, 71, 72, 73, 75, 78, 77, 79, 80, 8, 7, 9, 10, 5, 6, 2, 1, 3, 4, 0, 95, 94, 92, 91, 93, 96, 99, 98, 97, 100, 69, 70, 66, 67, 68, 65, 64, 63, 61, 62, 0]
Elapsed time: 370.56646180152893

i:0	151777.1507426934
i:50	106256.76460351177
i:100	98454.00398685956
i:150	97852.82803870832
i:200	97210.01246922524
i:250	97185.14935946111
i:300	97118.93666321979
i:350	97097.71851839454
i:400	96326.93306042353
i:450	96309.0822882845
i:500	96202.07861827519
i:550	96202.07861827519
i:600	96002.74876595798
i:650	95019.71235739735
best: 94927.36637313897
routes: [0, 91, 92, 93, 94, 95, 98, 96, 97, 99, 100, 31, 39, 40, 36, 35, 37, 38, 34, 33, 32, 0, 71, 72, 73, 75, 78, 77, 74, 76, 79, 80, 61, 62, 63, 64, 65, 66, 67, 68, 69, 70, 0, 4, 1, 3, 2, 6, 10, 5, 8, 7, 9, 90, 83, 82, 81, 87, 89, 88, 85, 86, 84, 55, 57, 59, 60, 58, 56, 54, 53, 51, 52, 0, 43, 47, 49, 50, 46, 44, 41, 42, 45, 48, 14, 12, 11, 13, 15, 17, 19, 20, 18, 16, 22, 21, 23, 26, 25, 27, 29, 30, 28, 24, 0]
Elapsed time: 321.91826820373535

i:0	149973.30008525113
i:50	110282.51560938758
i:100	109118.57071960121
i:150	100736.50376697996
i:200	96368.14220748014
i:250	96105.18602325646
i:300	95441.40168621374
i:350	95263.59989692312
i:400	95076.38972892397
i:450	95030.58216384625
i:500	95014.967011376
i:550	94679.0054003018
i:600	94284.75260741138
i:650	94284.75260741138
best: 94283.86156773128
routes: [0, 31, 33, 32, 34, 39, 38, 37, 35, 36, 40, 30, 28, 26, 29, 27, 25, 24, 21, 23, 22, 16, 13, 11, 15, 18, 20, 17, 19, 14, 12, 0, 91, 92, 93, 95, 96, 99, 100, 97, 98, 94, 61, 62, 63, 64, 65, 67, 68, 66, 69, 70, 0, 76, 71, 72, 73, 75, 78, 74, 77, 79, 80, 58, 59, 60, 56, 52, 51, 53, 57, 55, 54, 8, 2, 1, 3, 6, 7, 9, 10, 5, 4, 0, 90, 84, 83, 82, 81, 85, 86, 89, 87, 88, 41, 42, 43, 45, 44, 46, 49, 50, 47, 48, 0]
Elapsed time: 365.04293990135193

i:0	142159.9100348523
i:50	111713.18296070916
i:100	110512.51005188175
i:150	108363.292923258
i:200	106279.43553215532
i:250	98469.96009337177
i:300	98298.38944059762
i:350	98109.17251727462
i:400	97720.89370456745
i:450	97366.08420342577
i:500	97067.5415979509
i:550	96140.98711895355
i:600	95778.61543776422
i:650	95454.20436867472
best: 95222.4886650222
routes: [0, 91, 92, 93, 95, 94, 96, 100, 99, 97, 98, 66, 67, 68, 69, 70, 65, 64, 63, 61, 62, 0, 79, 77, 71, 74, 72, 73, 75, 78, 80, 76, 58, 54, 55, 57, 59, 60, 56, 53, 51, 52, 0, 4, 2, 1, 3, 5, 6, 10, 8, 7, 9, 43, 42, 45, 47, 48, 49, 50, 46, 44, 41, 89, 90, 84, 83, 85, 82, 81, 87, 88, 86, 0, 13, 11, 12, 14, 17, 19, 18, 20, 16, 15, 22, 23, 26, 25, 27, 29, 30, 28, 24, 21, 32, 37, 36, 35, 40, 39, 38, 31, 33, 34, 0]
Elapsed time: 388.1804759502411

i:0	158309.95185266115
i:50	111267.54580962034
i:100	106002.09901432287
i:150	97569.8141720028
i:200	94945.10406571612
i:250	94524.9322773873
i:300	93970.21282209863
i:350	93636.70365511213
i:400	93294.51762433509
i:450	93252.98964640296
i:500	93231.02779524201
i:550	92727.6121236896
i:600	92727.6121236896
i:650	92720.54623657909
best: 92719.83048459303
routes: [0, 96, 100, 99, 97, 98, 95, 94, 93, 91, 92, 61, 62, 63, 65, 68, 67, 69, 70, 66, 64, 0, 76, 77, 74, 71, 72, 73, 75, 78, 80, 79, 58, 56, 54, 55, 57, 59, 60, 53, 51, 52, 0, 4, 3, 1, 2, 5, 10, 7, 8, 6, 9, 86, 89, 90, 84, 83, 85, 82, 81, 87, 88, 41, 42, 43, 45, 44, 46, 49, 50, 47, 48, 17, 14, 12, 11, 13, 15, 18, 19, 20, 16, 0, 21, 23, 22, 25, 29, 27, 28, 30, 26, 24, 32, 31, 39, 38, 37, 40, 35, 36, 33, 34, 0]
Elapsed time: 363.0249140262604

i:0	135001.59438467736
i:50	113702.51211342758
i:100	107710.07460388938
i:150	105607.87921109743
i:200	105492.59104184329
i:250	105371.2975379475
i:300	99815.65183723709
i:350	96235.82622816208
i:400	94705.44320546532
i:450	94046.25514704674
i:500	93185.13055233457
i:550	92195.9136988511
i:600	91467.62341178197
i:650	91052.47646837356
best: 90861.29364213633
routes: [0, 71, 72, 73, 75, 78, 77, 74, 76, 79, 80, 58, 59, 60, 56, 57, 55, 54, 53, 51, 52, 0, 4, 10, 5, 6, 3, 1, 2, 8, 7, 9, 90, 86, 89, 84, 83, 85, 82, 81, 87, 88, 41, 45, 44, 46, 49, 50, 47, 48, 43, 42, 0, 93, 95, 97, 99, 100, 98, 96, 94, 91, 92, 61, 62, 63, 64, 65, 67, 68, 66, 69, 70, 31, 39, 40, 35, 36, 37, 38, 34, 33, 32, 21, 23, 25, 27, 29, 30, 28, 26, 24, 22, 0, 16, 15, 18, 20, 19, 17, 14, 13, 11, 12, 0]
Elapsed time: 382.9767155647278

i:0	152384.36979085303
i:50	96719.27615632467
i:100	94251.386933797
i:150	93718.40282662277
i:200	93297.20666400902
i:250	93270.79524259956
i:300	93181.73030763833
i:350	93048.07135544057
i:400	92873.01439263226
i:450	92814.16630782063
i:500	92725.97837448638
i:550	92240.88891021002
i:600	92022.90791494661
i:650	91859.7406639453
best: 91859.7406639453
routes: [0, 98, 97, 99, 100, 96, 95, 94, 93, 91, 92, 62, 61, 63, 64, 65, 68, 66, 67, 69, 70, 0, 54, 53, 52, 51, 55, 56, 57, 60, 59, 58, 76, 79, 80, 77, 74, 71, 72, 73, 75, 78, 0, 1, 2, 3, 6, 4, 5, 8, 7, 10, 9, 89, 90, 84, 86, 85, 87, 81, 82, 83, 88, 41, 42, 43, 45, 44, 46, 49, 50, 47, 48, 11, 13, 12, 14, 17, 19, 20, 18, 15, 16, 0, 21, 24, 23, 22, 25, 26, 27, 29, 28, 30, 35, 36, 37, 40, 39, 38, 31, 34, 33, 32, 0]
Elapsed time: 338.1325616836548

i:0	140604.05251162875
i:50	110073.99260964253
i:100	108112.81991915235
i:150	108112.81991915235
i:200	98770.3130135246
i:250	97151.41251178755
i:300	96387.2423557429
i:350	95325.42038332467
i:400	94064.33172045396
i:450	93831.8395587465
i:500	93019.20107139078
i:550	93018.93607177764
i:600	92946.28230384957
i:650	92530.79409868298
best: 92530.79409868298
routes: [0, 51, 52, 53, 56, 54, 55, 57, 59, 60, 58, 79, 80, 76, 77, 74, 71, 72, 73, 75, 78, 0, 43, 42, 45, 47, 49, 50, 48, 46, 44, 41, 89, 90, 86, 84, 83, 82, 81, 85, 87, 88, 9, 8, 7, 10, 5, 6, 2, 1, 3, 4, 0, 91, 92, 93, 94, 99, 97, 98, 95, 100, 96, 63, 69, 70, 66, 67, 68, 65, 64, 61, 62, 0, 33, 37, 36, 35, 40, 39, 38, 31, 34, 32, 24, 21, 23, 25, 27, 29, 30, 28, 26, 22, 16, 20, 19, 17, 18, 15, 14, 13, 11, 12, 0]
Elapsed time: 341.81758284568787

i:0	157414.52936850346
i:50	113402.7975722642
i:100	100842.19519478647
i:150	93351.06444013464
i:200	92304.2516123731
i:250	91021.72193486962
i:300	89953.91555049055
i:350	89830.06014202756
i:400	86018.01062906424
i:450	85503.37368647804
i:500	84631.52118880808
i:550	84398.77053212715
i:600	84398.77053212715
i:650	84398.77053212715
best: 84398.77053212715
routes: [0, 54, 55, 56, 52, 51, 53, 57, 59, 60, 58, 79, 80, 76, 77, 74, 71, 72, 73, 75, 78, 0, 16, 20, 17, 19, 18, 15, 13, 14, 12, 11, 43, 42, 45, 47, 48, 49, 50, 46, 44, 41, 88, 87, 81, 82, 83, 85, 86, 89, 90, 84, 9, 10, 7, 8, 2, 1, 3, 6, 5, 4, 0, 91, 92, 93, 95, 97, 98, 99, 100, 96, 94, 61, 62, 63, 64, 65, 66, 67, 68, 69, 70, 31, 33, 34, 39, 38, 37, 40, 35, 36, 32, 21, 23, 22, 25, 27, 29, 30, 28, 26, 24, 0]
Elapsed time: 316.8109335899353

mean: 91652.02903100029
std: 3034.6187446134613
mean-time: 353.85564215183257
std-time: 23.050734654014096