-g=1.2423634e-05, -a=5, -f=50, -dlt=1.0
i:0	135790.7389200696
i:50	110560.282554807
i:100	105382.44793647042
i:150	94504.71952243093
i:200	93845.84677987301
i:250	88969.93513708079
i:300	86922.36287151724
i:350	86275.24624917119
i:400	85875.1352340578
i:450	85126.06643198896
i:500	84596.82107707193
i:550	84183.61671223523
i:600	84183.61671223523
i:650	84183.61671223523
best: 84183.61671223523
routes: [0, 92, 91, 93, 94, 99, 100, 95, 96, 97, 98, 69, 70, 67, 68, 66, 65, 64, 63, 61, 62, 80, 79, 77, 74, 71, 72, 73, 75, 78, 76, 0, 51, 52, 53, 56, 59, 60, 58, 57, 55, 54, 84, 83, 85, 82, 81, 87, 88, 86, 89, 90, 41, 42, 43, 45, 44, 46, 49, 50, 47, 48, 0, 31, 39, 38, 37, 40, 35, 36, 34, 33, 32, 28, 30, 29, 27, 25, 26, 24, 21, 23, 22, 16, 15, 17, 19, 20, 18, 14, 13, 11, 12, 5, 6, 10, 9, 7, 8, 2, 1, 3, 4, 0]
Elapsed time: 337.52340149879456

i:0	144093.31519447558
i:50	109800.37054792156
i:100	101478.3019914185
i:150	100086.86755057354
i:200	98935.04956352811
i:250	95956.45406308536
i:300	95416.82873400443
i:350	94766.0143801413
i:400	94632.73735871067
i:450	93803.47828310315
i:500	91338.63405451347
i:550	87795.87061443161
i:600	86788.80960201424
i:650	86652.70082172335
best: 86251.42936721059
routes: [0, 51, 52, 53, 56, 54, 55, 57, 59, 60, 58, 76, 77, 74, 71, 72, 73, 75, 78, 79, 80, 61, 62, 63, 64, 65, 67, 68, 66, 69, 70, 0, 91, 92, 93, 97, 94, 95, 98, 96, 99, 100, 31, 40, 35, 36, 37, 39, 38, 34, 33, 32, 0, 90, 84, 83, 82, 81, 87, 88, 85, 86, 89, 41, 42, 45, 44, 46, 49, 50, 47, 48, 43, 11, 12, 14, 13, 15, 17, 19, 20, 18, 16, 22, 21, 23, 25, 27, 29, 30, 28, 26, 24, 0, 4, 5, 6, 10, 9, 7, 8, 2, 1, 3, 0]
Elapsed time: 359.6829459667206

i:0	138344.62238582535
i:50	109940.57282162053
i:100	107959.41580155157
i:150	107959.41580155157
i:200	106087.20878636143
i:250	99580.39083082638
i:300	99183.82523895783
i:350	97008.57403817042
i:400	94517.86389826665
i:450	92764.14018370383
i:500	92256.75362705189
i:550	92246.50984295036
i:600	92120.79433079223
i:650	92058.10068350912
best: 91977.426218124
routes: [0, 91, 92, 93, 95, 94, 97, 98, 96, 99, 100, 69, 70, 67, 68, 64, 62, 61, 63, 65, 66, 0, 51, 52, 53, 56, 57, 55, 54, 58, 60, 59, 71, 72, 73, 75, 78, 80, 79, 77, 74, 76, 0, 4, 1, 2, 6, 3, 5, 10, 7, 8, 9, 90, 86, 89, 84, 83, 82, 81, 85, 87, 88, 41, 42, 43, 45, 44, 46, 49, 50, 47, 48, 12, 11, 13, 15, 14, 17, 19, 20, 18, 16, 0, 31, 39, 38, 37, 36, 35, 40, 34, 33, 32, 28, 30, 29, 27, 25, 26, 24, 21, 23, 22, 0]
Elapsed time: 365.298611164093

i:0	148580.41958117654
i:50	109758.01468063665
i:100	108287.69369907316
i:150	105109.14347313187
i:200	95658.02215245993
i:250	93470.07607445618
i:300	93355.0798046174
i:350	92878.80906268416
i:400	92406.5891944603
i:450	91308.4917993094
i:500	91034.83782775594
i:550	89891.71995207688
i:600	88040.30185816073
i:650	87598.12710853515
best: 86913.50655794835
routes: [0, 91, 92, 93, 94, 95, 96, 99, 100, 97, 98, 69, 70, 66, 67, 68, 62, 61, 63, 65, 64, 31, 39, 40, 35, 36, 37, 38, 34, 33, 32, 21, 23, 25, 27, 29, 30, 28, 26, 24, 22, 0, 4, 1, 3, 6, 5, 10, 7, 9, 8, 2, 84, 86, 89, 90, 83, 85, 82, 81, 87, 88, 41, 42, 43, 45, 47, 44, 46, 49, 50, 48, 14, 12, 11, 13, 15, 17, 19, 20, 18, 16, 0, 79, 80, 77, 75, 78, 73, 72, 71, 74, 76, 59, 60, 58, 52, 51, 53, 56, 57, 55, 54, 0]
Elapsed time: 357.4534025192261

i:0	147556.34968756736
i:50	111269.51386591044
i:100	106049.07422370021
i:150	97163.6409295866
i:200	96822.58630492963
i:250	95542.97665695669
i:300	95162.43766780543
i:350	94944.26065369551
i:400	94268.46060848772
i:450	94215.28962352981
i:500	94203.23959479567
i:550	94203.03620466866
i:600	93915.8662500385
i:650	93908.07440731177
best: 93908.07440731177
routes: [0, 51, 52, 53, 56, 54, 55, 57, 59, 60, 58, 79, 80, 77, 74, 71, 72, 73, 75, 78, 76, 0, 99, 98, 93, 92, 91, 94, 95, 100, 96, 97, 69, 70, 66, 67, 68, 65, 64, 63, 61, 62, 0, 31, 33, 39, 38, 34, 32, 37, 40, 36, 35, 30, 29, 28, 27, 25, 26, 24, 21, 23, 22, 16, 15, 18, 14, 11, 13, 12, 17, 19, 20, 0, 1, 5, 10, 8, 2, 4, 3, 6, 7, 9, 84, 83, 85, 82, 81, 87, 88, 86, 89, 90, 41, 45, 44, 46, 49, 50, 47, 48, 43, 42, 0]
Elapsed time: 366.26071977615356

i:0	150696.99949608403
i:50	111582.87549199791
i:100	109065.79264051384
i:150	108147.94524260143
i:200	108147.94524260143
i:250	108147.94524260143
i:300	108147.94524260143
i:350	108147.94524260143
i:400	107134.54445580399
i:450	104588.82661599212
i:500	104588.82661599212
i:550	97877.86294978371
i:600	95743.7536663422
i:650	94064.71883285804
best: 93343.46397235294
routes: [0, 76, 71, 72, 73, 75, 78, 74, 77, 79, 80, 61, 63, 64, 62, 65, 68, 66, 67, 70, 69, 98, 94, 91, 92, 93, 95, 97, 99, 100, 96, 0, 31, 34, 33, 38, 39, 40, 35, 36, 37, 32, 21, 24, 23, 22, 27, 26, 25, 29, 30, 28, 0, 51, 52, 53, 58, 56, 59, 60, 57, 55, 54, 84, 83, 85, 82, 81, 87, 88, 86, 89, 90, 9, 7, 8, 2, 1, 3, 5, 10, 6, 4, 0, 43, 41, 45, 42, 44, 46, 49, 50, 47, 48, 12, 11, 13, 15, 14, 17, 19, 20, 18, 16, 0]
Elapsed time: 415.4270963668823

i:0	149643.73716063186
i:50	109223.54687397067
i:100	97089.89579216632
i:150	95441.62631167463
i:200	94853.11211709815
i:250	94205.31842145763
i:300	93530.89394839235
i:350	93330.99036320698
i:400	93059.40748278958
i:450	92868.32689774172
i:500	92699.85643142049
i:550	92460.7242729699
i:600	92460.7242729699
i:650	92192.79412677212
best: 92143.82455066865
routes: [0, 91, 92, 93, 99, 97, 98, 100, 96, 95, 94, 62, 61, 63, 65, 64, 68, 66, 67, 69, 70, 0, 54, 56, 52, 51, 53, 55, 57, 59, 60, 58, 79, 77, 74, 71, 72, 73, 75, 78, 76, 80, 0, 4, 10, 1, 3, 2, 8, 6, 5, 7, 9, 90, 86, 89, 85, 84, 83, 82, 81, 87, 88, 41, 43, 42, 44, 45, 47, 46, 49, 50, 48, 14, 12, 11, 13, 15, 18, 17, 19, 20, 16, 0, 21, 22, 23, 24, 26, 25, 29, 27, 28, 30, 35, 36, 37, 40, 39, 38, 31, 34, 33, 32, 0]
Elapsed time: 355.0771632194519

i:0	151121.50645307606
i:50	110309.56545275472
i:100	105200.69610674959
i:150	104615.07364927727
i:200	101918.93517708883
i:250	97877.71112724865
i:300	96117.19067607066
i:350	95041.2520357295
i:400	94462.21684888049
i:450	94367.215144011
i:500	93845.78147688597
i:550	93845.78147688597
i:600	93057.93669513731
i:650	92683.13175757548
best: 91902.59855142132
routes: [0, 80, 78, 73, 75, 72, 71, 74, 76, 77, 79, 58, 56, 57, 59, 60, 53, 51, 52, 55, 54, 0, 96, 99, 100, 98, 97, 95, 94, 93, 91, 92, 63, 62, 61, 64, 65, 68, 66, 67, 69, 70, 31, 33, 34, 39, 40, 35, 36, 37, 38, 32, 0, 43, 42, 45, 48, 47, 49, 50, 46, 44, 41, 88, 87, 81, 82, 83, 85, 89, 90, 86, 84, 9, 7, 8, 2, 1, 3, 4, 5, 6, 10, 11, 12, 14, 15, 17, 19, 20, 18, 13, 16, 0, 21, 23, 22, 25, 27, 29, 30, 28, 26, 24, 0]
Elapsed time: 391.7959475517273

i:0	147003.4814243311
i:50	109637.29138115655
i:100	103186.9813597165
i:150	95526.14621051811
i:200	94383.99985082496
i:250	93692.69856043719
i:300	93223.86992420975
i:350	90823.06431463544
i:400	89809.63607297442
i:450	89773.21297894414
i:500	89773.21297894414
i:550	89713.9053606933
i:600	89406.4654686587
i:650	89405.19978021938
best: 89405.19978021938
routes: [0, 51, 52, 53, 56, 54, 55, 57, 59, 60, 58, 76, 74, 71, 72, 73, 75, 78, 77, 79, 80, 0, 31, 34, 37, 40, 36, 35, 39, 38, 33, 32, 30, 28, 27, 29, 25, 26, 23, 21, 24, 22, 16, 17, 19, 20, 18, 15, 14, 13, 11, 12, 0, 95, 94, 92, 91, 93, 96, 99, 98, 97, 100, 69, 70, 66, 67, 68, 65, 64, 63, 61, 62, 0, 43, 42, 45, 46, 49, 50, 48, 47, 44, 41, 88, 87, 81, 82, 83, 85, 89, 90, 86, 84, 9, 10, 7, 8, 2, 1, 3, 6, 5, 4, 0]
Elapsed time: 328.1935839653015

i:0	152457.14484502573
i:50	105759.16978436927
i:100	98455.33928007487
i:150	96467.43992764657
i:200	95440.57216477024
i:250	94862.28229041607
i:300	94444.98209998614
i:350	94153.3690741781
i:400	93815.21868402399
i:450	93447.12812658123
i:500	93230.28109997437
i:550	93105.02680110605
i:600	93093.4362492789
i:650	93017.05802183779
best: 92795.57723764914
routes: [0, 91, 92, 93, 95, 97, 98, 96, 99, 100, 94, 62, 61, 63, 64, 65, 69, 70, 67, 68, 66, 0, 54, 55, 56, 52, 53, 51, 57, 59, 60, 58, 79, 74, 76, 71, 72, 73, 75, 78, 77, 80, 0, 4, 10, 3, 1, 2, 8, 5, 6, 7, 9, 90, 86, 89, 84, 81, 82, 83, 85, 87, 88, 41, 42, 43, 45, 47, 44, 46, 49, 50, 48, 11, 13, 12, 14, 15, 18, 17, 19, 20, 16, 0, 21, 23, 22, 25, 27, 29, 30, 28, 26, 24, 33, 34, 31, 39, 38, 37, 40, 35, 36, 32, 0]
Elapsed time: 359.56059098243713

mean: 90282.47173551413
std: 3214.926919761154
mean-time: 363.6273463010788
std-time: 23.593853941818356