-g=1.2423634e-05, -a=4, -f=50, -dlt=1.0
i:0	70603.553176365
i:50	47908.16499631986
i:100	47390.06465672585
i:150	47268.660683110764
i:200	47268.660683110764
i:250	47268.660683110764
i:300	47268.660683110764
i:350	47135.66399063097
i:400	46993.19862598475
i:450	46993.19862598475
i:500	46993.19862598475
i:550	46915.243356741805
i:600	46915.243356741805
i:650	46915.243356741805
best: 46915.243356741805
routes: [0, 23, 24, 26, 29, 30, 28, 27, 25, 22, 21, 48, 47, 41, 42, 43, 45, 46, 49, 50, 44, 8, 7, 9, 10, 5, 6, 2, 1, 3, 4, 0, 11, 12, 13, 15, 17, 19, 20, 18, 16, 14, 31, 32, 33, 34, 35, 38, 37, 36, 39, 40, 0]
Elapsed time: 139.86498928070068

i:0	64094.88411763914
i:50	50616.97318300983
i:100	49982.349374932506
i:150	49151.70428110893
i:200	49026.084295587905
i:250	47691.80103825096
i:300	46960.43203102966
i:350	46960.43203102966
i:400	46960.43203102966
i:450	46960.43203102966
i:500	46960.43203102966
i:550	46960.43203102966
i:600	46960.43203102966
i:650	46960.43203102966
best: 46960.43203102966
routes: [0, 4, 1, 2, 3, 6, 5, 10, 7, 8, 9, 50, 44, 46, 49, 45, 43, 42, 41, 47, 48, 21, 22, 23, 25, 24, 26, 29, 30, 27, 28, 0, 12, 13, 15, 17, 19, 20, 18, 16, 14, 11, 31, 32, 33, 34, 35, 38, 37, 36, 39, 40, 0]
Elapsed time: 149.5927209854126

i:0	66992.3917419906
i:50	50230.520999172404
i:100	48575.645503124375
i:150	48385.97210922024
i:200	48253.842415383886
i:250	48253.842415383886
i:300	48253.842415383886
i:350	48253.842415383886
i:400	47729.262664674425
i:450	47729.262664674425
i:500	47387.15975150349
i:550	47386.64420763632
i:600	47386.64420763632
i:650	47386.64420763632
best: 47386.64420763632
routes: [0, 4, 1, 2, 3, 6, 5, 10, 7, 8, 9, 50, 44, 46, 49, 45, 43, 42, 41, 47, 48, 21, 24, 25, 27, 26, 29, 30, 28, 23, 22, 0, 12, 13, 15, 17, 19, 20, 18, 16, 14, 11, 31, 32, 33, 34, 35, 38, 37, 36, 39, 40, 0]
Elapsed time: 142.0590512752533

i:0	66253.38888737386
i:50	48766.24140655773
i:100	48520.2489955216
i:150	48457.03628858982
i:200	48249.83775371214
i:250	48247.92915794975
i:300	48247.92915794975
i:350	48247.92915794975
i:400	48247.92915794975
i:450	48247.92915794975
i:500	48247.92915794975
i:550	48247.92915794975
i:600	48247.92915794975
i:650	48247.92915794975
best: 48207.30250931138
routes: [0, 46, 49, 50, 44, 43, 42, 41, 45, 47, 48, 21, 22, 23, 28, 27, 25, 24, 26, 29, 30, 15, 17, 19, 20, 18, 16, 14, 11, 13, 12, 0, 1, 3, 4, 6, 5, 10, 9, 7, 8, 2, 31, 32, 33, 34, 35, 38, 36, 37, 39, 40, 0]
Elapsed time: 134.99028158187866

i:0	64197.698971700986
i:50	48428.45403942974
i:100	47431.36418791604
i:150	47079.62743784403
i:200	47079.62743784403
i:250	47079.62743784403
i:300	46641.56922361629
i:350	46641.56922361629
i:400	46641.56922361629
i:450	46641.56922361629
i:500	46641.56922361629
i:550	46641.56922361629
i:600	46641.56922361629
i:650	46641.56922361629
best: 46641.56922361629
routes: [0, 23, 24, 26, 29, 30, 28, 27, 25, 22, 21, 47, 41, 42, 43, 45, 48, 46, 49, 50, 44, 8, 7, 9, 10, 5, 6, 2, 1, 3, 4, 0, 15, 17, 19, 20, 18, 16, 14, 13, 12, 11, 39, 40, 36, 37, 38, 35, 34, 33, 31, 32, 0]
Elapsed time: 133.41095685958862

i:0	61806.111524842985
i:50	50533.38993827916
i:100	49241.36675183579
i:150	49194.13831220096
i:200	48675.41326167905
i:250	48037.02332824636
i:300	47803.86935730152
i:350	47803.86935730152
i:400	47803.86935730152
i:450	47803.86935730152
i:500	47803.86935730152
i:550	47803.86935730152
i:600	47803.86935730152
i:650	47803.86935730152
best: 47797.444389023236
routes: [0, 11, 14, 18, 20, 19, 17, 15, 16, 13, 12, 28, 27, 25, 24, 26, 29, 30, 23, 22, 21, 47, 48, 46, 44, 43, 42, 41, 45, 49, 50, 0, 1, 3, 4, 5, 6, 10, 7, 9, 8, 2, 31, 32, 33, 34, 35, 38, 37, 36, 39, 40, 0]
Elapsed time: 153.07816123962402

i:0	67298.1790011432
i:50	48375.339049987095
i:100	46718.17827066838
i:150	46186.19234120278
i:200	46186.19234120278
i:250	46186.19234120278
i:300	46186.19234120278
i:350	46186.19234120278
i:400	46186.19234120278
i:450	46186.19234120278
i:500	46186.19234120278
i:550	46186.19234120278
i:600	46186.19234120278
i:650	46186.19234120278
best: 46186.19234120278
routes: [0, 4, 5, 10, 6, 3, 1, 2, 8, 7, 9, 50, 44, 46, 49, 45, 43, 42, 41, 47, 48, 21, 22, 23, 25, 24, 26, 29, 30, 27, 28, 0, 11, 13, 12, 16, 15, 17, 19, 20, 18, 14, 39, 40, 36, 37, 38, 35, 34, 33, 31, 32, 0]
Elapsed time: 127.59163427352905

i:0	66432.39422039123
i:50	48177.9427772972
i:100	48029.80384829615
i:150	47967.87567612597
i:200	47967.87567612597
i:250	47381.47126261755
i:300	47381.47126261755
i:350	47381.47126261755
i:400	47381.47126261755
i:450	47039.36834944662
i:500	47039.36834944662
i:550	47039.36834944662
i:600	47039.36834944662
i:650	47039.36834944662
best: 47039.36834944662
routes: [0, 4, 5, 10, 6, 3, 1, 2, 8, 7, 9, 50, 44, 46, 49, 45, 43, 42, 41, 47, 48, 21, 22, 23, 25, 24, 26, 29, 30, 27, 28, 0, 12, 15, 17, 19, 20, 18, 16, 14, 13, 11, 31, 32, 33, 34, 35, 38, 37, 36, 39, 40, 0]
Elapsed time: 155.14405608177185

i:0	67142.05098751272
i:50	49926.15120652894
i:100	49743.58322665292
i:150	49612.2310044801
i:200	49332.244966278195
i:250	49332.244966278195
i:300	49332.244966278195
i:350	49302.07023505094
i:400	49194.87408029875
i:450	49156.227473793515
i:500	49100.90116444131
i:550	49100.90116444131
i:600	49100.90116444131
i:650	49100.90116444131
best: 49100.90116444131
routes: [0, 4, 3, 6, 5, 10, 9, 7, 8, 2, 1, 31, 35, 38, 37, 39, 40, 36, 34, 33, 32, 0, 50, 46, 49, 44, 43, 45, 42, 41, 47, 48, 21, 22, 23, 27, 25, 24, 26, 29, 30, 28, 12, 13, 15, 17, 19, 20, 18, 16, 14, 11, 0]
Elapsed time: 150.66093015670776

i:0	64968.254180201
i:50	49252.33446684138
i:100	48163.49385974827
i:150	47432.14203825996
i:200	46558.48315303499
i:250	46311.43891651406
i:300	46286.098328230146
i:350	46058.765103396116
i:400	46058.765103396116
i:450	46058.765103396116
i:500	46058.765103396116
i:550	45982.17771138437
i:600	45982.17771138437
i:650	45982.17771138437
best: 45982.17771138437
routes: [0, 11, 13, 12, 15, 17, 19, 20, 18, 16, 14, 39, 40, 36, 37, 38, 35, 34, 33, 31, 32, 0, 23, 24, 26, 29, 30, 28, 27, 25, 22, 21, 48, 47, 41, 42, 43, 45, 46, 49, 50, 44, 8, 7, 9, 10, 5, 6, 2, 1, 3, 4, 0]
Elapsed time: 161.4102590084076

mean: 47221.72752838338
std: 894.5480589691952
mean-time: 144.78030407428741
std-time: 10.308641095186186