-g=1.2423634e-05, -a=5, -f=50, -dlt=0.9
i:0	82738.58434274455
i:50	54481.181572381785
i:100	54481.181572381785
i:150	54481.181572381785
i:200	54481.181572381785
i:250	54481.181572381785
i:300	54481.181572381785
i:350	54481.181572381785
i:400	54481.181572381785
i:450	54481.181572381785
i:500	54481.181572381785
i:550	54481.181572381785
i:600	54481.181572381785
i:650	54481.181572381785
best: 54481.181572381785
routes: [0, 45, 41, 44, 43, 42, 27, 26, 30, 29, 28, 39, 40, 38, 37, 36, 33, 32, 31, 34, 35, 48, 47, 49, 50, 46, 0, 19, 18, 17, 20, 16, 15, 13, 11, 12, 14, 6, 8, 10, 9, 7, 23, 25, 22, 21, 24, 5, 1, 4, 3, 2, 0]
Elapsed time: 44.44422936439514

i:0	87665.88803506122
i:50	54726.20129474638
i:100	54678.73610806599
i:150	54678.73610806599
i:200	54678.73610806599
i:250	54678.73610806599
i:300	54678.73610806599
i:350	54678.73610806599
i:400	54678.73610806599
i:450	54678.73610806599
i:500	54678.73610806599
i:550	54678.73610806599
i:600	54678.73610806599
i:650	54678.73610806599
best: 54678.73610806599
routes: [0, 1, 2, 4, 3, 5, 23, 25, 22, 21, 24, 7, 9, 8, 10, 6, 11, 12, 14, 13, 15, 17, 16, 20, 19, 18, 0, 45, 41, 44, 43, 42, 27, 26, 30, 29, 28, 39, 40, 38, 37, 36, 33, 32, 31, 34, 35, 48, 47, 49, 50, 46, 0]
Elapsed time: 39.14650106430054

i:0	83345.60746107025
i:50	54673.89895120451
i:100	54673.89895120451
i:150	54673.89895120451
i:200	54673.89895120451
i:250	54673.89895120451
i:300	54673.89895120451
i:350	54673.89895120451
i:400	54673.89895120451
i:450	54673.89895120451
i:500	54673.89895120451
i:550	54673.89895120451
i:600	54673.89895120451
i:650	54673.89895120451
best: 54673.89895120451
routes: [0, 46, 48, 47, 49, 50, 34, 35, 33, 32, 31, 40, 38, 37, 39, 36, 28, 30, 29, 27, 26, 3, 4, 5, 1, 2, 0, 45, 41, 44, 43, 42, 21, 24, 25, 23, 22, 7, 9, 8, 10, 6, 11, 12, 14, 13, 15, 17, 16, 20, 19, 18, 0]
Elapsed time: 48.0526921749115

i:0	80673.36395127603
i:50	54765.546386148155
i:100	54765.546386148155
i:150	54765.546386148155
i:200	54765.546386148155
i:250	54765.546386148155
i:300	54765.546386148155
i:350	54765.546386148155
i:400	54765.546386148155
i:450	54765.546386148155
i:500	54765.546386148155
i:550	54765.546386148155
i:600	54765.546386148155
i:650	54765.546386148155
best: 54765.546386148155
routes: [0, 46, 48, 47, 49, 50, 34, 35, 33, 32, 31, 40, 38, 37, 39, 36, 28, 30, 29, 27, 26, 0, 19, 18, 17, 20, 16, 15, 13, 11, 12, 14, 6, 8, 10, 9, 7, 23, 25, 22, 24, 21, 43, 42, 45, 41, 44, 4, 3, 2, 5, 1, 0]
Elapsed time: 46.34384202957153

i:0	80718.26773366205
i:50	58561.3578702351
i:100	58561.3578702351
i:150	58561.3578702351
i:200	58561.3578702351
i:250	58554.11972778382
i:300	58554.11972778382
i:350	58554.11972778382
i:400	58554.11972778382
i:450	58554.11972778382
i:500	58554.11972778382
i:550	58554.11972778382
i:600	58554.11972778382
i:650	58554.11972778382
best: 58554.11972778382
routes: [0, 48, 47, 49, 50, 46, 27, 26, 30, 29, 28, 39, 37, 36, 40, 38, 33, 31, 34, 35, 32, 0, 19, 18, 17, 20, 16, 15, 13, 11, 12, 14, 6, 8, 10, 9, 7, 23, 25, 22, 24, 21, 43, 42, 45, 41, 44, 4, 3, 2, 5, 1, 0]
Elapsed time: 44.60390043258667

i:0	82197.91968293834
i:50	57554.97160773999
i:100	56911.112827886405
i:150	56763.735928880036
i:200	56752.08461489978
i:250	55514.63071034917
i:300	55514.63071034917
i:350	55514.63071034917
i:400	55514.63071034917
i:450	55514.63071034917
i:500	55514.63071034917
i:550	55514.63071034917
i:600	55514.63071034917
i:650	55514.63071034917
best: 55514.63071034917
routes: [0, 19, 18, 17, 20, 16, 15, 13, 11, 12, 14, 6, 8, 10, 9, 7, 23, 25, 22, 24, 21, 43, 42, 45, 41, 44, 0, 46, 48, 47, 49, 50, 34, 35, 33, 32, 31, 40, 38, 37, 39, 36, 28, 30, 29, 27, 26, 3, 4, 5, 1, 2, 0]
Elapsed time: 58.87040162086487

i:0	80530.58476956346
i:50	57296.68592583628
i:100	56932.149905874045
i:150	56932.149905874045
i:200	56932.149905874045
i:250	56878.47991017766
i:300	56878.47991017766
i:350	56878.47991017766
i:400	56878.47991017766
i:450	56878.47991017766
i:500	56878.47991017766
i:550	56878.47991017766
i:600	56878.47991017766
i:650	56878.47991017766
best: 56878.47991017766
routes: [0, 46, 48, 47, 49, 50, 34, 35, 33, 31, 32, 19, 18, 17, 20, 16, 15, 13, 11, 12, 14, 8, 7, 9, 10, 6, 0, 39, 40, 38, 37, 36, 30, 29, 26, 28, 27, 45, 41, 44, 43, 42, 21, 24, 25, 23, 22, 5, 1, 4, 3, 2, 0]
Elapsed time: 48.94796299934387

i:0	83686.90213548392
i:50	56849.81558024943
i:100	56723.090749622876
i:150	56723.090749622876
i:200	56723.090749622876
i:250	56723.090749622876
i:300	56723.090749622876
i:350	56723.090749622876
i:400	56723.090749622876
i:450	56723.090749622876
i:500	56723.090749622876
i:550	56723.090749622876
i:600	56723.090749622876
i:650	56723.090749622876
best: 56723.090749622876
routes: [0, 19, 18, 17, 20, 16, 15, 13, 11, 12, 14, 10, 6, 8, 7, 9, 25, 23, 24, 21, 22, 5, 3, 2, 1, 4, 0, 50, 49, 47, 46, 48, 34, 35, 33, 32, 31, 40, 38, 37, 39, 36, 28, 30, 29, 27, 26, 45, 41, 44, 43, 42, 0]
Elapsed time: 46.40204048156738

i:0	80766.4882304961
i:50	54876.6139351632
i:100	54765.546386148155
i:150	54765.546386148155
i:200	54765.546386148155
i:250	54765.546386148155
i:300	54765.546386148155
i:350	54765.546386148155
i:400	54765.546386148155
i:450	54765.546386148155
i:500	54765.546386148155
i:550	54765.546386148155
i:600	54765.546386148155
i:650	54765.546386148155
best: 54765.546386148155
routes: [0, 46, 48, 47, 49, 50, 34, 35, 33, 32, 31, 40, 38, 37, 39, 36, 28, 30, 29, 27, 26, 0, 19, 18, 17, 20, 16, 15, 13, 11, 12, 14, 6, 8, 10, 9, 7, 23, 25, 22, 24, 21, 43, 42, 45, 41, 44, 4, 3, 2, 5, 1, 0]
Elapsed time: 55.355220794677734

i:0	77764.34428458542
i:50	54771.90549679051
i:100	54740.14317574576
i:150	54740.14317574576
i:200	54740.14317574576
i:250	54740.14317574576
i:300	54740.14317574576
i:350	54740.14317574576
i:400	54740.14317574576
i:450	54740.14317574576
i:500	54740.14317574576
i:550	54740.14317574576
i:600	54740.14317574576
i:650	54740.14317574576
best: 54740.14317574576
routes: [0, 45, 41, 44, 43, 42, 27, 26, 30, 29, 28, 39, 40, 38, 37, 36, 33, 32, 31, 34, 35, 48, 47, 49, 50, 46, 0, 19, 18, 17, 20, 16, 15, 13, 11, 12, 14, 6, 10, 9, 8, 7, 23, 25, 22, 21, 24, 5, 1, 4, 3, 2, 0]
Elapsed time: 39.95454001426697

mean: 55577.53736776279
std: 1292.8663390521137
mean-time: 47.21213309764862
std-time: 5.827059059331873