-g=1.2423634e-05, -a=5, -f=50, -dlt=1.0
i:0	119238.59348704811
i:50	88136.70881399115
i:100	79368.84669953267
i:150	77418.26495231768
i:200	75481.43826871458
i:250	73856.70979386549
i:300	73660.54033299883
i:350	73387.00781120926
i:400	72901.07461751901
i:450	72363.87959129855
i:500	72202.14473173577
i:550	71791.43007326078
i:600	71579.23569040836
i:650	71568.55691296914
best: 71568.55691296914
routes: [0, 51, 52, 53, 56, 54, 55, 57, 59, 60, 58, 79, 80, 78, 75, 73, 72, 71, 74, 77, 76, 61, 62, 63, 64, 65, 68, 67, 66, 69, 70, 0, 31, 39, 40, 36, 35, 37, 38, 34, 33, 32, 30, 28, 27, 29, 25, 26, 24, 21, 23, 22, 16, 15, 14, 17, 19, 20, 18, 13, 11, 12, 0, 41, 44, 46, 49, 50, 48, 47, 45, 42, 43, 10, 9, 7, 8, 2, 1, 3, 6, 5, 4, 0]
Elapsed time: 288.92981147766113

i:0	121859.01791062775
i:50	89800.156607291
i:100	84626.09015306647
i:150	80679.25084856432
i:200	79730.66941934219
i:250	78176.28583391714
i:300	77366.10572782384
i:350	76989.50456691696
i:400	76627.0102069564
i:450	76627.0102069564
i:500	76627.0102069564
i:550	76512.4367530646
i:600	76395.93803867455
i:650	76395.93803867455
best: 76153.47438950159
routes: [0, 21, 23, 24, 26, 25, 27, 29, 30, 28, 22, 16, 13, 15, 18, 17, 19, 20, 14, 12, 11, 43, 45, 47, 48, 49, 50, 46, 44, 41, 42, 0, 76, 77, 74, 71, 72, 73, 75, 78, 80, 79, 58, 60, 59, 57, 56, 53, 51, 52, 55, 54, 2, 1, 3, 8, 7, 9, 10, 5, 6, 4, 0, 61, 62, 63, 64, 65, 68, 67, 66, 69, 70, 31, 39, 38, 37, 40, 35, 36, 32, 33, 34, 0]
Elapsed time: 274.3962457180023

i:0	121339.45751384091
i:50	81952.21190263733
i:100	79449.48815715863
i:150	78876.13972314789
i:200	77959.90612164994
i:250	77805.27039683396
i:300	77401.75817827246
i:350	77074.54737290688
i:400	76817.4908945878
i:450	76812.81178664527
i:500	76407.7140022912
i:550	76294.98093647024
i:600	76294.98093647024
i:650	76266.94317085069
best: 76048.01384868586
routes: [0, 11, 13, 16, 20, 19, 17, 18, 15, 14, 12, 48, 47, 44, 46, 49, 50, 45, 42, 41, 43, 9, 8, 7, 10, 5, 6, 2, 1, 3, 4, 0, 21, 23, 22, 25, 26, 27, 29, 30, 28, 24, 33, 32, 37, 36, 35, 40, 39, 38, 34, 31, 69, 70, 66, 67, 68, 65, 64, 63, 61, 62, 0, 76, 74, 71, 72, 73, 75, 78, 77, 79, 80, 58, 60, 59, 57, 56, 53, 51, 52, 55, 54, 0]
Elapsed time: 281.06049489974976

i:0	121528.46489697722
i:50	85083.46691463812
i:100	78986.82649154906
i:150	77825.46120137282
i:200	76923.03792378565
i:250	76036.02651876694
i:300	75575.03340870302
i:350	75372.27820435174
i:400	75348.446102317
i:450	75316.8936940005
i:500	75316.8936940005
i:550	75316.8936940005
i:600	75237.02160540513
i:650	75237.02160540513
best: 75237.02160540513
routes: [0, 13, 16, 20, 17, 19, 18, 15, 14, 12, 11, 48, 50, 49, 47, 45, 46, 44, 41, 42, 43, 9, 8, 7, 10, 5, 6, 2, 1, 3, 4, 0, 21, 22, 23, 24, 26, 25, 29, 27, 28, 30, 35, 36, 37, 40, 39, 38, 32, 33, 34, 31, 69, 70, 67, 68, 66, 65, 64, 63, 61, 62, 0, 76, 77, 74, 71, 72, 73, 75, 78, 80, 79, 58, 60, 59, 57, 56, 55, 54, 53, 51, 52, 0]
Elapsed time: 271.7072470188141

i:0	121216.00458454809
i:50	87746.43098610881
i:100	78721.92195812792
i:150	77774.88648011722
i:200	77338.75002610873
i:250	77226.0395830048
i:300	76216.34375156571
i:350	76051.16434023122
i:400	75688.43847728054
i:450	75635.5039799542
i:500	75243.19203658823
i:550	75243.19203658823
i:600	75081.21615552918
i:650	75057.71804211075
best: 75056.15393460926
routes: [0, 33, 34, 32, 37, 36, 35, 40, 39, 38, 31, 69, 70, 67, 68, 66, 65, 64, 63, 61, 62, 0, 74, 71, 72, 73, 75, 78, 80, 79, 77, 76, 58, 60, 59, 57, 56, 53, 51, 52, 55, 54, 2, 1, 3, 8, 7, 9, 10, 5, 6, 4, 0, 21, 25, 27, 29, 30, 28, 26, 24, 23, 22, 16, 20, 19, 17, 18, 15, 14, 12, 13, 11, 43, 45, 42, 41, 44, 46, 49, 50, 47, 48, 0]
Elapsed time: 294.6405601501465

i:0	126272.50814418776
i:50	85660.89976509262
i:100	84032.34391784933
i:150	82665.07536604049
i:200	81673.29302077796
i:250	80758.78694322435
i:300	80574.22748890854
i:350	80385.37227778365
i:400	80379.94668791749
i:450	80376.87631205162
i:500	80334.7029202261
i:550	80334.7029202261
i:600	78807.3906571619
i:650	78563.48587622792
best: 77963.43433966678
routes: [0, 69, 70, 66, 67, 68, 65, 64, 63, 62, 61, 79, 77, 76, 74, 71, 72, 73, 75, 78, 80, 0, 51, 52, 53, 58, 60, 59, 57, 56, 55, 54, 41, 44, 45, 46, 49, 50, 47, 48, 43, 42, 9, 10, 5, 6, 7, 8, 2, 1, 3, 4, 0, 13, 11, 12, 15, 14, 17, 19, 20, 18, 16, 29, 30, 28, 26, 27, 25, 22, 21, 23, 24, 32, 33, 37, 36, 35, 40, 39, 38, 31, 34, 0]
Elapsed time: 303.05746841430664

i:0	114866.35643268396
i:50	76492.97722820041
i:100	73910.35882155878
i:150	73232.10960136632
i:200	72895.98224881322
i:250	72881.32671546059
i:300	72323.91565842871
i:350	72121.32164895117
i:400	72121.32164895117
i:450	72084.35955945702
i:500	71953.31787035968
i:550	71953.31787035968
i:600	71469.29854356116
i:650	71469.29854356116
best: 71469.29854356116
routes: [0, 51, 52, 53, 56, 54, 55, 57, 59, 60, 58, 79, 77, 76, 74, 71, 72, 73, 75, 78, 80, 61, 62, 63, 64, 65, 68, 67, 66, 69, 70, 0, 31, 39, 40, 35, 36, 37, 38, 34, 33, 32, 24, 21, 23, 25, 27, 29, 30, 28, 26, 22, 20, 19, 17, 18, 15, 14, 12, 11, 13, 16, 0, 42, 41, 44, 45, 47, 46, 49, 50, 48, 43, 10, 9, 7, 8, 2, 1, 3, 6, 5, 4, 0]
Elapsed time: 284.40751910209656

i:0	124482.14961282742
i:50	81216.23278396034
i:100	77395.11194591655
i:150	76790.76897750612
i:200	76440.14713560202
i:250	74771.01558685541
i:300	73925.33430224608
i:350	73925.33430224608
i:400	73925.33430224608
i:450	73904.85032589184
i:500	73904.85032589184
i:550	73904.85032589184
i:600	73904.85032589184
i:650	73904.85032589184
best: 73904.85032589184
routes: [0, 21, 22, 23, 24, 26, 25, 29, 27, 28, 30, 35, 36, 37, 40, 39, 38, 32, 33, 34, 31, 69, 70, 66, 67, 68, 65, 64, 63, 61, 62, 0, 11, 13, 16, 15, 17, 19, 20, 18, 12, 14, 48, 46, 49, 50, 47, 45, 44, 41, 42, 43, 9, 10, 5, 6, 7, 8, 2, 1, 3, 4, 0, 51, 53, 52, 54, 55, 57, 56, 59, 60, 58, 79, 78, 75, 73, 72, 71, 74, 76, 77, 80, 0]
Elapsed time: 246.9270212650299

i:0	119783.36292576602
i:50	80120.8282211954
i:100	78782.59467874086
i:150	78011.14791499611
i:200	76695.4477960534
i:250	76065.68330767028
i:300	75701.55227218018
i:350	75651.12347800998
i:400	75129.16566613354
i:450	74999.39168606122
i:500	74999.39168606122
i:550	74866.60112610989
i:600	74813.42987485047
i:650	74744.19882583742
best: 74744.19882583742
routes: [0, 61, 62, 63, 64, 65, 68, 67, 66, 69, 70, 31, 34, 33, 38, 39, 40, 35, 36, 37, 32, 0, 80, 78, 75, 73, 72, 71, 74, 77, 76, 79, 58, 60, 59, 57, 56, 53, 51, 52, 55, 54, 8, 7, 9, 10, 5, 6, 2, 1, 3, 4, 0, 21, 23, 25, 27, 29, 30, 28, 26, 24, 22, 16, 13, 14, 17, 19, 20, 18, 15, 12, 11, 43, 42, 41, 44, 45, 47, 46, 49, 50, 48, 0]
Elapsed time: 292.3315980434418

i:0	124854.85497553188
i:50	94648.64859072017
i:100	85673.5164337607
i:150	79967.62149400666
i:200	79315.22817107229
i:250	78002.20719763369
i:300	77507.14239597118
i:350	77483.94010448612
i:400	76456.68213168124
i:450	76393.07989225068
i:500	76375.70536171785
i:550	76127.79167138654
i:600	75679.68169872114
i:650	75619.2821966804
best: 75619.2821966804
routes: [0, 4, 3, 6, 5, 10, 9, 7, 8, 2, 1, 79, 77, 76, 74, 71, 72, 73, 75, 78, 80, 58, 60, 59, 57, 55, 56, 53, 51, 52, 54, 0, 61, 62, 63, 64, 65, 68, 67, 66, 69, 70, 31, 33, 34, 39, 40, 35, 36, 37, 38, 32, 28, 30, 29, 27, 25, 26, 24, 21, 23, 22, 0, 13, 18, 17, 19, 20, 16, 15, 14, 12, 11, 43, 41, 42, 45, 44, 46, 49, 50, 47, 48, 0]
Elapsed time: 307.4043142795563

mean: 74776.42849228086
std: 1914.659800526224
mean-time: 284.4862280368805
std-time: 16.55923103949473