-g=1.2423634e-05, -a=5, -f=50, -dlt=0.7606274
i:0	113869.67922208998
i:50	82239.98487699524
i:100	80031.53583743928
i:150	76790.80911347977
i:200	75442.8649683121
i:250	75278.46663031583
i:300	75001.405565441
i:350	74830.29590811717
i:400	74799.24285841789
i:450	74471.0865114376
i:500	74264.21964967847
i:550	73889.44405738552
i:600	73886.08351436585
i:650	73846.71172829668
best: 73846.71172829668
routes: [0, 51, 52, 53, 56, 54, 55, 57, 59, 60, 58, 76, 71, 72, 73, 75, 78, 74, 77, 79, 80, 8, 7, 9, 10, 5, 6, 2, 1, 3, 4, 0, 33, 34, 32, 37, 36, 35, 40, 39, 38, 31, 69, 70, 66, 67, 68, 65, 64, 63, 61, 62, 0, 43, 42, 41, 44, 45, 47, 46, 49, 50, 48, 14, 12, 11, 13, 15, 17, 19, 20, 18, 16, 22, 23, 25, 27, 29, 30, 28, 26, 24, 21, 0]
Elapsed time: 285.0461935997009

i:0	122062.3311020579
i:50	81033.84249443887
i:100	75198.64055010278
i:150	74050.71787511064
i:200	73146.27385551581
i:250	72754.02714459118
i:300	72450.60315063017
i:350	72421.75468734669
i:400	72159.31499260102
i:450	71825.75910008911
i:500	71825.75910008911
i:550	71825.75910008911
i:600	71825.75910008911
i:650	71306.16160983141
best: 71306.16160983141
routes: [0, 4, 5, 10, 6, 3, 1, 2, 8, 7, 9, 43, 48, 47, 45, 42, 41, 44, 46, 49, 50, 11, 13, 12, 14, 15, 18, 17, 19, 20, 16, 0, 31, 38, 40, 36, 35, 37, 39, 34, 33, 32, 21, 23, 22, 25, 26, 27, 29, 30, 28, 24, 0, 51, 53, 52, 54, 55, 57, 56, 59, 60, 58, 79, 80, 77, 76, 74, 71, 72, 73, 75, 78, 61, 62, 63, 64, 65, 68, 67, 66, 69, 70, 0]
Elapsed time: 276.1482527256012

i:0	118769.19394603476
i:50	81931.46775248965
i:100	79164.45024874574
i:150	78202.85157067716
i:200	77707.10534915917
i:250	76899.07218504681
i:300	76762.40158288687
i:350	76762.40158288687
i:400	76445.40385326643
i:450	76421.426072296
i:500	76421.426072296
i:550	76349.54109939824
i:600	76349.54109939824
i:650	76349.54109939824
best: 76349.54109939824
routes: [0, 51, 53, 52, 54, 55, 57, 56, 60, 59, 58, 71, 72, 73, 75, 78, 74, 76, 79, 77, 80, 0, 4, 5, 8, 2, 1, 3, 6, 10, 7, 9, 43, 48, 47, 45, 42, 41, 44, 46, 49, 50, 12, 11, 13, 15, 14, 17, 19, 20, 18, 16, 0, 61, 62, 63, 64, 65, 68, 67, 66, 69, 70, 31, 39, 40, 35, 36, 37, 38, 34, 33, 32, 28, 30, 29, 27, 25, 26, 24, 21, 23, 22, 0]
Elapsed time: 267.0593464374542

i:0	117920.84788420016
i:50	87743.40138814968
i:100	85971.38741623075
i:150	78395.80575621402
i:200	77737.81361271179
i:250	77279.44155873102
i:300	77159.32019722431
i:350	76949.82715282027
i:400	76543.65158304424
i:450	76319.10148991286
i:500	75713.08160592303
i:550	75333.90427570874
i:600	75322.88188978439
i:650	75322.65582586566
best: 75321.07935467658
routes: [0, 79, 80, 77, 78, 75, 73, 72, 71, 74, 76, 58, 60, 59, 57, 56, 51, 53, 52, 55, 54, 0, 4, 3, 6, 5, 8, 2, 1, 7, 10, 9, 43, 42, 41, 45, 44, 46, 49, 50, 47, 48, 14, 17, 19, 20, 18, 15, 12, 11, 13, 16, 0, 21, 22, 23, 24, 26, 25, 29, 27, 28, 30, 35, 36, 37, 40, 39, 38, 32, 33, 34, 31, 69, 70, 66, 67, 68, 65, 64, 63, 61, 62, 0]
Elapsed time: 282.9948089122772

i:0	119801.17036910003
i:50	85045.4864417004
i:100	79460.02727946096
i:150	76696.31891525163
i:200	75006.03373302813
i:250	74581.61854680427
i:300	74124.15824229224
i:350	74042.17060511187
i:400	74042.17060511187
i:450	73854.7299226684
i:500	73854.7299226684
i:550	73701.93569191353
i:600	73655.18563849115
i:650	73638.54291691812
best: 72887.4285707519
routes: [0, 43, 42, 41, 44, 46, 49, 50, 47, 45, 48, 11, 13, 12, 14, 15, 18, 17, 19, 20, 16, 25, 29, 30, 28, 27, 26, 24, 21, 23, 22, 0, 4, 3, 6, 5, 10, 7, 9, 8, 2, 1, 31, 34, 33, 38, 39, 40, 36, 35, 37, 32, 0, 51, 52, 53, 56, 54, 55, 57, 59, 60, 58, 79, 80, 77, 76, 74, 71, 72, 73, 75, 78, 61, 62, 63, 64, 65, 68, 67, 66, 69, 70, 0]
Elapsed time: 285.774822473526

i:0	124002.29759341099
i:50	82895.78872266752
i:100	79432.82980582831
i:150	78039.83673447628
i:200	77161.59204118844
i:250	76758.73661335063
i:300	76758.73661335063
i:350	76248.95438407504
i:400	76230.49504247363
i:450	75985.18392099864
i:500	75481.80721396429
i:550	75398.68126220681
i:600	75398.68126220681
i:650	75398.68126220681
best: 75398.68126220681
routes: [0, 61, 62, 63, 64, 65, 68, 67, 66, 69, 70, 31, 39, 40, 35, 36, 37, 38, 34, 33, 32, 0, 79, 80, 78, 75, 73, 72, 71, 74, 77, 76, 58, 60, 59, 57, 56, 53, 51, 52, 55, 54, 2, 8, 7, 9, 10, 5, 6, 3, 1, 4, 0, 21, 24, 23, 22, 25, 27, 29, 30, 28, 26, 16, 13, 17, 19, 20, 18, 15, 14, 12, 11, 43, 42, 41, 45, 47, 44, 46, 49, 50, 48, 0]
Elapsed time: 282.6891028881073

i:0	121157.82552043637
i:50	87084.70031189069
i:100	86570.91958831664
i:150	86111.27240627378
i:200	82486.31431852731
i:250	78389.24093655916
i:300	77647.76602749522
i:350	77333.84729606655
i:400	77009.45388090683
i:450	77009.45388090683
i:500	76926.61978643939
i:550	76584.52940025798
i:600	76491.0895916409
i:650	76491.0895916409
best: 76071.30433662912
routes: [0, 51, 52, 53, 56, 59, 60, 58, 57, 55, 54, 41, 42, 43, 45, 44, 46, 49, 50, 47, 48, 10, 5, 6, 9, 7, 8, 2, 1, 3, 4, 0, 69, 70, 66, 67, 68, 65, 64, 63, 62, 61, 80, 79, 77, 76, 74, 71, 72, 73, 75, 78, 0, 31, 39, 40, 35, 36, 37, 38, 34, 33, 32, 30, 28, 27, 29, 25, 26, 24, 21, 23, 22, 16, 13, 11, 12, 14, 15, 17, 19, 20, 18, 0]
Elapsed time: 303.704133272171

i:0	121319.2205410721
i:50	87325.55442627861
i:100	86012.90355344287
i:150	84823.79250324421
i:200	84217.49386274477
i:250	79375.75526190165
i:300	78948.84134539717
i:350	78528.84489455262
i:400	78488.03932257358
i:450	77729.33413150725
i:500	77530.71610717956
i:550	77134.29041932673
i:600	77037.91900931028
i:650	76724.2658926535
best: 76724.2658926535
routes: [0, 4, 2, 1, 3, 6, 5, 10, 7, 8, 9, 43, 42, 41, 44, 45, 47, 46, 49, 50, 48, 11, 13, 12, 14, 15, 18, 17, 19, 20, 16, 0, 76, 74, 71, 72, 73, 75, 78, 77, 79, 80, 58, 60, 59, 57, 56, 55, 54, 53, 51, 52, 0, 69, 70, 67, 68, 66, 65, 64, 63, 61, 62, 31, 34, 33, 32, 39, 38, 37, 40, 35, 36, 30, 28, 27, 29, 25, 26, 24, 21, 23, 22, 0]
Elapsed time: 303.5875754356384

i:0	109259.15819594127
i:50	85247.21229232501
i:100	81280.577280448
i:150	79659.63652279584
i:200	78759.06600501927
i:250	78455.26509266961
i:300	78450.26309957093
i:350	78133.11568262591
i:400	77815.90004437661
i:450	77815.90004437661
i:500	77815.90004437661
i:550	77815.90004437661
i:600	77814.66476815354
i:650	77461.62281228899
best: 77435.28236582837
routes: [0, 21, 24, 23, 22, 25, 27, 29, 30, 28, 26, 16, 13, 15, 18, 20, 19, 17, 14, 12, 11, 43, 45, 47, 49, 50, 48, 46, 44, 41, 42, 0, 62, 61, 63, 64, 65, 68, 66, 67, 70, 69, 31, 34, 39, 38, 37, 36, 35, 40, 33, 32, 0, 4, 1, 2, 3, 6, 5, 10, 7, 9, 8, 74, 71, 72, 73, 75, 78, 80, 79, 77, 76, 58, 60, 59, 57, 56, 53, 51, 52, 55, 54, 0]
Elapsed time: 274.0841736793518

i:0	126330.20368688603
i:50	88547.7789371784
i:100	83211.8089123795
i:150	81063.0887402178
i:200	80264.73720379648
i:250	80264.73720379648
i:300	80152.00443932426
i:350	79923.68805749378
i:400	79733.43359912667
i:450	79725.29871278733
i:500	79347.69917978924
i:550	79260.33807415112
i:600	79087.61809724598
i:650	79087.61809724598
best: 79087.61809724598
routes: [0, 31, 34, 33, 32, 38, 39, 40, 37, 35, 36, 30, 28, 27, 29, 25, 26, 24, 21, 23, 22, 16, 15, 17, 19, 20, 18, 14, 13, 11, 12, 0, 4, 5, 10, 9, 7, 6, 3, 1, 2, 8, 54, 55, 57, 59, 60, 58, 56, 53, 51, 52, 41, 44, 46, 49, 50, 47, 45, 42, 43, 48, 0, 79, 77, 74, 76, 71, 72, 73, 75, 78, 80, 61, 62, 63, 66, 69, 70, 67, 68, 65, 64, 0]
Elapsed time: 296.4235084056854

mean: 75442.80743175186
std: 2152.2081069951314
mean-time: 285.75119178295137
std-time: 11.61695089162192