-g=1.2423634e-05, -a=2, -f=50, -dlt=0.7606274
i:0	78379.27931054584
i:50	57447.42146687123
i:100	57447.42146687123
i:150	57447.42146687123
i:200	57447.42146687123
i:250	57447.42146687123
i:300	57447.42146687123
i:350	57447.42146687123
i:400	57447.42146687123
i:450	57447.42146687123
i:500	57447.42146687123
i:550	57447.42146687123
i:600	57447.42146687123
i:650	57447.42146687123
best: 57447.42146687123
routes: [0, 46, 48, 47, 49, 50, 34, 31, 32, 35, 33, 40, 39, 38, 37, 36, 28, 30, 29, 27, 26, 3, 2, 4, 5, 1, 0, 45, 41, 44, 43, 42, 22, 21, 24, 25, 23, 8, 7, 9, 10, 6, 14, 13, 11, 12, 15, 17, 16, 20, 19, 18, 0]
Elapsed time: 29.77833652496338

i:0	85422.26145591788
i:50	56129.506170500616
i:100	55667.32434718505
i:150	55667.32434718505
i:200	55667.32434718505
i:250	55667.32434718505
i:300	55667.32434718505
i:350	55667.32434718505
i:400	55667.32434718505
i:450	55667.32434718505
i:500	55667.32434718505
i:550	55667.32434718505
i:600	55667.32434718505
i:650	55667.32434718505
best: 55667.32434718505
routes: [0, 1, 2, 4, 5, 3, 27, 29, 30, 26, 28, 36, 38, 37, 39, 40, 33, 32, 31, 34, 35, 48, 47, 49, 50, 46, 0, 19, 18, 17, 20, 16, 15, 13, 11, 12, 14, 6, 8, 10, 9, 7, 23, 25, 22, 24, 21, 43, 42, 45, 41, 44, 0]
Elapsed time: 38.50290393829346

i:0	78769.05044644112
i:50	55860.2339140503
i:100	55860.2339140503
i:150	55860.2339140503
i:200	55860.2339140503
i:250	55860.2339140503
i:300	55860.2339140503
i:350	55860.2339140503
i:400	55860.2339140503
i:450	55860.2339140503
i:500	55860.2339140503
i:550	55860.2339140503
i:600	55860.2339140503
i:650	55860.2339140503
best: 55860.2339140503
routes: [0, 45, 41, 44, 43, 42, 27, 26, 30, 29, 28, 39, 40, 38, 37, 36, 33, 32, 31, 34, 35, 48, 47, 49, 50, 46, 0, 1, 2, 4, 3, 5, 23, 25, 22, 21, 24, 7, 9, 8, 10, 6, 14, 13, 11, 12, 15, 17, 19, 18, 20, 16, 0]
Elapsed time: 32.58983850479126

i:0	81311.29073766684
i:50	58039.27069600229
i:100	58039.27069600229
i:150	58039.27069600229
i:200	58039.27069600229
i:250	58039.27069600229
i:300	58039.27069600229
i:350	58039.27069600229
i:400	58039.27069600229
i:450	58039.27069600229
i:500	58039.27069600229
i:550	58039.27069600229
i:600	58039.27069600229
i:650	58039.27069600229
best: 58039.27069600229
routes: [0, 50, 49, 48, 47, 46, 35, 33, 32, 31, 34, 19, 18, 17, 20, 16, 15, 13, 11, 12, 14, 7, 9, 8, 10, 6, 0, 25, 23, 22, 24, 21, 45, 41, 44, 43, 42, 39, 40, 38, 37, 36, 28, 30, 29, 27, 26, 3, 2, 4, 5, 1, 0]
Elapsed time: 38.00989627838135

i:0	82387.11724854061
i:50	61080.40164851121
i:100	61080.40164851121
i:150	61080.40164851121
i:200	61080.40164851121
i:250	61080.40164851121
i:300	61080.40164851121
i:350	61080.40164851121
i:400	61080.40164851121
i:450	61080.40164851121
i:500	61080.40164851121
i:550	61080.40164851121
i:600	61080.40164851121
i:650	61080.40164851121
best: 61080.40164851121
routes: [0, 5, 1, 2, 4, 3, 39, 40, 38, 37, 36, 28, 30, 29, 27, 26, 41, 44, 45, 43, 42, 23, 25, 22, 21, 24, 0, 6, 8, 7, 10, 9, 14, 15, 13, 11, 12, 16, 20, 19, 18, 17, 34, 35, 33, 32, 31, 48, 47, 49, 50, 46, 0]
Elapsed time: 31.169538259506226

i:0	491926.65852104046
i:50	56485.153398949915
i:100	54338.21343403733
i:150	54338.21343403733
i:200	54338.21343403733
i:250	54338.21343403733
i:300	54338.21343403733
i:350	54338.21343403733
i:400	54338.21343403733
i:450	54338.21343403733
i:500	54338.21343403733
i:550	54338.21343403733
i:600	54338.21343403733
i:650	54338.21343403733
best: 54338.21343403733
routes: [0, 1, 2, 4, 5, 3, 45, 41, 44, 43, 42, 21, 24, 25, 23, 22, 7, 9, 8, 10, 6, 11, 12, 14, 13, 15, 17, 16, 20, 19, 18, 0, 46, 48, 47, 49, 50, 34, 35, 33, 32, 31, 39, 40, 38, 37, 36, 28, 30, 29, 27, 26, 0]
Elapsed time: 37.60735321044922

i:0	78209.34919648196
i:50	56740.78956987518
i:100	56740.78956987518
i:150	56740.78956987518
i:200	56740.78956987518
i:250	56740.78956987518
i:300	56740.78956987518
i:350	56740.78956987518
i:400	56740.78956987518
i:450	56740.78956987518
i:500	56740.78956987518
i:550	56740.78956987518
i:600	56481.13387990855
i:650	56481.13387990855
best: 56481.13387990855
routes: [0, 46, 48, 47, 49, 50, 34, 35, 33, 32, 31, 40, 38, 37, 39, 36, 28, 30, 29, 27, 26, 0, 17, 16, 20, 19, 18, 15, 13, 11, 12, 14, 6, 8, 10, 9, 7, 23, 24, 25, 22, 21, 45, 41, 44, 43, 42, 3, 2, 4, 5, 1, 0]
Elapsed time: 30.078725337982178

i:0	296736.99736476183
i:50	57111.41495890287
i:100	57111.41495890287
i:150	57111.41495890287
i:200	57111.41495890287
i:250	57111.41495890287
i:300	57111.41495890287
i:350	57111.41495890287
i:400	57111.41495890287
i:450	57111.41495890287
i:500	57111.41495890287
i:550	57111.41495890287
i:600	57111.41495890287
i:650	57111.41495890287
best: 57111.41495890287
routes: [0, 5, 1, 4, 3, 2, 27, 26, 30, 29, 28, 39, 37, 36, 40, 38, 33, 32, 31, 34, 35, 48, 47, 49, 50, 46, 0, 19, 18, 17, 20, 16, 15, 13, 11, 12, 14, 8, 7, 9, 10, 6, 23, 25, 22, 24, 21, 43, 42, 45, 41, 44, 0]
Elapsed time: 30.790693283081055

i:0	81107.70620411247
i:50	57577.00099847031
i:100	56494.37671622264
i:150	56494.37671622264
i:200	56494.37671622264
i:250	56494.37671622264
i:300	56494.37671622264
i:350	56494.37671622264
i:400	56494.37671622264
i:450	56494.37671622264
i:500	56494.37671622264
i:550	56494.37671622264
i:600	56494.37671622264
i:650	56494.37671622264
best: 56494.37671622264
routes: [0, 1, 2, 4, 3, 5, 23, 25, 22, 21, 24, 9, 8, 7, 10, 6, 14, 13, 11, 12, 15, 16, 20, 17, 19, 18, 0, 45, 41, 44, 43, 42, 29, 30, 28, 27, 26, 39, 40, 38, 37, 36, 33, 32, 31, 34, 35, 48, 47, 49, 50, 46, 0]
Elapsed time: 36.196550607681274

i:0	83815.44515239657
i:50	59892.75582021754
i:100	59892.75582021754
i:150	59892.75582021754
i:200	59892.75582021754
i:250	59892.75582021754
i:300	59892.75582021754
i:350	59892.75582021754
i:400	59892.75582021754
i:450	59892.75582021754
i:500	59561.22369438238
i:550	59561.22369438238
i:600	59561.22369438238
i:650	59561.22369438238
best: 59561.22369438238
routes: [0, 45, 41, 44, 43, 42, 39, 40, 38, 37, 36, 28, 30, 29, 27, 26, 23, 25, 22, 21, 24, 0, 46, 48, 47, 49, 50, 35, 33, 32, 31, 34, 19, 18, 17, 20, 16, 15, 13, 11, 12, 14, 6, 8, 7, 9, 10, 5, 1, 4, 3, 2, 0]
Elapsed time: 32.95978116989136

mean: 57208.101475607386
std: 1864.248932699047
mean-time: 33.768361711502074
std-time: 3.2899436503855113
