-g=1.2423634e-05, -a=5, -f=50, -dlt=0.7606274
i:0	78939.46421445886
i:50	55514.63071034917
i:100	55514.63071034917
i:150	55514.63071034917
i:200	55514.63071034917
i:250	55514.63071034917
i:300	55514.63071034917
i:350	55514.63071034917
i:400	55514.63071034917
i:450	55514.63071034917
i:500	55514.63071034917
i:550	55514.63071034917
i:600	55514.63071034917
i:650	55514.63071034917
best: 55514.63071034917
routes: [0, 19, 18, 17, 20, 16, 15, 13, 11, 12, 14, 6, 8, 10, 9, 7, 23, 25, 22, 24, 21, 43, 42, 45, 41, 44, 0, 46, 48, 47, 49, 50, 34, 35, 33, 32, 31, 40, 38, 37, 39, 36, 28, 30, 29, 27, 26, 3, 4, 5, 1, 2, 0]
Elapsed time: 54.662774085998535

i:0	76038.53031888443
i:50	55048.5138573045
i:100	54673.89895120451
i:150	54673.89895120451
i:200	54673.89895120451
i:250	54673.89895120451
i:300	54673.89895120451
i:350	54673.89895120451
i:400	54673.89895120451
i:450	54673.89895120451
i:500	54673.89895120451
i:550	54673.89895120451
i:600	54673.89895120451
i:650	54673.89895120451
best: 54673.89895120451
routes: [0, 46, 48, 47, 49, 50, 34, 35, 33, 32, 31, 40, 38, 37, 39, 36, 28, 30, 29, 27, 26, 3, 4, 5, 1, 2, 0, 45, 41, 44, 43, 42, 21, 24, 25, 23, 22, 7, 9, 8, 10, 6, 11, 12, 14, 13, 15, 17, 16, 20, 19, 18, 0]
Elapsed time: 45.44885563850403

i:0	72651.48741953661
i:50	54673.89895120451
i:100	54673.89895120451
i:150	54673.89895120451
i:200	54673.89895120451
i:250	54673.89895120451
i:300	54673.89895120451
i:350	54673.89895120451
i:400	54673.89895120451
i:450	54673.89895120451
i:500	54673.89895120451
i:550	54673.89895120451
i:600	54673.89895120451
i:650	54673.89895120451
best: 54673.89895120451
routes: [0, 46, 48, 47, 49, 50, 34, 35, 33, 32, 31, 40, 38, 37, 39, 36, 28, 30, 29, 27, 26, 3, 4, 5, 1, 2, 0, 45, 41, 44, 43, 42, 21, 24, 25, 23, 22, 7, 9, 8, 10, 6, 11, 12, 14, 13, 15, 17, 16, 20, 19, 18, 0]
Elapsed time: 45.6916983127594

i:0	83726.15421860374
i:50	54481.181572381785
i:100	54481.181572381785
i:150	54481.181572381785
i:200	54481.181572381785
i:250	54481.181572381785
i:300	54481.181572381785
i:350	54481.181572381785
i:400	54481.181572381785
i:450	54481.181572381785
i:500	54481.181572381785
i:550	54481.181572381785
i:600	54481.181572381785
i:650	54481.181572381785
best: 54481.181572381785
routes: [0, 45, 41, 44, 43, 42, 27, 26, 30, 29, 28, 39, 40, 38, 37, 36, 33, 32, 31, 34, 35, 48, 47, 49, 50, 46, 0, 19, 18, 17, 20, 16, 15, 13, 11, 12, 14, 6, 8, 10, 9, 7, 23, 25, 22, 21, 24, 5, 1, 4, 3, 2, 0]
Elapsed time: 46.71830677986145

i:0	81224.94419619936
i:50	55894.96198163694
i:100	55894.96198163694
i:150	55873.58645657268
i:200	55873.58645657268
i:250	55873.58645657268
i:300	55873.58645657268
i:350	55873.58645657268
i:400	55873.58645657268
i:450	55873.58645657268
i:500	55873.58645657268
i:550	55873.58645657268
i:600	55873.58645657268
i:650	55873.58645657268
best: 55873.58645657268
routes: [0, 45, 41, 44, 43, 42, 21, 24, 23, 25, 22, 9, 8, 7, 10, 6, 11, 12, 14, 13, 15, 17, 16, 20, 19, 18, 0, 46, 50, 47, 49, 48, 34, 35, 33, 32, 31, 40, 38, 37, 39, 36, 28, 30, 29, 27, 26, 3, 4, 5, 1, 2, 0]
Elapsed time: 45.62743544578552

i:0	83235.3157556107
i:50	62868.32896958523
i:100	62868.32896958523
i:150	62868.32896958523
i:200	62868.32896958523
i:250	62868.32896958523
i:300	62868.32896958523
i:350	62868.32896958523
i:400	62868.32896958523
i:450	62868.32896958523
i:500	62868.32896958523
i:550	62868.32896958523
i:600	62868.32896958523
i:650	62868.32896958523
best: 62868.32896958523
routes: [0, 46, 48, 47, 49, 50, 34, 35, 33, 31, 32, 16, 20, 19, 18, 17, 13, 15, 14, 11, 12, 6, 10, 8, 7, 9, 0, 23, 25, 22, 21, 24, 45, 43, 42, 41, 44, 39, 40, 38, 37, 36, 29, 30, 28, 27, 26, 5, 1, 4, 3, 2, 0]
Elapsed time: 96.61230301856995

i:0	75000.60034160968
i:50	55536.85656910564
i:100	55536.85656910564
i:150	55536.85656910564
i:200	55536.85656910564
i:250	55536.85656910564
i:300	55536.85656910564
i:350	55536.85656910564
i:400	55536.85656910564
i:450	55536.85656910564
i:500	55536.85656910564
i:550	55536.85656910564
i:600	55536.85656910564
i:650	55536.85656910564
best: 55536.85656910564
routes: [0, 46, 48, 47, 49, 50, 34, 35, 33, 32, 31, 40, 38, 37, 39, 36, 28, 30, 29, 27, 26, 45, 41, 44, 43, 42, 0, 1, 2, 4, 3, 5, 23, 25, 22, 21, 24, 7, 9, 8, 10, 6, 11, 12, 14, 13, 15, 17, 16, 20, 19, 18, 0]
Elapsed time: 45.2423677444458

i:0	78101.20056201337
i:50	54201.07288785168
i:100	54201.07288785168
i:150	54201.07288785168
i:200	54201.07288785168
i:250	54201.07288785168
i:300	54201.07288785168
i:350	54201.07288785168
i:400	54201.07288785168
i:450	54201.07288785168
i:500	54201.07288785168
i:550	54201.07288785168
i:600	54201.07288785168
i:650	54201.07288785168
best: 54201.07288785168
routes: [0, 5, 1, 2, 4, 3, 27, 26, 30, 29, 28, 39, 37, 36, 40, 38, 33, 32, 31, 34, 35, 48, 47, 49, 50, 46, 0, 45, 41, 44, 43, 42, 21, 24, 25, 23, 22, 7, 9, 8, 10, 6, 11, 12, 14, 13, 15, 17, 16, 20, 19, 18, 0]
Elapsed time: 38.88323974609375

i:0	78868.92965296182
i:50	56788.229309091956
i:100	56438.39514356859
i:150	56438.39514356859
i:200	56438.39514356859
i:250	56438.39514356859
i:300	56438.39514356859
i:350	56438.39514356859
i:400	56438.39514356859
i:450	56438.39514356859
i:500	56438.39514356859
i:550	56438.39514356859
i:600	56438.39514356859
i:650	56438.39514356859
best: 56438.39514356859
routes: [0, 46, 48, 47, 49, 50, 34, 35, 33, 31, 32, 19, 18, 17, 20, 16, 15, 13, 11, 12, 14, 8, 7, 9, 10, 6, 0, 39, 40, 38, 37, 36, 28, 30, 29, 27, 26, 45, 41, 44, 43, 42, 21, 24, 25, 23, 22, 5, 1, 4, 3, 2, 0]
Elapsed time: 50.658321380615234

i:0	83084.49937348715
i:50	55512.1393245519
i:100	55306.474644363785
i:150	55061.41326091405
i:200	55061.41326091405
i:250	55061.41326091405
i:300	55061.41326091405
i:350	55061.41326091405
i:400	55061.41326091405
i:450	55061.41326091405
i:500	55061.41326091405
i:550	55061.41326091405
i:600	55061.41326091405
i:650	55061.41326091405
best: 55061.41326091405
routes: [0, 19, 18, 17, 20, 16, 15, 13, 11, 12, 14, 6, 8, 10, 9, 7, 25, 23, 24, 21, 22, 4, 3, 2, 5, 1, 0, 45, 43, 42, 41, 44, 27, 26, 30, 29, 28, 39, 40, 38, 37, 36, 33, 32, 31, 34, 35, 48, 47, 49, 50, 46, 0]
Elapsed time: 40.83661150932312

mean: 55932.32634727379
std: 2402.652340506418
mean-time: 51.038191366195676
std-time: 15.758970620684934