-g=1.2423634e-05, -a=4, -f=50, -dlt=0.7606274
i:0	73138.65490210344
i:50	58401.86842040933
i:100	57877.806619781506
i:150	54995.31114645394
i:200	54995.31114645394
i:250	54995.31114645394
i:300	54995.31114645394
i:350	54995.31114645394
i:400	54995.31114645394
i:450	54995.31114645394
i:500	54995.31114645394
i:550	54995.31114645394
i:600	54995.31114645394
i:650	54995.31114645394
best: 54995.31114645394
routes: [0, 46, 48, 47, 49, 50, 34, 35, 33, 32, 31, 40, 38, 37, 39, 36, 28, 30, 29, 27, 26, 3, 4, 5, 1, 2, 0, 45, 41, 44, 43, 42, 21, 24, 25, 23, 22, 7, 9, 8, 10, 6, 14, 13, 11, 12, 15, 17, 16, 20, 19, 18, 0]
Elapsed time: 48.63467717170715

i:0	78094.99704942369
i:50	58658.03095396954
i:100	58484.43835302834
i:150	58484.43835302834
i:200	58484.43835302834
i:250	58484.43835302834
i:300	58484.43835302834
i:350	58484.43835302834
i:400	58484.43835302834
i:450	58484.43835302834
i:500	58484.43835302834
i:550	58484.43835302834
i:600	58484.43835302834
i:650	58484.43835302834
best: 58484.43835302834
routes: [0, 39, 40, 38, 37, 36, 28, 30, 29, 27, 26, 45, 41, 44, 43, 42, 21, 24, 25, 23, 22, 7, 9, 8, 10, 6, 0, 1, 2, 4, 3, 5, 11, 12, 14, 13, 15, 17, 16, 20, 19, 18, 34, 35, 33, 32, 31, 48, 47, 49, 50, 46, 0]
Elapsed time: 45.51277947425842

i:0	77285.86354394793
i:50	55399.67966610259
i:100	55399.67966610259
i:150	55399.67966610259
i:200	55399.67966610259
i:250	55399.67966610259
i:300	55399.67966610259
i:350	55399.67966610259
i:400	55399.67966610259
i:450	55399.67966610259
i:500	55399.67966610259
i:550	55399.67966610259
i:600	55399.67966610259
i:650	55399.67966610259
best: 55399.67966610259
routes: [0, 18, 17, 19, 20, 16, 15, 13, 11, 12, 14, 6, 8, 10, 9, 7, 25, 23, 24, 21, 22, 4, 3, 2, 5, 1, 0, 45, 41, 44, 43, 42, 27, 26, 30, 29, 28, 39, 40, 38, 37, 36, 33, 32, 31, 34, 35, 48, 47, 49, 50, 46, 0]
Elapsed time: 40.25266075134277

i:0	79168.16707934471
i:50	58556.1385370966
i:100	57972.90227410736
i:150	57972.90227410736
i:200	57938.36822634279
i:250	57938.36822634279
i:300	57938.36822634279
i:350	57938.36822634279
i:400	57938.36822634279
i:450	57938.36822634279
i:500	57938.36822634279
i:550	57938.36822634279
i:600	57938.36822634279
i:650	57938.36822634279
best: 57938.36822634279
routes: [0, 46, 48, 47, 49, 50, 34, 35, 33, 32, 31, 40, 38, 37, 39, 36, 28, 30, 29, 27, 26, 45, 41, 44, 43, 42, 0, 23, 25, 22, 21, 24, 7, 9, 8, 10, 6, 11, 12, 14, 13, 15, 17, 16, 20, 19, 18, 5, 1, 4, 3, 2, 0]
Elapsed time: 41.72060227394104

i:0	80414.00350534462
i:50	55579.71540706727
i:100	55579.71540706727
i:150	55579.71540706727
i:200	55579.71540706727
i:250	55579.71540706727
i:300	55579.71540706727
i:350	55579.71540706727
i:400	55579.71540706727
i:450	55579.71540706727
i:500	55579.71540706727
i:550	55579.71540706727
i:600	55579.71540706727
i:650	55579.71540706727
best: 55579.71540706727
routes: [0, 1, 2, 4, 3, 5, 45, 41, 44, 43, 42, 21, 24, 25, 23, 22, 7, 9, 8, 10, 6, 14, 13, 11, 12, 15, 17, 19, 18, 20, 16, 0, 46, 48, 47, 49, 50, 34, 35, 33, 32, 31, 40, 38, 37, 39, 36, 28, 30, 29, 27, 26, 0]
Elapsed time: 82.31122756004333

i:0	87381.22638513173
i:50	54876.6139351632
i:100	54765.546386148155
i:150	54765.546386148155
i:200	54765.546386148155
i:250	54765.546386148155
i:300	54765.546386148155
i:350	54765.546386148155
i:400	54765.546386148155
i:450	54765.546386148155
i:500	54765.546386148155
i:550	54765.546386148155
i:600	54765.546386148155
i:650	54765.546386148155
best: 54765.546386148155
routes: [0, 46, 48, 47, 49, 50, 34, 35, 33, 32, 31, 40, 38, 37, 39, 36, 28, 30, 29, 27, 26, 0, 19, 18, 17, 20, 16, 15, 13, 11, 12, 14, 6, 8, 10, 9, 7, 23, 25, 22, 24, 21, 43, 42, 45, 41, 44, 4, 3, 2, 5, 1, 0]
Elapsed time: 41.287028312683105

i:0	83097.25395209967
i:50	54726.20129474638
i:100	54678.73610806599
i:150	54678.73610806599
i:200	54678.73610806599
i:250	54678.73610806599
i:300	54678.73610806599
i:350	54678.73610806599
i:400	54678.73610806599
i:450	54678.73610806599
i:500	54678.73610806599
i:550	54678.73610806599
i:600	54678.73610806599
i:650	54678.73610806599
best: 54678.73610806599
routes: [0, 1, 2, 4, 3, 5, 23, 25, 22, 21, 24, 7, 9, 8, 10, 6, 11, 12, 14, 13, 15, 17, 16, 20, 19, 18, 0, 45, 41, 44, 43, 42, 27, 26, 30, 29, 28, 39, 40, 38, 37, 36, 33, 32, 31, 34, 35, 48, 47, 49, 50, 46, 0]
Elapsed time: 42.15248417854309

i:0	83940.6904715562
i:50	55930.38026641468
i:100	55867.79343366572
i:150	55867.79343366572
i:200	55867.79343366572
i:250	55867.79343366572
i:300	55867.79343366572
i:350	55867.79343366572
i:400	55867.79343366572
i:450	55867.79343366572
i:500	55867.79343366572
i:550	55867.79343366572
i:600	55867.79343366572
i:650	55867.79343366572
best: 55867.79343366572
routes: [0, 45, 41, 44, 43, 42, 21, 24, 25, 23, 22, 9, 8, 10, 7, 6, 11, 12, 14, 13, 15, 16, 20, 17, 19, 18, 0, 46, 50, 47, 49, 48, 34, 35, 33, 32, 31, 40, 38, 37, 39, 36, 28, 30, 29, 27, 26, 3, 4, 5, 1, 2, 0]
Elapsed time: 44.804041624069214

i:0	83642.26418660794
i:50	58035.03575935073
i:100	58035.03575935073
i:150	58035.03575935073
i:200	58035.03575935073
i:250	58035.03575935073
i:300	58010.12406603978
i:350	57999.90692446277
i:400	57974.28904195532
i:450	57974.28904195532
i:500	57974.28904195532
i:550	57974.28904195532
i:600	57974.28904195532
i:650	57974.28904195532
best: 57974.28904195532
routes: [0, 19, 18, 20, 17, 16, 15, 13, 14, 11, 12, 6, 10, 8, 7, 9, 23, 25, 22, 24, 21, 43, 42, 45, 41, 44, 0, 1, 2, 4, 5, 3, 27, 26, 30, 29, 28, 39, 37, 36, 38, 40, 33, 32, 34, 35, 31, 48, 47, 49, 50, 46, 0]
Elapsed time: 38.990055084228516

i:0	78591.56529766104
i:50	62808.93908882515
i:100	62808.93908882515
i:150	62808.93908882515
i:200	62808.93908882515
i:250	62808.93908882515
i:300	62808.93908882515
i:350	62808.93908882515
i:400	62808.93908882515
i:450	62808.93908882515
i:500	62808.93908882515
i:550	62808.93908882515
i:600	62808.93908882515
i:650	62808.93908882515
best: 62808.93908882515
routes: [0, 19, 18, 17, 20, 16, 15, 13, 11, 12, 14, 6, 10, 9, 8, 7, 23, 25, 22, 21, 24, 0, 29, 27, 30, 26, 28, 39, 38, 37, 36, 40, 33, 32, 31, 34, 35, 48, 47, 49, 50, 46, 0, 45, 41, 44, 43, 42, 4, 3, 2, 5, 1, 0]
Elapsed time: 41.05115056037903

mean: 56849.28168576553
std: 2404.368859752835
mean-time: 46.67167069911957
std-time: 12.184392178809842
