-g=1.2423634e-05, -a=4, -f=50, -dlt=0.7606274
i:0	67180.70647494381
i:50	48628.413167182545
i:100	48067.957423855354
i:150	46707.95068597356
i:200	46707.95068597356
i:250	46648.208389018975
i:300	46648.208389018975
i:350	46648.208389018975
i:400	46292.95861622804
i:450	46292.95861622804
i:500	46292.95861622804
i:550	46292.95861622804
i:600	46291.44358178712
i:650	46291.44358178712
best: 46291.44358178712
routes: [0, 4, 5, 6, 3, 1, 2, 8, 7, 10, 9, 50, 44, 46, 49, 45, 43, 42, 41, 47, 48, 21, 22, 23, 25, 24, 26, 29, 30, 27, 28, 0, 12, 13, 15, 17, 19, 20, 18, 16, 14, 11, 39, 40, 36, 37, 38, 35, 34, 33, 31, 32, 0]
Elapsed time: 142.71135425567627

i:0	63807.44528516338
i:50	49308.53833880002
i:100	48968.18269292878
i:150	48893.485634674806
i:200	48818.43073887638
i:250	48719.19493709945
i:300	48719.19493709945
i:350	48719.19493709945
i:400	48716.46581961442
i:450	48716.46581961442
i:500	48716.46581961442
i:550	48716.46581961442
i:600	48716.46581961442
i:650	48716.46581961442
best: 48716.46581961442
routes: [0, 14, 17, 19, 20, 18, 16, 15, 12, 13, 11, 39, 40, 37, 38, 36, 35, 33, 34, 31, 32, 0, 4, 6, 3, 1, 5, 8, 7, 10, 2, 9, 50, 44, 46, 49, 45, 43, 42, 41, 47, 48, 21, 22, 23, 25, 24, 26, 29, 30, 27, 28, 0]
Elapsed time: 154.77379703521729

i:0	64215.1904692067
i:50	47362.58478095327
i:100	47160.62592036363
i:150	47160.62592036363
i:200	47080.993364871756
i:250	47080.993364871756
i:300	47080.993364871756
i:350	47080.993364871756
i:400	46634.011971177955
i:450	46634.011971177955
i:500	46634.011971177955
i:550	46589.22484822797
i:600	46589.22484822797
i:650	46589.22484822797
best: 46589.22484822797
routes: [0, 23, 24, 26, 29, 30, 28, 27, 25, 22, 21, 46, 44, 43, 42, 41, 47, 48, 45, 49, 50, 9, 10, 7, 8, 2, 1, 3, 6, 5, 4, 0, 12, 13, 15, 17, 19, 20, 18, 16, 14, 11, 39, 40, 36, 37, 38, 35, 34, 33, 31, 32, 0]
Elapsed time: 146.31469583511353

i:0	65374.8519706721
i:50	49353.82199358984
i:100	48851.18019025277
i:150	48590.36576394531
i:200	48590.36576394531
i:250	48590.36576394531
i:300	48590.36576394531
i:350	48590.36576394531
i:400	48590.36576394531
i:450	48590.36576394531
i:500	48590.36576394531
i:550	48590.36576394531
i:600	48590.36576394531
i:650	48590.36576394531
best: 48590.36576394531
routes: [0, 4, 1, 2, 3, 6, 5, 10, 7, 8, 9, 49, 48, 47, 41, 42, 45, 43, 44, 46, 50, 21, 22, 23, 25, 27, 24, 26, 29, 30, 28, 0, 12, 15, 17, 19, 20, 18, 16, 14, 13, 11, 31, 32, 33, 34, 35, 38, 37, 36, 39, 40, 0]
Elapsed time: 130.3475158214569

i:0	66336.29647392215
i:50	49583.69338263763
i:100	49048.66750933952
i:150	48925.743538250696
i:200	48468.17332267942
i:250	48468.17332267942
i:300	48468.17332267942
i:350	48468.17332267942
i:400	47496.977004288114
i:450	47120.911423763944
i:500	47120.911423763944
i:550	47120.911423763944
i:600	47120.911423763944
i:650	47120.911423763944
best: 47120.911423763944
routes: [0, 11, 13, 12, 15, 16, 17, 19, 20, 18, 14, 31, 32, 33, 34, 35, 38, 37, 36, 39, 40, 0, 23, 22, 25, 27, 29, 30, 28, 26, 24, 21, 48, 47, 41, 42, 45, 43, 44, 46, 49, 50, 9, 10, 7, 8, 2, 1, 3, 6, 5, 4, 0]
Elapsed time: 150.9986321926117

i:0	63710.05582450071
i:50	48408.68065516076
i:100	47409.61708175145
i:150	47150.98119881167
i:200	46960.54454784388
i:250	46960.54454784388
i:300	46960.54454784388
i:350	46960.54454784388
i:400	46960.54454784388
i:450	46960.54454784388
i:500	46960.54454784388
i:550	46960.54454784388
i:600	46960.54454784388
i:650	46960.54454784388
best: 46960.54454784388
routes: [0, 12, 13, 15, 17, 19, 20, 18, 16, 14, 11, 31, 32, 33, 34, 35, 38, 37, 36, 39, 40, 0, 23, 24, 26, 29, 30, 28, 27, 25, 22, 21, 48, 47, 41, 42, 45, 43, 44, 46, 49, 50, 8, 7, 9, 10, 5, 6, 2, 1, 3, 4, 0]
Elapsed time: 135.09277510643005

i:0	61021.50790818822
i:50	49732.81930809902
i:100	48593.133308259676
i:150	47690.67124021744
i:200	47161.70196199199
i:250	47161.70196199199
i:300	47161.70196199199
i:350	47161.70196199199
i:400	47161.70196199199
i:450	47161.70196199199
i:500	47161.70196199199
i:550	47161.70196199199
i:600	47161.70196199199
i:650	47161.70196199199
best: 47161.70196199199
routes: [0, 4, 5, 6, 3, 1, 2, 8, 7, 10, 9, 50, 44, 43, 42, 41, 47, 48, 45, 46, 49, 21, 22, 23, 25, 24, 26, 29, 30, 27, 28, 0, 12, 13, 15, 17, 19, 20, 18, 16, 14, 11, 39, 40, 36, 37, 38, 35, 34, 33, 31, 32, 0]
Elapsed time: 132.48641920089722

i:0	67059.47102965464
i:50	48701.302548467844
i:100	48234.375838227345
i:150	48117.1471074767
i:200	47913.57983750651
i:250	47707.13857083502
i:300	47707.13857083502
i:350	47632.32741768554
i:400	47632.32741768554
i:450	47632.32741768554
i:500	47632.32741768554
i:550	47632.32741768554
i:600	47632.32741768554
i:650	47632.32741768554
best: 47632.32741768554
routes: [0, 4, 5, 10, 6, 3, 1, 2, 8, 7, 9, 23, 25, 24, 26, 29, 30, 28, 27, 22, 21, 48, 47, 41, 42, 45, 43, 44, 46, 49, 50, 0, 12, 15, 17, 19, 20, 18, 16, 14, 13, 11, 31, 32, 33, 34, 35, 38, 37, 36, 39, 40, 0]
Elapsed time: 141.13406610488892

i:0	62028.126822390055
i:50	50348.083122542695
i:100	49769.10305080494
i:150	49671.96755341045
i:200	49323.830182990285
i:250	49256.875753728265
i:300	49253.565328973156
i:350	49156.8370490079
i:400	48961.13076967366
i:450	48961.13076967366
i:500	48961.13076967366
i:550	48961.13076967366
i:600	48961.13076967366
i:650	48961.13076967366
best: 48961.13076967366
routes: [0, 2, 1, 4, 6, 3, 8, 7, 10, 5, 9, 50, 46, 49, 44, 43, 45, 42, 41, 47, 48, 21, 22, 23, 25, 27, 24, 26, 29, 30, 28, 0, 12, 15, 19, 17, 20, 18, 16, 13, 14, 11, 39, 40, 38, 37, 36, 35, 34, 33, 31, 32, 0]
Elapsed time: 215.9250156879425

i:0	61693.22456246248
i:50	48326.221991459744
i:100	47161.85039248974
i:150	47161.85039248974
i:200	46908.94480738478
i:250	46908.94480738478
i:300	46704.707749395915
i:350	46704.707749395915
i:400	46704.707749395915
i:450	46704.707749395915
i:500	46058.652586581906
i:550	46058.652586581906
i:600	46058.652586581906
i:650	46058.652586581906
best: 46058.652586581906
routes: [0, 4, 1, 2, 3, 6, 5, 10, 7, 8, 9, 50, 44, 46, 49, 45, 43, 42, 41, 47, 48, 21, 22, 23, 25, 24, 26, 29, 30, 27, 28, 0, 11, 13, 12, 15, 17, 19, 20, 18, 16, 14, 39, 40, 36, 37, 38, 35, 34, 33, 31, 32, 0]
Elapsed time: 149.82887053489685

mean: 47408.27687211157
std: 982.5343349932353
mean-time: 149.96131417751312
std-time: 23.30319726011597
