-a=5, -g=1.2423634e-05, -f=50, -dlt=0.15213994934591485, -ca=1
i:0	145163.56300117754
i:50	101020.40285644926
i:100	98822.71212480207
i:150	97691.1009770552
i:200	97447.97469679627
i:250	97111.50199433354
i:300	95240.69900704219
i:350	94988.55721227158
i:400	94799.528314105
i:450	94491.81682229598
i:500	94278.75477175266
i:550	94037.35573284407
i:600	93921.84886989175
i:650	93921.84886989175
best: 93921.84886989175
routes: [0, 92, 91, 93, 94, 95, 96, 97, 99, 100, 98, 69, 70, 67, 68, 66, 62, 61, 63, 65, 64, 0, 79, 80, 77, 75, 78, 73, 72, 71, 74, 76, 58, 59, 60, 56, 57, 55, 54, 53, 51, 52, 0, 31, 37, 36, 35, 40, 39, 38, 34, 33, 32, 28, 30, 29, 27, 26, 25, 22, 23, 21, 24, 0, 90, 86, 84, 83, 85, 82, 81, 87, 88, 89, 41, 44, 46, 49, 50, 43, 42, 45, 47, 48, 14, 12, 11, 13, 15, 18, 17, 19, 20, 16, 4, 1, 3, 6, 5, 10, 9, 7, 8, 2, 0]
Elapsed time: 331.0875995159149

-a=5, -g=1.2423634e-05, -f=50, -dlt=0.9709619323863188, -ca=2
i:0	152839.6319813646
i:50	113158.49977539905
i:100	113158.49977539905
i:150	113158.49977539905
i:200	112762.96996155402
i:250	111056.58066700753
i:300	111056.58066700753
i:350	111056.58066700753
i:400	111056.58066700753
i:450	111056.58066700753
i:500	111056.58066700753
i:550	111056.58066700753
i:600	111056.58066700753
i:650	111056.58066700753
best: 111056.58066700753
routes: [0, 4, 3, 6, 10, 7, 9, 2, 1, 8, 5, 90, 83, 85, 86, 82, 81, 87, 88, 89, 84, 80, 76, 79, 77, 74, 71, 72, 73, 75, 78, 0, 63, 62, 61, 64, 65, 69, 70, 66, 67, 68, 98, 95, 97, 94, 96, 99, 100, 93, 92, 91, 0, 33, 32, 36, 35, 37, 40, 34, 31, 39, 38, 28, 29, 30, 23, 26, 27, 24, 21, 25, 22, 0, 51, 52, 53, 56, 55, 59, 60, 58, 57, 54, 43, 42, 47, 48, 41, 45, 46, 44, 49, 50, 17, 19, 15, 18, 13, 11, 14, 12, 16, 20, 0]
Elapsed time: 468.1886110305786

-a=5, -g=1.2423634e-05, -f=50, -dlt=0.13087997450865374, -ca=2
i:0	142423.81343946868
i:50	112316.15618531799
i:100	111593.34636172702
i:150	107746.81915982979
i:200	106187.20160316543
i:250	106151.58419965998
i:300	106151.58419965998
i:350	106151.58419965998
i:400	105363.17922043633
i:450	105363.17922043633
i:500	105363.17922043633
i:550	105363.17922043633
i:600	105363.17922043633
i:650	105363.17922043633
best: 105363.17922043633
routes: [0, 99, 98, 92, 91, 95, 94, 93, 96, 97, 100, 61, 64, 63, 62, 65, 68, 66, 67, 69, 70, 31, 33, 39, 38, 37, 32, 36, 35, 40, 34, 0, 4, 1, 3, 6, 5, 10, 9, 7, 8, 2, 77, 74, 76, 79, 71, 72, 73, 75, 78, 80, 52, 51, 53, 56, 57, 55, 59, 60, 58, 54, 0, 11, 12, 18, 19, 13, 17, 20, 15, 14, 16, 43, 41, 45, 46, 44, 49, 50, 47, 48, 42, 83, 88, 87, 81, 82, 85, 86, 89, 90, 84, 0, 21, 23, 27, 26, 25, 30, 28, 29, 24, 22, 0]
Elapsed time: 457.5298857688904

-a=5, -g=1.2423634e-05, -f=50, -dlt=0.5319175477878137, -ca=2
i:0	153391.71565533587
i:50	114261.31215417865
i:100	113958.40329618983
i:150	112567.73848990288
i:200	112567.73848990288
i:250	112567.73848990288
i:300	109400.59167688247
i:350	109400.59167688247
i:400	109400.59167688247
i:450	109400.59167688247
i:500	109400.59167688247
i:550	109400.59167688247
i:600	109400.59167688247
i:650	109400.59167688247
best: 106922.80628180763
routes: [0, 4, 8, 3, 1, 2, 5, 6, 10, 9, 7, 48, 47, 49, 50, 46, 44, 41, 45, 42, 43, 83, 86, 84, 89, 81, 88, 87, 85, 82, 90, 0, 31, 32, 34, 33, 38, 40, 39, 37, 36, 35, 21, 24, 28, 30, 27, 29, 23, 26, 25, 22, 19, 20, 17, 16, 13, 12, 11, 14, 15, 18, 0, 76, 74, 71, 72, 73, 75, 77, 79, 80, 78, 52, 51, 53, 56, 59, 60, 58, 57, 55, 54, 0, 99, 98, 100, 97, 94, 95, 96, 93, 91, 92, 66, 69, 70, 67, 68, 65, 64, 63, 61, 62, 0]
Elapsed time: 480.90286564826965

-a=5, -g=1.2423634e-05, -f=50, -dlt=0.7134232124166067, -ca=2
i:0	159797.4695958138
i:50	118636.76065273862
i:100	112825.88348041094
i:150	112130.861530001
i:200	111270.6589626216
i:250	108183.90554512432
i:300	107690.06312338027
i:350	107690.06312338027
i:400	107690.06312338027
i:450	107508.37007634371
i:500	107508.37007634371
i:550	107508.37007634371
i:600	107508.37007634371
i:650	107281.16144165501
best: 107281.16144165501
routes: [0, 51, 52, 53, 58, 59, 60, 56, 57, 55, 54, 87, 81, 82, 85, 89, 88, 90, 83, 84, 86, 1, 2, 8, 7, 9, 10, 4, 5, 3, 6, 0, 74, 72, 71, 73, 75, 79, 80, 76, 77, 78, 65, 64, 62, 61, 63, 68, 66, 67, 69, 70, 0, 21, 23, 27, 29, 25, 26, 22, 24, 28, 30, 14, 12, 15, 18, 13, 16, 20, 17, 19, 11, 43, 45, 49, 50, 48, 47, 46, 44, 41, 42, 0, 91, 94, 98, 96, 95, 92, 93, 97, 99, 100, 31, 34, 33, 37, 38, 39, 40, 35, 36, 32, 0]
Elapsed time: 441.8953266143799

-a=5, -g=1.2423634e-05, -f=50, -dlt=0.8649906357378246, -ca=1
i:0	145387.1283488727
i:50	111821.19472208772
i:100	108762.2778184691
i:150	98859.01084038315
i:200	95712.89741150018
i:250	94760.78131497087
i:300	94599.74875982266
i:350	94500.2714455946
i:400	94492.32484550576
i:450	94334.29625563149
i:500	93932.97149976925
i:550	93931.00100926677
i:600	93851.74673736659
i:650	93850.50105985517
best: 93850.50105985517
routes: [0, 31, 32, 33, 34, 38, 39, 40, 37, 35, 36, 30, 28, 29, 27, 25, 26, 24, 21, 23, 22, 16, 14, 13, 11, 12, 17, 15, 18, 19, 20, 0, 91, 92, 93, 100, 96, 99, 98, 97, 95, 94, 61, 62, 63, 64, 65, 68, 67, 69, 70, 66, 0, 79, 80, 77, 74, 71, 72, 73, 75, 78, 76, 58, 60, 59, 57, 54, 55, 56, 53, 51, 52, 0, 4, 2, 1, 3, 6, 10, 8, 5, 7, 9, 90, 84, 86, 83, 82, 81, 85, 89, 87, 88, 41, 42, 43, 45, 44, 46, 49, 50, 47, 48, 0]
Elapsed time: 353.1988263130188

-a=5, -g=1.2423634e-05, -f=50, -dlt=0.6032136560594551, -ca=1
i:0	137176.6929039798
i:50	98907.18035587597
i:100	97555.51987980877
i:150	97360.49535712866
i:200	97228.17387331165
i:250	96531.36009449509
i:300	96031.62544242278
i:350	95715.87906516214
i:400	95581.94090667853
i:450	94702.54519383445
i:500	94523.82598912384
i:550	94461.71498902347
i:600	94461.71498902347
i:650	94455.55438696759
best: 94196.91850402781
routes: [0, 54, 55, 52, 51, 53, 56, 57, 59, 60, 58, 76, 71, 74, 72, 73, 75, 78, 77, 79, 80, 0, 96, 92, 91, 93, 100, 99, 95, 94, 98, 97, 69, 70, 66, 67, 68, 65, 64, 63, 62, 61, 0, 11, 12, 15, 17, 14, 13, 18, 16, 20, 19, 29, 30, 28, 27, 25, 26, 23, 22, 21, 24, 32, 33, 37, 36, 35, 40, 39, 38, 31, 34, 0, 43, 44, 46, 49, 50, 48, 47, 45, 42, 41, 87, 81, 82, 83, 85, 88, 86, 89, 90, 84, 8, 2, 1, 3, 6, 7, 9, 10, 5, 4, 0]
Elapsed time: 349.5570435523987

-a=5, -g=1.2423634e-05, -f=50, -dlt=0.20334769348043785, -ca=2
i:0	142158.57884813772
i:50	118608.0627366624
i:100	111467.6524901159
i:150	109218.2083460698
i:200	109218.2083460698
i:250	109218.2083460698
i:300	109218.2083460698
i:350	109218.2083460698
i:400	109218.2083460698
i:450	109218.2083460698
i:500	109218.2083460698
i:550	109218.2083460698
i:600	109218.2083460698
i:650	109218.2083460698
best: 109218.2083460698
routes: [0, 100, 99, 97, 98, 92, 93, 94, 91, 95, 96, 69, 70, 67, 68, 66, 65, 64, 61, 63, 62, 31, 40, 35, 36, 34, 33, 39, 38, 37, 32, 0, 78, 74, 71, 72, 73, 75, 76, 77, 79, 80, 53, 59, 60, 58, 56, 52, 51, 57, 55, 54, 0, 47, 43, 46, 44, 41, 42, 45, 50, 49, 48, 12, 11, 13, 14, 17, 19, 18, 15, 20, 16, 24, 21, 22, 23, 30, 28, 29, 27, 25, 26, 0, 4, 10, 7, 3, 8, 6, 2, 1, 5, 9, 88, 87, 82, 81, 89, 90, 84, 83, 85, 86, 0]
Elapsed time: 454.4035098552704

-a=5, -g=1.2423634e-05, -f=50, -dlt=0.6471626189104932, -ca=2
i:0	160255.0088807604
i:50	113812.32085563646
i:100	108528.0001007875
i:150	108528.0001007875
i:200	108528.0001007875
i:250	108528.0001007875
i:300	108528.0001007875
i:350	108528.0001007875
i:400	108528.0001007875
i:450	108528.0001007875
i:500	108528.0001007875
i:550	108528.0001007875
i:600	108528.0001007875
i:650	108528.0001007875
best: 108528.0001007875
routes: [0, 4, 3, 5, 6, 7, 10, 9, 8, 1, 2, 81, 82, 83, 87, 88, 86, 90, 85, 89, 84, 43, 42, 45, 44, 41, 50, 46, 49, 47, 48, 0, 32, 33, 39, 40, 37, 36, 35, 38, 34, 31, 100, 99, 98, 97, 95, 96, 93, 94, 91, 92, 62, 61, 63, 64, 65, 66, 67, 70, 69, 68, 0, 53, 51, 52, 57, 59, 58, 60, 55, 54, 56, 76, 74, 72, 71, 73, 75, 78, 77, 79, 80, 0, 11, 19, 15, 12, 14, 17, 20, 18, 16, 13, 27, 21, 22, 29, 28, 24, 23, 25, 26, 30, 0]
Elapsed time: 462.2618064880371

-a=5, -g=1.2423634e-05, -f=50, -dlt=0.2622796187562255, -ca=1
i:0	142658.9516683119
i:50	100302.62042486292
i:100	97333.51303180947
i:150	95707.56486903431
i:200	95476.38306433485
i:250	95372.88615050641
i:300	95352.0642772018
i:350	95263.24288662255
i:400	95263.24288662255
i:450	95261.18229613194
i:500	95261.18229613194
i:550	95128.92105340218
i:600	95034.0872577843
i:650	94645.07554786355
best: 94580.36387067463
routes: [0, 91, 92, 93, 95, 97, 98, 99, 100, 96, 94, 61, 62, 63, 64, 65, 66, 67, 68, 69, 70, 0, 76, 77, 74, 71, 72, 73, 75, 78, 80, 79, 58, 60, 59, 57, 54, 55, 56, 53, 51, 52, 0, 31, 34, 38, 39, 37, 40, 35, 36, 33, 32, 24, 25, 27, 29, 28, 30, 26, 21, 23, 22, 15, 19, 20, 13, 11, 12, 14, 17, 18, 16, 0, 1, 2, 3, 5, 6, 4, 10, 7, 8, 9, 43, 42, 45, 46, 49, 50, 48, 47, 44, 41, 90, 86, 89, 85, 88, 87, 81, 82, 83, 84, 0]
Elapsed time: 350.7582952976227

-a=5, -g=1.2423634e-05, -f=50, -dlt=0.2644431454736114, -ca=2
i:0	146106.47243868976
i:50	117338.08384840662
i:100	114569.98975228047
i:150	111930.0270829516
i:200	109196.0148546276
i:250	107902.8516632664
i:300	107902.8516632664
i:350	107902.8516632664
i:400	107902.8516632664
i:450	107902.8516632664
i:500	107902.8516632664
i:550	107902.8516632664
i:600	107902.8516632664
i:650	107902.8516632664
best: 107902.8516632664
routes: [0, 42, 48, 47, 49, 50, 46, 45, 43, 44, 41, 89, 88, 87, 85, 82, 81, 83, 84, 86, 90, 54, 57, 59, 60, 58, 55, 56, 53, 51, 52, 0, 79, 80, 76, 74, 71, 77, 72, 73, 75, 78, 61, 62, 63, 65, 69, 70, 66, 67, 68, 64, 0, 92, 91, 93, 94, 95, 96, 97, 98, 99, 100, 21, 23, 24, 22, 28, 27, 25, 29, 30, 26, 36, 37, 40, 35, 39, 38, 34, 31, 33, 32, 0, 17, 18, 16, 12, 14, 15, 13, 19, 20, 11, 10, 9, 7, 5, 6, 2, 4, 3, 1, 8, 0]
Elapsed time: 461.30218601226807

-a=5, -g=1.2423634e-05, -f=50, -dlt=0.9521135058217289, -ca=1
i:0	152994.8591660176
i:50	106162.35909311108
i:100	96402.48672594957
i:150	94515.6878172798
i:200	93409.49566709917
i:250	93341.12232529113
i:300	93287.81148344482
i:350	93117.33611480497
i:400	92128.76103819787
i:450	91148.715890866
i:500	89636.23536721923
i:550	89222.05012966815
i:600	88764.83421669724
i:650	88201.34628434246
best: 88067.4357671902
routes: [0, 93, 92, 91, 94, 95, 96, 99, 100, 97, 98, 69, 70, 66, 67, 68, 65, 64, 61, 63, 62, 74, 71, 72, 73, 75, 78, 76, 77, 79, 80, 0, 4, 3, 6, 5, 10, 9, 7, 8, 2, 1, 31, 39, 38, 34, 33, 32, 37, 40, 35, 36, 30, 28, 27, 29, 25, 26, 23, 24, 21, 22, 16, 13, 11, 12, 14, 15, 17, 19, 20, 18, 0, 43, 42, 45, 44, 46, 49, 50, 47, 48, 41, 89, 88, 87, 81, 82, 83, 85, 86, 90, 84, 52, 51, 53, 56, 59, 60, 58, 57, 55, 54, 0]
Elapsed time: 372.30241990089417

-a=5, -g=1.2423634e-05, -f=50, -dlt=0.25735114063945264, -ca=2
i:0	151316.79576073805
i:50	116196.41691786538
i:100	114322.06597347306
i:150	109836.78224541602
i:200	109322.94275265996
i:250	109322.94275265996
i:300	109322.94275265996
i:350	108991.51795502755
i:400	108092.09672574386
i:450	108092.09672574386
i:500	108092.09672574386
i:550	108092.09672574386
i:600	108092.09672574386
i:650	108060.0491481804
best: 107110.55420860297
routes: [0, 90, 89, 88, 81, 87, 83, 86, 84, 85, 82, 44, 46, 49, 50, 41, 47, 45, 42, 43, 48, 16, 11, 13, 14, 15, 12, 17, 19, 18, 20, 0, 51, 52, 53, 56, 55, 54, 57, 59, 60, 58, 79, 77, 71, 72, 73, 75, 76, 74, 78, 80, 0, 31, 38, 37, 35, 36, 40, 39, 32, 33, 34, 30, 27, 29, 28, 24, 21, 23, 22, 26, 25, 9, 10, 5, 6, 7, 3, 1, 2, 8, 4, 0, 91, 93, 100, 99, 94, 97, 98, 96, 95, 92, 69, 70, 68, 66, 67, 65, 64, 63, 61, 62, 0]
Elapsed time: 467.2017104625702

-a=5, -g=1.2423634e-05, -f=50, -dlt=0.995380852693917, -ca=1
i:0	157912.64866520624
i:50	108325.07220026782
i:100	106652.32749976323
i:150	96492.39967065849
i:200	96269.81581369496
i:250	95707.98902230636
i:300	95623.72586188876
i:350	95022.98406846379
i:400	94893.83858046852
i:450	94658.43627098735
i:500	94465.08764281645
i:550	94459.34113475165
i:600	94396.32414372556
i:650	94375.61349577174
best: 94357.16850974693
routes: [0, 79, 80, 77, 75, 78, 73, 72, 71, 74, 76, 58, 56, 54, 55, 57, 59, 60, 53, 51, 52, 0, 1, 2, 3, 4, 5, 8, 6, 10, 7, 9, 86, 89, 90, 84, 85, 82, 83, 81, 87, 88, 41, 42, 43, 47, 45, 44, 46, 49, 50, 48, 0, 31, 34, 33, 32, 39, 38, 37, 40, 35, 36, 28, 24, 21, 23, 22, 25, 27, 29, 30, 26, 16, 20, 19, 17, 18, 15, 13, 11, 12, 14, 0, 92, 91, 95, 94, 93, 96, 100, 99, 97, 98, 69, 70, 68, 66, 67, 65, 64, 63, 61, 62, 0]
Elapsed time: 366.0440728664398

-a=5, -g=1.2423634e-05, -f=50, -dlt=0.9054286189644551, -ca=2
i:0	151640.4678993031
i:50	112837.20734610021
i:100	112837.20734610021
i:150	112837.20734610021
i:200	112837.20734610021
i:250	112837.20734610021
i:300	112837.20734610021
i:350	112837.20734610021
i:400	110300.14834744496
i:450	107248.71519633094
i:500	104927.41213647985
i:550	104927.41213647985
i:600	104927.41213647985
i:650	104927.41213647985
best: 104927.41213647985
routes: [0, 91, 94, 93, 92, 95, 99, 98, 97, 100, 96, 69, 70, 66, 67, 68, 65, 64, 63, 61, 62, 80, 76, 79, 77, 74, 71, 73, 72, 75, 78, 0, 12, 19, 13, 15, 17, 20, 18, 14, 16, 11, 43, 41, 42, 44, 45, 46, 49, 47, 50, 48, 22, 29, 30, 28, 25, 27, 21, 23, 26, 24, 0, 6, 9, 8, 10, 1, 2, 4, 5, 7, 3, 87, 81, 85, 82, 83, 90, 84, 89, 88, 86, 54, 55, 57, 59, 60, 58, 56, 53, 51, 52, 0, 31, 34, 38, 39, 37, 36, 35, 40, 33, 32, 0]
Elapsed time: 470.58547019958496

-a=5, -g=1.2423634e-05, -f=50, -dlt=0.5878169891611801, -ca=1
i:0	140402.20009491147
i:50	101549.04952619517
i:100	97262.18667257353
i:150	95482.25447906693
i:200	94881.22519881568
i:250	94356.75434183604
i:300	94034.19640754427
i:350	93427.74235644382
i:400	88472.29087626796
i:450	86503.8087282935
i:500	86463.44382002226
i:550	86280.2899800661
i:600	85768.35122721335
i:650	85748.4246847039
best: 85182.17028813063
routes: [0, 51, 52, 53, 56, 54, 55, 57, 59, 60, 58, 76, 77, 74, 71, 72, 73, 75, 78, 79, 80, 61, 62, 63, 64, 65, 68, 66, 67, 69, 70, 0, 31, 33, 34, 39, 38, 40, 35, 36, 37, 32, 24, 21, 23, 22, 27, 29, 30, 28, 25, 26, 13, 14, 12, 11, 15, 19, 17, 18, 20, 16, 0, 91, 93, 96, 97, 98, 99, 100, 95, 94, 92, 89, 90, 86, 84, 83, 85, 82, 81, 87, 88, 41, 42, 45, 44, 46, 49, 50, 47, 48, 43, 10, 9, 7, 8, 5, 6, 2, 1, 3, 4, 0]
Elapsed time: 375.2057218551636

-a=5, -g=1.2423634e-05, -f=50, -dlt=0.6294483358805955, -ca=1
i:0	150489.4062575902
i:50	113298.70681306353
i:100	104925.66316817573
i:150	99750.58173021862
i:200	98064.7647397873
i:250	97086.45559617346
i:300	95831.13778397652
i:350	95093.58517013768
i:400	95004.13824456927
i:450	94446.15830284014
i:500	94005.4182418906
i:550	93888.82619855522
i:600	93873.75742373138
i:650	93792.85210269867
best: 93774.70497041068
routes: [0, 4, 1, 5, 6, 2, 3, 8, 7, 10, 9, 90, 84, 89, 87, 88, 81, 82, 83, 85, 86, 41, 42, 43, 45, 44, 46, 49, 50, 47, 48, 0, 71, 72, 73, 75, 78, 80, 79, 77, 74, 76, 58, 60, 59, 57, 55, 56, 53, 52, 51, 54, 0, 91, 92, 93, 99, 100, 96, 95, 94, 97, 98, 66, 69, 70, 67, 68, 65, 64, 63, 61, 62, 0, 32, 33, 34, 31, 39, 38, 37, 40, 36, 35, 30, 28, 27, 29, 25, 26, 24, 21, 23, 22, 16, 15, 17, 19, 20, 18, 14, 11, 13, 12, 0]
Elapsed time: 372.4932818412781

-a=5, -g=1.2423634e-05, -f=50, -dlt=0.8601325026287886, -ca=2
i:0	146866.34581394715
i:50	114439.56966862919
i:100	114439.56966862919
i:150	114439.56966862919
i:200	114439.56966862919
i:250	114439.56966862919
i:300	114439.56966862919
i:350	114439.56966862919
i:400	112856.97989710394
i:450	112856.97989710394
i:500	112442.91957412813
i:550	112442.91957412813
i:600	112442.91957412813
i:650	111052.91143051028
best: 106781.7610886243
routes: [0, 43, 44, 46, 45, 42, 41, 47, 49, 50, 48, 19, 17, 16, 20, 18, 11, 13, 12, 15, 14, 3, 1, 2, 7, 10, 9, 8, 5, 6, 4, 0, 52, 51, 53, 56, 59, 58, 60, 57, 55, 54, 89, 81, 82, 83, 85, 87, 88, 86, 90, 84, 0, 79, 77, 74, 71, 72, 73, 75, 78, 80, 76, 66, 69, 70, 67, 68, 61, 63, 65, 64, 62, 0, 21, 23, 24, 28, 27, 29, 22, 26, 25, 30, 33, 34, 32, 37, 35, 36, 40, 38, 39, 31, 96, 99, 98, 97, 100, 93, 95, 94, 91, 92, 0]
Elapsed time: 472.9263119697571

-a=5, -g=1.2423634e-05, -f=50, -dlt=0.792534893307052, -ca=2
i:0	150059.8149040539
i:50	116484.4144031588
i:100	115740.10193359292
i:150	115649.9943971578
i:200	109259.32144886802
i:250	109259.32144886802
i:300	109259.32144886802
i:350	109259.32144886802
i:400	109259.32144886802
i:450	106879.72287536859
i:500	106368.1876640331
i:550	106368.1876640331
i:600	106368.1876640331
i:650	106368.1876640331
best: 106368.1876640331
routes: [0, 100, 96, 94, 93, 97, 99, 98, 95, 92, 91, 63, 62, 65, 68, 67, 61, 64, 66, 69, 70, 0, 4, 1, 3, 10, 8, 7, 9, 5, 6, 2, 78, 73, 75, 72, 71, 74, 77, 79, 80, 76, 51, 52, 56, 53, 58, 60, 59, 57, 55, 54, 0, 84, 86, 81, 85, 89, 90, 88, 87, 83, 82, 41, 42, 43, 45, 44, 47, 48, 46, 49, 50, 15, 13, 12, 11, 14, 18, 17, 19, 20, 16, 0, 31, 39, 38, 37, 36, 35, 40, 34, 33, 32, 21, 23, 24, 26, 25, 29, 30, 27, 28, 22, 0]
Elapsed time: 465.31725120544434

-a=5, -g=1.2423634e-05, -f=50, -dlt=0.20510931206057165, -ca=1
i:0	156031.1994590665
i:50	103133.3407679451
i:100	99710.40884618468
i:150	97013.36515599176
i:200	96324.54836239571
i:250	95998.54081226703
i:300	95575.25089200183
i:350	95515.94284367641
i:400	95445.83632527872
i:450	94959.46456657689
i:500	94582.64890242404
i:550	93673.35641576503
i:600	93155.97894872173
i:650	92963.61252085373
best: 92139.906920598
routes: [0, 4, 5, 10, 6, 2, 1, 3, 9, 7, 8, 84, 83, 82, 81, 85, 86, 90, 89, 87, 88, 41, 42, 43, 45, 47, 44, 46, 49, 50, 48, 0, 54, 52, 51, 53, 56, 55, 57, 59, 60, 58, 79, 80, 76, 77, 74, 71, 72, 73, 75, 78, 0, 70, 69, 67, 68, 66, 65, 64, 63, 62, 61, 92, 91, 93, 94, 95, 96, 97, 98, 99, 100, 31, 34, 33, 38, 39, 40, 35, 36, 37, 32, 0, 21, 23, 24, 26, 25, 27, 29, 30, 28, 22, 13, 11, 12, 14, 15, 17, 19, 20, 18, 16, 0]
Elapsed time: 353.7575755119324

-a=5, -g=1.2423634e-05, -f=50, -dlt=0.7999692725927705, -ca=2
i:0	157446.5012269513
i:50	116668.3196423446
i:100	113885.83139607612
i:150	113885.83139607612
i:200	113885.83139607612
i:250	112438.81335229482
i:300	112438.81335229482
i:350	112438.81335229482
i:400	112342.54180268687
i:450	112342.54180268687
i:500	112342.54180268687
i:550	111462.25940174975
i:600	111462.25940174975
i:650	109732.8290293791
best: 108060.14700717223
routes: [0, 3, 1, 2, 8, 7, 9, 10, 5, 6, 4, 90, 89, 85, 84, 83, 82, 81, 87, 88, 86, 41, 47, 46, 49, 50, 44, 45, 42, 43, 48, 0, 96, 99, 100, 93, 94, 92, 91, 95, 97, 98, 65, 67, 69, 70, 68, 66, 61, 63, 64, 62, 51, 52, 53, 56, 55, 57, 58, 59, 60, 54, 0, 31, 33, 32, 39, 38, 37, 36, 35, 40, 34, 16, 15, 18, 19, 17, 20, 12, 11, 14, 13, 22, 21, 23, 25, 28, 29, 30, 27, 24, 26, 0, 79, 80, 71, 72, 73, 75, 77, 78, 74, 76, 0]
Elapsed time: 454.5481345653534

-a=5, -g=1.2423634e-05, -f=50, -dlt=0.7312239234499714, -ca=1
i:0	141723.2465686104
i:50	104539.71819271201
i:100	96464.26738831616
i:150	95151.19480225781
i:200	95054.99956668139
i:250	94246.52072120248
i:300	93546.81683672991
i:350	93505.9476042494
i:400	93282.72111674378
i:450	93131.31837952186
i:500	93101.48784988519
i:550	92750.21842151166
i:600	92750.21842151166
i:650	92588.4909534958
best: 92282.21750806109
routes: [0, 91, 92, 93, 94, 95, 96, 99, 100, 97, 98, 66, 67, 68, 65, 64, 62, 61, 63, 69, 70, 0, 54, 57, 55, 52, 51, 53, 56, 59, 60, 58, 76, 74, 72, 71, 73, 75, 78, 77, 79, 80, 0, 5, 3, 4, 6, 1, 2, 8, 7, 10, 9, 90, 84, 83, 86, 89, 85, 82, 81, 87, 88, 41, 42, 43, 45, 44, 46, 49, 50, 47, 48, 11, 13, 12, 14, 15, 18, 17, 19, 20, 16, 0, 21, 22, 23, 24, 26, 25, 29, 27, 28, 30, 35, 36, 37, 40, 39, 38, 31, 34, 33, 32, 0]
Elapsed time: 350.25079107284546

-a=5, -g=1.2423634e-05, -f=50, -dlt=0.3956859124792994, -ca=2
i:0	147144.14872991596
i:50	118637.37092006815
i:100	112310.39717493438
i:150	106280.252016737
i:200	106280.252016737
i:250	106280.252016737
i:300	106280.252016737
i:350	106280.252016737
i:400	106280.252016737
i:450	106280.252016737
i:500	106280.252016737
i:550	106280.252016737
i:600	106280.252016737
i:650	106280.252016737
best: 106280.252016737
routes: [0, 51, 52, 53, 54, 55, 57, 58, 59, 60, 56, 79, 77, 78, 76, 74, 71, 72, 73, 75, 80, 0, 3, 6, 7, 9, 2, 8, 1, 4, 5, 10, 90, 86, 84, 81, 82, 83, 85, 89, 87, 88, 44, 41, 49, 50, 48, 47, 45, 46, 43, 42, 0, 33, 32, 34, 31, 38, 39, 40, 35, 37, 36, 21, 23, 24, 25, 26, 22, 27, 29, 30, 28, 15, 14, 12, 17, 18, 19, 20, 16, 13, 11, 0, 92, 95, 94, 93, 91, 99, 100, 97, 98, 96, 61, 65, 66, 70, 69, 67, 68, 63, 64, 62, 0]
Elapsed time: 441.67448234558105

-a=5, -g=1.2423634e-05, -f=50, -dlt=0.951399814711246, -ca=2
i:0	146620.1981261292
i:50	116886.81656234615
i:100	109056.79621797764
i:150	108923.30757804876
i:200	108923.30757804876
i:250	108923.30757804876
i:300	108923.30757804876
i:350	108923.30757804876
i:400	108923.30757804876
i:450	108923.30757804876
i:500	108923.30757804876
i:550	108923.30757804876
i:600	108923.30757804876
i:650	108923.30757804876
best: 108923.30757804876
routes: [0, 90, 83, 82, 81, 85, 84, 86, 87, 88, 89, 41, 45, 44, 48, 49, 47, 46, 50, 43, 42, 0, 31, 33, 34, 39, 32, 37, 36, 35, 40, 38, 21, 22, 25, 29, 27, 23, 28, 30, 24, 26, 20, 11, 18, 13, 19, 15, 17, 14, 12, 16, 0, 3, 5, 6, 4, 8, 7, 9, 10, 2, 1, 71, 72, 73, 75, 78, 76, 74, 77, 79, 80, 56, 54, 55, 57, 59, 60, 58, 53, 51, 52, 0, 93, 92, 91, 98, 94, 96, 97, 95, 99, 100, 69, 70, 68, 67, 62, 61, 63, 64, 65, 66, 0]
Elapsed time: 467.22859811782837

-a=5, -g=1.2423634e-05, -f=50, -dlt=0.23337268232285288, -ca=1
i:0	152791.0465224993
i:50	101257.79522464577
i:100	99181.76901611166
i:150	98583.16575701404
i:200	98274.06766446988
i:250	97256.59105558136
i:300	97156.28241423107
i:350	96754.9818799453
i:400	96676.43116448761
i:450	96501.996819534
i:500	96466.1735801037
i:550	96206.69101284092
i:600	95755.93617732637
i:650	95607.26405766488
best: 95394.68607792228
routes: [0, 89, 90, 84, 85, 86, 81, 82, 83, 87, 88, 41, 43, 47, 45, 42, 44, 46, 49, 50, 48, 0, 96, 99, 98, 97, 100, 93, 95, 94, 91, 92, 61, 62, 63, 66, 69, 70, 67, 68, 65, 64, 0, 76, 74, 71, 72, 73, 75, 78, 77, 79, 80, 58, 60, 59, 57, 54, 55, 56, 53, 51, 52, 0, 31, 39, 40, 35, 36, 37, 38, 34, 33, 32, 24, 21, 23, 22, 25, 27, 29, 30, 28, 26, 16, 14, 17, 19, 20, 18, 15, 13, 11, 12, 5, 10, 9, 7, 8, 2, 1, 3, 6, 4, 0]
Elapsed time: 363.94326639175415

-a=5, -g=1.2423634e-05, -f=50, -dlt=0.29275319023723695, -ca=1
i:0	145763.90523701964
i:50	95805.28585038957
i:100	94947.60064377448
i:150	94282.82456299025
