-a=5, -g=1.2423634e-05, -f=50, -dlt=0.5123587007790227, -ca=2
i:0	135501.84781145238
i:50	112181.20033627764
i:100	107367.1225423141
i:150	107126.71394129298
i:200	107126.71394129298
i:250	107126.71394129298
i:300	103581.79565114922
i:350	103581.79565114922
i:400	103581.79565114922
i:450	103581.79565114922
i:500	103581.79565114922
i:550	103581.79565114922
i:600	103581.79565114922
i:650	103581.79565114922
best: 103581.79565114922
routes: [0, 31, 39, 38, 35, 36, 40, 37, 32, 33, 34, 24, 23, 21, 22, 26, 27, 29, 25, 30, 28, 0, 51, 52, 53, 56, 54, 55, 57, 59, 60, 58, 77, 79, 80, 76, 74, 71, 72, 73, 75, 78, 84, 82, 83, 88, 87, 81, 85, 86, 89, 90, 0, 1, 5, 3, 8, 2, 4, 9, 7, 10, 6, 42, 41, 43, 45, 44, 46, 49, 50, 47, 48, 20, 11, 19, 18, 12, 15, 17, 14, 13, 16, 0, 97, 95, 94, 93, 92, 91, 99, 98, 100, 96, 69, 68, 66, 70, 67, 65, 64, 61, 63, 62, 0]
Elapsed time: 445.0729720592499

-a=5, -g=1.2423634e-05, -f=50, -dlt=0.5699194910673051, -ca=1
i:0	148286.31085273557
i:50	110749.31305078251
i:100	106826.7831096796
i:150	97330.15765534382
i:200	96328.23610985087
i:250	95503.92453110528
i:300	95405.52600319035
i:350	95027.9390071878
i:400	94959.99282811584
i:450	94308.46562744198
i:500	93738.07041731683
i:550	93545.08189198576
i:600	93539.08753016329
i:650	93393.81392173265
best: 93351.14226026088
routes: [0, 96, 100, 99, 97, 98, 95, 94, 93, 91, 92, 65, 64, 62, 61, 63, 68, 66, 67, 69, 70, 0, 54, 55, 56, 53, 52, 51, 57, 59, 60, 58, 76, 74, 72, 71, 73, 75, 78, 77, 79, 80, 0, 4, 1, 3, 2, 10, 6, 5, 7, 8, 9, 90, 84, 86, 85, 87, 81, 82, 83, 89, 88, 41, 44, 46, 49, 50, 48, 47, 45, 43, 42, 0, 31, 39, 38, 37, 40, 35, 36, 34, 33, 32, 28, 30, 29, 27, 25, 26, 24, 21, 23, 22, 13, 11, 12, 14, 15, 17, 19, 20, 18, 16, 0]
Elapsed time: 363.45939469337463

-a=5, -g=1.2423634e-05, -f=50, -dlt=0.9467564700975473, -ca=1
i:0	148445.89924560778
i:50	111463.03412212871
i:100	111463.03412212871
i:150	108449.8430291702
i:200	104695.16615270547
i:250	97005.66130325451
i:300	94552.3637808211
i:350	94301.03136778978
i:400	93741.18656905889
i:450	93670.44492508302
i:500	93439.39371574024
i:550	92584.74810842877
i:600	92094.70242713531
i:650	92080.869665678
best: 91677.27787689808
routes: [0, 92, 91, 93, 96, 99, 100, 97, 98, 95, 94, 61, 63, 65, 68, 67, 69, 70, 66, 64, 62, 1, 3, 2, 8, 7, 9, 10, 6, 5, 4, 0, 52, 51, 53, 56, 55, 54, 57, 59, 60, 58, 76, 79, 77, 74, 71, 72, 73, 75, 78, 80, 0, 90, 86, 89, 84, 82, 81, 83, 85, 87, 88, 41, 42, 43, 45, 44, 46, 49, 50, 47, 48, 11, 12, 14, 15, 17, 19, 20, 18, 13, 16, 0, 21, 22, 23, 24, 26, 25, 29, 27, 28, 30, 35, 36, 37, 40, 39, 38, 31, 34, 33, 32, 0]
Elapsed time: 369.12038230895996

-a=5, -g=1.2423634e-05, -f=50, -dlt=0.5870182416785279, -ca=2
i:0	151637.32376998308
i:50	114362.07371885024
i:100	106927.28365238996
i:150	106927.28365238996
i:200	106927.28365238996
i:250	106927.28365238996
i:300	106927.28365238996
i:350	106927.28365238996
i:400	106927.28365238996
i:450	106927.28365238996
i:500	106927.28365238996
i:550	106927.28365238996
i:600	106927.28365238996
i:650	106927.28365238996
best: 106927.28365238996
routes: [0, 91, 92, 93, 97, 95, 94, 99, 98, 96, 100, 69, 70, 66, 67, 68, 65, 64, 63, 61, 62, 78, 73, 72, 71, 77, 74, 76, 75, 79, 80, 0, 31, 39, 34, 38, 35, 37, 36, 40, 33, 32, 24, 25, 27, 29, 28, 30, 21, 22, 26, 23, 0, 10, 4, 6, 5, 8, 7, 3, 2, 1, 9, 86, 83, 85, 89, 90, 84, 81, 82, 87, 88, 54, 55, 56, 57, 59, 60, 58, 53, 51, 52, 0, 45, 50, 46, 44, 41, 43, 49, 47, 48, 42, 11, 13, 15, 17, 20, 16, 19, 18, 14, 12, 0]
Elapsed time: 475.36655354499817

-a=5, -g=1.2423634e-05, -f=50, -dlt=0.7644606600850863, -ca=1
i:0	145068.32485006907
i:50	107355.18789395661
i:100	106174.59809817601
i:150	98127.34663409856
i:200	97107.64296471339
i:250	95755.3041375358
i:300	94490.72284847996
i:350	93951.8886434959
i:400	93496.12191440756
i:450	93345.58905040042
i:500	93158.41354550957
i:550	92667.59924034895
i:600	92549.11693322529
i:650	92254.94055785611
best: 92213.40467954926
routes: [0, 96, 99, 100, 98, 97, 95, 94, 93, 91, 92, 62, 61, 63, 64, 65, 69, 70, 67, 68, 66, 0, 51, 52, 53, 56, 57, 55, 54, 58, 60, 59, 76, 77, 74, 71, 72, 73, 75, 78, 79, 80, 0, 31, 34, 33, 32, 39, 38, 37, 40, 35, 36, 30, 28, 27, 29, 25, 26, 24, 21, 23, 22, 16, 15, 18, 20, 19, 17, 14, 13, 11, 12, 0, 89, 90, 86, 84, 83, 85, 82, 81, 87, 88, 41, 42, 45, 47, 44, 46, 49, 50, 48, 43, 9, 10, 5, 6, 7, 8, 2, 1, 3, 4, 0]
Elapsed time: 351.0808937549591

-a=5, -g=1.2423634e-05, -f=50, -dlt=0.9133174903602428, -ca=1
i:0	150593.23903385436
i:50	113623.55697691577
i:100	106669.17223681336
i:150	105028.54631962086
i:200	104781.9694526922
i:250	103431.94779141928
i:300	103431.94779141928
i:350	103431.94779141928
i:400	103431.94779141928
i:450	97011.19076042411
i:500	93669.28625843156
i:550	92417.08434771086
i:600	91487.03974962642
i:650	91367.87416776086
best: 91219.44965401504
routes: [0, 51, 52, 53, 56, 54, 55, 57, 59, 60, 58, 76, 79, 77, 74, 71, 72, 73, 75, 78, 80, 0, 31, 34, 33, 38, 39, 40, 36, 35, 37, 32, 30, 28, 27, 29, 25, 26, 24, 21, 23, 22, 16, 15, 14, 17, 19, 20, 18, 13, 11, 12, 0, 4, 1, 2, 3, 5, 6, 7, 8, 9, 10, 43, 45, 44, 46, 49, 50, 48, 47, 42, 41, 88, 85, 87, 81, 82, 83, 84, 86, 89, 90, 0, 93, 95, 96, 99, 100, 97, 98, 94, 91, 92, 61, 65, 68, 67, 69, 70, 66, 64, 63, 62, 0]
Elapsed time: 383.183301448822

-a=5, -g=1.2423634e-05, -f=50, -dlt=0.6191412091123782, -ca=1
i:0	154177.2114413785
i:50	106356.4523214417
i:100	105474.61539453083
i:150	104489.48206862035
i:200	99725.39561657232
i:250	98418.25076707214
i:300	96413.84388490702
i:350	95148.59332245289
i:400	93925.57242479596
i:450	93527.57132388456
i:500	93465.81943172854
i:550	93429.87843741091
i:600	93109.76361525236
i:650	92961.36718757804
best: 92940.29550322329
routes: [0, 43, 42, 45, 47, 49, 50, 48, 46, 44, 41, 87, 88, 85, 82, 81, 83, 84, 86, 89, 90, 9, 7, 8, 2, 1, 3, 6, 10, 5, 4, 0, 79, 80, 76, 71, 72, 73, 75, 78, 77, 74, 59, 60, 58, 57, 54, 55, 56, 51, 53, 52, 0, 94, 92, 91, 93, 95, 96, 99, 100, 97, 98, 69, 70, 67, 68, 64, 62, 61, 63, 65, 66, 31, 34, 33, 38, 39, 40, 35, 36, 37, 32, 0, 21, 25, 27, 29, 30, 28, 26, 24, 23, 22, 20, 18, 19, 17, 15, 14, 12, 11, 13, 16, 0]
Elapsed time: 360.85833501815796

-a=5, -g=1.2423634e-05, -f=50, -dlt=0.19272106842681463, -ca=2
i:0	148304.63178734566
i:50	113978.59817138317
i:100	108431.23082947708
i:150	105472.8752422092
i:200	103959.98114142382
i:250	101994.50910669092
i:300	101994.50910669092
i:350	101994.50910669092
i:400	100962.77225881054
i:450	100962.77225881054
i:500	100962.77225881054
i:550	100891.90668776784
i:600	100891.90668776784
i:650	100891.90668776784
best: 100543.79108299171
routes: [0, 21, 28, 24, 26, 22, 25, 27, 30, 29, 23, 43, 47, 45, 42, 41, 44, 46, 49, 50, 48, 11, 13, 15, 17, 19, 18, 20, 14, 12, 16, 0, 100, 99, 95, 94, 92, 91, 93, 96, 97, 98, 69, 70, 66, 67, 68, 65, 64, 62, 61, 63, 79, 77, 71, 74, 72, 73, 75, 78, 80, 76, 0, 51, 53, 52, 55, 56, 57, 59, 60, 58, 54, 84, 87, 88, 86, 81, 82, 83, 85, 89, 90, 9, 7, 8, 3, 4, 1, 2, 6, 10, 5, 0, 31, 33, 34, 39, 38, 37, 40, 35, 36, 32, 0]
Elapsed time: 441.7958025932312

-a=5, -g=1.2423634e-05, -f=50, -dlt=0.5425567563904137, -ca=2
i:0	149942.5184351069
i:50	113687.52380406535
i:100	112578.5239614904
i:150	109772.81553349068
i:200	109575.23072078187
i:250	109575.23072078187
i:300	109575.23072078187
i:350	108577.78274070605
i:400	108577.78274070605
i:450	108577.78274070605
i:500	108577.78274070605
i:550	108577.78274070605
i:600	108577.78274070605
i:650	108577.78274070605
best: 108577.78274070605
routes: [0, 1, 2, 4, 3, 10, 7, 9, 8, 6, 5, 79, 74, 71, 72, 73, 75, 78, 77, 80, 76, 56, 54, 55, 57, 59, 60, 58, 53, 52, 51, 0, 100, 97, 94, 96, 99, 95, 98, 91, 93, 92, 61, 62, 65, 64, 63, 68, 66, 67, 69, 70, 0, 11, 13, 14, 15, 12, 17, 20, 18, 16, 19, 42, 43, 46, 47, 49, 50, 48, 41, 44, 45, 87, 81, 88, 82, 85, 89, 90, 86, 83, 84, 0, 21, 24, 26, 25, 23, 27, 29, 28, 30, 22, 31, 37, 38, 39, 34, 33, 32, 40, 35, 36, 0]
Elapsed time: 471.0090901851654

-a=5, -g=1.2423634e-05, -f=50, -dlt=0.6772184184249469, -ca=1
i:0	153576.96178540232
i:50	108903.79320181398
i:100	97327.95436339421
i:150	97181.57054168811
i:200	96453.50030384847
i:250	96436.12391543656
i:300	96418.68801492488
i:350	95282.5002375781
i:400	94677.74478911069
i:450	94484.45061080142
i:500	94369.63755475207
i:550	94291.95482455312
i:600	94184.93620919167
i:650	94173.67219338793
best: 94173.67219338793
routes: [0, 91, 94, 95, 98, 97, 99, 100, 96, 93, 92, 61, 62, 65, 64, 63, 68, 66, 67, 69, 70, 0, 54, 56, 53, 51, 52, 55, 57, 59, 60, 58, 76, 80, 79, 77, 74, 71, 72, 73, 75, 78, 0, 4, 5, 10, 2, 1, 3, 8, 6, 7, 9, 90, 86, 89, 84, 83, 82, 81, 85, 87, 88, 41, 44, 42, 43, 45, 47, 46, 49, 50, 48, 0, 13, 11, 12, 14, 15, 17, 19, 20, 18, 16, 22, 21, 23, 25, 27, 29, 30, 28, 26, 24, 32, 37, 36, 35, 40, 39, 38, 31, 33, 34, 0]
Elapsed time: 346.23492765426636

-a=5, -g=1.2423634e-05, -f=50, -dlt=0.4998195308431759, -ca=1
i:0	151686.76054824435
i:50	102452.19287657394
i:100	97172.46539292402
i:150	96374.12234447365
i:200	95917.32600262087
i:250	95331.57223301708
i:300	94964.49847767687
i:350	94272.30157975666
i:400	93850.61670461093
i:450	93745.87821360613
i:500	93393.69175925945
i:550	93375.23241765804
i:600	93375.23241765804
i:650	93335.67342837322
best: 93335.67342837322
routes: [0, 90, 84, 86, 83, 82, 81, 87, 88, 85, 89, 41, 43, 42, 44, 46, 49, 50, 45, 47, 48, 0, 76, 74, 71, 72, 73, 75, 78, 77, 79, 80, 58, 60, 59, 57, 55, 56, 52, 53, 51, 54, 0, 100, 96, 99, 97, 98, 95, 94, 93, 91, 92, 62, 61, 63, 64, 65, 68, 66, 67, 69, 70, 31, 39, 40, 35, 36, 37, 38, 34, 33, 32, 0, 4, 3, 1, 2, 8, 7, 9, 10, 6, 5, 11, 13, 12, 14, 15, 18, 17, 19, 20, 16, 22, 25, 27, 29, 30, 28, 26, 23, 21, 24, 0]
Elapsed time: 350.8080863952637

-a=5, -g=1.2423634e-05, -f=50, -dlt=0.75941586480886, -ca=1
i:0	155567.82052506987
i:50	110139.38293602827
i:100	101222.47709405338
i:150	96394.41151609334
i:200	95483.48735166909
i:250	94275.27598071157
i:300	93849.99251937727
i:350	93125.52814772568
i:400	93091.21391176965
i:450	93013.52212867871
i:500	92765.6788315425
i:550	92624.42793616196
i:600	92312.22308973645
i:650	92302.11730008153
best: 92302.11730008153
routes: [0, 54, 55, 57, 59, 60, 56, 52, 51, 53, 58, 76, 71, 72, 73, 75, 78, 74, 77, 79, 80, 0, 4, 2, 5, 10, 6, 3, 1, 8, 7, 9, 43, 45, 44, 46, 49, 50, 48, 47, 42, 41, 86, 84, 83, 82, 81, 87, 88, 85, 89, 90, 0, 31, 39, 38, 37, 40, 35, 36, 34, 33, 32, 28, 30, 29, 27, 25, 26, 24, 21, 23, 22, 16, 15, 17, 19, 20, 18, 14, 13, 11, 12, 0, 96, 99, 100, 97, 98, 95, 94, 93, 91, 92, 61, 62, 63, 65, 64, 66, 67, 68, 69, 70, 0]
Elapsed time: 354.60087490081787

-a=5, -g=1.2423634e-05, -f=50, -dlt=0.6617451019196077, -ca=2
i:0	145556.22941942516
i:50	114132.1339341485
i:100	110828.9314736485
i:150	110387.5896594436
i:200	110387.5896594436
i:250	110387.5896594436
i:300	110387.5896594436
i:350	110387.5896594436
i:400	110387.5896594436
i:450	110387.5896594436
i:500	110387.5896594436
i:550	110370.62162014603
i:600	110370.62162014603
i:650	110370.62162014603
best: 110346.6522574487
routes: [0, 31, 33, 34, 38, 39, 37, 40, 35, 36, 32, 21, 27, 23, 26, 30, 29, 25, 28, 24, 22, 16, 12, 15, 19, 20, 13, 11, 14, 17, 18, 0, 76, 79, 80, 77, 75, 78, 74, 71, 73, 72, 51, 59, 57, 60, 58, 56, 55, 54, 53, 52, 0, 5, 6, 4, 3, 1, 2, 8, 7, 9, 10, 48, 47, 43, 41, 45, 42, 44, 46, 49, 50, 81, 83, 85, 82, 87, 88, 86, 89, 90, 84, 0, 93, 91, 92, 95, 94, 97, 99, 100, 98, 96, 63, 70, 69, 67, 68, 66, 65, 64, 61, 62, 0]
Elapsed time: 449.3036262989044

-a=5, -g=1.2423634e-05, -f=50, -dlt=0.5421016981855717, -ca=1
i:0	150851.36376228547
i:50	101773.03279173904
i:100	98188.3359357027
i:150	96767.37132266018
i:200	95517.449836838
i:250	95437.48991970478
i:300	95231.46617759297
i:350	95112.75211271697
i:400	95055.3617891906
i:450	95046.31241009619
i:500	94631.22261964317
i:550	94582.49734038857
i:600	94242.27020812637
i:650	94219.54731506208
best: 94196.666763532
routes: [0, 61, 63, 64, 62, 65, 68, 67, 69, 70, 66, 97, 98, 99, 100, 96, 95, 94, 93, 91, 92, 0, 32, 37, 36, 35, 40, 39, 38, 31, 34, 33, 21, 23, 25, 27, 29, 30, 28, 26, 24, 22, 18, 14, 12, 11, 13, 15, 17, 19, 20, 16, 0, 4, 5, 10, 8, 2, 1, 3, 6, 7, 9, 43, 44, 46, 49, 50, 48, 47, 45, 42, 41, 86, 84, 83, 82, 81, 87, 88, 85, 89, 90, 0, 76, 77, 74, 71, 72, 73, 75, 78, 80, 79, 58, 59, 60, 56, 52, 51, 53, 57, 55, 54, 0]
Elapsed time: 342.0947699546814

-a=5, -g=1.2423634e-05, -f=50, -dlt=0.7075038203759522, -ca=2
i:0	154256.97372572726
i:50	113675.87336140333
i:100	112980.9976252476
i:150	112980.9976252476
i:200	112673.22594682177
i:250	111848.80384182394
i:300	111848.80384182394
i:350	109820.55277500584
i:400	109820.55277500584
i:450	108999.56763024838
i:500	108999.56763024838
i:550	108999.56763024838
i:600	108999.56763024838
i:650	108171.97428355386
best: 108171.97428355386
routes: [0, 5, 4, 2, 8, 1, 3, 6, 7, 9, 10, 84, 83, 82, 87, 81, 85, 88, 86, 89, 90, 71, 72, 73, 75, 78, 80, 79, 77, 74, 76, 0, 91, 92, 93, 98, 97, 95, 94, 96, 99, 100, 31, 39, 38, 35, 40, 36, 37, 32, 34, 33, 21, 24, 22, 30, 28, 27, 25, 29, 23, 26, 0, 52, 51, 53, 56, 54, 55, 57, 59, 60, 58, 61, 68, 67, 69, 70, 66, 65, 64, 63, 62, 0, 11, 18, 15, 19, 12, 20, 16, 13, 17, 14, 48, 42, 50, 49, 47, 46, 45, 44, 41, 43, 0]
Elapsed time: 467.1707971096039

-a=5, -g=1.2423634e-05, -f=50, -dlt=0.8023066109425695, -ca=1
i:0	153417.25681172803
i:50	107126.30294397719
i:100	105413.23310763814
i:150	101114.6487030827
i:200	97460.62644089868
i:250	92989.92925383923
i:300	90831.05958676116
i:350	90394.6313380789
i:400	89695.46211571287
i:450	89674.64024240826
i:500	89308.5791390531
i:550	89200.27571780237
i:600	89181.87687553052
i:650	89072.34814182582
best: 88855.87365593894
routes: [0, 91, 92, 93, 95, 97, 98, 99, 100, 96, 94, 61, 62, 63, 64, 65, 69, 70, 67, 68, 66, 31, 34, 33, 38, 39, 40, 35, 36, 37, 32, 0, 43, 42, 41, 44, 46, 49, 50, 47, 45, 48, 12, 11, 13, 15, 14, 17, 19, 20, 18, 16, 29, 27, 30, 28, 26, 25, 22, 23, 21, 24, 0, 51, 52, 53, 56, 59, 60, 58, 57, 55, 54, 90, 86, 89, 85, 88, 87, 81, 82, 83, 84, 76, 77, 74, 71, 72, 73, 75, 78, 79, 80, 0, 1, 3, 2, 8, 7, 9, 10, 5, 6, 4, 0]
Elapsed time: 371.85603880882263

-a=5, -g=1.2423634e-05, -f=50, -dlt=0.7902643179724734, -ca=1
i:0	144779.08947362332
i:50	103481.88026269994
i:100	99000.50889166885
i:150	98153.45650273806
i:200	97836.75879494514
i:250	97735.92026109298
i:300	97706.64179483478
i:350	97616.92168569927
i:400	97594.39169840298
i:450	97312.64874088117
i:500	97303.88069608559
i:550	97177.22997310954
i:600	97124.43665739594
i:650	96998.96948445126
best: 96998.96948445126
routes: [0, 51, 52, 53, 56, 57, 55, 54, 59, 60, 58, 76, 77, 74, 71, 72, 73, 75, 78, 79, 80, 0, 100, 97, 98, 96, 95, 94, 92, 93, 91, 99, 69, 70, 66, 67, 64, 63, 62, 61, 65, 68, 0, 4, 1, 5, 3, 7, 10, 8, 2, 6, 9, 90, 89, 88, 87, 81, 82, 83, 85, 86, 84, 41, 42, 43, 48, 47, 45, 44, 46, 49, 50, 0, 13, 11, 12, 14, 17, 19, 20, 18, 15, 16, 22, 21, 23, 24, 26, 25, 27, 29, 30, 28, 32, 34, 33, 37, 36, 35, 40, 39, 38, 31, 0]
Elapsed time: 355.7560706138611

-a=5, -g=1.2423634e-05, -f=50, -dlt=0.14736896909621724, -ca=2
i:0	144084.59645022047
i:50	114591.98094371545
i:100	109455.84966879692
i:150	109157.12325867884
i:200	108344.71840013025
i:250	108344.71840013025
i:300	108344.71840013025
i:350	108344.71840013025
i:400	108344.71840013025
i:450	108344.71840013025
i:500	108112.31369592114
i:550	107206.09164843355
i:600	107206.09164843355
i:650	107206.09164843355
best: 106957.19955307634
routes: [0, 91, 92, 98, 93, 99, 97, 100, 95, 94, 96, 31, 33, 34, 38, 39, 40, 37, 35, 36, 32, 24, 22, 29, 23, 30, 28, 27, 25, 26, 21, 0, 43, 48, 44, 41, 42, 45, 47, 46, 49, 50, 16, 14, 13, 11, 12, 15, 17, 20, 19, 18, 0, 80, 79, 77, 74, 78, 75, 72, 71, 73, 76, 63, 64, 61, 62, 65, 66, 67, 68, 69, 70, 0, 52, 51, 53, 56, 59, 60, 58, 55, 57, 54, 84, 83, 85, 87, 88, 81, 82, 86, 89, 90, 5, 10, 7, 9, 8, 6, 2, 1, 3, 4, 0]
Elapsed time: 462.3531153202057

-a=5, -g=1.2423634e-05, -f=50, -dlt=0.8828788106486435, -ca=2
i:0	156994.78482449942
i:50	119325.99137275301
i:100	116744.68808188924
i:150	114177.99753816267
i:200	114177.99753816267
i:250	111368.07348624719
i:300	108382.696449998
i:350	108382.696449998
i:400	108382.696449998
i:450	108382.696449998
i:500	108382.696449998
i:550	108382.696449998
i:600	108382.696449998
i:650	108382.696449998
best: 108382.696449998
routes: [0, 91, 93, 99, 98, 100, 96, 95, 97, 94, 92, 67, 68, 64, 62, 61, 63, 65, 66, 69, 70, 31, 39, 37, 40, 38, 35, 36, 34, 33, 32, 0, 78, 71, 72, 73, 75, 74, 76, 77, 79, 80, 51, 53, 56, 55, 54, 57, 59, 60, 58, 52, 0, 5, 4, 6, 2, 9, 7, 10, 3, 1, 8, 86, 89, 90, 84, 83, 87, 81, 82, 85, 88, 47, 48, 45, 49, 50, 43, 41, 42, 46, 44, 0, 16, 15, 13, 17, 19, 20, 18, 14, 12, 11, 23, 29, 30, 28, 27, 26, 25, 22, 21, 24, 0]
Elapsed time: 462.177042722702

-a=5, -g=1.2423634e-05, -f=50, -dlt=0.693707683346534, -ca=1
i:0	144058.73977118597
i:50	107644.10031409304
i:100	96476.50403256505
i:150	95917.8822562003
i:200	95493.14393977233
i:250	94886.85929048808
i:300	94504.76366191683
i:350	94276.35532214961
i:400	93979.00381694877
i:450	93979.00381694877
i:500	93823.440293124
i:550	93652.10852880482
i:600	93485.30576823256
i:650	93320.71446593429
best: 93270.7305225996
routes: [0, 96, 99, 100, 97, 98, 95, 94, 93, 91, 92, 61, 62, 63, 65, 69, 70, 67, 68, 66, 64, 0, 76, 74, 71, 72, 73, 75, 78, 80, 77, 79, 58, 57, 59, 60, 52, 51, 53, 56, 55, 54, 0, 4, 3, 2, 1, 8, 6, 5, 10, 7, 9, 89, 90, 86, 84, 83, 85, 82, 81, 87, 88, 41, 44, 46, 49, 50, 47, 45, 42, 43, 48, 0, 31, 39, 40, 35, 36, 37, 38, 34, 33, 32, 24, 21, 23, 25, 27, 29, 30, 28, 26, 22, 16, 13, 15, 18, 20, 19, 17, 14, 11, 12, 0]
Elapsed time: 363.01452255249023

-a=5, -g=1.2423634e-05, -f=50, -dlt=0.9112930612281538, -ca=1
i:0	152251.3510252319
i:50	102959.50268235673
i:100	96595.01177213651
i:150	94192.79769250548
i:200	92510.2898798185
i:250	92069.72569038604
i:300	91497.68103492251
i:350	91122.69945706041
i:400	90744.74590015231
i:450	90691.19746371567
i:500	90199.00640311991
i:550	90199.00640311991
i:600	90126.59824809941
i:650	89814.3934016739
best: 89814.3934016739
routes: [0, 91, 92, 93, 96, 94, 95, 97, 99, 100, 98, 69, 70, 67, 68, 66, 65, 62, 61, 63, 64, 0, 43, 42, 45, 47, 49, 50, 48, 46, 44, 41, 88, 87, 81, 82, 83, 85, 86, 89, 90, 84, 8, 2, 1, 3, 6, 7, 9, 10, 5, 4, 0, 31, 39, 38, 37, 40, 35, 36, 34, 33, 32, 28, 30, 29, 27, 25, 26, 24, 21, 23, 22, 16, 13, 11, 12, 14, 15, 18, 17, 19, 20, 0, 76, 74, 71, 72, 73, 75, 78, 77, 79, 80, 58, 59, 60, 56, 57, 55, 54, 53, 51, 52, 0]
Elapsed time: 316.05423283576965

-a=5, -g=1.2423634e-05, -f=50, -dlt=0.45532748652797495, -ca=2
i:0	146771.48933087554
i:50	115342.12165806715
i:100	115342.12165806715
i:150	114497.39465069417
i:200	113445.26145676871
i:250	108619.23557704226
i:300	108619.23557704226
i:350	108134.88759028923
i:400	108134.88759028923
i:450	108134.88759028923
i:500	108134.88759028923
i:550	108134.88759028923
i:600	107892.70123677817
i:650	107892.70123677817
best: 107492.13402447673
routes: [0, 91, 93, 97, 99, 98, 100, 95, 94, 92, 96, 61, 65, 62, 63, 68, 67, 69, 70, 66, 64, 0, 90, 83, 88, 81, 87, 85, 82, 86, 89, 84, 41, 43, 47, 49, 50, 48, 45, 44, 46, 42, 12, 17, 15, 14, 18, 13, 11, 19, 20, 16, 0, 80, 78, 71, 72, 73, 75, 77, 79, 74, 76, 58, 56, 54, 55, 57, 59, 60, 53, 51, 52, 9, 10, 4, 5, 6, 7, 8, 3, 2, 1, 0, 31, 38, 39, 37, 40, 36, 35, 32, 33, 34, 21, 23, 22, 29, 25, 28, 26, 30, 27, 24, 0]
Elapsed time: 450.1271941661835

-a=5, -g=1.2423634e-05, -f=50, -dlt=0.11241768722673594, -ca=1
i:0	150044.08443331177
i:50	99736.47643900615
i:100	95184.41962185371
i:150	93376.46013618505
i:200	93041.59486594975
i:250	92667.31213665936
i:300	92208.4859287578
i:350	91674.91265274648
i:400	90759.8916787474
i:450	90645.60290501826
i:500	90292.74469222997
i:550	90292.74469222997
i:600	90292.74469222997
i:650	90094.55769187483
best: 90073.79335183422
routes: [0, 31, 34, 33, 38, 39, 40, 36, 35, 37, 32, 28, 30, 29, 27, 25, 26, 24, 21, 23, 22, 13, 11, 12, 14, 15, 18, 17, 19, 20, 16, 0, 61, 62, 63, 64, 65, 68, 66, 67, 70, 69, 98, 96, 99, 100, 97, 95, 94, 93, 91, 92, 0, 76, 74, 71, 72, 73, 75, 78, 77, 80, 79, 58, 60, 59, 57, 54, 55, 56, 53, 51, 52, 0, 43, 48, 47, 49, 50, 46, 44, 45, 42, 41, 88, 87, 81, 82, 83, 85, 89, 90, 86, 84, 8, 2, 1, 3, 7, 9, 10, 5, 6, 4, 0]
Elapsed time: 326.3881301879883

-a=5, -g=1.2423634e-05, -f=50, -dlt=0.819117911818912, -ca=2
i:0	157230.97557914918
i:50	122493.7931311645
i:100	117847.62145094
i:150	116400.80288756805
i:200	114201.46950391249
i:250	104538.60510159165
i:300	103934.82985681476
i:350	103934.82985681476
i:400	103934.82985681476
i:450	103934.82985681476
i:500	103934.82985681476
i:550	103934.82985681476
i:600	103934.82985681476
i:650	103934.82985681476
best: 103934.82985681476
routes: [0, 92, 91, 93, 95, 94, 96, 99, 100, 97, 98, 61, 62, 63, 65, 69, 70, 66, 67, 68, 64, 31, 38, 40, 36, 35, 37, 39, 34, 33, 32, 0, 4, 1, 3, 10, 7, 8, 2, 5, 6, 9, 89, 88, 85, 86, 83, 82, 81, 87, 90, 84, 41, 42, 43, 45, 49, 50, 48, 47, 44, 46, 0, 11, 14, 15, 19, 20, 13, 16, 12, 17, 18, 29, 21, 23, 30, 28, 27, 25, 26, 22, 24, 0, 76, 74, 71, 72, 73, 75, 77, 79, 80, 78, 51, 52, 53, 58, 57, 59, 60, 56, 55, 54, 0]
Elapsed time: 452.6146881580353

-a=5, -g=1.2423634e-05, -f=50, -dlt=0.8437853469902475, -ca=1
i:0	144280.0378805486
i:50	109768.06961497014
i:100	105987.83144942396
i:150	101692.46944365343
i:200	101180.66009744002
i:250	99280.12928354734
i:300	96798.42890124548
i:350	95056.47352605735
i:400	93202.4183048786
i:450	92876.92746336228
i:500	92837.60314598531
i:550	92771.4884836564
i:600	92346.99371202601
i:650	91775.53678406824
best: 91615.04984288797
routes: [0, 4, 5, 6, 3, 1, 2, 8, 7, 9, 10, 43, 42, 41, 44, 45, 48, 47, 46, 49, 50, 12, 11, 13, 14, 15, 18, 17, 19, 20, 16, 0, 31, 40, 36, 35, 37, 39, 38, 33, 34, 32, 24, 23, 21, 22, 25, 28, 30, 29, 27, 26, 0, 90, 83, 82, 81, 87, 88, 86, 89, 85, 84, 54, 52, 51, 53, 56, 55, 57, 59, 60, 58, 76, 77, 74, 71, 72, 73, 75, 78, 79, 80, 0, 91, 92, 93, 94, 95, 97, 98, 96, 99, 100, 70, 69, 67, 68, 66, 65, 64, 63, 61, 62, 0]
Elapsed time: 369.4052429199219

-a=5, -g=1.2423634e-05, -f=50, -dlt=0.42557601636428266, -ca=2
i:0	144352.75375160098
i:50	111029.24013381018
i:100	109614.70797547726
i:150	109614.70797547726
i:200	107817.85164456844
i:250	105687.18553571367
i:300	105687.18553571367
i:350	105687.18553571367
i:400	105687.18553571367
i:450	105687.18553571367
i:500	105687.18553571367
i:550	104268.8203329474
i:600	104268.8203329474
i:650	104268.8203329474
best: 102196.02128283499
routes: [0, 99, 100, 97, 98, 95, 94, 96, 93, 91, 92, 69, 70, 66, 67, 68, 65, 64, 63, 61, 62, 1, 8, 7, 9, 10, 6, 2, 5, 4, 3, 0, 11, 14, 12, 17, 19, 20, 16, 15, 18, 13, 47, 45, 44, 46, 49, 50, 48, 43, 42, 41, 88, 87, 85, 89, 90, 86, 82, 81, 83, 84, 0, 56, 53, 52, 51, 57, 55, 54, 59, 58, 60, 76, 77, 80, 79, 74, 71, 72, 73, 75, 78, 0, 31, 39, 34, 33, 32, 37, 36, 35, 40, 38, 28, 30, 26, 27, 21, 23, 25, 29, 24, 22, 0]
Elapsed time: 470.16719603538513

-a=5, -g=1.2423634e-05, -f=50, -dlt=0.8720524126371763, -ca=2
i:0	156063.79210601392
i:50	116051.69011629083
i:100	111669.93297835454
i:150	111669.93297835454
i:200	111669.93297835454
