i:0	154856.68146743032
i:50	117173.04658312332
i:100	116214.33138555697
i:150	114621.85005023255
i:200	112839.87234668728
i:250	111585.67404626872
i:300	109020.93721930083
i:350	108232.2187094983
i:400	106738.59604378976
i:450	106099.22481881383
i:500	105970.552165359
i:550	105443.38822833037
i:600	105156.44321090294
i:650	105156.44321090294
best: 105156.44321090294
routes: [0, 51, 52, 53, 56, 54, 55, 57, 59, 60, 58, 79, 77, 74, 71, 72, 73, 75, 78, 80, 76, 0, 43, 41, 44, 46, 49, 50, 48, 47, 45, 42, 0, 13, 11, 12, 14, 15, 18, 17, 19, 20, 16, 0, 21, 23, 22, 25, 27, 29, 30, 28, 26, 24, 0, 92, 91, 93, 94, 95, 98, 97, 99, 100, 96, 31, 34, 33, 39, 40, 35, 36, 37, 38, 32, 0, 61, 62, 63, 64, 65, 68, 67, 66, 69, 70, 0, 89, 90, 84, 83, 82, 81, 87, 88, 85, 86, 0, 3, 1, 2, 8, 7, 9, 10, 5, 6, 4, 0]
Elapsed time: 308.1973376274109

i:0	159240.4220679017
i:50	116308.71499552649
i:100	113203.73446041916
i:150	112613.25381124526
i:200	112537.72688713841
i:250	111790.25730478793
i:300	111035.82485574791
i:350	110258.34593322946
i:400	110124.03911960602
i:450	109675.92914694065
i:500	109605.94260545753
i:550	109298.19133613144
i:600	108965.96666075752
i:650	108965.96666075752
best: 108942.28502243823
routes: [0, 90, 89, 88, 87, 81, 82, 83, 85, 84, 86, 0, 96, 94, 92, 91, 93, 95, 97, 98, 99, 100, 31, 33, 34, 39, 38, 36, 35, 40, 37, 32, 0, 1, 2, 3, 6, 10, 9, 7, 8, 5, 4, 0, 61, 62, 63, 64, 65, 68, 67, 66, 69, 70, 0, 13, 15, 18, 20, 19, 17, 14, 11, 12, 16, 0, 21, 24, 26, 25, 27, 29, 30, 28, 23, 22, 0, 43, 45, 42, 41, 44, 46, 49, 47, 50, 48, 0, 80, 79, 77, 78, 75, 73, 72, 71, 74, 76, 58, 56, 54, 55, 57, 59, 60, 53, 51, 52, 0]
Elapsed time: 327.13680028915405

i:0	153318.9426764426
i:50	120332.76144251911
i:100	117937.22098372782
i:150	117525.76959233044
i:200	115154.58011342019
i:250	114071.51053336392
i:300	111545.40201371271
i:350	110093.08812013848
i:400	109540.06999203941
i:450	108108.52074534912
i:500	108026.80656555554
i:550	108026.80656555554
i:600	107470.21630328769
i:650	107470.21630328769
best: 107330.89529733107
routes: [0, 21, 22, 25, 27, 29, 30, 28, 26, 23, 24, 0, 33, 39, 38, 40, 35, 36, 37, 32, 34, 31, 100, 99, 97, 98, 96, 95, 94, 93, 91, 92, 0, 43, 45, 42, 41, 44, 46, 49, 50, 47, 48, 0, 13, 11, 12, 14, 17, 19, 20, 18, 15, 16, 0, 61, 62, 63, 64, 65, 68, 67, 66, 69, 70, 0, 90, 89, 88, 87, 81, 82, 83, 85, 86, 84, 0, 4, 1, 3, 6, 5, 10, 9, 7, 8, 2, 0, 79, 74, 71, 72, 73, 75, 78, 80, 77, 76, 59, 60, 58, 56, 52, 51, 53, 57, 55, 54, 0]
Elapsed time: 311.5266942977905

i:0	151966.92047742513
i:50	120347.24060275487
i:100	117819.24485878415
i:150	116247.89291827334
i:200	114082.0211915264
i:250	113774.91299887607
i:300	112995.03424155412
i:350	112749.67678319284
i:400	112045.55491194519
i:450	111115.43510808957
i:500	109797.31237477851
i:550	106731.95630987486
i:600	105809.59372903415
i:650	105334.92428716393
best: 105323.42604475815
routes: [0, 43, 41, 44, 46, 49, 50, 48, 47, 45, 42, 0, 5, 6, 10, 9, 7, 8, 2, 1, 3, 4, 0, 51, 52, 53, 56, 55, 54, 57, 59, 60, 58, 80, 78, 75, 73, 72, 71, 74, 79, 77, 76, 0, 13, 11, 12, 14, 15, 17, 19, 20, 18, 16, 0, 61, 62, 63, 64, 65, 68, 66, 67, 69, 70, 0, 90, 89, 88, 87, 81, 82, 83, 85, 86, 84, 0, 21, 24, 23, 25, 27, 29, 30, 28, 26, 22, 0, 91, 92, 93, 95, 94, 96, 97, 98, 99, 100, 31, 33, 32, 37, 36, 35, 40, 39, 38, 34, 0]
Elapsed time: 321.2045066356659

i:0	157646.81590421838
i:50	117838.45113023756
i:100	115069.84882981644
i:150	112435.78891631348
i:200	112203.30777246592
i:250	110042.72127926363
i:300	108956.39203079714
i:350	108798.7080976038
i:400	108798.7080976038
i:450	108638.66481091645
i:500	108504.14685861534
i:550	108385.77384383843
i:600	108069.16357091477
i:650	107503.83207937484
best: 107204.73013298851
routes: [0, 11, 12, 14, 13, 18, 15, 17, 19, 20, 16, 0, 1, 3, 2, 8, 7, 9, 10, 6, 5, 4, 0, 21, 23, 25, 27, 29, 30, 28, 26, 22, 24, 0, 61, 69, 70, 66, 67, 68, 65, 64, 63, 62, 0, 51, 52, 53, 56, 55, 54, 57, 59, 60, 58, 79, 77, 76, 74, 71, 72, 73, 75, 78, 80, 0, 43, 42, 41, 44, 45, 47, 46, 49, 50, 48, 0, 84, 86, 85, 83, 82, 81, 87, 88, 89, 90, 0, 32, 37, 36, 35, 40, 39, 38, 33, 34, 31, 100, 97, 96, 99, 98, 95, 94, 93, 91, 92, 0]
Elapsed time: 319.6613528728485

i:0	141455.23702371502
i:50	119681.94942339767
i:100	115725.10834561437
i:150	113354.03961550366
i:200	110523.19021442991
i:250	110513.01715267639
i:300	110433.31722594272
i:350	109715.137779924
i:400	109476.27368083915
i:450	109113.54781788847
i:500	109113.54781788845
i:550	109113.54781788845
i:600	109113.54781788845
i:650	108786.48532773452
best: 108786.48532773452
routes: [0, 43, 42, 41, 44, 45, 47, 48, 46, 49, 50, 0, 84, 83, 82, 81, 87, 88, 85, 86, 89, 90, 0, 61, 63, 64, 66, 69, 70, 67, 68, 65, 62, 0, 76, 77, 74, 71, 72, 73, 75, 78, 80, 79, 58, 60, 59, 57, 56, 53, 51, 52, 55, 54, 0, 3, 6, 5, 10, 9, 7, 8, 2, 1, 4, 0, 13, 16, 15, 18, 20, 19, 17, 14, 11, 12, 0, 21, 25, 27, 29, 30, 28, 26, 24, 23, 22, 0, 91, 92, 93, 94, 96, 95, 98, 97, 99, 100, 31, 39, 40, 35, 36, 37, 38, 34, 33, 32, 0]
Elapsed time: 311.1070747375488

i:0	153419.24112612172
i:50	120467.43536498967
i:100	115914.01427406927
i:150	112533.57542783536
i:200	111069.42547401332
i:250	110524.26233388342
i:300	107811.06595542701
i:350	107391.08153637468
i:400	107337.9884340096
i:450	106855.84352360116
i:500	106855.84352360116
i:550	106341.67547618791
i:600	105805.0498241884
i:650	105462.90436480974
best: 105445.92086168028
routes: [0, 51, 53, 52, 54, 55, 56, 57, 59, 60, 58, 76, 77, 74, 71, 72, 73, 75, 78, 79, 80, 0, 91, 92, 93, 94, 95, 96, 97, 98, 99, 100, 31, 39, 38, 37, 40, 35, 36, 32, 33, 34, 0, 43, 42, 41, 44, 45, 47, 48, 46, 49, 50, 0, 6, 5, 10, 9, 7, 8, 2, 1, 3, 4, 0, 69, 70, 66, 67, 68, 65, 64, 63, 61, 62, 0, 90, 86, 89, 88, 87, 81, 82, 83, 85, 84, 0, 11, 13, 16, 15, 18, 20, 19, 17, 14, 12, 0, 21, 22, 25, 27, 29, 30, 28, 26, 23, 24, 0]
Elapsed time: 304.89633679389954

i:0	153771.02801856748
i:50	119499.10195157756
i:100	114662.04229295731
i:150	111484.25773769068
i:200	110523.1855985817
i:250	110196.12334562103
i:300	109614.26167519782
i:350	108905.66380995978
i:400	108895.83778627044
i:450	108895.83778627044
i:500	108481.8368247
i:550	107958.76174912156
i:600	107958.76174912156
i:650	107958.76174912155
best: 107496.73334370984
routes: [0, 51, 52, 53, 56, 54, 55, 57, 59, 60, 58, 79, 74, 71, 72, 73, 75, 78, 77, 76, 80, 0, 11, 13, 18, 16, 15, 20, 19, 17, 14, 12, 0, 41, 44, 46, 49, 50, 48, 47, 45, 43, 42, 0, 21, 23, 22, 26, 25, 27, 29, 30, 28, 24, 0, 84, 85, 83, 82, 81, 87, 88, 86, 89, 90, 0, 5, 6, 7, 9, 10, 8, 2, 1, 3, 4, 0, 61, 62, 63, 64, 65, 68, 67, 69, 70, 66, 0, 91, 92, 93, 94, 95, 96, 97, 98, 99, 100, 31, 38, 39, 40, 36, 35, 37, 32, 33, 34, 0]
Elapsed time: 322.39565348625183

i:0	156690.45224790016
i:50	121348.89527143673
i:100	117991.1650008765
i:150	112684.584674152
i:200	112111.19619093747
i:250	111047.13476562357
i:300	110528.27723016698
i:350	110084.83122128615
i:400	110084.83122128615
i:450	109922.50249741689
i:500	109463.38742151606
i:550	109463.38742151605
i:600	109122.73685985482
i:650	109015.28378887939
best: 107592.99126735705
routes: [0, 1, 3, 2, 8, 7, 9, 10, 6, 5, 4, 0, 13, 11, 12, 14, 15, 17, 19, 20, 18, 16, 0, 21, 27, 29, 30, 28, 26, 25, 22, 23, 24, 0, 54, 55, 57, 59, 60, 56, 52, 51, 53, 58, 79, 77, 76, 74, 71, 72, 73, 75, 78, 80, 0, 43, 42, 41, 44, 45, 47, 46, 49, 50, 48, 0, 86, 84, 83, 82, 81, 87, 88, 85, 89, 90, 0, 61, 63, 66, 69, 70, 67, 68, 65, 64, 62, 0, 91, 92, 93, 94, 95, 98, 97, 99, 100, 96, 31, 33, 32, 37, 36, 35, 40, 39, 38, 34, 0]
Elapsed time: 309.6869435310364

i:0	153262.76178495953
i:50	119698.6788879721
i:100	117891.6216754216
i:150	117168.30370694515
i:200	114472.03278698021
i:250	111564.03901123231
i:300	111214.74920258699
i:350	110486.32103060218
i:400	110232.6483671953
i:450	110053.96949688566
i:500	109999.68604826322
i:550	109956.95434085731
i:600	109759.18738369926
i:650	109759.18738369926
best: 109703.28525872831
routes: [0, 21, 23, 25, 27, 29, 30, 28, 26, 24, 22, 0, 79, 80, 78, 75, 73, 72, 71, 74, 77, 76, 58, 59, 60, 56, 52, 51, 53, 57, 55, 54, 0, 11, 13, 16, 20, 19, 17, 18, 15, 14, 12, 0, 61, 63, 65, 69, 70, 66, 67, 68, 64, 62, 0, 43, 42, 41, 45, 46, 49, 50, 48, 47, 44, 0, 90, 86, 89, 84, 83, 82, 81, 85, 87, 88, 0, 3, 1, 2, 8, 7, 9, 10, 5, 6, 4, 0, 33, 34, 32, 37, 36, 35, 40, 39, 38, 31, 100, 99, 98, 97, 96, 95, 94, 93, 91, 92, 0]
Elapsed time: 310.3269956111908

mean: 107298.3195767629
std: 1508.521098264867
mean-time: 314.6139695882797
std-time: 6.97406634865937