i:0	155319.9255139391
i:50	109058.27551428854
i:100	96582.81217438959
i:150	96271.0387121299
i:200	95260.1116160088
i:250	93907.9138107804
i:300	93584.91787371402
i:350	93320.55040788607
i:400	93244.17218044498
i:450	93229.97425689494
i:500	93096.88017699115
i:550	92971.11687384649
i:600	92969.62952103258
i:650	92926.83858789114
best: 92926.83858789114
routes: [0, 91, 92, 93, 96, 95, 94, 97, 99, 100, 98, 61, 62, 63, 65, 64, 68, 66, 67, 69, 70, 0, 54, 53, 51, 52, 57, 55, 56, 59, 60, 58, 71, 72, 73, 75, 78, 77, 79, 80, 76, 74, 0, 4, 3, 7, 9, 10, 5, 6, 1, 2, 8, 90, 84, 83, 82, 81, 87, 85, 86, 89, 88, 41, 42, 43, 45, 44, 46, 49, 50, 47, 48, 11, 13, 12, 14, 15, 18, 17, 19, 20, 16, 0, 21, 22, 23, 24, 26, 25, 29, 27, 28, 30, 35, 36, 37, 40, 39, 38, 31, 34, 33, 32, 0]
Elapsed time: 325.07005643844604

i:0	148257.44336346583
i:50	98961.17768949263
i:100	97486.79071723238
i:150	95895.16276095154
i:200	95202.31142073777
i:250	94703.62393079135
i:300	94498.35725169213
i:350	94213.7557910191
i:400	93945.74673916362
i:450	93706.83609172112
i:500	93706.83609172112
i:550	93597.50159715113
i:600	93539.2636046508
i:650	93539.2636046508
best: 93521.15655799778
routes: [0, 43, 45, 47, 44, 46, 49, 50, 48, 42, 41, 88, 87, 81, 82, 83, 85, 89, 90, 86, 84, 0, 51, 52, 53, 56, 57, 55, 54, 59, 58, 60, 71, 72, 73, 75, 78, 77, 74, 76, 79, 80, 9, 10, 7, 8, 2, 1, 3, 6, 5, 4, 0, 91, 92, 93, 94, 95, 96, 99, 100, 97, 98, 61, 62, 63, 65, 68, 67, 69, 70, 66, 64, 0, 32, 33, 34, 31, 39, 38, 37, 40, 36, 35, 30, 28, 27, 29, 25, 26, 24, 21, 23, 22, 16, 15, 18, 20, 19, 17, 14, 13, 11, 12, 0]
Elapsed time: 328.55093789100647

i:0	153955.6796108875
i:50	113148.04037591432
i:100	111194.31252640295
i:150	104692.41959189177
i:200	104692.41959189177
i:250	99171.77176050097
i:300	96309.00392279812
i:350	94656.26054406492
i:400	94282.17135643477
i:450	92876.53007633555
i:500	92320.44538664888
i:550	92122.15643412303
i:600	91282.62846211181
i:650	91210.51943357178
best: 91150.7771366172
routes: [0, 91, 92, 93, 94, 95, 97, 98, 99, 100, 96, 61, 62, 63, 64, 65, 67, 68, 66, 69, 70, 0, 76, 71, 72, 73, 75, 78, 77, 74, 79, 80, 58, 52, 51, 53, 56, 59, 60, 57, 55, 54, 0, 4, 5, 6, 10, 8, 2, 1, 3, 7, 9, 90, 86, 89, 84, 83, 85, 82, 81, 87, 88, 41, 42, 43, 45, 44, 46, 49, 50, 47, 48, 17, 19, 20, 18, 15, 14, 12, 11, 13, 16, 0, 31, 39, 40, 36, 35, 37, 38, 34, 33, 32, 24, 21, 23, 22, 26, 25, 27, 29, 30, 28, 0]
Elapsed time: 352.30209517478943

i:0	144374.7867234651
i:50	108938.61187737821
i:100	101721.71917208523
i:150	98798.39577213883
i:200	97039.28363643319
i:250	96254.86097902007
i:300	95305.05030078576
i:350	94720.32859154965
i:400	93973.73916065578
i:450	93856.31421746481
i:500	93832.3131313491
i:550	93814.46235921007
i:600	93419.50449255227
i:650	93419.50449255227
best: 93419.50449255227
routes: [0, 96, 100, 99, 97, 98, 95, 94, 93, 91, 92, 61, 62, 65, 66, 69, 70, 67, 68, 63, 64, 1, 2, 8, 7, 9, 10, 5, 6, 3, 4, 0, 31, 39, 40, 35, 36, 37, 38, 34, 33, 32, 21, 22, 25, 27, 29, 30, 28, 26, 23, 24, 0, 79, 80, 77, 75, 78, 73, 72, 71, 74, 76, 58, 60, 59, 57, 54, 55, 56, 53, 51, 52, 0, 90, 84, 83, 82, 81, 87, 88, 85, 86, 89, 41, 42, 43, 45, 44, 46, 49, 50, 47, 48, 14, 12, 11, 13, 15, 17, 19, 20, 18, 16, 0]
Elapsed time: 322.11553168296814

i:0	149026.9079047254
i:50	111639.640851737
i:100	111639.640851737
i:150	108229.00037319023
i:200	97908.36766528121
i:250	96094.3368797787
i:300	94491.26472054199
i:350	93807.01978438078
i:400	93763.5243996984
i:450	93763.5243996984
i:500	93690.87063177033
i:550	93680.75212623444
i:600	93680.75212623444
i:650	93680.75212623444
best: 93680.75212623444
routes: [0, 51, 53, 57, 55, 54, 52, 56, 59, 60, 58, 76, 74, 79, 77, 71, 72, 73, 75, 78, 80, 0, 4, 1, 2, 3, 6, 5, 10, 7, 8, 9, 90, 86, 89, 84, 83, 85, 82, 81, 87, 88, 41, 42, 43, 45, 47, 44, 46, 49, 50, 48, 0, 91, 92, 93, 95, 94, 96, 99, 100, 97, 98, 63, 66, 67, 69, 70, 68, 65, 64, 61, 62, 0, 31, 34, 32, 33, 39, 38, 37, 40, 36, 35, 30, 28, 27, 29, 25, 26, 24, 21, 23, 22, 16, 15, 18, 20, 19, 17, 14, 13, 11, 12, 0]
Elapsed time: 319.5691578388214

i:0	148342.48109487287
i:50	112543.00377035252
i:100	96869.89310184364
i:150	96563.88499586968
i:200	95396.38546810055
i:250	95242.48710878924
i:300	95196.67840765827
i:350	95119.59746133954
i:400	95115.9956391608
i:450	95107.84327294357
i:500	95062.93020042946
i:550	94726.36100611102
i:600	94653.67609448261
i:650	94638.15016118134
best: 94622.83174003666
routes: [0, 51, 52, 53, 56, 55, 54, 57, 59, 60, 58, 79, 74, 71, 72, 73, 78, 75, 76, 77, 80, 0, 4, 5, 10, 6, 7, 8, 3, 1, 2, 9, 89, 90, 84, 85, 86, 83, 82, 81, 87, 88, 41, 42, 43, 45, 47, 44, 46, 49, 50, 48, 0, 31, 39, 38, 37, 40, 35, 36, 34, 33, 32, 21, 23, 25, 29, 27, 30, 28, 26, 24, 22, 16, 14, 17, 19, 20, 18, 15, 13, 11, 12, 0, 96, 97, 98, 99, 100, 94, 93, 92, 91, 95, 61, 62, 63, 64, 65, 69, 70, 66, 67, 68, 0]
Elapsed time: 341.8195242881775

i:0	135811.1323832154
i:50	111002.62262481311
i:100	101631.63697474863
i:150	96767.59184263411
i:200	95633.9421429093
i:250	95569.06289725122
i:300	95350.06843069589
i:350	94758.79032072597
i:400	94754.84241368648
i:450	94558.1094123786
i:500	94365.76542575532
i:550	94356.27422129136
i:600	94338.16717463834
i:650	94128.66210600911
best: 94128.66210600911
routes: [0, 91, 92, 93, 94, 95, 96, 99, 100, 97, 98, 62, 61, 63, 64, 65, 68, 66, 67, 69, 70, 0, 54, 52, 51, 53, 56, 55, 57, 58, 60, 59, 71, 72, 73, 75, 78, 77, 74, 76, 79, 80, 0, 31, 34, 38, 40, 36, 35, 37, 39, 33, 32, 30, 29, 27, 28, 25, 26, 23, 24, 21, 22, 18, 15, 14, 12, 11, 13, 17, 19, 20, 16, 0, 1, 4, 3, 2, 6, 10, 8, 5, 7, 9, 90, 84, 86, 89, 87, 81, 82, 83, 85, 88, 41, 44, 46, 49, 50, 48, 47, 45, 43, 42, 0]
Elapsed time: 326.35740423202515

i:0	148450.0969014165
i:50	96970.93382130007
i:100	93846.023517136
i:150	92755.29346697731
i:200	92348.98138148089
i:250	92196.15107594103
i:300	91581.93776633781
i:350	91581.93776633781
i:400	91382.28161424563
i:450	91382.28161424563
i:500	91143.25832357428
i:550	90437.31238177473
i:600	90376.67067649424
i:650	90278.4582148354
best: 90278.4582148354
routes: [0, 91, 92, 93, 94, 95, 97, 100, 96, 99, 98, 61, 62, 63, 64, 65, 68, 66, 67, 69, 70, 0, 76, 74, 71, 72, 73, 75, 78, 79, 77, 80, 58, 56, 59, 60, 57, 55, 54, 53, 51, 52, 0, 4, 5, 10, 6, 3, 1, 2, 7, 8, 9, 90, 86, 89, 84, 83, 85, 82, 81, 87, 88, 41, 42, 43, 45, 44, 46, 49, 50, 47, 48, 14, 12, 11, 13, 15, 17, 19, 20, 18, 16, 0, 31, 34, 33, 38, 39, 40, 36, 35, 37, 32, 28, 30, 29, 27, 25, 26, 24, 21, 23, 22, 0]
Elapsed time: 299.0430133342743

i:0	144648.30898732977
i:50	106929.9620150264
i:100	101295.16876525161
i:150	97299.82228170832
i:200	94051.3027978937
i:250	93940.43449511315
i:300	92962.58988885467
i:350	92635.30585464445
i:400	92628.35135185602
i:450	92410.14471554624
i:500	91859.8250687722
i:550	91841.27655146872
i:600	91653.42867329922
i:650	91653.42867329922
best: 91618.9957480118
routes: [0, 4, 3, 1, 2, 8, 6, 5, 10, 7, 9, 90, 84, 83, 82, 81, 87, 85, 86, 89, 88, 41, 42, 43, 45, 47, 44, 46, 49, 50, 48, 0, 91, 92, 93, 95, 97, 98, 96, 99, 100, 94, 61, 62, 63, 64, 65, 68, 66, 67, 69, 70, 0, 79, 77, 74, 71, 72, 73, 75, 78, 80, 76, 59, 60, 58, 52, 51, 53, 56, 57, 55, 54, 0, 31, 39, 40, 35, 36, 37, 38, 34, 33, 32, 24, 21, 25, 27, 29, 30, 28, 26, 23, 22, 16, 14, 17, 19, 20, 18, 15, 13, 11, 12, 0]
Elapsed time: 331.13236570358276

i:0	149350.35654979065
i:50	112688.47014612445
i:100	107477.95873290041
i:150	104915.76728748801
i:200	104678.4438072693
i:250	103064.51401971397
i:300	96258.48628155225
i:350	94253.79159288375
i:400	87856.32191365636
i:450	87023.0313785307
i:500	86872.2008970672
i:550	86719.53364259204
i:600	86194.08807274893
i:650	85995.2580168881
best: 85989.43393404935
routes: [0, 4, 7, 8, 2, 1, 3, 6, 5, 10, 9, 84, 83, 85, 82, 81, 87, 88, 86, 89, 90, 41, 42, 43, 45, 47, 44, 46, 49, 50, 48, 12, 11, 13, 15, 14, 17, 19, 20, 18, 16, 0, 31, 39, 38, 40, 35, 36, 37, 34, 33, 32, 21, 23, 22, 25, 27, 26, 29, 30, 28, 24, 0, 51, 52, 53, 56, 54, 55, 57, 59, 60, 58, 79, 80, 76, 77, 74, 71, 72, 73, 75, 78, 61, 62, 63, 64, 65, 68, 66, 67, 69, 70, 0, 91, 92, 93, 94, 95, 97, 98, 99, 100, 96, 0]
Elapsed time: 357.2211606502533

mean: 92133.74106442352
std: 2433.1338638489115
mean-time: 330.31812472343444
std-time: 15.960330103482965