i:0	143503.77178942598
i:50	112563.23663667437
i:100	107635.9955456163
i:150	104579.81467851938
i:200	102140.76114925812
i:250	101770.01054344489
i:300	95084.07263371517
i:350	92769.18317537635
i:400	92573.47954360023
i:450	92453.98987681489
i:500	91977.08925403397
i:550	91864.42216248933
i:600	91858.27691446127
i:650	91585.04258670041
best: 91370.73200064791
routes: [0, 31, 34, 33, 38, 39, 40, 36, 35, 37, 32, 28, 30, 29, 27, 25, 26, 24, 21, 23, 22, 16, 15, 14, 17, 19, 20, 18, 13, 11, 12, 0, 4, 3, 1, 2, 8, 6, 5, 10, 7, 9, 90, 84, 86, 89, 85, 82, 81, 83, 87, 88, 41, 44, 46, 45, 47, 49, 50, 48, 43, 42, 0, 76, 74, 71, 72, 73, 75, 78, 77, 79, 80, 58, 56, 59, 60, 57, 55, 54, 53, 51, 52, 0, 100, 96, 92, 91, 93, 94, 95, 99, 97, 98, 69, 70, 66, 67, 68, 65, 64, 63, 61, 62, 0]
Elapsed time: 348.08747124671936

i:0	136731.95186567275
i:50	107376.2303834142
i:100	105530.5738214446
i:150	96999.01980422302
i:200	95632.55851284547
i:250	94778.66078328145
i:300	94755.92813545544
i:350	94325.43579555786
i:400	94064.99009646452
i:450	92675.39611166768
i:500	92317.01648343865
i:550	91695.5441765358
i:600	91694.24062637285
i:650	91568.26671092492
best: 91564.56393693948
routes: [0, 91, 92, 96, 93, 94, 95, 98, 97, 99, 100, 69, 70, 67, 68, 66, 65, 64, 63, 61, 62, 0, 76, 77, 74, 71, 72, 73, 75, 78, 80, 79, 58, 60, 59, 57, 54, 55, 56, 51, 53, 52, 0, 4, 1, 2, 7, 6, 3, 5, 10, 8, 9, 85, 89, 90, 86, 84, 83, 82, 81, 87, 88, 41, 42, 43, 45, 44, 46, 49, 50, 47, 48, 0, 31, 34, 33, 39, 38, 37, 40, 35, 36, 32, 28, 30, 29, 27, 25, 26, 24, 21, 23, 22, 16, 20, 19, 17, 18, 15, 14, 13, 11, 12, 0]
Elapsed time: 341.0759937763214

i:0	147905.3566913575
i:50	109047.04085965136
i:100	97893.8487803626
i:150	95989.84935321982
i:200	95644.06760077331
i:250	95352.11815512781
i:300	94427.80500259322
i:350	94076.21229141527
i:400	93930.0802474423
i:450	93351.35575309327
i:500	92948.59176945129
i:550	92750.13150956058
i:600	92735.69386421925
i:650	92735.69386421925
best: 92735.69386421925
routes: [0, 100, 99, 97, 98, 95, 94, 96, 93, 91, 92, 61, 62, 63, 64, 65, 69, 70, 67, 68, 66, 0, 54, 52, 51, 53, 56, 59, 55, 57, 60, 58, 76, 77, 74, 71, 72, 73, 75, 78, 79, 80, 0, 31, 34, 33, 32, 39, 38, 37, 40, 35, 36, 30, 28, 27, 29, 25, 26, 24, 21, 23, 22, 20, 19, 17, 14, 12, 11, 13, 15, 18, 16, 0, 90, 86, 84, 83, 82, 81, 87, 85, 89, 88, 41, 43, 42, 45, 44, 46, 49, 50, 47, 48, 9, 7, 8, 2, 1, 3, 6, 10, 5, 4, 0]
Elapsed time: 310.93929719924927

i:0	161155.10303733332
i:50	110312.23498882953
i:100	110040.39927644297
i:150	108830.0486263285
i:200	108068.2200068196
i:250	107681.37142691124
i:300	107681.37142691124
i:350	104271.24533695192
i:400	99812.4790153827
i:450	95913.92221043844
i:500	94856.58699905552
i:550	94523.58292957406
i:600	94185.126965679
i:650	93802.97377763141
best: 93786.12462381016
routes: [0, 91, 92, 93, 94, 95, 96, 97, 98, 99, 100, 69, 70, 67, 68, 66, 65, 62, 63, 61, 64, 0, 79, 80, 77, 71, 72, 73, 75, 78, 74, 76, 56, 55, 54, 57, 59, 60, 58, 53, 51, 52, 0, 11, 13, 12, 14, 15, 17, 19, 20, 18, 16, 25, 27, 29, 30, 28, 26, 23, 22, 21, 24, 32, 37, 35, 36, 40, 39, 38, 33, 34, 31, 0, 4, 1, 3, 8, 2, 6, 5, 10, 7, 9, 43, 42, 45, 47, 48, 49, 50, 46, 44, 41, 88, 87, 81, 82, 83, 85, 86, 89, 90, 84, 0]
Elapsed time: 360.8700864315033

i:0	144246.62161521649
i:50	107329.06494505308
i:100	97465.13113255834
i:150	96442.62798110349
i:200	95415.59546384348
i:250	94230.33307259154
i:300	93791.55954753129
i:350	93765.30457884396
i:400	93279.99118546722
i:450	93266.65440379473
i:500	93246.10522860258
i:550	93239.50180212929
i:600	93236.13679297084
i:650	93188.79641020123
best: 93002.13906501187
routes: [0, 91, 92, 93, 94, 95, 96, 99, 100, 97, 98, 69, 70, 67, 68, 66, 63, 65, 64, 61, 62, 0, 80, 75, 78, 73, 72, 71, 74, 76, 77, 79, 58, 60, 59, 57, 54, 55, 56, 51, 53, 52, 0, 1, 3, 10, 4, 5, 6, 2, 8, 7, 9, 90, 86, 84, 83, 81, 82, 85, 89, 87, 88, 41, 42, 43, 45, 44, 46, 49, 50, 47, 48, 0, 31, 33, 34, 39, 38, 37, 40, 35, 36, 32, 24, 21, 23, 26, 25, 27, 29, 30, 28, 22, 16, 13, 11, 12, 14, 15, 18, 17, 19, 20, 0]
Elapsed time: 326.4881911277771

i:0	142800.90566387342
i:50	111387.45678944676
i:100	108021.6582005758
i:150	96966.90998565806
i:200	93441.05538044544
i:250	92478.80240874186
i:300	91511.32215607118
i:350	91376.69298721866
i:400	91055.94339327184
i:450	90662.88520674774
i:500	90442.34817495335
i:550	90207.47927243373
i:600	90106.71688583527
i:650	89939.75922915962
best: 89939.75922915962
routes: [0, 31, 34, 33, 38, 39, 40, 36, 35, 37, 32, 28, 30, 29, 27, 25, 26, 24, 21, 23, 22, 16, 13, 11, 12, 14, 15, 17, 19, 20, 18, 0, 91, 92, 93, 94, 95, 96, 99, 100, 97, 98, 62, 61, 63, 64, 65, 68, 66, 67, 69, 70, 0, 43, 44, 46, 49, 50, 48, 47, 45, 42, 41, 88, 87, 81, 82, 83, 85, 89, 90, 86, 84, 8, 7, 9, 10, 5, 6, 2, 1, 3, 4, 0, 76, 74, 71, 72, 73, 75, 78, 77, 79, 80, 58, 59, 60, 56, 57, 55, 54, 53, 51, 52, 0]
Elapsed time: 313.21041107177734

i:0	148996.01940103664
i:50	110620.54121005061
i:100	107390.21245401555
i:150	105515.92730132224
i:200	102706.97650011592
i:250	98649.50528347495
i:300	97047.40575184561
i:350	95618.40600649617
i:400	95239.95955532069
i:450	94560.03105017063
i:500	94147.15922827453
i:550	93650.51945793896
i:600	93015.52082659872
i:650	92591.07240100083
best: 92376.83157993766
routes: [0, 31, 39, 38, 34, 33, 32, 37, 40, 35, 36, 30, 28, 27, 29, 25, 26, 24, 21, 23, 22, 13, 11, 12, 14, 15, 18, 17, 19, 20, 16, 0, 91, 92, 93, 94, 95, 96, 99, 100, 97, 98, 69, 70, 66, 65, 67, 68, 64, 63, 61, 62, 0, 76, 77, 74, 71, 72, 73, 75, 78, 80, 79, 58, 59, 60, 56, 57, 55, 54, 53, 51, 52, 0, 90, 86, 84, 83, 82, 81, 87, 85, 89, 88, 41, 42, 43, 45, 47, 44, 46, 49, 50, 48, 10, 9, 7, 8, 6, 2, 1, 3, 5, 4, 0]
Elapsed time: 341.5950767993927

i:0	144811.46618814574
i:50	103197.58893327421
i:100	98161.75015869553
i:150	96999.72050233501
i:200	96514.51309897007
i:250	95798.93676856914
i:300	95513.1130933029
i:350	95284.50449307234
i:400	94839.28066794554
i:450	94828.37917755461
i:500	94633.94952984364
i:550	94343.57630540624
i:600	94034.5981258427
i:650	94021.59576985618
best: 94017.69017895745
routes: [0, 91, 92, 93, 94, 95, 96, 99, 100, 97, 98, 64, 61, 63, 62, 65, 68, 66, 67, 69, 70, 0, 54, 53, 51, 52, 57, 55, 56, 59, 60, 58, 79, 80, 76, 74, 71, 72, 73, 75, 77, 78, 0, 11, 14, 12, 13, 15, 17, 19, 20, 18, 16, 25, 27, 29, 30, 28, 26, 23, 22, 21, 24, 33, 34, 31, 39, 40, 35, 36, 37, 38, 32, 0, 4, 1, 3, 2, 8, 9, 7, 6, 5, 10, 43, 47, 45, 44, 46, 49, 50, 48, 42, 41, 88, 87, 81, 82, 83, 85, 89, 90, 86, 84, 0]
Elapsed time: 332.40385341644287

i:0	146494.25906329893
i:50	112004.49416130688
i:100	104181.50697703377
i:150	97968.59109849326
i:200	96961.16750532792
i:250	96424.31286103443
i:300	94165.72866631526
i:350	93729.70674598188
i:400	93715.37630161055
i:450	93709.53410582535
i:500	93584.81430307523
i:550	93367.34399288871
i:600	93172.29108848156
i:650	93100.04097445775
best: 93063.76231128091
routes: [0, 4, 5, 6, 2, 1, 3, 10, 8, 7, 9, 90, 84, 83, 82, 81, 87, 85, 86, 89, 88, 41, 44, 46, 49, 50, 48, 47, 45, 43, 42, 0, 11, 12, 14, 17, 19, 20, 18, 15, 13, 16, 22, 23, 21, 24, 26, 25, 29, 27, 28, 30, 35, 36, 37, 40, 39, 38, 31, 34, 33, 32, 0, 51, 52, 53, 58, 56, 57, 54, 55, 59, 60, 76, 79, 77, 80, 78, 75, 72, 73, 71, 74, 0, 92, 91, 93, 94, 96, 95, 99, 100, 97, 98, 69, 70, 66, 67, 68, 65, 62, 61, 63, 64, 0]
Elapsed time: 325.2102494239807

i:0	150196.95581896097
i:50	101653.30622527147
i:100	95482.31554367833
i:150	94944.48909267595
i:200	94829.67635851967
i:250	94531.06554541293
i:300	94061.28255192871
i:350	93946.37759267507
i:400	93875.86747704327
i:450	93714.54453945538
i:500	93617.63287684116
i:550	93616.37219409797
i:600	93606.44737753595
i:650	93588.99386386045
best: 93513.8476789637
routes: [0, 91, 92, 93, 95, 97, 98, 99, 100, 96, 94, 63, 62, 61, 64, 65, 67, 68, 66, 69, 70, 0, 54, 56, 55, 57, 59, 60, 52, 51, 53, 58, 76, 77, 74, 71, 72, 73, 75, 78, 79, 80, 0, 4, 1, 3, 2, 6, 10, 5, 8, 7, 9, 90, 84, 83, 82, 81, 87, 85, 86, 89, 88, 41, 44, 46, 49, 50, 48, 47, 45, 43, 42, 0, 31, 34, 33, 32, 38, 39, 40, 37, 35, 36, 30, 29, 27, 28, 26, 25, 23, 24, 21, 22, 18, 14, 12, 11, 13, 15, 17, 19, 20, 16, 0]
Elapsed time: 329.95948576927185

mean: 92537.1144468928
std: 1196.554453855086
mean-time: 332.9840116262436
std-time: 14.60977205528587