i:0	68279.34641613743
i:50	49262.788716248775
i:100	48189.08166598949
i:150	47907.89196212895
i:200	47852.850841223815
i:250	47481.13288445785
i:300	47481.13288445785
i:350	47366.27343712322
i:400	47211.91575694835
i:450	46991.830748753564
i:500	46991.830748753564
i:550	46991.830748753564
i:600	46991.830748753564
i:650	46991.830748753564
best: 46991.830748753564
routes: [0, 23, 24, 26, 29, 30, 28, 27, 25, 22, 21, 48, 47, 41, 42, 45, 43, 44, 46, 49, 50, 8, 7, 9, 10, 5, 6, 2, 1, 3, 4, 0, 11, 12, 13, 15, 17, 19, 20, 18, 16, 14, 31, 32, 33, 34, 35, 38, 37, 36, 39, 40, 0]
Elapsed time: 164.63351392745972

i:0	67807.7465683801
i:50	50301.387491526155
i:100	49836.20093523015
i:150	49620.107323319644
i:200	49620.107323319644
i:250	49620.107323319644
i:300	49620.107323319644
i:350	49613.662068409154
i:400	49612.00746855234
i:450	49612.00746855234
i:500	49506.26280928178
i:550	49399.5797340084
i:600	49388.605540203345
i:650	48512.57157651026
best: 48512.57157651026
routes: [0, 4, 2, 3, 1, 5, 6, 10, 7, 8, 9, 23, 24, 26, 29, 30, 28, 27, 25, 22, 21, 47, 41, 42, 43, 45, 48, 46, 49, 50, 44, 0, 14, 15, 17, 19, 20, 18, 16, 12, 13, 11, 31, 32, 33, 34, 35, 38, 37, 36, 39, 40, 0]
Elapsed time: 205.04370880126953

i:0	62287.29975177569
i:50	49270.64629543405
i:100	48123.208690747764
i:150	48006.85137768861
i:200	47950.38616724152
i:250	47950.38616724152
i:300	47950.38616724152
i:350	47425.80641653207
i:400	47425.80641653207
i:450	47233.3194886813
i:500	47233.3194886813
i:550	47233.3194886813
i:600	47233.3194886813
i:650	47233.3194886813
best: 47233.3194886813
routes: [0, 23, 24, 26, 29, 30, 28, 27, 25, 22, 21, 48, 47, 41, 42, 43, 45, 46, 49, 50, 44, 8, 2, 1, 3, 6, 7, 9, 10, 5, 4, 0, 11, 12, 13, 15, 17, 19, 20, 18, 16, 14, 31, 32, 33, 34, 35, 38, 37, 36, 39, 40, 0]
Elapsed time: 163.51248717308044

i:0	66327.5389058826
i:50	49052.99514836005
i:100	48464.779525193706
i:150	47890.69003165479
i:200	47044.76604664963
i:250	46832.221602066864
i:300	46826.64788482653
i:350	46791.4900361682
i:400	46791.4900361682
i:450	46791.4900361682
i:500	46728.473045142106
i:550	46725.12751569296
i:600	46725.12751569296
i:650	46725.12751569296
best: 46725.12751569296
routes: [0, 4, 5, 6, 3, 1, 2, 8, 7, 10, 9, 50, 44, 46, 49, 45, 43, 42, 41, 47, 48, 21, 22, 23, 25, 27, 24, 26, 29, 30, 28, 0, 12, 15, 17, 19, 20, 18, 16, 14, 13, 11, 39, 40, 36, 37, 38, 35, 34, 33, 31, 32, 0]
Elapsed time: 178.61876010894775

i:0	66903.63071855146
i:50	49799.24646648568
i:100	48452.54730000245
i:150	47069.646424972525
i:200	46659.753813080955
i:250	46439.21678128658
i:300	46058.765103396116
i:350	46058.765103396116
i:400	46058.765103396116
i:450	46058.765103396116
i:500	46058.765103396116
i:550	46058.765103396116
i:600	46058.765103396116
i:650	46058.765103396116
best: 46058.765103396116
routes: [0, 11, 13, 12, 15, 17, 19, 20, 18, 16, 14, 39, 40, 36, 37, 38, 35, 34, 33, 31, 32, 0, 23, 24, 26, 29, 30, 28, 27, 25, 22, 21, 48, 47, 41, 42, 45, 43, 44, 46, 49, 50, 8, 7, 9, 10, 5, 6, 2, 1, 3, 4, 0]
Elapsed time: 162.17113041877747

i:0	60663.672137249836
i:50	50351.50054494938
i:100	49241.53422742203
i:150	48882.1427405189
i:200	48835.88550584296
i:250	48617.85816869694
i:300	48611.47295761036
i:350	48222.61574462966
i:400	48174.283907468765
i:450	48001.973439013615
i:500	48001.973439013615
i:550	47369.34908411134
i:600	46993.28350358717
i:650	46993.28350358717
best: 46891.861172541554
routes: [0, 23, 22, 25, 27, 29, 30, 28, 26, 24, 21, 48, 47, 41, 42, 43, 45, 46, 49, 50, 44, 8, 7, 9, 10, 5, 6, 2, 1, 3, 4, 0, 11, 13, 12, 15, 17, 19, 20, 18, 16, 14, 31, 32, 33, 34, 35, 38, 37, 36, 39, 40, 0]
Elapsed time: 198.93151330947876

i:0	66255.92277133168
i:50	48867.879293900856
i:100	47814.305522308845
i:150	47650.458410855426
i:200	46976.97384201808
i:250	46574.01566173359
i:300	46194.175958089836
i:350	46194.175958089836
i:400	46188.01535603395
i:450	46188.01535603395
i:500	46188.01535603395
i:550	46188.01535603395
i:600	46188.01535603395
i:650	46188.01535603395
best: 46188.01535603395
routes: [0, 23, 22, 25, 27, 29, 30, 28, 26, 24, 21, 47, 41, 42, 43, 45, 48, 46, 49, 50, 44, 9, 10, 7, 8, 2, 1, 3, 6, 5, 4, 0, 11, 13, 12, 15, 17, 19, 20, 18, 16, 14, 39, 40, 36, 37, 38, 35, 34, 33, 31, 32, 0]
Elapsed time: 170.51428198814392

i:0	68471.22049097138
i:50	48897.71094985108
i:100	48089.6401068894
i:150	48045.668316936084
i:200	47859.87968173393
i:250	47638.140876352256
i:300	47430.96991158542
i:350	47425.96791848674
i:400	47398.699849700504
i:450	46940.92099925197
i:500	46940.92099925197
i:550	46940.92099925197
i:600	46940.92099925197
i:650	46940.92099925197
best: 46940.92099925197
routes: [0, 4, 1, 2, 3, 6, 5, 10, 7, 8, 9, 50, 44, 46, 49, 45, 43, 42, 41, 47, 48, 21, 22, 23, 28, 27, 25, 24, 26, 29, 30, 0, 12, 13, 15, 17, 19, 20, 18, 16, 14, 11, 39, 40, 36, 37, 38, 35, 34, 33, 31, 32, 0]
Elapsed time: 178.33606719970703

i:0	65713.6279977684
i:50	50968.06918972553
i:100	50781.10819468353
i:150	50747.03164510397
i:200	50509.14478433069
i:250	50483.338373182916
i:300	50466.239984331296
i:350	50242.891662705624
i:400	50186.120553670924
i:450	50185.21878642187
i:500	50180.5477445627
i:550	50180.5477445627
i:600	50180.5477445627
i:650	50161.10389868557
best: 50160.19494689878
routes: [0, 4, 5, 6, 10, 7, 9, 8, 3, 2, 1, 31, 32, 33, 39, 40, 36, 37, 38, 35, 34, 0, 11, 14, 13, 16, 12, 17, 18, 20, 15, 19, 27, 25, 24, 26, 29, 30, 28, 23, 22, 21, 47, 48, 44, 43, 42, 41, 45, 46, 49, 50, 0]
Elapsed time: 193.49979424476624

i:0	71504.95556023417
i:50	50471.5833881939
i:100	49083.2653847457
i:150	48456.189744812626
i:200	47916.33461895759
i:250	47838.251476748774
i:300	47767.50983277291
i:350	47767.50983277291
i:400	47767.50983277291
i:450	47767.50983277291
i:500	47767.50983277291
i:550	47767.50983277291
i:600	47765.271746839535
i:650	47765.271746839535
best: 47765.271746839535
routes: [0, 11, 14, 13, 15, 17, 19, 20, 18, 16, 12, 28, 27, 29, 30, 26, 24, 25, 23, 22, 21, 48, 47, 41, 42, 45, 43, 44, 46, 49, 50, 0, 4, 1, 3, 6, 5, 10, 9, 7, 8, 2, 31, 32, 33, 34, 35, 38, 37, 36, 39, 40, 0]
Elapsed time: 164.3573751449585

mean: 47346.78786545999
std: 1155.3446938783136
mean-time: 177.96186323165892
std-time: 15.137623971523185