i:0	62553.75751946015
i:50	51648.82895626072
i:100	50898.067711524134
i:150	50763.08815703136
i:200	50702.77382248457
i:250	50702.77382248457
i:300	50702.77382248457
i:350	50702.77382248457
i:400	50702.77382248457
i:450	50702.77382248457
i:500	50702.77382248457
i:550	50642.35216068644
i:600	50097.8567349712
i:650	49962.87718047843
best: 49962.87718047843
routes: [0, 4, 5, 10, 9, 7, 8, 2, 6, 3, 1, 31, 32, 33, 34, 35, 36, 37, 38, 39, 40, 0, 23, 22, 25, 27, 29, 30, 28, 26, 24, 21, 47, 41, 42, 43, 45, 48, 46, 49, 50, 44, 0, 11, 13, 12, 15, 17, 19, 20, 18, 16, 14, 0]
Elapsed time: 155.50824165344238

i:0	68998.64508609724
i:50	51391.83332777083
i:100	50449.3023457959
i:150	50196.10868973995
i:200	50161.94126075208
i:250	50132.97829574677
i:300	49954.208644101964
i:350	49837.617876248405
i:400	49837.617876248405
i:450	49702.63832175563
i:500	49702.63832175563
i:550	49702.63832175563
i:600	49702.63832175563
i:650	49702.63832175563
best: 49702.63832175563
routes: [0, 4, 3, 6, 5, 10, 9, 7, 8, 2, 1, 31, 32, 33, 34, 35, 38, 36, 37, 39, 40, 0, 23, 22, 25, 27, 29, 30, 28, 26, 24, 21, 48, 47, 41, 42, 43, 45, 49, 50, 46, 44, 0, 11, 15, 17, 19, 20, 18, 16, 14, 13, 12, 0]
Elapsed time: 146.33484768867493

i:0	70054.13035505562
i:50	53453.85537940674
i:100	53244.72503426811
i:150	53094.42787567439
i:200	52430.78722236639
i:250	52430.78722236639
i:300	50584.0998639784
i:350	50237.4948705538
i:400	49730.18021436652
i:450	49730.18021436652
i:500	49605.24626299313
i:550	49605.24626299313
i:600	49401.00920500426
i:650	49379.797786716095
best: 49379.797786716095
routes: [0, 11, 13, 12, 16, 15, 17, 19, 20, 18, 14, 39, 40, 36, 37, 38, 35, 34, 33, 31, 32, 0, 23, 22, 25, 27, 29, 30, 28, 26, 24, 21, 48, 47, 41, 42, 43, 45, 46, 49, 50, 44, 0, 5, 6, 10, 9, 7, 8, 2, 1, 3, 4, 0]
Elapsed time: 174.70820021629333

i:0	67106.00269768595
i:50	52106.725193226404
i:100	51258.63804460673
i:150	51155.18724576978
i:200	51002.81860280631
i:250	51002.81860280631
i:300	50706.02544321811
i:350	50638.776391435924
i:400	50638.776391435924
i:450	50014.099794514
i:500	49589.65988626635
i:550	49589.65988626635
i:600	49589.65988626635
i:650	49589.65988626635
best: 49589.65988626635
routes: [0, 50, 46, 49, 44, 43, 45, 42, 41, 47, 48, 21, 22, 23, 25, 24, 26, 29, 30, 27, 28, 0, 11, 13, 12, 15, 17, 19, 20, 18, 16, 14, 39, 40, 36, 37, 38, 35, 34, 33, 31, 32, 0, 1, 3, 2, 8, 7, 9, 10, 5, 6, 4, 0]
Elapsed time: 155.58724164962769

i:0	66542.90953054538
i:50	51758.07115245541
i:100	51659.62337045355
i:150	51276.47838122305
i:200	51266.69181431374
i:250	51097.73002462844
i:300	50722.97323837507
i:350	50230.04697516791
i:400	50230.04697516791
i:450	50230.04697516791
i:500	50084.03622350149
i:550	50084.03622350149
i:600	50084.03622350149
i:650	50084.03622350149
best: 50084.03622350149
routes: [0, 4, 3, 6, 5, 10, 9, 7, 8, 2, 1, 31, 32, 33, 34, 35, 38, 36, 37, 39, 40, 0, 50, 46, 49, 44, 43, 45, 42, 41, 47, 48, 21, 22, 23, 27, 25, 24, 26, 29, 30, 28, 0, 11, 13, 12, 15, 17, 19, 20, 18, 16, 14, 0]
Elapsed time: 157.44843435287476

i:0	68406.61278796483
i:50	53265.839249098615
i:100	52364.61796780772
i:150	51554.500251987534
i:200	51191.65619358908
i:250	51073.1141732856
i:300	51073.1141732856
i:350	51073.1141732856
i:400	51073.1141732856
i:450	51073.1141732856
i:500	50868.87711529673
i:550	50780.41770280278
i:600	50780.41770280278
i:650	50754.83523385136
best: 50754.83523385136
routes: [0, 50, 44, 43, 42, 41, 47, 45, 46, 49, 48, 21, 25, 27, 24, 26, 29, 30, 28, 23, 22, 0, 12, 13, 15, 17, 19, 20, 18, 16, 14, 11, 39, 40, 36, 37, 38, 35, 34, 33, 31, 32, 0, 5, 6, 10, 9, 7, 8, 2, 1, 3, 4, 0]
Elapsed time: 162.85151362419128

i:0	63021.57015580269
i:50	53161.08802070135
i:100	50653.98580163883
i:150	50513.71035028555
i:200	50100.50598544886
i:250	49877.16354800449
i:300	49877.16354800449
i:350	49877.16354800449
i:400	49877.16354800449
i:450	49877.16354800449
i:500	49877.16354800449
i:550	49877.16354800449
i:600	49877.16354800449
i:650	49877.16354800449
best: 49877.16354800449
routes: [0, 12, 13, 15, 17, 19, 20, 18, 16, 14, 11, 39, 40, 36, 37, 38, 35, 34, 33, 31, 32, 0, 50, 44, 43, 42, 41, 45, 46, 49, 47, 48, 21, 22, 23, 25, 24, 26, 29, 30, 27, 28, 0, 1, 2, 8, 7, 9, 10, 5, 6, 3, 4, 0]
Elapsed time: 140.7514247894287

i:0	69771.15653899647
i:50	51740.62969152019
i:100	50781.661957477874
i:150	50316.2008054959
i:200	49864.58857778117
i:250	49864.58857778117
i:300	49864.58857778117
i:350	49784.323855117036
i:400	49450.80044771518
i:450	49450.80044771518
i:500	49450.80044771518
i:550	49450.80044771518
i:600	49450.80044771518
i:650	49450.80044771518
best: 49450.80044771518
routes: [0, 23, 22, 25, 27, 29, 30, 28, 26, 24, 21, 48, 47, 41, 42, 43, 45, 46, 49, 50, 44, 0, 4, 3, 6, 5, 10, 7, 9, 8, 2, 1, 31, 32, 33, 34, 35, 37, 38, 36, 39, 40, 0, 11, 13, 12, 15, 17, 19, 20, 18, 16, 14, 0]
Elapsed time: 147.4472577571869

i:0	67124.48270614416
i:50	51213.47572080672
i:100	51189.47463469101
i:150	51189.47463469101
i:200	50811.39253868154
i:250	50637.37395415851
i:300	50637.37395415851
i:350	50637.37395415851
i:400	50637.37395415851
i:450	50637.37395415851
i:500	50637.37395415851
i:550	50637.37395415851
i:600	50340.58079457031
i:650	50340.58079457031
best: 50340.58079457031
routes: [0, 50, 46, 44, 43, 45, 42, 41, 47, 49, 48, 21, 22, 23, 25, 24, 26, 29, 30, 27, 28, 0, 4, 3, 6, 5, 10, 9, 7, 8, 2, 1, 31, 32, 33, 34, 35, 38, 36, 37, 39, 40, 0, 11, 15, 17, 19, 20, 18, 16, 14, 13, 12, 0]
Elapsed time: 155.47747254371643

i:0	65683.19403424561
i:50	51162.247358161876
i:100	50063.30062875129
i:150	50018.97353953949
i:200	50018.97353953949
i:250	50003.47246222651
i:300	49752.80496305493
i:350	49752.80496305493
i:400	49752.80496305493
i:450	49752.80496305493
i:500	49741.773765881284
i:550	49696.0938002218
i:600	49561.114245729026
i:650	49561.114245729026
best: 49561.114245729026
routes: [0, 23, 24, 26, 29, 30, 28, 27, 25, 22, 21, 48, 47, 41, 42, 43, 45, 46, 49, 50, 44, 0, 4, 3, 6, 5, 10, 9, 7, 8, 2, 1, 31, 32, 33, 34, 35, 38, 36, 37, 39, 40, 0, 11, 13, 12, 15, 16, 17, 19, 20, 18, 14, 0]
Elapsed time: 141.81701707839966

mean: 49870.35036685884
std: 409.5002850068631
mean-time: 153.79316513538362
std-time: 9.753269223203416