i:0	90380.16112161627
i:50	59994.80619474534
i:100	59994.80619474534
i:150	59994.80619474534
i:200	59994.80619474534
i:250	59982.87658683659
i:300	59982.87658683659
i:350	59982.87658683659
i:400	59982.87658683659
i:450	59982.87658683659
i:500	59980.846356896334
i:550	59980.846356896334
i:600	59980.846356896334
i:650	59980.846356896334
best: 59980.846356896334
routes: [0, 27, 26, 28, 30, 29, 39, 36, 38, 37, 40, 31, 32, 34, 33, 35, 50, 49, 47, 46, 48, 0, 4, 5, 3, 1, 2, 44, 43, 45, 41, 42, 21, 24, 25, 23, 22, 6, 8, 7, 9, 10, 12, 11, 14, 13, 15, 20, 18, 17, 19, 16, 0]
Elapsed time: 50.373457193374634

i:0	84738.57195997832
i:50	60446.220121807506
i:100	60446.220121807506
i:150	60446.220121807506
i:200	60446.220121807506
i:250	60446.220121807506
i:300	60446.220121807506
i:350	60446.220121807506
i:400	60446.220121807506
i:450	60446.220121807506
i:500	60446.220121807506
i:550	60446.220121807506
i:600	60446.220121807506
i:650	60446.220121807506
best: 60446.220121807506
routes: [0, 4, 5, 3, 1, 2, 29, 30, 27, 26, 28, 40, 38, 37, 39, 36, 33, 34, 31, 32, 35, 50, 49, 48, 47, 46, 0, 44, 43, 45, 42, 41, 21, 24, 23, 25, 22, 6, 8, 7, 9, 10, 12, 15, 13, 11, 14, 20, 18, 17, 19, 16, 0]
Elapsed time: 95.39028787612915

i:0	80186.83258254893
i:50	60799.60240751252
i:100	60078.108289314856
i:150	59992.73430287905
i:200	59992.73430287905
i:250	59992.73430287905
i:300	59992.73430287905
i:350	59992.73430287905
i:400	59992.73430287905
i:450	59992.73430287905
i:500	59984.76306266434
i:550	59973.89401441243
i:600	59973.89401441243
i:650	59973.89401441243
best: 59973.89401441243
routes: [0, 26, 28, 27, 30, 29, 39, 36, 38, 37, 40, 34, 35, 33, 31, 32, 50, 49, 48, 47, 46, 0, 4, 3, 5, 1, 2, 44, 43, 45, 41, 42, 21, 24, 25, 23, 22, 6, 8, 7, 9, 10, 12, 11, 14, 13, 15, 20, 18, 17, 19, 16, 0]
Elapsed time: 47.145291805267334

i:0	87334.5127495673
i:50	60360.824732694266
i:100	59541.67599600241
i:150	59541.67599600241
i:200	59541.67599600241
i:250	59541.67599600241
i:300	59541.67599600241
i:350	59541.67599600241
i:400	59541.67599600241
i:450	59541.67599600241
i:500	59541.67599600241
i:550	59541.67599600241
i:600	59541.67599600241
i:650	59541.67599600241
best: 59541.67599600241
routes: [0, 49, 50, 48, 47, 46, 33, 34, 35, 32, 31, 40, 38, 37, 39, 36, 29, 30, 28, 27, 26, 1, 2, 5, 3, 4, 0, 44, 43, 45, 42, 41, 21, 24, 23, 25, 22, 6, 8, 7, 9, 10, 12, 11, 14, 13, 15, 20, 18, 17, 19, 16, 0]
Elapsed time: 49.6327760219574

i:0	84643.76648659991
i:50	60131.436993686795
i:100	60075.14238412471
i:150	60075.14238412471
i:200	59973.28689478291
i:250	59973.28689478291
i:300	59973.28689478291
i:350	59973.28689478291
i:400	59973.28689478291
i:450	59973.28689478291
i:500	59973.28689478291
i:550	59973.28689478291
i:600	59973.28689478291
i:650	59973.28689478291
best: 59973.28689478291
routes: [0, 26, 28, 27, 30, 29, 39, 37, 36, 38, 40, 34, 33, 35, 32, 31, 50, 49, 48, 47, 46, 0, 4, 3, 5, 1, 2, 44, 43, 45, 41, 42, 21, 24, 25, 23, 22, 6, 8, 7, 9, 10, 12, 11, 14, 13, 15, 20, 18, 17, 19, 16, 0]
Elapsed time: 48.0602765083313

i:0	81222.52704935637
i:50	59541.67599600241
i:100	59541.67599600241
i:150	59541.67599600241
i:200	59541.67599600241
i:250	59541.67599600241
i:300	59541.67599600241
i:350	59541.67599600241
i:400	59541.67599600241
i:450	59541.67599600241
i:500	59541.67599600241
i:550	59541.67599600241
i:600	59541.67599600241
i:650	59541.67599600241
best: 59541.67599600241
routes: [0, 49, 50, 48, 47, 46, 33, 34, 35, 32, 31, 40, 38, 37, 39, 36, 29, 30, 28, 27, 26, 1, 2, 5, 3, 4, 0, 44, 43, 45, 42, 41, 21, 24, 23, 25, 22, 6, 8, 7, 9, 10, 12, 11, 14, 13, 15, 20, 18, 17, 19, 16, 0]
Elapsed time: 50.02961587905884

i:0	86482.56883404401
i:50	61475.89040108981
i:100	61475.89040108981
i:150	61475.89040108981
i:200	61475.89040108981
i:250	61475.89040108981
i:300	60656.74166439795
i:350	60600.447054835866
i:400	60600.447054835866
i:450	60600.447054835866
i:500	60600.447054835866
i:550	60600.447054835866
i:600	60600.447054835866
i:650	60600.447054835866
best: 60600.447054835866
routes: [0, 26, 28, 27, 29, 30, 39, 36, 38, 37, 40, 33, 34, 35, 32, 31, 50, 49, 48, 47, 46, 1, 2, 5, 3, 4, 0, 44, 43, 45, 42, 41, 21, 24, 23, 25, 22, 6, 8, 7, 9, 10, 12, 11, 14, 13, 15, 20, 18, 17, 19, 16, 0]
Elapsed time: 48.29498362541199

i:0	83476.29128683452
i:50	59541.67599600241
i:100	59541.67599600241
i:150	59541.67599600241
i:200	59541.67599600241
i:250	59541.67599600241
i:300	59541.67599600241
i:350	59541.67599600241
i:400	59541.67599600241
i:450	59541.67599600241
i:500	59541.67599600241
i:550	59541.67599600241
i:600	59541.67599600241
i:650	59541.67599600241
best: 59541.67599600241
routes: [0, 49, 50, 48, 47, 46, 33, 34, 35, 32, 31, 40, 38, 37, 39, 36, 29, 30, 28, 27, 26, 1, 2, 5, 3, 4, 0, 44, 43, 45, 42, 41, 21, 24, 23, 25, 22, 6, 8, 7, 9, 10, 12, 11, 14, 13, 15, 20, 18, 17, 19, 16, 0]
Elapsed time: 48.28268122673035

i:0	83430.13851371147
i:50	61731.66057413038
i:100	61727.6928728109
i:150	61727.6928728109
i:200	61727.6928728109
i:250	61727.6928728109
i:300	61727.6928728109
i:350	61727.6928728109
i:400	61727.6928728109
i:450	61727.6928728109
i:500	61727.6928728109
i:550	61727.6928728109
i:600	61727.6928728109
i:650	61727.6928728109
best: 61727.6928728109
routes: [0, 26, 28, 27, 29, 30, 39, 36, 38, 37, 40, 33, 34, 35, 32, 31, 49, 50, 48, 47, 46, 0, 11, 14, 13, 15, 12, 8, 7, 9, 10, 6, 23, 25, 22, 24, 21, 41, 42, 45, 43, 44, 5, 3, 2, 1, 4, 0, 18, 17, 20, 19, 16, 0]
Elapsed time: 52.01571750640869

i:0	79512.3596132531
i:50	59980.846356896334
i:100	59980.846356896334
i:150	59980.846356896334
i:200	59980.846356896334
i:250	59980.846356896334
i:300	59980.846356896334
i:350	59980.846356896334
i:400	59980.846356896334
i:450	59980.846356896334
i:500	59980.846356896334
i:550	59980.846356896334
i:600	59980.846356896334
i:650	59980.846356896334
best: 59980.846356896334
routes: [0, 27, 26, 28, 30, 29, 39, 36, 38, 37, 40, 31, 32, 34, 33, 35, 50, 49, 47, 46, 48, 0, 4, 5, 3, 1, 2, 44, 43, 45, 41, 42, 21, 24, 25, 23, 22, 6, 8, 7, 9, 10, 12, 11, 14, 13, 15, 20, 18, 17, 19, 16, 0]
Elapsed time: 45.74903750419617

mean: 60130.82616604496
std: 632.9082384352108
mean-time: 53.49741251468659
std-time: 14.06462385291144