i:0	85882.45740680532
i:50	65927.76629694752
i:100	65927.76629694752
i:150	65927.76629694752
i:200	65927.76629694752
i:250	65927.76629694752
i:300	65927.76629694752
i:350	65927.76629694752
i:400	65927.76629694752
i:450	65927.76629694752
i:500	65927.76629694752
i:550	65927.76629694752
i:600	65927.76629694752
i:650	65927.76629694752
best: 65927.76629694752
routes: [0, 49, 50, 48, 47, 46, 34, 35, 33, 32, 31, 40, 38, 37, 39, 36, 29, 30, 28, 27, 26, 0, 1, 2, 4, 3, 5, 44, 43, 45, 41, 42, 24, 21, 22, 25, 23, 6, 8, 7, 9, 10, 0, 14, 13, 12, 15, 11, 18, 17, 20, 19, 16, 0]
Elapsed time: 37.141255378723145

i:0	83780.26219091401
i:50	63824.18611266362
i:100	63824.18611266362
i:150	63824.18611266362
i:200	63824.18611266362
i:250	63824.18611266362
i:300	63824.18611266362
i:350	63824.18611266362
i:400	63824.18611266362
i:450	63824.18611266362
i:500	63824.18611266362
i:550	63824.18611266362
i:600	63824.18611266362
i:650	63824.18611266362
best: 63824.18611266362
routes: [0, 26, 28, 27, 29, 30, 39, 36, 38, 37, 40, 31, 32, 34, 35, 33, 50, 49, 48, 47, 46, 0, 4, 5, 3, 1, 2, 44, 43, 45, 41, 42, 24, 21, 22, 25, 23, 6, 8, 7, 9, 10, 0, 11, 12, 15, 13, 14, 20, 18, 17, 19, 16, 0]
Elapsed time: 35.89570760726929

i:0	300534.3175177063
i:50	68485.23926802962
i:100	68485.23926802962
i:150	68485.23926802962
i:200	68485.23926802962
i:250	68485.23926802962
i:300	68485.23926802962
i:350	68485.23926802962
i:400	68485.23926802962
i:450	68485.23926802962
i:500	68485.23926802962
i:550	68485.23926802962
i:600	68485.23926802962
i:650	68485.23926802962
best: 68485.23926802962
routes: [0, 44, 43, 42, 45, 41, 23, 25, 21, 22, 24, 15, 13, 12, 14, 11, 18, 17, 20, 19, 16, 0, 26, 28, 27, 29, 30, 39, 36, 38, 37, 40, 33, 31, 32, 34, 35, 50, 49, 48, 47, 46, 0, 4, 3, 1, 2, 5, 6, 8, 7, 9, 10, 0]
Elapsed time: 36.733803272247314

i:0	94008.82256506497
i:50	67026.90658844
i:100	66462.23164221413
i:150	66462.23164221413
i:200	66462.23164221413
i:250	66462.23164221413
i:300	66462.23164221413
i:350	66462.23164221413
i:400	66462.23164221413
i:450	66462.23164221413
i:500	66462.23164221413
i:550	66462.23164221413
i:600	66462.23164221413
i:650	66462.23164221413
best: 66462.23164221413
routes: [0, 26, 28, 27, 29, 30, 39, 36, 38, 37, 40, 31, 32, 34, 35, 33, 50, 49, 48, 47, 46, 0, 8, 7, 9, 10, 6, 25, 23, 22, 24, 21, 44, 43, 45, 41, 42, 5, 3, 2, 4, 1, 0, 12, 15, 13, 14, 11, 18, 17, 20, 19, 16, 0]
Elapsed time: 35.83948469161987

i:0	96223.5147825487
i:50	65309.08062430672
i:100	65309.08062430672
i:150	65309.08062430672
i:200	65309.08062430672
i:250	65309.08062430672
i:300	65309.08062430672
i:350	65309.08062430672
i:400	65309.08062430672
i:450	65309.08062430672
i:500	65309.08062430672
i:550	65309.08062430672
i:600	65309.08062430672
i:650	65309.08062430672
best: 65309.08062430672
routes: [0, 26, 28, 27, 29, 30, 39, 36, 38, 37, 40, 32, 34, 35, 33, 31, 50, 49, 48, 47, 46, 0, 4, 5, 3, 1, 2, 44, 43, 42, 45, 41, 24, 25, 23, 21, 22, 9, 10, 8, 7, 6, 0, 13, 14, 11, 12, 15, 20, 18, 17, 19, 16, 0]
Elapsed time: 37.60548257827759

i:0	97158.24535148995
i:50	66574.76242928475
i:100	66574.76242928475
i:150	66574.76242928475
i:200	66574.76242928475
i:250	66574.76242928475
i:300	66574.76242928475
i:350	66574.76242928475
i:400	66574.76242928475
i:450	66574.76242928475
i:500	66574.76242928475
i:550	66574.76242928475
i:600	66574.76242928475
i:650	66574.76242928475
best: 66574.76242928475
routes: [0, 26, 28, 27, 29, 30, 39, 36, 38, 37, 40, 33, 31, 32, 34, 35, 50, 49, 48, 47, 46, 0, 1, 2, 4, 3, 5, 44, 43, 45, 41, 42, 24, 21, 22, 25, 23, 6, 8, 7, 9, 10, 0, 12, 15, 13, 14, 11, 18, 17, 20, 19, 16, 0]
Elapsed time: 36.395667552948

i:0	89114.91988763654
i:50	66840.84758516322
i:100	66840.84758516322
i:150	66840.84758516322
i:200	66840.84758516322
i:250	66840.84758516322
i:300	66840.84758516322
i:350	66840.84758516322
i:400	66840.84758516322
i:450	66840.84758516322
i:500	66840.84758516322
i:550	66840.84758516322
i:600	66840.84758516322
i:650	66840.84758516322
best: 66840.84758516322
routes: [0, 49, 50, 48, 47, 46, 33, 31, 32, 34, 35, 40, 38, 37, 39, 36, 41, 42, 45, 43, 44, 0, 23, 21, 22, 24, 25, 6, 8, 7, 9, 10, 12, 15, 13, 14, 11, 18, 17, 20, 19, 16, 0, 4, 5, 3, 1, 2, 29, 30, 28, 27, 26, 0]
Elapsed time: 39.13336229324341

i:0	295837.5567371597
i:50	66822.11127330297
i:100	66428.80017786457
i:150	66428.80017786457
i:200	66379.52594106401
i:250	66379.52594106401
i:300	66379.52594106401
i:350	66379.52594106401
i:400	66379.52594106401
i:450	66379.52594106401
i:500	66379.52594106401
i:550	66379.52594106401
i:600	66379.52594106401
i:650	66379.52594106401
best: 66379.52594106401
routes: [0, 4, 5, 3, 1, 2, 44, 43, 41, 42, 45, 24, 21, 22, 25, 23, 6, 8, 7, 9, 10, 0, 26, 28, 27, 29, 30, 39, 36, 38, 37, 40, 33, 31, 32, 34, 35, 50, 49, 48, 47, 46, 0, 14, 13, 12, 15, 11, 18, 17, 20, 19, 16, 0]
Elapsed time: 39.07633328437805

i:0	93556.65471142464
i:50	66461.4499098569
i:100	66461.4499098569
i:150	66461.4499098569
i:200	66461.4499098569
i:250	66461.4499098569
i:300	66461.4499098569
i:350	66461.4499098569
i:400	66461.4499098569
i:450	66461.4499098569
i:500	66461.4499098569
i:550	66461.4499098569
i:600	66461.4499098569
i:650	66461.4499098569
best: 66461.4499098569
routes: [0, 26, 28, 27, 29, 30, 39, 36, 38, 37, 40, 32, 34, 35, 33, 31, 50, 49, 48, 47, 46, 0, 4, 5, 3, 1, 2, 44, 43, 45, 41, 42, 25, 23, 21, 22, 24, 9, 10, 8, 7, 6, 0, 16, 20, 19, 18, 17, 14, 13, 12, 15, 11, 0]
Elapsed time: 34.017457723617554

i:0	98444.91106527156
i:50	66843.24323839127
i:100	66385.79196296951
i:150	66385.79196296951
i:200	66385.79196296951
i:250	66385.79196296951
i:300	66385.79196296951
i:350	66385.79196296951
i:400	66385.79196296951
i:450	66385.79196296951
i:500	66385.79196296951
i:550	66385.79196296951
i:600	66385.79196296951
i:650	66385.79196296951
best: 66385.79196296951
routes: [0, 26, 28, 27, 29, 30, 39, 36, 38, 37, 40, 31, 32, 34, 35, 33, 50, 49, 48, 47, 46, 0, 4, 5, 3, 1, 2, 44, 43, 42, 45, 41, 23, 25, 21, 22, 24, 9, 10, 8, 7, 6, 0, 12, 15, 13, 14, 11, 18, 17, 20, 19, 16, 0]
Elapsed time: 38.06111168861389

mean: 66265.08817725
std: 1115.6745119731588
mean-time: 36.98996660709381
std-time: 1.4923740297629133