i:0	79636.9242254993
i:50	55536.85656910564
i:100	55536.85656910564
i:150	55536.85656910564
i:200	55536.85656910564
i:250	55536.85656910564
i:300	55536.85656910564
i:350	55536.85656910564
i:400	55536.85656910564
i:450	55536.85656910564
i:500	55536.85656910564
i:550	55536.85656910564
i:600	55536.85656910564
i:650	55536.85656910564
best: 55536.85656910564
routes: [0, 46, 48, 47, 49, 50, 34, 35, 33, 32, 31, 40, 38, 37, 39, 36, 28, 30, 29, 27, 26, 45, 41, 44, 43, 42, 0, 1, 2, 4, 3, 5, 23, 25, 22, 21, 24, 7, 9, 8, 10, 6, 11, 12, 14, 13, 15, 17, 16, 20, 19, 18, 0]
Elapsed time: 45.094443798065186

i:0	81726.55990338302
i:50	56321.96995123438
i:100	56321.96995123438
i:150	56321.96995123438
i:200	56321.96995123438
i:250	56321.96995123438
i:300	56321.96995123438
i:350	56321.96995123438
i:400	56321.96995123438
i:450	56321.96995123438
i:500	56321.96995123438
i:550	56321.96995123438
i:600	56321.96995123438
i:650	56321.96995123438
best: 56321.96995123438
routes: [0, 41, 44, 45, 43, 42, 21, 24, 25, 23, 22, 7, 9, 10, 6, 8, 12, 11, 14, 13, 15, 17, 16, 20, 19, 18, 0, 46, 48, 47, 49, 50, 34, 35, 33, 32, 31, 40, 38, 37, 39, 36, 28, 30, 29, 27, 26, 3, 4, 5, 1, 2, 0]
Elapsed time: 46.902504205703735

i:0	88903.66208409437
i:50	57484.07476926212
i:100	57484.07476926212
i:150	57484.07476926212
i:200	57484.07476926212
i:250	57484.07476926212
i:300	57484.07476926212
i:350	57484.07476926212
i:400	57484.07476926212
i:450	57484.07476926212
i:500	57484.07476926212
i:550	57484.07476926212
i:600	57484.07476926212
i:650	57484.07476926212
best: 57484.07476926212
routes: [0, 45, 41, 44, 43, 42, 21, 24, 25, 23, 22, 7, 9, 8, 10, 6, 11, 12, 14, 13, 15, 17, 16, 20, 19, 18, 0, 35, 33, 32, 31, 34, 48, 47, 49, 50, 46, 39, 40, 38, 37, 36, 28, 30, 29, 27, 26, 3, 4, 5, 1, 2, 0]
Elapsed time: 44.47563290596008

i:0	84773.84977901862
i:50	55514.63071034917
i:100	55514.63071034917
i:150	55514.63071034917
i:200	55514.63071034917
i:250	55514.63071034917
i:300	55514.63071034917
i:350	55514.63071034917
i:400	55514.63071034917
i:450	55514.63071034917
i:500	55514.63071034917
i:550	55514.63071034917
i:600	55514.63071034917
i:650	55514.63071034917
best: 55514.63071034917
routes: [0, 19, 18, 17, 20, 16, 15, 13, 11, 12, 14, 6, 8, 10, 9, 7, 23, 25, 22, 24, 21, 43, 42, 45, 41, 44, 0, 46, 48, 47, 49, 50, 34, 35, 33, 32, 31, 40, 38, 37, 39, 36, 28, 30, 29, 27, 26, 3, 4, 5, 1, 2, 0]
Elapsed time: 46.28271174430847

i:0	81809.34876247184
i:50	54481.181572381785
i:100	54481.181572381785
i:150	54481.181572381785
i:200	54481.181572381785
i:250	54481.181572381785
i:300	54481.181572381785
i:350	54481.181572381785
i:400	54481.181572381785
i:450	54481.181572381785
i:500	54481.181572381785
i:550	54481.181572381785
i:600	54481.181572381785
i:650	54481.181572381785
best: 54481.181572381785
routes: [0, 45, 41, 44, 43, 42, 27, 26, 30, 29, 28, 39, 40, 38, 37, 36, 33, 32, 31, 34, 35, 48, 47, 49, 50, 46, 0, 19, 18, 17, 20, 16, 15, 13, 11, 12, 14, 6, 8, 10, 9, 7, 23, 25, 22, 21, 24, 5, 1, 4, 3, 2, 0]
Elapsed time: 40.807907581329346

i:0	81829.5909490322
i:50	55890.58115210579
i:100	55890.58115210579
i:150	55890.58115210579
i:200	55890.58115210579
i:250	55890.58115210579
i:300	55890.58115210579
i:350	55890.58115210579
i:400	55890.58115210579
i:450	55890.58115210579
i:500	55890.58115210579
i:550	55890.58115210579
i:600	55890.58115210579
i:650	55890.58115210579
best: 55890.58115210579
routes: [0, 5, 1, 2, 4, 3, 39, 40, 38, 37, 36, 28, 30, 29, 27, 26, 45, 41, 44, 43, 42, 21, 24, 25, 23, 22, 0, 46, 48, 47, 49, 50, 34, 35, 33, 31, 32, 19, 18, 17, 20, 16, 15, 13, 11, 12, 14, 8, 7, 9, 10, 6, 0]
Elapsed time: 43.7014045715332

i:0	79808.27800929555
i:50	57165.82548679406
i:100	57103.9205077484
i:150	57103.9205077484
i:200	57103.9205077484
i:250	57103.9205077484
i:300	57103.9205077484
i:350	57103.9205077484
i:400	57103.9205077484
i:450	57103.9205077484
i:500	57103.9205077484
i:550	57103.9205077484
i:600	57103.9205077484
i:650	57103.9205077484
best: 57103.9205077484
routes: [0, 19, 18, 17, 16, 20, 13, 15, 11, 12, 14, 6, 8, 10, 9, 7, 23, 22, 21, 24, 25, 43, 42, 45, 41, 44, 0, 5, 1, 2, 4, 3, 27, 26, 30, 29, 28, 39, 37, 36, 40, 38, 33, 32, 31, 34, 35, 48, 47, 49, 50, 46, 0]
Elapsed time: 40.61809849739075

i:0	75348.32625520711
i:50	55332.89061823189
i:100	55332.89061823189
i:150	55332.89061823189
i:200	55332.89061823189
i:250	55332.89061823189
i:300	55332.89061823189
i:350	55332.89061823189
i:400	55332.89061823189
i:450	55332.89061823189
i:500	55332.89061823189
i:550	55332.89061823189
i:600	55332.89061823189
i:650	55332.89061823189
best: 55332.89061823189
routes: [0, 18, 17, 19, 20, 16, 15, 13, 11, 12, 14, 6, 8, 10, 9, 7, 23, 25, 22, 21, 24, 5, 2, 4, 3, 1, 0, 45, 41, 44, 43, 42, 27, 26, 30, 29, 28, 39, 40, 38, 37, 36, 33, 32, 31, 34, 35, 48, 47, 49, 50, 46, 0]
Elapsed time: 43.18247056007385

i:0	84843.278636337
i:50	55890.58115210579
i:100	55890.58115210579
i:150	55890.58115210579
i:200	55890.58115210579
i:250	55890.58115210579
i:300	55890.58115210579
i:350	55890.58115210579
i:400	55890.58115210579
i:450	55890.58115210579
i:500	55890.58115210579
i:550	55890.58115210579
i:600	55890.58115210579
i:650	55890.58115210579
best: 55890.58115210579
routes: [0, 5, 1, 2, 4, 3, 39, 40, 38, 37, 36, 28, 30, 29, 27, 26, 45, 41, 44, 43, 42, 21, 24, 25, 23, 22, 0, 46, 48, 47, 49, 50, 34, 35, 33, 31, 32, 19, 18, 17, 20, 16, 15, 13, 11, 12, 14, 8, 7, 9, 10, 6, 0]
Elapsed time: 49.62631154060364

i:0	87622.15486567016
i:50	54834.342589851905
i:100	54765.546386148155
i:150	54765.546386148155
i:200	54765.546386148155
i:250	54765.546386148155
i:300	54765.546386148155
i:350	54765.546386148155
i:400	54765.546386148155
i:450	54765.546386148155
i:500	54765.546386148155
i:550	54765.546386148155
i:600	54765.546386148155
i:650	54765.546386148155
best: 54765.546386148155
routes: [0, 19, 18, 17, 20, 16, 15, 13, 11, 12, 14, 6, 8, 10, 9, 7, 23, 25, 22, 24, 21, 43, 42, 45, 41, 44, 4, 3, 2, 5, 1, 0, 46, 48, 47, 49, 50, 34, 35, 33, 32, 31, 40, 38, 37, 39, 36, 28, 30, 29, 27, 26, 0]
Elapsed time: 49.43321394920349

mean: 55832.22333886732
std: 894.0382094189692
mean-time: 45.01246993541717
std-time: 2.9726722746769814