i:0	63813.28592103291
i:50	48963.18048051781
i:100	47987.74987264863
i:150	47610.705677315265
i:200	47522.56341640207
i:250	47457.36596919639
i:300	47457.36596919639
i:350	47120.13041058628
i:400	47112.51601484667
i:450	47077.90298997986
i:500	47077.90298997986
i:550	47077.90298997986
i:600	47077.90298997986
i:650	47077.90298997986
best: 47077.90298997986
routes: [0, 21, 23, 22, 24, 25, 27, 26, 29, 30, 28, 36, 39, 37, 34, 31, 32, 33, 35, 38, 40, 0, 1, 2, 4, 3, 6, 5, 8, 7, 10, 9, 12, 13, 14, 17, 16, 15, 20, 19, 18, 11, 50, 49, 48, 47, 46, 45, 44, 43, 41, 42, 0]
Elapsed time: 170.03355526924133

i:0	71555.9666722913
i:50	50848.03903787664
i:100	49633.17930883422
i:150	49602.371474496525
i:200	49523.29834368545
i:250	49333.839520092355
i:300	49029.55945638788
i:350	48963.660004164216
i:400	48950.85620300536
i:450	48950.85620300536
i:500	48950.85620300536
i:550	48950.85620300536
i:600	48950.85620300536
i:650	48885.36554814219
best: 48686.420113770335
routes: [0, 39, 40, 36, 31, 32, 33, 35, 38, 37, 34, 28, 29, 30, 25, 27, 26, 23, 21, 22, 24, 0, 43, 42, 41, 44, 45, 46, 47, 48, 49, 50, 11, 19, 20, 16, 15, 17, 18, 14, 13, 12, 3, 1, 2, 4, 5, 7, 9, 10, 8, 6, 0]
Elapsed time: 184.02526664733887

i:0	62679.00715609007
i:50	48350.84394069499
i:100	47723.05900394093
i:150	47353.34651721062
i:200	46912.9142942397
i:250	46903.30455233806
i:300	46659.11367202741
i:350	46659.11367202741
i:400	46577.05497780301
i:450	46577.05497780301
i:500	46577.05497780301
i:550	46577.05497780301
i:600	46577.05497780301
i:650	46577.05497780301
best: 46515.235663230895
routes: [0, 41, 42, 43, 44, 45, 47, 48, 49, 50, 46, 40, 39, 37, 38, 35, 33, 32, 31, 34, 36, 28, 30, 29, 27, 26, 25, 24, 23, 21, 22, 0, 11, 13, 14, 19, 18, 17, 20, 15, 16, 12, 6, 3, 5, 8, 10, 9, 7, 4, 1, 2, 0]
Elapsed time: 171.55681371688843

i:0	70983.01501076914
i:50	49761.82074297231
i:100	49454.64037115968
i:150	49454.64037115968
i:200	49300.324621956446
i:250	49298.121979392556
i:300	49081.646455186055
i:350	49059.79584983086
i:400	49059.79584983086
i:450	49059.46307718911
i:500	49025.77410110159
i:550	48870.58568326529
i:600	48859.90690582608
i:650	48839.28435260685
best: 48839.28435260685
routes: [0, 36, 37, 38, 35, 33, 32, 31, 34, 39, 40, 28, 29, 30, 26, 27, 23, 21, 22, 25, 24, 0, 43, 42, 41, 45, 44, 46, 47, 48, 49, 50, 11, 19, 20, 15, 16, 17, 18, 14, 13, 12, 6, 5, 4, 7, 9, 10, 8, 3, 1, 2, 0]
Elapsed time: 204.64162063598633

i:0	68109.00144612262
i:50	50112.53444072342
i:100	47853.17296795369
i:150	47560.72714502459
i:200	47040.40153469731
i:250	46996.07675364607
i:300	46516.52338883741
i:350	46516.52338883741
i:400	46516.52338883741
i:450	46516.52338883741
i:500	46516.52338883741
i:550	46438.77876523152
i:600	46438.77876523152
i:650	46438.77876523152
best: 46111.43664695289
routes: [0, 41, 42, 43, 44, 45, 47, 48, 49, 50, 46, 11, 19, 20, 15, 16, 17, 18, 14, 13, 12, 8, 4, 1, 2, 3, 5, 7, 9, 10, 6, 0, 21, 22, 23, 26, 24, 25, 27, 29, 30, 28, 39, 40, 37, 36, 34, 31, 32, 33, 35, 38, 0]
Elapsed time: 185.85090160369873

i:0	59290.34189799169
i:50	47781.398714178715
i:100	47256.03983551562
i:150	46960.66801783124
i:200	46785.23049440021
i:250	46785.23049440021
i:300	46785.23049440021
i:350	46785.23049440021
i:400	46785.23049440021
i:450	46785.23049440021
i:500	46785.23049440021
i:550	46774.551716960996
i:600	46774.551716960996
i:650	46774.551716960996
best: 46774.551716960996
routes: [0, 41, 42, 43, 44, 45, 46, 47, 48, 49, 50, 11, 13, 14, 18, 19, 20, 15, 16, 17, 12, 6, 5, 4, 7, 9, 10, 8, 3, 1, 2, 0, 40, 38, 35, 33, 32, 31, 34, 37, 36, 39, 28, 30, 29, 27, 26, 25, 24, 23, 21, 22, 0]
Elapsed time: 145.88267731666565

i:0	72402.81282340403
i:50	48437.33476919806
i:100	47565.38253693713
i:150	47297.591052958436
i:200	46939.453929636424
i:250	46930.80619221533
i:300	46930.80619221533
i:350	46913.59093740831
i:400	46531.811517522525
i:450	46510.9896442179
i:500	46496.5711516219
i:550	46496.5711516219
i:600	46478.72037948287
i:650	46478.72037948287
best: 46478.72037948287
routes: [0, 21, 22, 23, 26, 24, 25, 27, 29, 30, 28, 39, 40, 37, 36, 34, 31, 32, 33, 35, 38, 41, 42, 43, 44, 45, 47, 48, 49, 50, 46, 0, 11, 14, 13, 18, 19, 20, 16, 15, 17, 12, 3, 1, 2, 4, 5, 7, 9, 10, 8, 6, 0]
Elapsed time: 178.17789435386658

i:0	63410.67092963739
i:50	47893.45263872483
i:100	47554.4438874069
i:150	47121.63115414321
i:200	46464.75758965543
i:250	46454.308000624485
i:300	46454.308000624485
i:350	46454.308000624485
i:400	46454.308000624485
i:450	46262.49772356519
i:500	45941.811933174075
i:550	45941.811933174075
i:600	45941.811933174075
i:650	45941.811933174075
best: 45941.811933174075
routes: [0, 41, 42, 43, 44, 45, 47, 48, 49, 50, 46, 21, 22, 23, 26, 24, 25, 27, 29, 30, 28, 36, 34, 31, 32, 33, 35, 38, 37, 39, 40, 0, 11, 19, 18, 17, 20, 15, 16, 14, 13, 12, 10, 9, 7, 4, 2, 1, 3, 5, 8, 6, 0]
Elapsed time: 163.5882203578949

i:0	63999.52673586245
i:50	49113.62726994448
i:100	48486.86820403899
i:150	47577.397562160375
i:200	47566.41207273405
i:250	47519.51386036824
i:300	47198.101563108066
i:350	47198.101563108066
i:400	47198.101563108066
i:450	47198.101563108066
i:500	47146.407720461524
i:550	47146.407720461524
i:600	47146.407720461524
i:650	47146.407720461524
best: 47146.407720461524
routes: [0, 21, 23, 22, 24, 25, 27, 26, 29, 30, 28, 36, 31, 32, 33, 35, 38, 34, 37, 39, 40, 41, 42, 43, 44, 45, 47, 48, 49, 50, 46, 0, 11, 14, 13, 18, 19, 20, 16, 15, 17, 12, 6, 10, 9, 7, 8, 5, 4, 3, 1, 2, 0]
Elapsed time: 156.4514651298523

i:0	68019.0462366763
i:50	47635.010480445475
i:100	47092.12884459077
i:150	46509.41382087968
i:200	46356.3180007761
i:250	46007.54715212183
i:300	46007.54715212183
i:350	46007.54715212183
i:400	46007.54715212183
i:450	46007.54715212183
i:500	46007.54715212183
i:550	45739.16086208989
i:600	45739.16086208989
i:650	45739.16086208989
best: 45739.16086208989
routes: [0, 46, 50, 49, 47, 48, 45, 44, 43, 41, 42, 40, 39, 37, 38, 35, 33, 32, 31, 34, 36, 28, 30, 29, 27, 26, 25, 24, 23, 21, 22, 0, 11, 14, 13, 18, 19, 20, 16, 15, 17, 12, 10, 9, 7, 8, 5, 4, 2, 1, 3, 6, 0]
Elapsed time: 158.52598643302917

mean: 46931.09323787102
std: 1013.0933022082914
mean-time: 171.87344014644623
std-time: 16.1869638711691