i:0	83586.46723151093
i:50	66606.19088527307
i:100	66271.86472961272
i:150	65372.22371869146
i:200	65372.22371869146
i:250	65372.22371869146
i:300	65372.22371869146
i:350	65372.22371869146
i:400	65372.22371869146
i:450	65372.22371869146
i:500	65372.22371869146
i:550	65372.22371869146
i:600	65372.22371869146
i:650	65372.22371869146
best: 65372.22371869146
routes: [0, 5, 1, 2, 4, 3, 43, 42, 44, 45, 41, 27, 29, 30, 26, 28, 39, 40, 38, 37, 36, 0, 19, 18, 17, 20, 16, 15, 13, 12, 14, 11, 6, 10, 8, 7, 9, 25, 23, 24, 21, 22, 0, 33, 32, 34, 35, 31, 48, 47, 49, 50, 46, 0]
Elapsed time: 37.888375759124756

i:0	89261.38700483218
i:50	67638.15938621662
i:100	67638.15938621662
i:150	67638.15938621662
i:200	67638.15938621662
i:250	67638.15938621662
i:300	67638.15938621662
i:350	67638.15938621662
i:400	67638.15938621662
i:450	67638.15938621662
i:500	67638.15938621662
i:550	67638.15938621662
i:600	67638.15938621662
i:650	67638.15938621662
best: 67638.15938621662
routes: [0, 46, 48, 47, 49, 50, 34, 33, 31, 32, 35, 38, 37, 39, 36, 40, 29, 30, 28, 27, 26, 0, 6, 10, 9, 8, 7, 24, 21, 22, 25, 23, 45, 43, 44, 41, 42, 4, 3, 5, 1, 2, 0, 19, 18, 17, 20, 16, 15, 13, 14, 11, 12, 0]
Elapsed time: 65.28996586799622

i:0	288765.59197321674
i:50	67502.156457628
i:100	67502.156457628
i:150	67502.156457628
i:200	67502.156457628
i:250	67502.156457628
i:300	67502.156457628
i:350	67502.156457628
i:400	67502.156457628
i:450	67502.156457628
i:500	67502.156457628
i:550	67502.156457628
i:600	67502.156457628
i:650	67502.156457628
best: 67502.156457628
routes: [0, 4, 3, 1, 2, 5, 34, 33, 31, 32, 35, 48, 47, 49, 50, 46, 0, 22, 25, 23, 24, 21, 43, 45, 41, 42, 44, 39, 40, 38, 37, 36, 28, 27, 29, 30, 26, 0, 19, 20, 18, 17, 16, 15, 13, 14, 11, 12, 8, 7, 9, 10, 6, 0]
Elapsed time: 36.5642294883728

i:0	84143.3523785958
i:50	66527.8947684385
i:100	66527.8947684385
i:150	66527.8947684385
i:200	66527.8947684385
i:250	66527.8947684385
i:300	66527.8947684385
i:350	66527.8947684385
i:400	66527.8947684385
i:450	66527.8947684385
i:500	66527.8947684385
i:550	66527.8947684385
i:600	66527.8947684385
i:650	66527.8947684385
best: 66527.8947684385
routes: [0, 45, 43, 44, 41, 42, 39, 40, 38, 37, 36, 29, 30, 28, 27, 26, 3, 4, 5, 1, 2, 0, 24, 21, 22, 25, 23, 7, 9, 8, 10, 6, 14, 13, 11, 12, 15, 17, 16, 20, 19, 18, 0, 46, 48, 47, 49, 50, 35, 33, 31, 32, 34, 0]
Elapsed time: 39.79878354072571

i:0	80165.85622724294
i:50	64215.220586202006
i:100	62701.74257532305
i:150	62701.74257532305
i:200	62701.74257532305
i:250	62701.74257532305
i:300	62701.74257532305
i:350	62701.74257532305
i:400	62701.74257532305
i:450	62701.74257532305
i:500	62701.74257532305
i:550	62701.74257532305
i:600	62701.74257532305
i:650	62701.74257532305
best: 62701.74257532305
routes: [0, 3, 4, 5, 1, 2, 45, 43, 44, 41, 42, 21, 22, 24, 25, 23, 7, 9, 8, 10, 6, 0, 46, 48, 47, 49, 50, 34, 35, 33, 32, 31, 40, 38, 37, 39, 36, 29, 30, 28, 27, 26, 0, 19, 18, 17, 20, 16, 15, 13, 14, 11, 12, 0]
Elapsed time: 51.13848042488098

i:0	302511.17048742424
i:50	65280.58749753318
i:100	65280.58749753318
i:150	65280.58749753318
i:200	65280.58749753318
i:250	65280.58749753318
i:300	65280.58749753318
i:350	65280.58749753318
i:400	65280.58749753318
i:450	65280.58749753318
i:500	65280.58749753318
i:550	65280.58749753318
i:600	65280.58749753318
i:650	65280.58749753318
best: 65280.58749753318
routes: [0, 3, 4, 5, 1, 2, 43, 42, 44, 45, 41, 23, 24, 21, 22, 25, 7, 9, 8, 10, 6, 0, 46, 48, 47, 49, 50, 34, 35, 33, 32, 31, 40, 38, 37, 39, 36, 29, 30, 28, 27, 26, 0, 19, 18, 17, 20, 16, 15, 13, 12, 14, 11, 0]
Elapsed time: 38.67402148246765

i:0	285461.72275686916
i:50	64637.305987045605
i:100	63703.19915287641
i:150	63703.19915287641
i:200	63648.12310903446
i:250	63648.12310903446
i:300	63648.12310903446
i:350	63648.12310903446
i:400	63648.12310903446
i:450	63648.12310903446
i:500	63648.12310903446
i:550	63648.12310903446
i:600	63648.12310903446
i:650	63648.12310903446
best: 63648.12310903446
routes: [0, 19, 18, 17, 20, 16, 15, 13, 11, 12, 14, 6, 10, 8, 7, 9, 25, 23, 24, 21, 22, 0, 1, 2, 5, 3, 4, 43, 45, 41, 42, 44, 27, 26, 30, 29, 28, 39, 40, 38, 37, 36, 0, 46, 48, 47, 49, 50, 34, 35, 33, 31, 32, 0]
Elapsed time: 42.73536562919617

i:0	84651.30545618193
i:50	64724.37863879982
i:100	64724.37863879982
i:150	64724.37863879982
i:200	64335.71342213406
i:250	64335.71342213406
i:300	64335.71342213406
i:350	64335.71342213406
i:400	64335.71342213406
i:450	64335.71342213406
i:500	64335.71342213406
i:550	64335.71342213406
i:600	64335.71342213406
i:650	64335.71342213406
best: 64335.71342213406
routes: [0, 3, 5, 1, 2, 4, 43, 42, 44, 45, 41, 27, 26, 30, 29, 28, 39, 40, 38, 37, 36, 0, 19, 18, 17, 20, 16, 15, 13, 14, 11, 12, 6, 10, 9, 8, 7, 25, 23, 24, 21, 22, 0, 46, 48, 47, 49, 50, 34, 35, 33, 31, 32, 0]
Elapsed time: 34.49673533439636

i:0	301618.6336812968
i:50	65736.49073890536
i:100	65736.49073890536
i:150	65736.49073890536
i:200	65736.49073890536
i:250	65736.49073890536
i:300	65736.49073890536
i:350	65736.49073890536
i:400	65736.49073890536
i:450	65736.49073890536
i:500	65736.49073890536
i:550	65736.49073890536
i:600	65736.49073890536
i:650	65736.49073890536
best: 65736.49073890536
routes: [0, 27, 29, 30, 26, 28, 39, 40, 38, 37, 36, 33, 32, 34, 35, 31, 49, 50, 48, 47, 46, 0, 3, 5, 1, 2, 4, 45, 41, 42, 44, 43, 21, 22, 24, 25, 23, 7, 9, 8, 10, 6, 0, 19, 18, 17, 20, 16, 15, 13, 11, 12, 14, 0]
Elapsed time: 38.22816300392151

i:0	88976.66987583063
i:50	67201.4965714262
i:100	67201.4965714262
i:150	65946.83890005296
i:200	65946.83890005296
i:250	65946.83890005296
i:300	65946.83890005296
i:350	65946.83890005296
i:400	65946.83890005296
i:450	65946.83890005296
i:500	65946.83890005296
i:550	65946.83890005296
i:600	65946.83890005296
i:650	65946.83890005296
best: 65946.83890005296
routes: [0, 3, 5, 1, 2, 4, 45, 43, 44, 41, 42, 27, 26, 30, 29, 28, 39, 40, 38, 37, 36, 0, 23, 24, 21, 22, 25, 7, 9, 8, 10, 6, 12, 14, 15, 13, 11, 17, 16, 20, 19, 18, 0, 33, 31, 32, 34, 35, 47, 49, 48, 50, 46, 0]
Elapsed time: 35.088579416275024

mean: 65468.99305739576
std: 1502.0861079750844
mean-time: 41.99026999473572
std-time: 8.984031176994298