i:0	76806.0012538573
i:50	50187.2088679588
i:100	50128.97087545846
i:150	50093.22325660368
i:200	50093.22325660368
i:250	49950.84340741957
i:300	49866.24838991958
i:350	49866.24838991958
i:400	49866.24838991958
i:450	49866.24838991958
i:500	49866.24838991958
i:550	49387.35184344392
i:600	49387.35184344392
i:650	49387.35184344392
best: 49387.35184344392
routes: [0, 41, 42, 43, 44, 45, 46, 47, 48, 49, 50, 11, 19, 18, 20, 15, 16, 17, 12, 13, 14, 0, 36, 37, 34, 31, 32, 33, 35, 38, 40, 39, 28, 29, 30, 26, 27, 25, 24, 23, 21, 22, 0, 1, 2, 3, 5, 4, 7, 9, 10, 8, 6, 0]
Elapsed time: 155.10928416252136

i:0	68639.38693809038
i:50	51616.04960615088
i:100	50771.60242939637
i:150	50302.38300353275
i:200	49855.628180273045
i:250	49751.790366501125
i:300	49751.790366501125
i:350	49641.88813024066
i:400	49641.88813024066
i:450	49480.06354121741
i:500	49480.06354121741
i:550	49457.18298968734
i:600	49430.41873781083
i:650	49430.41873781083
best: 49430.41873781083
routes: [0, 36, 37, 34, 31, 32, 33, 35, 38, 40, 39, 28, 30, 29, 27, 22, 21, 23, 26, 25, 24, 0, 41, 42, 43, 44, 45, 46, 47, 48, 49, 50, 11, 19, 20, 15, 16, 17, 18, 14, 13, 12, 0, 1, 2, 3, 5, 4, 7, 9, 10, 8, 6, 0]
Elapsed time: 153.21794605255127

i:0	72764.6230779712
i:50	48818.69722842569
i:100	47416.23666547685
i:150	47416.23666547685
i:200	47416.23666547685
i:250	47416.23666547685
i:300	47416.23666547685
i:350	47416.23666547685
i:400	47416.23666547685
i:450	47416.23666547685
i:500	47416.23666547685
i:550	47416.23666547685
i:600	47416.23666547685
i:650	47416.23666547685
best: 47416.23666547685
routes: [0, 41, 42, 43, 44, 45, 46, 47, 48, 49, 50, 11, 19, 18, 20, 15, 16, 17, 12, 13, 14, 0, 21, 22, 23, 26, 24, 25, 27, 29, 30, 28, 36, 34, 31, 32, 33, 35, 38, 37, 39, 40, 0, 1, 2, 3, 5, 4, 7, 9, 10, 8, 6, 0]
Elapsed time: 136.6646375656128

i:0	72210.68834704775
i:50	50264.945625516855
i:100	49703.25903358264
i:150	49391.622038802125
i:200	49138.74186226596
i:250	48090.92077469601
i:300	48090.92077469601
i:350	48090.92077469601
i:400	48090.92077469601
i:450	48090.92077469601
i:500	48090.92077469601
i:550	48090.92077469601
i:600	48090.92077469601
i:650	48090.92077469601
best: 48090.92077469601
routes: [0, 21, 22, 23, 26, 24, 25, 27, 29, 30, 28, 36, 37, 34, 31, 32, 33, 35, 38, 39, 40, 0, 41, 42, 43, 44, 45, 46, 47, 48, 49, 50, 11, 14, 13, 12, 17, 15, 16, 20, 19, 18, 0, 1, 2, 3, 5, 4, 7, 9, 10, 8, 6, 0]
Elapsed time: 149.04279780387878

i:0	71871.93117947658
i:50	49564.60506431508
i:100	48540.599459111305
i:150	48081.49002959261
i:200	47778.31112997508
i:250	47778.31112997508
i:300	47778.31112997508
i:350	47778.31112997508
i:400	47778.31112997508
i:450	47778.31112997508
i:500	47778.31112997508
i:550	47778.31112997508
i:600	47778.31112997508
i:650	47778.31112997508
best: 47778.31112997508
routes: [0, 41, 42, 43, 44, 45, 46, 47, 48, 49, 50, 11, 19, 20, 15, 16, 17, 18, 14, 13, 12, 0, 21, 22, 23, 26, 24, 25, 27, 29, 30, 28, 39, 40, 36, 37, 34, 31, 32, 33, 35, 38, 0, 1, 2, 3, 5, 4, 7, 9, 10, 8, 6, 0]
Elapsed time: 133.17719316482544

i:0	65049.72275027851
i:50	50329.43852367311
i:100	49769.51329680963
i:150	49625.128682546165
i:200	48988.213832017274
i:250	48892.12057211151
i:300	48892.12057211151
i:350	48874.01352545849
i:400	48459.6514803637
i:450	48459.6514803637
i:500	48459.6514803637
i:550	48459.6514803637
i:600	48459.6514803637
i:650	48459.6514803637
best: 48459.6514803637
routes: [0, 21, 22, 23, 26, 24, 25, 27, 29, 30, 28, 31, 32, 33, 35, 38, 37, 34, 36, 39, 40, 0, 41, 42, 43, 44, 45, 46, 47, 48, 49, 50, 11, 19, 20, 15, 16, 17, 18, 14, 13, 12, 0, 1, 2, 3, 5, 4, 7, 9, 10, 8, 6, 0]
Elapsed time: 147.03031182289124

i:0	67608.4661962556
i:50	50071.508430234295
i:100	49700.47633998772
i:150	48945.08849175399
i:200	48098.824249478566
i:250	47913.2357367985
i:300	47578.9121823162
i:350	47578.9121823162
i:400	47566.63985192588
i:450	47456.73761566541
i:500	47456.73761566541
i:550	47456.73761566541
i:600	47456.73761566541
i:650	47456.73761566541
best: 47456.73761566541
routes: [0, 21, 22, 23, 26, 24, 25, 27, 29, 30, 28, 36, 34, 31, 32, 33, 35, 38, 37, 39, 40, 0, 41, 42, 43, 44, 45, 47, 48, 46, 49, 50, 11, 19, 18, 20, 15, 16, 17, 12, 13, 14, 0, 1, 2, 3, 5, 4, 7, 9, 10, 8, 6, 0]
Elapsed time: 162.03706312179565

i:0	65473.09732501127
i:50	49481.05801211976
i:100	49027.84722018906
i:150	47714.286718631505
i:200	47600.6827661099
i:250	47600.6827661099
i:300	47600.6827661099
i:350	47600.6827661099
i:400	47600.6827661099
i:450	47600.6827661099
i:500	47600.6827661099
i:550	47600.6827661099
i:600	47600.6827661099
i:650	47600.6827661099
best: 47600.6827661099
routes: [0, 21, 22, 23, 26, 24, 25, 27, 29, 30, 28, 36, 34, 31, 32, 33, 35, 38, 37, 39, 40, 0, 41, 42, 43, 44, 45, 46, 47, 48, 49, 50, 11, 13, 14, 18, 19, 20, 15, 16, 17, 12, 0, 1, 2, 3, 5, 4, 7, 9, 10, 8, 6, 0]
Elapsed time: 129.4056100845337

i:0	67882.12060684602
i:50	52229.10791992281
i:100	50165.10286787349
i:150	49791.23602224334
i:200	49791.23602224334
i:250	49778.96369185301
i:300	49512.307735922
i:350	49512.307735922
i:400	49512.307735922
i:450	49512.307735922
i:500	49512.307735922
i:550	49512.307735922
i:600	49512.307735922
i:650	49512.307735922
best: 49512.307735922
routes: [0, 40, 36, 37, 34, 31, 32, 33, 35, 38, 39, 28, 30, 29, 27, 24, 25, 26, 23, 21, 22, 0, 41, 42, 43, 44, 45, 46, 47, 48, 49, 50, 11, 13, 14, 18, 19, 20, 15, 16, 17, 12, 0, 1, 2, 3, 5, 4, 7, 9, 10, 8, 6, 0]
Elapsed time: 146.0535008907318

i:0	68239.79735617859
i:50	50237.80038945193
i:100	50150.319844715734
i:150	49522.864205388985
i:200	49398.16030315232
i:250	49398.16030315232
i:300	49398.16030315232
i:350	49398.16030315232
i:400	49398.16030315232
i:450	49398.16030315232
i:500	49398.16030315232
i:550	49398.16030315232
i:600	49398.16030315232
i:650	49198.50815297556
best: 49050.05776826673
routes: [0, 21, 22, 23, 26, 25, 24, 27, 29, 30, 28, 39, 37, 40, 36, 34, 31, 32, 33, 35, 38, 0, 13, 12, 17, 15, 16, 20, 19, 18, 14, 11, 50, 49, 47, 48, 46, 45, 44, 43, 41, 42, 0, 1, 2, 3, 5, 4, 7, 9, 10, 8, 6, 0]
Elapsed time: 146.83650374412537

mean: 48418.26765177304
std: 817.0141094638421
mean-time: 145.85748484134675
std-time: 9.643816653203869