i:0	122913.87782226468
i:50	81323.53931965676
i:100	80272.87910370344
i:150	78711.65438310921
i:200	78546.166731159
i:250	77653.1931348648
i:300	77425.30116643678
i:350	76351.71488465286
i:400	76178.71110086118
i:450	76006.40063240603
i:500	75678.97709367328
i:550	75490.190480497
i:600	75346.76800793406
i:650	75232.1806489468
best: 75025.31378718767
routes: [0, 51, 52, 53, 56, 54, 55, 57, 59, 60, 58, 76, 71, 72, 73, 75, 78, 74, 77, 79, 80, 0, 33, 34, 32, 37, 36, 35, 40, 39, 38, 31, 69, 70, 66, 67, 68, 65, 64, 63, 61, 62, 1, 2, 8, 7, 9, 10, 5, 6, 3, 4, 0, 21, 25, 27, 29, 30, 28, 26, 24, 23, 22, 16, 20, 19, 17, 18, 15, 14, 13, 12, 11, 43, 45, 47, 49, 50, 48, 46, 44, 41, 42, 0]
Elapsed time: 278.7923367023468

i:0	110200.13650613441
i:50	81229.53858450537
i:100	78054.74301361303
i:150	77149.23634615164
i:200	76621.9623202456
i:250	76586.02132592798
i:300	75645.05412755441
i:350	73154.7295532748
i:400	72374.40209323625
i:450	72061.3007554864
i:500	72061.3007554864
i:550	72061.3007554864
i:600	71829.17007236101
i:650	71755.57645079857
best: 71618.64705912527
routes: [0, 4, 1, 2, 6, 3, 5, 10, 7, 8, 9, 43, 42, 41, 44, 45, 47, 46, 49, 50, 48, 14, 12, 11, 13, 15, 18, 17, 19, 20, 16, 0, 31, 34, 33, 38, 39, 40, 36, 35, 37, 32, 28, 27, 29, 30, 26, 25, 22, 21, 23, 24, 0, 51, 53, 52, 55, 54, 57, 56, 59, 60, 58, 77, 78, 75, 73, 72, 71, 74, 76, 79, 80, 61, 62, 63, 64, 65, 68, 67, 66, 69, 70, 0]
Elapsed time: 287.0465278625488

i:0	122905.10575783771
i:50	80759.48578805049
i:100	78324.21888030836
i:150	77996.35896927139
i:200	77592.83793019626
i:250	77186.57928055304
i:300	77069.77583008213
i:350	76949.39402826817
i:400	76949.39402826817
i:450	76751.91161710588
i:500	76630.15618232591
i:550	76630.15618232591
i:600	76630.15618232591
i:650	76630.15618232591
best: 76630.15618232591
routes: [0, 51, 52, 53, 56, 55, 54, 57, 59, 60, 58, 76, 77, 79, 74, 71, 72, 73, 75, 78, 80, 0, 11, 12, 14, 15, 16, 13, 18, 20, 19, 17, 48, 46, 49, 50, 47, 45, 44, 41, 42, 43, 9, 10, 5, 6, 7, 8, 2, 1, 3, 4, 0, 21, 22, 23, 24, 26, 25, 27, 29, 30, 28, 32, 33, 34, 37, 36, 35, 40, 39, 38, 31, 69, 70, 64, 62, 61, 63, 65, 68, 67, 66, 0]
Elapsed time: 254.9533314704895

i:0	113716.18800501013
i:50	86994.27516587827
i:100	76427.12082883857
i:150	73519.33355013997
i:200	72232.81191936776
i:250	71700.96698732594
i:300	71600.06061868672
i:350	70948.24228633971
i:400	70932.42901044202
i:450	70621.54231816587
i:500	70621.54231816587
i:550	70621.54231816587
i:600	70109.58835307161
i:650	70015.35935349147
best: 70015.35935349147
routes: [0, 4, 1, 2, 3, 6, 5, 10, 7, 8, 9, 41, 44, 46, 49, 50, 48, 47, 45, 42, 43, 11, 13, 12, 14, 15, 17, 19, 20, 18, 16, 0, 51, 52, 53, 56, 54, 55, 57, 59, 60, 58, 79, 77, 76, 74, 71, 72, 73, 75, 78, 80, 61, 62, 63, 64, 65, 68, 67, 66, 69, 70, 0, 31, 39, 38, 37, 40, 35, 36, 34, 33, 32, 21, 23, 22, 25, 27, 29, 30, 28, 26, 24, 0]
Elapsed time: 260.60312581062317

i:0	117926.05491213151
i:50	86870.75182084352
i:100	81626.199024448
i:150	79754.72936904297
i:200	79754.72936904297
i:250	77751.6344354845
i:300	77714.76219163481
i:350	77394.99806997014
i:400	77300.47105741536
i:450	77300.47105741536
i:500	77054.19373406199
i:550	77054.19373406199
i:600	77054.19373406199
i:650	77054.19373406199
best: 77054.19373406199
routes: [0, 51, 52, 53, 56, 54, 55, 57, 59, 60, 58, 79, 80, 77, 76, 74, 71, 72, 73, 75, 78, 0, 33, 32, 37, 35, 36, 40, 39, 38, 34, 31, 69, 70, 66, 67, 68, 63, 65, 64, 61, 62, 0, 21, 25, 27, 29, 30, 28, 26, 24, 23, 22, 16, 20, 19, 17, 18, 15, 14, 12, 13, 11, 43, 42, 41, 44, 45, 47, 46, 49, 50, 48, 0, 4, 1, 3, 6, 5, 10, 9, 7, 8, 2, 0]
Elapsed time: 262.40162229537964

i:0	124929.06235915751
i:50	85609.47918962389
i:100	83618.74960602084
i:150	82093.0455028319
i:200	81332.14168703803
i:250	80875.48578995484
i:300	80429.16912965402
i:350	80202.43116867966
i:400	79248.19006627827
i:450	79248.19006627827
i:500	79042.15555788163
i:550	78757.59324366393
i:600	78606.08307555603
i:650	78498.28169503142
best: 78456.3549498535
routes: [0, 51, 53, 52, 54, 55, 57, 56, 59, 60, 58, 76, 79, 77, 74, 71, 72, 73, 75, 78, 80, 0, 33, 34, 32, 37, 36, 35, 40, 39, 38, 31, 69, 70, 64, 62, 61, 63, 65, 68, 67, 66, 0, 21, 23, 25, 27, 29, 30, 28, 26, 24, 22, 16, 13, 15, 18, 20, 19, 17, 14, 12, 11, 43, 46, 49, 50, 48, 47, 45, 44, 41, 42, 0, 5, 6, 10, 9, 7, 8, 2, 1, 3, 4, 0]
Elapsed time: 280.0517899990082

i:0	118627.21590349587
i:50	81143.45973242295
i:100	78600.16175031173
i:150	77576.24722149502
i:200	76957.32757857614
i:250	75363.0038462975
i:300	75085.93296692062
i:350	74192.52091353288
i:400	74113.85756958337
i:450	74113.85756958337
i:500	74113.85756958337
i:550	74113.85756958337
i:600	74062.55384445572
i:650	74062.55384445572
best: 73686.48826393155
routes: [0, 4, 3, 5, 6, 10, 7, 9, 8, 2, 1, 31, 38, 39, 40, 35, 36, 37, 32, 33, 34, 0, 51, 52, 53, 56, 54, 55, 57, 59, 60, 58, 79, 80, 78, 75, 73, 72, 71, 74, 77, 76, 61, 62, 63, 64, 65, 68, 67, 66, 69, 70, 0, 43, 48, 47, 45, 42, 41, 44, 46, 49, 50, 17, 19, 20, 18, 14, 12, 11, 13, 15, 16, 22, 21, 23, 26, 25, 27, 29, 30, 28, 24, 0]
Elapsed time: 284.123183965683

i:0	112627.35862085683
i:50	84946.53920279982
i:100	78653.5626768652
i:150	78051.107192241
i:200	77555.60730734575
i:250	77329.82809909097
i:300	77019.60334301328
i:350	77000.23944483038
i:400	76991.23430309766
i:450	76649.98368648994
i:500	76594.83196416152
i:550	76594.83196416152
i:600	76594.83196416152
i:650	76438.95596101102
best: 76159.07614126163
routes: [0, 51, 55, 54, 52, 53, 56, 57, 59, 60, 58, 79, 78, 75, 73, 72, 71, 74, 77, 80, 76, 0, 4, 6, 7, 8, 1, 2, 3, 5, 10, 9, 43, 42, 41, 44, 45, 47, 46, 49, 50, 48, 14, 12, 11, 13, 15, 17, 19, 20, 18, 16, 0, 61, 62, 63, 64, 65, 68, 67, 66, 69, 70, 31, 39, 40, 35, 36, 37, 38, 34, 33, 32, 24, 21, 23, 25, 27, 29, 30, 28, 26, 22, 0]
Elapsed time: 283.86720156669617

i:0	115814.33166071324
i:50	81672.79193497029
i:100	78180.56981219043
i:150	76928.46704210759
i:200	76928.46704210759
i:250	76309.89492677728
i:300	76093.42044089039
i:350	75508.28106641088
i:400	75120.799011481
i:450	74969.036356166
i:500	74969.036356166
i:550	74878.21847877087
i:600	74763.1707320417
i:650	74763.1707320417
best: 74679.45165391802
routes: [0, 21, 23, 25, 27, 29, 30, 28, 26, 24, 22, 16, 14, 12, 11, 13, 15, 18, 20, 19, 17, 48, 43, 42, 41, 44, 45, 47, 46, 49, 50, 0, 1, 3, 2, 8, 7, 9, 10, 5, 6, 4, 31, 39, 40, 35, 36, 37, 38, 34, 33, 32, 0, 54, 55, 57, 56, 52, 51, 53, 59, 60, 58, 79, 80, 77, 78, 75, 73, 72, 71, 74, 76, 61, 62, 63, 64, 65, 68, 67, 66, 69, 70, 0]
Elapsed time: 284.7603645324707

i:0	118752.06678986424
i:50	81476.13893909226
i:100	79043.50214178915
i:150	77384.39835475862
i:200	76783.11841284698
i:250	76568.88605120624
i:300	76460.60148151575
i:350	76460.60148151575
i:400	76327.8109215644
i:450	76082.74823139583
i:500	76060.89762604063
i:550	76060.89762604063
i:600	76060.89762604063
i:650	76060.89762604063
best: 75675.80385694509
routes: [0, 13, 16, 20, 19, 17, 18, 15, 14, 12, 11, 48, 47, 49, 50, 46, 44, 45, 42, 41, 43, 10, 9, 7, 8, 2, 1, 3, 6, 5, 4, 0, 80, 76, 74, 71, 72, 73, 75, 78, 77, 79, 58, 60, 59, 57, 56, 53, 51, 52, 55, 54, 0, 61, 62, 63, 64, 65, 68, 67, 66, 69, 70, 31, 39, 40, 35, 36, 37, 38, 34, 33, 32, 28, 30, 29, 27, 25, 26, 24, 21, 23, 22, 0]
Elapsed time: 261.7715051174164

mean: 74900.0844982102
std: 2421.4198952455736
mean-time: 273.83709893226626
std-time: 11.710992326759937