i:0	122391.6636621708
i:50	87993.39162434755
i:100	85429.42865190866
i:150	85168.97513284735
i:200	84814.29707518118
i:250	83985.66577940722
i:300	83772.28651621295
i:350	83676.09377306368
i:400	83540.9175674721
i:450	83009.3052164261
i:500	82706.29348764344
i:550	82585.83455337209
i:600	82534.61537907839
i:650	82534.61537907839
best: 82534.61537907839
routes: [0, 43, 45, 42, 41, 44, 46, 49, 50, 47, 48, 14, 15, 17, 19, 20, 18, 16, 13, 11, 12, 0, 4, 5, 6, 10, 9, 7, 8, 2, 3, 1, 69, 70, 67, 68, 66, 65, 64, 63, 61, 62, 0, 76, 77, 74, 71, 72, 73, 75, 78, 80, 79, 58, 60, 59, 57, 52, 51, 53, 56, 55, 54, 0, 31, 33, 34, 39, 38, 37, 40, 35, 36, 32, 28, 30, 29, 27, 25, 26, 24, 21, 23, 22, 0]
Elapsed time: 248.5535728931427

i:0	125133.73053055926
i:50	84744.42903032138
i:100	83188.83067399732
i:150	82959.36746089245
i:200	82724.26384944547
i:250	82204.94175789098
i:300	82165.61744051403
i:350	81317.4334615634
i:400	80631.55441862735
i:450	80595.61342430972
i:500	80509.7823990082
i:550	79473.49902069248
i:600	79473.49902069248
i:650	79473.49902069248
best: 79369.43922495552
routes: [0, 4, 5, 6, 3, 1, 2, 8, 7, 9, 10, 43, 48, 47, 45, 42, 41, 44, 46, 49, 50, 0, 21, 24, 23, 22, 25, 27, 29, 30, 28, 26, 16, 15, 18, 20, 19, 17, 14, 13, 11, 12, 0, 51, 52, 53, 56, 54, 55, 57, 59, 60, 58, 76, 74, 71, 72, 73, 75, 78, 77, 79, 80, 0, 61, 62, 63, 64, 65, 68, 66, 67, 69, 70, 31, 34, 33, 38, 39, 40, 35, 36, 37, 32, 0]
Elapsed time: 233.71756267547607

i:0	122985.96348357304
i:50	89118.93852579166
i:100	86380.75173410439
i:150	85617.06384818918
i:200	84967.9871971804
i:250	84295.0673064374
i:300	82953.72870464981
i:350	82525.09147982468
i:400	82440.62183166778
i:450	82134.12996545565
i:500	82030.21854175898
i:550	82030.21854175898
i:600	82030.21854175898
i:650	81996.98623231697
best: 81945.9724206991
routes: [0, 76, 77, 74, 71, 72, 73, 75, 78, 80, 79, 58, 59, 60, 56, 52, 51, 53, 57, 55, 54, 0, 31, 39, 40, 35, 36, 37, 38, 34, 33, 32, 30, 28, 27, 29, 25, 26, 24, 21, 23, 22, 0, 43, 42, 41, 44, 46, 45, 47, 49, 50, 48, 12, 11, 13, 14, 17, 19, 20, 18, 15, 16, 0, 4, 3, 6, 5, 10, 9, 7, 8, 2, 1, 69, 70, 66, 67, 68, 65, 64, 63, 61, 62, 0]
Elapsed time: 254.96071696281433

i:0	117999.75643533764
i:50	86835.36029136316
i:100	83997.25040549529
i:150	83003.14464808081
i:200	82612.81185992554
i:250	82525.45075428742
i:300	82396.84297882937
i:350	81882.03397885869
i:400	81352.0085576773
i:450	81334.15778553826
i:500	81196.23065090016
i:550	81194.01253465297
i:600	81194.01253465297
i:650	81194.01253465297
best: 81194.01253465297
routes: [0, 31, 34, 33, 38, 39, 40, 36, 35, 37, 32, 28, 30, 29, 27, 25, 26, 24, 21, 23, 22, 0, 51, 52, 53, 56, 59, 60, 58, 57, 55, 54, 8, 9, 7, 10, 5, 6, 2, 1, 3, 4, 0, 76, 74, 71, 72, 73, 75, 78, 79, 77, 80, 61, 62, 63, 64, 65, 67, 68, 66, 69, 70, 0, 43, 48, 47, 45, 42, 41, 44, 46, 49, 50, 14, 12, 11, 13, 15, 17, 19, 20, 18, 16, 0]
Elapsed time: 253.2220778465271

i:0	113138.62292231544
i:50	88652.38361574357
i:100	84004.91877751671
i:150	82639.20145189224
i:200	82603.26045757462
i:250	82531.41431461382
i:300	82520.15079465481
i:350	82423.8699926527
i:400	82380.61064480028
i:450	82072.06809044785
i:500	81918.8588071648
i:550	81618.03246282304
i:600	81618.03246282304
i:650	81615.43216551449
best: 81584.04624165251
routes: [0, 13, 15, 18, 16, 20, 19, 17, 14, 12, 11, 43, 45, 47, 48, 49, 50, 46, 44, 41, 42, 0, 4, 3, 6, 5, 10, 7, 9, 8, 2, 1, 61, 62, 63, 64, 65, 68, 66, 67, 69, 70, 0, 31, 34, 33, 38, 39, 40, 36, 35, 37, 32, 21, 23, 22, 25, 27, 29, 30, 28, 26, 24, 0, 51, 52, 53, 56, 55, 54, 57, 59, 60, 58, 79, 77, 80, 76, 74, 71, 72, 73, 75, 78, 0]
Elapsed time: 238.71378636360168

i:0	123697.34854663498
i:50	89691.34980613565
i:100	86498.01752415331
i:150	85152.24617058304
i:200	83994.90009371734
i:250	83761.8860840122
i:300	83399.5085545687
i:350	82843.01164045844
i:400	82359.13680422783
i:450	82260.55165800224
i:500	82260.55165800224
i:550	82260.55165800224
i:600	82260.55165800224
i:650	82260.55165800224
best: 82260.55165800224
routes: [0, 4, 1, 3, 6, 5, 10, 9, 7, 8, 2, 61, 62, 63, 64, 65, 67, 68, 66, 69, 70, 0, 43, 45, 42, 41, 44, 46, 49, 50, 47, 48, 17, 19, 20, 18, 15, 14, 12, 11, 13, 16, 0, 76, 71, 72, 73, 75, 78, 74, 77, 79, 80, 58, 52, 51, 53, 56, 59, 60, 57, 55, 54, 0, 21, 22, 23, 24, 26, 25, 29, 27, 28, 30, 35, 36, 37, 40, 39, 38, 31, 34, 33, 32, 0]
Elapsed time: 237.61347365379333

i:0	127863.2561870809
i:50	86052.69545065679
i:100	84227.6942981694
i:150	83659.22558741682
i:200	83599.56518121922
i:250	81931.75457668057
i:300	81263.2082371051
i:350	80469.15705002623
i:400	79812.28348553844
i:450	79812.28348553844
i:500	79812.28348553844
i:550	79729.74616149845
i:600	79729.74616149845
i:650	79729.74616149845
best: 79729.74616149845
routes: [0, 21, 24, 23, 22, 25, 27, 29, 30, 28, 26, 16, 20, 19, 17, 18, 15, 14, 13, 11, 12, 0, 4, 5, 10, 6, 3, 1, 2, 8, 7, 9, 43, 48, 47, 45, 42, 41, 44, 46, 49, 50, 0, 61, 62, 63, 64, 65, 66, 67, 68, 69, 70, 31, 39, 38, 37, 40, 35, 36, 32, 33, 34, 0, 51, 52, 53, 56, 54, 55, 57, 59, 60, 58, 76, 74, 71, 72, 73, 75, 78, 77, 79, 80, 0]
Elapsed time: 220.96193099021912

i:0	125153.1122622919
i:50	84824.82285629999
i:100	82658.24788616603
i:150	82303.76037030638
i:200	81729.46323485249
i:250	81435.86392840579
i:300	81073.88083649585
i:350	80938.98857409615
i:400	80751.74571394299
i:450	80751.74571394299
i:500	80751.74571394299
i:550	80751.74571394299
i:600	80751.74571394299
i:650	80751.74571394299
best: 80751.74571394299
routes: [0, 43, 45, 42, 41, 44, 46, 49, 50, 47, 48, 14, 12, 11, 13, 15, 18, 17, 19, 20, 16, 0, 4, 1, 3, 6, 5, 10, 9, 7, 8, 2, 61, 62, 63, 64, 65, 68, 67, 69, 70, 66, 0, 51, 52, 53, 56, 54, 55, 57, 59, 60, 58, 79, 80, 76, 77, 74, 71, 72, 73, 75, 78, 0, 31, 34, 33, 38, 39, 40, 36, 35, 37, 32, 21, 23, 25, 27, 29, 30, 28, 26, 24, 22, 0]
Elapsed time: 267.89954686164856

i:0	116996.0979464933
i:50	91260.13839102548
i:100	84768.84019474813
i:150	83215.99250802348
i:200	82754.92967546398
i:250	80786.26658818136
i:300	80501.58272872173
i:350	80167.60157631905
i:400	80152.48802744654
i:450	80152.48802744654
i:500	80152.48802744654
i:550	79888.24143162835
i:600	79888.24143162835
i:650	79888.24143162835
best: 79397.5105775403
routes: [0, 11, 12, 13, 14, 15, 18, 17, 19, 20, 16, 25, 27, 29, 30, 28, 26, 24, 21, 23, 22, 0, 33, 34, 32, 37, 35, 36, 40, 39, 38, 31, 69, 70, 66, 67, 68, 65, 64, 63, 61, 62, 0, 4, 1, 2, 3, 6, 5, 10, 7, 8, 9, 43, 42, 41, 44, 46, 49, 50, 47, 45, 48, 0, 51, 52, 53, 56, 54, 55, 57, 59, 60, 58, 79, 80, 76, 77, 74, 71, 72, 73, 75, 78, 0]
Elapsed time: 236.3182611465454

i:0	128083.37965010815
i:50	90015.49787182739
i:100	88943.2529539696
i:150	88161.86451914467
i:200	86992.12754437039
i:250	86577.31528378862
i:300	85999.02705145671
i:350	85552.28513851034
i:400	85240.93404836167
i:450	85240.93404836167
i:500	85223.37247920842
i:550	85151.34662103443
i:600	84305.18350788443
i:650	84235.91444037578
best: 84235.91444037578
routes: [0, 4, 5, 6, 10, 9, 7, 8, 2, 3, 1, 65, 68, 67, 69, 70, 66, 64, 63, 61, 62, 0, 76, 74, 71, 72, 73, 75, 78, 77, 79, 80, 58, 52, 51, 53, 56, 59, 60, 57, 55, 54, 0, 31, 39, 38, 37, 40, 35, 36, 34, 33, 32, 24, 21, 23, 22, 26, 25, 27, 29, 30, 28, 0, 13, 15, 18, 16, 20, 19, 17, 14, 12, 11, 43, 42, 41, 45, 44, 46, 49, 50, 47, 48, 0]
Elapsed time: 264.18068838119507

mean: 81300.35543523982
std: 1472.7027441593295
mean-time: 245.61416177749635
std-time: 13.937483380282575