i:0	114581.3168821426
i:50	92548.20483868118
i:100	89356.58157776212
i:150	81947.39709998915
i:200	79416.17559904045
i:250	79295.16519865206
i:300	78789.18389714012
i:350	78789.18389714012
i:400	78237.35069685633
i:450	78097.71390200926
i:500	78084.41724418601
i:550	78084.41724418601
i:600	78084.41724418601
i:650	78081.78065573196
best: 78081.78065573196
routes: [0, 41, 42, 43, 46, 44, 45, 47, 48, 62, 60, 61, 59, 58, 57, 63, 64, 50, 49, 51, 52, 53, 55, 56, 54, 0, 28, 27, 26, 30, 29, 31, 32, 25, 80, 79, 78, 76, 77, 75, 73, 74, 1, 3, 2, 8, 7, 5, 6, 4, 0, 68, 70, 67, 66, 69, 65, 71, 72, 33, 36, 38, 39, 37, 34, 35, 40, 15, 12, 10, 9, 11, 13, 16, 14, 18, 17, 19, 21, 23, 24, 22, 20, 0]
Elapsed time: 229.2350881099701

i:0	109469.88696874106
i:50	87198.6319827564
i:100	86459.11768106918
i:150	78225.2929914048
i:200	75721.21137259199
i:250	75399.94929439752
i:300	74128.99084361002
i:350	73914.92725346301
i:400	73773.66507590764
i:450	73773.66507590764
i:500	73773.66507590764
i:550	73773.66507590764
i:600	73761.70763636961
i:650	73360.56430132917
best: 73360.56430132917
routes: [0, 35, 34, 37, 40, 39, 38, 36, 33, 72, 71, 65, 66, 69, 67, 68, 70, 7, 8, 2, 1, 3, 6, 5, 4, 0, 41, 42, 43, 46, 44, 45, 47, 48, 63, 62, 60, 58, 57, 59, 61, 64, 50, 49, 51, 52, 53, 56, 54, 55, 80, 79, 78, 76, 77, 75, 73, 74, 0, 25, 28, 27, 26, 32, 31, 30, 29, 24, 23, 21, 22, 20, 17, 19, 18, 14, 16, 13, 15, 12, 11, 9, 10, 0]
Elapsed time: 224.31885933876038

i:0	114746.82428383628
i:50	87746.10422320745
i:100	86172.98114531959
i:150	85837.42395853082
i:200	85224.49907083777
i:250	85224.49907083777
i:300	85224.49907083777
i:350	84374.72937975795
i:400	84374.72937975795
i:450	84374.72937975795
i:500	84374.72937975795
i:550	84374.72937975795
i:600	77419.3752937086
i:650	77073.67976327504
best: 77020.80856376994
routes: [0, 73, 74, 75, 76, 77, 80, 79, 78, 54, 55, 56, 53, 52, 51, 50, 49, 64, 60, 61, 59, 58, 57, 63, 62, 7, 8, 2, 1, 3, 6, 5, 4, 0, 11, 14, 13, 15, 16, 12, 10, 9, 40, 39, 38, 36, 37, 35, 34, 33, 72, 71, 65, 66, 69, 67, 70, 68, 44, 45, 47, 48, 46, 43, 41, 42, 0, 27, 28, 25, 32, 31, 30, 29, 26, 17, 19, 18, 21, 23, 24, 22, 20, 0]
Elapsed time: 235.94470858573914

i:0	118668.87497717142
i:50	93261.11789602175
i:100	87020.69761272517
i:150	81873.37233598478
i:200	80364.38558690042
i:250	78911.61078415214
i:300	78683.60494851839
i:350	78683.60494851839
i:400	78683.60494851839
i:450	78561.02924554577
i:500	78561.02924554577
i:550	78561.02924554577
i:600	78561.02924554577
i:650	78561.02924554577
best: 78485.69237455801
routes: [0, 60, 58, 57, 59, 61, 64, 63, 62, 48, 42, 41, 43, 46, 47, 45, 44, 7, 8, 2, 1, 3, 6, 5, 4, 0, 70, 68, 67, 66, 69, 65, 71, 72, 33, 36, 38, 39, 37, 34, 35, 40, 15, 16, 13, 12, 10, 9, 11, 14, 21, 23, 24, 22, 20, 17, 19, 18, 0, 54, 55, 56, 53, 52, 51, 50, 49, 73, 74, 75, 76, 77, 80, 79, 78, 25, 28, 27, 32, 30, 29, 31, 26, 0]
Elapsed time: 218.16648983955383

i:0	113567.26932367103
i:50	90799.06995332139
i:100	79371.86708560844
i:150	78462.95079362676
i:200	77578.96227197096
i:250	76487.00960917499
i:300	76487.00960917499
i:350	76365.48574858396
i:400	76273.29206371022
i:450	76273.29206371022
i:500	76273.29206371022
i:550	76241.07568973652
i:600	76241.07568973652
i:650	76241.07568973652
best: 76202.83598855327
routes: [0, 41, 42, 43, 46, 44, 45, 47, 48, 63, 62, 60, 58, 57, 59, 61, 64, 50, 49, 51, 52, 53, 55, 54, 56, 0, 73, 74, 75, 76, 77, 80, 79, 78, 25, 27, 28, 32, 30, 29, 31, 26, 24, 23, 21, 22, 20, 17, 19, 18, 14, 16, 13, 15, 12, 11, 9, 10, 0, 4, 5, 6, 3, 1, 2, 8, 7, 70, 68, 67, 66, 69, 65, 71, 72, 33, 36, 38, 39, 37, 34, 35, 40, 0]
Elapsed time: 218.47843861579895

i:0	123415.4677926545
i:50	94405.14736808551
i:100	90194.56236102726
i:150	80520.09634385418
i:200	79254.21861775359
i:250	78506.48581665449
i:300	78042.72804322373
i:350	78042.72804322373
i:400	78042.72804322373
i:450	78042.72804322373
i:500	78042.72804322373
i:550	78042.72804322373
i:600	78042.72804322373
i:650	78001.98161131429
best: 78001.98161131429
routes: [0, 25, 28, 27, 26, 32, 31, 30, 29, 24, 23, 21, 22, 20, 17, 19, 18, 14, 16, 13, 15, 12, 11, 9, 10, 5, 7, 8, 2, 1, 3, 6, 4, 0, 35, 34, 37, 40, 39, 38, 36, 33, 71, 65, 67, 66, 69, 72, 70, 68, 44, 45, 47, 48, 46, 43, 41, 42, 0, 78, 79, 74, 73, 75, 76, 77, 80, 54, 55, 56, 53, 52, 51, 50, 49, 64, 61, 59, 58, 57, 63, 60, 62, 0]
Elapsed time: 230.48340463638306

i:0	112469.2825730642
i:50	86870.36943630691
i:100	80735.76838665584
i:150	80296.94095275886
i:200	79986.66631118572
i:250	79986.66631118572
i:300	79952.21325490836
i:350	79945.39889311987
i:400	79945.39889311987
i:450	79945.39889311987
i:500	79945.39889311987
i:550	79945.39889311987
i:600	79945.39889311987
i:650	79945.39889311987
best: 79945.39889311987
routes: [0, 78, 79, 77, 76, 73, 80, 75, 74, 51, 52, 50, 49, 53, 55, 56, 54, 25, 28, 27, 32, 30, 29, 31, 26, 0, 17, 19, 18, 20, 22, 24, 23, 21, 14, 16, 13, 11, 9, 10, 12, 15, 40, 39, 38, 36, 37, 35, 34, 33, 72, 71, 65, 66, 69, 67, 70, 68, 0, 4, 1, 3, 5, 6, 7, 8, 2, 60, 57, 59, 58, 61, 64, 63, 62, 48, 46, 47, 45, 44, 43, 41, 42, 0]
Elapsed time: 221.36573195457458

i:0	124003.08320751604
i:50	88098.73111290079
i:100	80258.68921504154
i:150	79998.40251880743
i:200	79972.82375149411
i:250	79972.82375149411
i:300	79972.82375149411
i:350	79972.82375149411
i:400	79768.0422625258
i:450	79765.62725956578
i:500	79765.62725956578
i:550	79765.62725956578
i:600	79765.62725956578
i:650	79765.62725956578
best: 79765.62725956578
routes: [0, 75, 74, 73, 79, 77, 76, 80, 78, 51, 52, 49, 50, 53, 55, 56, 54, 25, 32, 30, 29, 31, 28, 27, 26, 0, 4, 1, 2, 3, 5, 6, 7, 8, 60, 63, 64, 61, 59, 58, 57, 62, 48, 46, 47, 45, 44, 43, 41, 42, 0, 70, 68, 67, 66, 69, 65, 71, 72, 33, 36, 38, 39, 37, 34, 35, 40, 15, 12, 10, 9, 11, 13, 16, 14, 18, 17, 19, 21, 23, 24, 22, 20, 0]
Elapsed time: 212.5633041858673

i:0	124811.1771148683
i:50	82072.02120451795
i:100	77147.41969111383
i:150	76847.9828108939
i:200	76114.38497538828
i:250	75549.12128694747
i:300	75410.37432465976
i:350	75410.37432465976
i:400	75410.37432465976
i:450	75410.37432465976
i:500	75410.37432465976
i:550	75410.37432465976
i:600	75410.37432465976
i:650	75410.37432465976
best: 75410.37432465976
routes: [0, 54, 55, 56, 53, 52, 51, 50, 49, 64, 61, 59, 58, 57, 63, 60, 62, 48, 46, 47, 45, 44, 43, 41, 42, 0, 4, 5, 6, 3, 1, 2, 8, 7, 70, 68, 67, 66, 69, 65, 71, 72, 33, 36, 38, 39, 37, 34, 35, 40, 15, 16, 13, 12, 10, 9, 11, 14, 0, 73, 74, 75, 76, 77, 80, 79, 78, 25, 27, 28, 32, 30, 29, 31, 26, 17, 19, 18, 21, 23, 24, 22, 20, 0]
Elapsed time: 214.16204833984375

i:0	121158.44852091152
i:50	79974.10529490218
i:100	77718.4410846391
i:150	76780.26635179091
i:200	75992.85790767249
i:250	75194.76628734276
i:300	74350.46755296289
i:350	74242.63220813479
i:400	74121.39968392218
i:450	74108.10302609895
i:500	74089.38746177027
i:550	74050.06884706774
i:600	74043.577506071
i:650	74043.577506071
best: 74043.577506071
routes: [0, 4, 1, 2, 3, 5, 6, 7, 8, 70, 68, 67, 66, 69, 65, 71, 72, 33, 36, 38, 39, 37, 34, 35, 40, 15, 12, 10, 9, 11, 13, 16, 14, 0, 41, 42, 43, 46, 44, 45, 47, 48, 62, 60, 61, 59, 58, 57, 63, 64, 50, 49, 51, 52, 53, 56, 54, 55, 80, 79, 78, 76, 77, 75, 73, 74, 0, 25, 28, 27, 32, 30, 29, 31, 26, 17, 19, 18, 22, 21, 23, 24, 20, 0]
Elapsed time: 228.74449825286865

mean: 77031.86414786731
std: 2141.124781981227
mean-time: 223.34625718593597
std-time: 7.276640967752141