i:0	133222.9652064018
i:50	92344.39378150171
i:100	91354.73455720524
i:150	91122.490219397
i:200	90695.11877038119
i:250	90019.46861537168
i:300	89795.49870691341
i:350	89795.49870691341
i:400	89795.49870691341
i:450	89795.49870691341
i:500	89795.49870691341
i:550	89624.49898254426
i:600	89624.49898254426
i:650	89624.49898254426
best: 89624.49898254426
routes: [0, 75, 77, 80, 79, 78, 76, 73, 74, 50, 49, 51, 52, 53, 55, 56, 54, 0, 4, 5, 6, 3, 1, 2, 8, 7, 68, 67, 69, 72, 71, 65, 66, 70, 0, 41, 42, 43, 46, 44, 45, 47, 48, 63, 64, 61, 59, 58, 57, 62, 60, 0, 11, 14, 13, 15, 16, 12, 10, 9, 40, 39, 37, 38, 36, 33, 35, 34, 0, 25, 28, 27, 30, 29, 31, 32, 26, 24, 23, 21, 22, 20, 19, 17, 18, 0]
Elapsed time: 179.4735951423645

i:0	124617.34364481567
i:50	95619.11195169186
i:100	90425.91517076992
i:150	88764.52285013939
i:200	88383.79836551212
i:250	87757.34342666542
i:300	87304.2601813055
i:350	87304.2601813055
i:400	87304.2601813055
i:450	87292.30274176746
i:500	87292.30274176746
i:550	87292.30274176746
i:600	87292.30274176746
i:650	87292.30274176746
best: 87292.30274176746
routes: [0, 41, 42, 43, 46, 44, 45, 47, 48, 60, 63, 64, 61, 59, 58, 57, 62, 0, 35, 34, 37, 40, 39, 38, 36, 33, 71, 72, 69, 67, 65, 66, 70, 68, 0, 4, 3, 1, 2, 7, 8, 6, 5, 9, 11, 10, 12, 13, 15, 16, 14, 0, 73, 74, 75, 76, 77, 80, 79, 78, 54, 55, 56, 53, 50, 49, 51, 52, 0, 25, 27, 28, 32, 31, 30, 29, 26, 24, 23, 21, 22, 18, 17, 19, 20, 0]
Elapsed time: 188.18264985084534

i:0	128327.5863568359
i:50	95702.1947269338
i:100	89083.67980139331
i:150	88857.18972518004
i:200	88552.61624824771
i:250	88552.61624824771
i:300	88552.61624824771
i:350	88552.61624824771
i:400	88552.61624824771
i:450	88552.61624824771
i:500	88552.61624824771
i:550	88552.61624824771
i:600	88552.61624824771
i:650	88552.61624824771
best: 88552.61624824771
routes: [0, 73, 74, 75, 76, 77, 80, 79, 78, 54, 55, 56, 53, 50, 49, 51, 52, 0, 4, 1, 2, 3, 5, 6, 7, 8, 68, 67, 69, 72, 71, 65, 66, 70, 0, 25, 28, 27, 32, 31, 30, 29, 26, 24, 23, 21, 22, 20, 17, 19, 18, 0, 40, 39, 37, 38, 36, 33, 34, 35, 9, 11, 10, 12, 13, 15, 16, 14, 0, 41, 42, 43, 46, 44, 45, 47, 48, 63, 64, 61, 59, 58, 57, 62, 60, 0]
Elapsed time: 171.3134961128235

i:0	143274.41626590161
i:50	95337.35047935089
i:100	89926.10641363249
i:150	89901.32130597142
i:200	89485.7844607823
i:250	89309.69869645804
i:300	88413.15151041193
i:350	88103.59918987166
i:400	88103.59918987166
i:450	88103.59918987166
i:500	87598.74212582762
i:550	87469.0951552784
i:600	87456.09279929186
i:650	87452.11985115532
best: 87291.41744519581
routes: [0, 4, 3, 1, 2, 7, 8, 6, 5, 9, 11, 10, 12, 13, 15, 16, 14, 0, 73, 74, 75, 77, 80, 79, 78, 76, 54, 55, 56, 53, 50, 49, 51, 52, 0, 25, 28, 27, 26, 32, 31, 30, 29, 24, 23, 21, 22, 20, 17, 19, 18, 0, 64, 61, 59, 58, 57, 63, 60, 62, 48, 46, 47, 45, 44, 43, 41, 42, 0, 35, 40, 39, 38, 36, 37, 34, 33, 71, 72, 69, 67, 65, 66, 70, 68, 0]
Elapsed time: 193.38771057128906

i:0	120405.74918921661
i:50	89276.76942744265
i:100	88825.97972934583
i:150	88825.97972934583
i:200	88809.0246882437
i:250	88679.21387510678
i:300	88505.77739593903
i:350	88505.77739593903
i:400	88505.77739593903
i:450	88505.77739593903
i:500	88505.77739593903
i:550	88505.77739593903
i:600	88505.77739593903
i:650	88505.77739593903
best: 88505.77739593903
routes: [0, 73, 74, 75, 76, 77, 80, 79, 78, 54, 55, 56, 53, 50, 49, 51, 52, 0, 4, 5, 6, 3, 1, 2, 8, 7, 68, 67, 69, 72, 71, 65, 66, 70, 0, 35, 34, 33, 36, 38, 39, 37, 40, 15, 16, 13, 12, 10, 9, 11, 14, 0, 41, 42, 43, 46, 44, 45, 47, 48, 64, 61, 59, 58, 57, 63, 60, 62, 0, 25, 28, 31, 30, 29, 32, 27, 26, 24, 23, 21, 22, 20, 17, 19, 18, 0]
Elapsed time: 174.4548110961914

i:0	147671.22646798706
i:50	93374.1232900589
i:100	89178.21857739771
i:150	88649.55694093053
i:200	88556.79284338326
i:250	88481.12710635808
i:300	88329.07585174403
i:350	88329.07585174403
i:400	88329.07585174403
i:450	88329.07585174403
i:500	88329.07585174403
i:550	88329.07585174403
i:600	88329.07585174403
i:650	88329.07585174403
best: 88329.07585174403
routes: [0, 4, 5, 6, 3, 1, 2, 8, 7, 9, 11, 10, 12, 13, 15, 16, 14, 0, 35, 34, 37, 40, 39, 38, 36, 33, 71, 72, 69, 67, 65, 66, 70, 68, 0, 73, 74, 75, 76, 77, 80, 79, 78, 54, 55, 56, 53, 50, 49, 51, 52, 0, 60, 58, 57, 59, 61, 64, 63, 62, 48, 43, 41, 42, 46, 47, 45, 44, 0, 17, 19, 18, 21, 24, 23, 22, 20, 26, 30, 29, 31, 32, 25, 27, 28, 0]
Elapsed time: 183.40234231948853

i:0	126538.79094218806
i:50	90502.69904346969
i:100	89078.54051676029
i:150	88755.26808453728
i:200	88496.18652856057
i:250	88496.18652856057
i:300	88496.18652856057
i:350	88496.18652856057
i:400	88496.18652856057
i:450	88496.18652856057
i:500	88496.18652856057
i:550	88496.18652856057
i:600	88496.18652856057
i:650	88496.18652856057
best: 88496.18652856057
routes: [0, 60, 63, 64, 61, 59, 58, 57, 62, 48, 46, 47, 45, 44, 43, 41, 42, 0, 35, 40, 39, 38, 36, 37, 34, 33, 71, 72, 69, 67, 65, 66, 70, 68, 0, 4, 3, 1, 2, 7, 8, 6, 5, 9, 11, 10, 12, 13, 15, 16, 14, 0, 73, 74, 75, 77, 80, 79, 78, 76, 54, 55, 56, 53, 50, 49, 51, 52, 0, 17, 19, 18, 21, 24, 23, 22, 20, 26, 30, 29, 31, 32, 25, 27, 28, 0]
Elapsed time: 164.66751170158386

i:0	123307.6460578272
i:50	92347.06496528377
i:100	91062.23985264412
i:150	90204.86662099032
i:200	89456.1463709255
i:250	89456.1463709255
i:300	89456.1463709255
i:350	89456.1463709255
i:400	89278.0421437147
i:450	89050.59147776198
i:500	89036.69446426239
i:550	89036.69446426239
i:600	89036.69446426239
i:650	89036.69446426239
best: 89036.69446426239
routes: [0, 11, 14, 13, 15, 16, 12, 10, 9, 40, 39, 37, 38, 36, 33, 35, 34, 0, 4, 1, 2, 3, 5, 6, 7, 8, 68, 67, 69, 72, 71, 65, 66, 70, 0, 41, 42, 43, 46, 44, 45, 47, 48, 64, 61, 59, 58, 57, 63, 60, 62, 0, 25, 28, 27, 26, 32, 31, 30, 29, 24, 23, 21, 22, 20, 17, 19, 18, 0, 54, 55, 56, 53, 52, 51, 50, 49, 73, 74, 75, 76, 77, 80, 79, 78, 0]
Elapsed time: 184.30428171157837

i:0	330903.0979624591
i:50	91651.96880486638
i:100	91102.89331044734
i:150	90691.76049985658
i:200	90495.05783919133
i:250	90395.68232571062
i:300	90031.98811551182
i:350	90031.98811551182
i:400	90031.98811551182
i:450	90031.98811551182
i:500	90031.98811551182
i:550	90031.98811551182
i:600	89973.33311663989
i:650	89885.7920609257
best: 89798.57045284448
routes: [0, 17, 19, 18, 21, 24, 23, 22, 20, 26, 30, 29, 31, 32, 27, 28, 25, 0, 4, 5, 6, 3, 1, 2, 8, 7, 70, 68, 67, 69, 72, 71, 65, 66, 0, 11, 14, 13, 15, 16, 12, 10, 9, 35, 34, 33, 36, 38, 39, 37, 40, 0, 73, 74, 75, 77, 80, 79, 78, 76, 54, 55, 56, 53, 50, 49, 51, 52, 0, 60, 58, 57, 59, 61, 64, 63, 62, 48, 46, 47, 45, 44, 43, 41, 42, 0]
Elapsed time: 178.0726170539856

i:0	120944.87510080519
i:50	95563.43414107706
i:100	89894.6293964474
i:150	88717.31194573102
i:200	88553.21817035197
i:250	88553.21817035197
i:300	88553.21817035197
i:350	88553.21817035197
i:400	88553.21817035197
i:450	88553.21817035197
i:500	88235.84824929175
i:550	87711.4319810789
i:600	87546.75662698287
i:650	87546.75662698287
best: 87546.75662698287
routes: [0, 25, 28, 27, 26, 32, 31, 30, 29, 24, 23, 21, 22, 20, 17, 19, 18, 0, 4, 3, 1, 2, 7, 8, 6, 5, 9, 11, 10, 12, 13, 15, 16, 14, 0, 35, 40, 39, 38, 36, 37, 34, 33, 71, 72, 69, 67, 65, 66, 70, 68, 0, 41, 42, 43, 46, 44, 45, 47, 48, 60, 63, 64, 61, 59, 58, 57, 62, 0, 54, 55, 56, 53, 52, 51, 50, 49, 73, 74, 75, 76, 77, 80, 79, 78, 0]
Elapsed time: 183.27465558052063

mean: 88447.38967380885
std: 840.8956242554567
mean-time: 180.05336711406707
std-time: 7.951514259515624