i:0	143289.07120907927
i:50	109499.22665583814
i:100	102155.86206602895
i:150	101516.27517601583
i:200	99395.64990614996
i:250	99395.64990614996
i:300	99395.64990614996
i:350	99262.85937612964
i:400	99262.85937612964
i:450	98599.48772207496
i:500	98572.59560311682
i:550	98572.59560311682
i:600	98572.59560311682
i:650	98572.59560311682
best: 98572.59560311682
routes: [0, 61, 62, 63, 64, 65, 68, 66, 67, 70, 69, 31, 39, 40, 37, 36, 35, 38, 34, 33, 32, 28, 30, 29, 27, 24, 23, 21, 25, 26, 22, 0, 84, 83, 82, 81, 87, 88, 85, 86, 89, 90, 43, 42, 41, 47, 49, 50, 46, 44, 45, 48, 12, 17, 19, 20, 18, 16, 15, 14, 13, 11, 0, 100, 97, 98, 96, 99, 95, 94, 93, 91, 92, 77, 79, 80, 78, 74, 71, 72, 73, 75, 76, 51, 53, 55, 54, 57, 59, 60, 58, 56, 52, 0, 1, 2, 6, 3, 8, 7, 5, 9, 10, 4, 0]
Elapsed time: 385.2194049358368

i:0	160326.4070776786
i:50	113966.59882877728
i:100	98113.29658168132
i:150	97517.13099916573
i:200	97184.66297673245
i:250	96479.72100437307
i:300	96387.79336487147
i:350	95912.95030608965
i:400	95810.5764168589
i:450	95765.14328890858
i:500	95753.39126124025
i:550	95753.39126124025
i:600	95753.39126124025
i:650	95751.89253655374
best: 95278.14482316509
routes: [0, 80, 78, 76, 74, 71, 72, 73, 75, 77, 79, 58, 52, 51, 53, 56, 59, 60, 57, 55, 54, 0, 91, 92, 96, 93, 99, 100, 97, 94, 95, 98, 69, 70, 66, 67, 68, 65, 64, 63, 62, 61, 0, 33, 38, 40, 35, 36, 37, 39, 31, 34, 32, 30, 29, 27, 28, 26, 24, 21, 23, 25, 22, 16, 13, 15, 18, 20, 19, 17, 14, 11, 12, 0, 4, 1, 2, 3, 6, 5, 10, 7, 8, 9, 90, 84, 86, 89, 87, 81, 82, 83, 85, 88, 41, 42, 43, 48, 47, 45, 44, 46, 49, 50, 0]
Elapsed time: 297.41060304641724

i:0	151188.28278648926
i:50	107092.43072699253
i:100	97442.74101826368
i:150	96559.58227071
i:200	96217.2270512713
i:250	95026.44869730395
i:300	94090.32688276819
i:350	93166.0417704976
i:400	92777.8861781758
i:450	92617.9318678227
i:500	92572.16956811659
i:550	92494.54498946574
i:600	92433.17959915305
i:650	92428.57235428391
best: 92428.57235428391
routes: [0, 51, 52, 53, 57, 55, 54, 56, 59, 60, 58, 76, 74, 77, 79, 80, 71, 72, 73, 75, 78, 0, 100, 97, 95, 94, 91, 92, 93, 96, 99, 98, 61, 62, 63, 64, 65, 67, 68, 66, 69, 70, 0, 43, 48, 47, 49, 50, 46, 44, 45, 42, 41, 89, 85, 88, 87, 81, 82, 83, 84, 86, 90, 9, 10, 5, 6, 7, 8, 2, 1, 3, 4, 0, 31, 39, 40, 35, 36, 37, 38, 34, 33, 32, 24, 21, 25, 27, 29, 30, 28, 26, 23, 22, 16, 13, 11, 12, 14, 15, 17, 19, 20, 18, 0]
Elapsed time: 323.12429761886597

i:0	138826.64489962498
i:50	105020.2251855807
i:100	104145.23561317372
i:150	104145.23561317372
i:200	103443.14893965966
i:250	100948.79080334184
i:300	94239.49048864719
i:350	93486.45860677896
i:400	93393.62394700685
i:450	93013.98869195473
i:500	92052.6329059343
i:550	92023.25346281735
i:600	91623.19560306823
i:650	91546.35002357175
best: 91537.30064447733
routes: [0, 51, 52, 53, 58, 56, 54, 55, 57, 59, 60, 76, 74, 71, 72, 73, 75, 78, 77, 79, 80, 0, 90, 89, 85, 86, 84, 83, 82, 81, 87, 88, 41, 43, 42, 45, 44, 46, 49, 50, 47, 48, 5, 6, 3, 1, 2, 8, 7, 9, 10, 4, 0, 31, 38, 39, 40, 35, 36, 37, 34, 33, 32, 24, 21, 23, 25, 27, 29, 30, 28, 26, 22, 18, 14, 12, 11, 13, 15, 17, 19, 20, 16, 0, 91, 92, 93, 94, 95, 96, 99, 100, 97, 98, 69, 70, 67, 68, 66, 63, 65, 64, 61, 62, 0]
Elapsed time: 342.988032579422

i:0	147264.7370090893
i:50	109276.34772359356
i:100	105421.18152008079
i:150	102446.78854432516
i:200	95414.65733033365
i:250	92877.61082261818
i:300	92631.23429907834
i:350	92406.39537144666
i:400	92227.300373197
i:450	92125.4172872054
i:500	92114.516230648
i:550	91699.35860206325
i:600	91634.23417030262
i:650	91422.7969647387
best: 91422.7969647387
routes: [0, 51, 52, 53, 58, 56, 54, 55, 57, 59, 60, 76, 77, 79, 80, 74, 71, 72, 73, 75, 78, 0, 4, 1, 5, 10, 3, 6, 2, 8, 7, 9, 90, 86, 89, 84, 85, 82, 83, 81, 87, 88, 41, 44, 46, 49, 50, 47, 48, 43, 45, 42, 0, 91, 92, 93, 94, 95, 96, 99, 100, 97, 98, 61, 62, 63, 64, 65, 67, 68, 66, 69, 70, 31, 39, 38, 37, 40, 35, 36, 32, 33, 34, 0, 21, 24, 23, 25, 27, 29, 30, 28, 26, 22, 16, 13, 11, 12, 14, 15, 17, 19, 20, 18, 0]
Elapsed time: 329.5821096897125

i:0	152181.67541089523
i:50	107927.27297105704
i:100	99161.93058710161
i:150	97035.1353439785
i:200	96979.2161726892
i:250	96518.74553299996
i:300	96050.93118739413
i:350	95933.02942996481
i:400	95795.78331161517
i:450	94986.99774568318
i:500	94907.2123632592
i:550	94820.3042276843
i:600	94625.63732814106
i:650	94625.63732814106
best: 94604.16280711444
routes: [0, 51, 53, 56, 54, 52, 55, 57, 59, 60, 58, 76, 77, 79, 71, 74, 72, 73, 75, 78, 80, 0, 4, 1, 3, 2, 8, 7, 6, 5, 10, 9, 90, 84, 83, 82, 81, 87, 85, 86, 89, 88, 41, 42, 43, 45, 47, 44, 46, 49, 50, 48, 0, 92, 91, 94, 97, 99, 100, 96, 93, 95, 98, 69, 70, 67, 68, 66, 65, 64, 63, 62, 61, 0, 33, 34, 37, 36, 35, 40, 38, 39, 31, 32, 28, 30, 29, 27, 25, 26, 24, 21, 23, 22, 16, 13, 15, 18, 20, 19, 17, 14, 11, 12, 0]
Elapsed time: 320.5454430580139

i:0	151538.01656052138
i:50	109357.0168970458
i:100	106629.63730365987
i:150	102419.2143713561
i:200	98991.45714518541
i:250	98145.38426225621
i:300	96788.0397271059
i:350	96324.39955689217
i:400	96005.58067800637
i:450	96005.58067800637
i:500	95990.4209947151
i:550	95983.75672867778
i:600	95959.85852799352
i:650	95927.3260768158
best: 95834.68091244056
routes: [0, 91, 92, 93, 94, 95, 98, 97, 99, 100, 96, 61, 63, 66, 69, 70, 67, 68, 65, 64, 62, 0, 32, 36, 35, 37, 40, 39, 38, 31, 34, 33, 24, 21, 23, 25, 27, 29, 30, 28, 26, 22, 13, 11, 12, 14, 15, 18, 17, 19, 20, 16, 0, 56, 54, 52, 51, 53, 55, 57, 59, 60, 58, 79, 80, 76, 77, 74, 71, 72, 73, 75, 78, 0, 4, 3, 1, 2, 5, 6, 10, 7, 8, 9, 87, 81, 82, 83, 89, 90, 84, 86, 85, 88, 41, 44, 42, 43, 45, 47, 46, 49, 50, 48, 0]
Elapsed time: 331.9180488586426

i:0	145262.08351151683
i:50	107213.71539885679
i:100	107098.4616724297
i:150	96377.42499446138
i:200	94643.50084602195
i:250	93745.72609692282
i:300	93616.8636544192
i:350	93139.03552928382
i:400	93007.44940464235
i:450	92647.84748175547
i:500	92585.59263609015
i:550	92069.91405851033
i:600	92008.09474393821
i:650	92008.09474393821
best: 92008.09474393821
routes: [0, 91, 92, 93, 94, 95, 96, 99, 100, 97, 98, 69, 70, 66, 67, 68, 63, 65, 64, 61, 62, 0, 80, 78, 75, 77, 74, 71, 72, 73, 76, 79, 58, 60, 59, 57, 54, 55, 56, 53, 51, 52, 0, 4, 1, 2, 3, 6, 5, 10, 7, 8, 9, 43, 48, 47, 49, 50, 46, 44, 45, 42, 41, 87, 81, 82, 83, 85, 88, 89, 90, 86, 84, 0, 31, 33, 34, 39, 38, 37, 40, 35, 36, 32, 28, 30, 29, 27, 25, 26, 24, 21, 23, 22, 13, 11, 12, 14, 15, 17, 19, 20, 18, 16, 0]
Elapsed time: 310.99134826660156

i:0	156166.49766415267
i:50	107636.09848014092
i:100	107428.26837976175
i:150	107097.70741867622
i:200	106899.05290509129
i:250	105202.47582213327
i:300	103148.3944632598
i:350	94024.28673776361
i:400	93229.45559493461
i:450	92606.87886238663
i:500	92545.34395186475
i:550	92301.81743377275
i:600	92294.90915155062
i:650	92170.88981167466
best: 91921.61867270607
routes: [0, 51, 52, 53, 60, 56, 54, 55, 57, 59, 58, 74, 71, 72, 73, 75, 78, 76, 77, 79, 80, 0, 4, 5, 3, 1, 2, 6, 10, 8, 7, 9, 43, 42, 45, 46, 49, 50, 48, 47, 44, 41, 89, 90, 86, 85, 88, 87, 81, 82, 83, 84, 0, 31, 34, 33, 32, 38, 39, 40, 37, 35, 36, 30, 28, 27, 29, 25, 26, 24, 21, 23, 22, 16, 20, 19, 17, 18, 15, 14, 11, 13, 12, 0, 91, 92, 93, 94, 95, 97, 98, 96, 99, 100, 69, 70, 67, 68, 66, 63, 65, 64, 61, 62, 0]
Elapsed time: 352.66255712509155

i:0	145782.32583040482
i:50	101037.10844184765
i:100	96881.78101584103
i:150	96433.54709882091
i:200	95960.5456443298
i:250	95707.73940947841
i:300	95172.28324791449
i:350	95172.28324791449
i:400	95172.28324791449
i:450	95047.94539680485
i:500	94747.63595598319
i:550	94318.993608861
i:600	94313.99161576232
i:650	94247.22693272159
best: 94239.43508999486
routes: [0, 51, 52, 53, 56, 54, 55, 57, 59, 60, 58, 76, 74, 71, 73, 72, 75, 78, 79, 77, 80, 0, 99, 95, 97, 100, 96, 92, 91, 93, 94, 98, 69, 70, 67, 68, 66, 61, 63, 65, 64, 62, 0, 33, 39, 38, 37, 40, 35, 36, 31, 34, 32, 21, 23, 25, 27, 29, 30, 28, 26, 24, 22, 16, 15, 14, 17, 19, 20, 18, 13, 11, 12, 0, 4, 1, 2, 3, 6, 5, 10, 7, 8, 9, 90, 84, 86, 89, 87, 81, 82, 83, 85, 88, 41, 45, 44, 46, 49, 50, 47, 48, 43, 42, 0]
Elapsed time: 309.85020685195923

mean: 93784.7402615976
std: 2221.05643864118
mean-time: 330.4292052030563
std-time: 23.873730895074168