i:0	160150.83267981443
i:50	108543.03186869709
i:100	106848.92161933653
i:150	105138.9455015129
i:200	103881.44248770233
i:250	98816.51021571101
i:300	97942.28656569583
i:350	95550.4609873836
i:400	94835.98182619123
i:450	94816.38594935405
i:500	94562.77004361822
i:550	94038.19780120895
i:600	94031.53373149055
i:650	93824.89084232772
best: 93547.9133497651
routes: [0, 61, 62, 63, 64, 65, 67, 68, 66, 70, 69, 98, 96, 94, 95, 99, 100, 97, 92, 91, 93, 0, 12, 11, 13, 15, 14, 18, 16, 19, 20, 17, 48, 47, 49, 50, 46, 44, 45, 43, 42, 41, 88, 87, 81, 82, 83, 85, 89, 90, 86, 84, 8, 2, 1, 3, 6, 7, 9, 10, 5, 4, 0, 79, 80, 77, 74, 71, 72, 73, 75, 78, 76, 58, 59, 60, 56, 52, 51, 53, 57, 55, 54, 0, 31, 34, 33, 38, 39, 40, 36, 35, 37, 32, 28, 30, 29, 27, 25, 26, 24, 21, 23, 22, 0]
Elapsed time: 363.5408582687378

i:0	149458.74529821565
i:50	101451.65161092038
i:100	95432.83318475234
i:150	93262.1595283349
i:200	92599.92679514563
i:250	91533.425217943
i:300	91098.27694740138
i:350	90644.72433709033
i:400	90071.81966404122
i:450	90060.13605290049
i:500	90060.13605290049
i:550	90060.13605290049
i:600	90001.6405520711
i:650	90001.6405520711
best: 90001.6405520711
routes: [0, 91, 92, 93, 94, 95, 96, 97, 99, 100, 98, 69, 70, 68, 66, 67, 65, 62, 61, 63, 64, 0, 76, 74, 71, 72, 73, 75, 78, 77, 80, 79, 58, 60, 59, 57, 54, 55, 56, 53, 51, 52, 0, 43, 42, 45, 47, 49, 50, 48, 46, 44, 41, 87, 81, 82, 83, 85, 88, 89, 90, 86, 84, 9, 7, 8, 2, 1, 3, 6, 10, 5, 4, 0, 31, 34, 33, 32, 38, 39, 40, 37, 35, 36, 30, 28, 27, 29, 25, 26, 24, 21, 23, 22, 13, 11, 12, 14, 15, 17, 19, 20, 18, 16, 0]
Elapsed time: 294.02578568458557

i:0	148387.58100447443
i:50	106225.79240596008
i:100	104670.37966937388
i:150	97995.09697350267
i:200	96523.21649226469
i:250	95501.71725792313
i:300	95243.78818705212
i:350	95169.97349251431
i:400	95169.97349251431
i:450	95109.80341722025
i:500	95109.80341722025
i:550	94989.42161540629
i:600	94973.63171838823
i:650	94973.63171838823
best: 94973.63171838823
routes: [0, 92, 91, 93, 97, 94, 95, 100, 96, 99, 98, 63, 61, 62, 65, 64, 68, 67, 69, 70, 66, 0, 11, 12, 15, 13, 16, 17, 18, 20, 14, 19, 48, 46, 49, 50, 47, 45, 44, 41, 42, 43, 9, 8, 7, 10, 5, 6, 2, 1, 3, 4, 0, 89, 88, 87, 81, 82, 83, 85, 86, 90, 84, 71, 74, 72, 73, 75, 78, 76, 77, 79, 80, 58, 60, 59, 57, 54, 55, 56, 53, 51, 52, 0, 31, 34, 33, 37, 36, 35, 40, 39, 38, 32, 26, 24, 21, 23, 22, 25, 27, 29, 30, 28, 0]
Elapsed time: 324.7564871311188

i:0	146845.12071832834
i:50	108125.53437365673
i:100	98813.82931415553
i:150	95667.86930172615
i:200	95420.25920594079
i:250	95392.06084749027
i:300	95322.50667461928
i:350	95299.40299054186
i:400	94488.32553157343
i:450	94234.94092293864
i:500	94077.48786292518
i:550	94076.40302357057
i:600	93391.26665221166
i:650	93366.39029698723
best: 93366.39029698723
routes: [0, 94, 95, 96, 92, 91, 93, 97, 99, 100, 98, 62, 61, 63, 65, 64, 68, 66, 67, 69, 70, 0, 54, 52, 51, 53, 56, 57, 55, 59, 60, 58, 76, 74, 71, 72, 73, 75, 78, 79, 77, 80, 0, 4, 6, 1, 2, 3, 8, 7, 5, 10, 9, 90, 86, 84, 83, 85, 82, 81, 87, 89, 88, 41, 43, 42, 44, 46, 49, 50, 45, 47, 48, 14, 12, 11, 13, 15, 18, 17, 19, 20, 16, 0, 21, 24, 23, 22, 25, 26, 27, 29, 30, 28, 32, 31, 39, 40, 36, 35, 37, 38, 33, 34, 0]
Elapsed time: 337.5415964126587

i:0	144214.23129900382
i:50	100780.31258299976
i:100	94115.42913408764
i:150	89102.10717563334
i:200	87853.3889517407
i:250	87651.71309890973
i:300	87627.25237654138
i:350	87417.61335484064
i:400	87142.54141040856
i:450	87124.95111251727
i:500	86991.01295403365
i:550	86970.19108072904
i:600	86696.80601790402
i:650	85991.78625457388
best: 85139.42044829512
routes: [0, 96, 95, 97, 98, 99, 100, 94, 93, 91, 92, 61, 62, 63, 64, 65, 68, 66, 67, 69, 70, 31, 39, 38, 37, 36, 35, 40, 34, 33, 32, 21, 23, 22, 25, 27, 29, 30, 28, 26, 24, 0, 1, 3, 4, 5, 6, 10, 9, 7, 8, 2, 76, 74, 71, 72, 73, 75, 78, 77, 79, 80, 58, 56, 52, 51, 53, 60, 59, 57, 55, 54, 0, 89, 90, 86, 84, 83, 85, 82, 81, 87, 88, 41, 42, 43, 45, 44, 46, 49, 50, 47, 48, 11, 12, 14, 13, 15, 20, 19, 17, 18, 16, 0]
Elapsed time: 353.89213705062866

i:0	152503.865660196
i:50	100327.69550516161
i:100	97903.9792080558
i:150	97689.50842416685
i:200	97659.87765462881
i:250	97239.92884997374
i:300	97146.28232569409
i:350	96605.38008807991
i:400	96466.05370185357
i:450	96459.81169799046
i:500	96459.64855048257
i:550	96459.64855048257
i:600	96459.64855048257
i:650	96147.4207334019
best: 96045.552011462
routes: [0, 93, 91, 92, 96, 94, 95, 97, 100, 99, 98, 70, 69, 67, 68, 65, 64, 66, 63, 61, 62, 0, 33, 34, 31, 40, 36, 35, 37, 39, 38, 32, 24, 21, 23, 22, 25, 26, 27, 29, 30, 28, 20, 19, 17, 18, 15, 14, 12, 11, 13, 16, 0, 54, 55, 56, 57, 59, 60, 58, 51, 52, 53, 79, 80, 76, 77, 74, 71, 72, 73, 75, 78, 0, 4, 5, 3, 1, 2, 8, 6, 10, 7, 9, 90, 84, 83, 82, 81, 87, 85, 86, 89, 88, 41, 42, 43, 48, 47, 45, 44, 46, 49, 50, 0]
Elapsed time: 323.1531400680542

i:0	149588.86543242747
i:50	104432.46766292573
i:100	96926.0671711474
i:150	96041.46147187661
i:200	94473.21140482626
i:250	93115.52475618232
i:300	92559.415438328
i:350	92555.54703222663
i:400	92361.39273865202
i:450	92360.85552633867
i:500	92357.62345647141
i:550	92357.62345647141
i:600	92357.62345647141
i:650	92357.62345647141
best: 92352.89243925561
routes: [0, 51, 52, 53, 56, 54, 55, 57, 59, 60, 58, 76, 71, 72, 73, 75, 78, 74, 77, 79, 80, 2, 1, 3, 6, 7, 8, 9, 10, 5, 4, 0, 92, 91, 95, 96, 93, 94, 97, 99, 100, 98, 66, 67, 69, 70, 68, 65, 62, 61, 63, 64, 0, 84, 83, 82, 81, 87, 85, 88, 89, 90, 86, 41, 44, 46, 49, 50, 47, 48, 45, 42, 43, 11, 13, 12, 14, 17, 19, 20, 15, 18, 16, 0, 21, 22, 23, 24, 26, 25, 29, 27, 28, 30, 35, 36, 37, 40, 39, 38, 31, 34, 33, 32, 0]
Elapsed time: 316.28303360939026

i:0	146761.19475923738
i:50	112094.79002944322
i:100	100505.36691289276
i:150	98461.35750886718
i:200	97915.74921286642
i:250	97148.93920477529
i:300	96358.57840270986
i:350	95777.1654882242
i:400	94880.0933317337
i:450	94571.44054459533
i:500	94222.33844450959
i:550	94198.46547064766
i:600	94067.15081369052
i:650	93741.92736811627
best: 93405.27546637322
routes: [0, 76, 74, 71, 72, 73, 75, 78, 77, 79, 80, 58, 60, 59, 57, 55, 54, 56, 53, 51, 52, 0, 65, 64, 69, 70, 67, 68, 66, 63, 62, 61, 95, 96, 99, 100, 98, 97, 94, 93, 91, 92, 0, 33, 34, 31, 39, 40, 36, 35, 37, 38, 32, 30, 28, 27, 29, 25, 26, 24, 21, 23, 22, 20, 19, 17, 18, 15, 14, 12, 11, 13, 16, 0, 43, 44, 46, 49, 50, 48, 47, 45, 42, 41, 89, 90, 86, 84, 83, 85, 82, 81, 87, 88, 9, 10, 7, 8, 2, 1, 3, 6, 5, 4, 0]
Elapsed time: 337.7243461608887

i:0	138330.35236196528
i:50	101601.3902224036
i:100	96552.1181475792
i:150	94226.09809909902
i:200	93228.65228468424
i:250	92195.04696884174
i:300	92093.06282107583
i:350	91495.83659073876
i:400	90945.78694019298
i:450	90945.78694019298
i:500	90024.06425355074
i:550	90024.06425355074
i:600	86794.51084917334
i:650	86295.20873255313
best: 85722.13572891304
routes: [0, 96, 99, 97, 100, 98, 95, 94, 93, 91, 92, 69, 70, 67, 68, 66, 65, 64, 63, 62, 61, 51, 52, 53, 56, 57, 59, 60, 58, 55, 54, 2, 8, 7, 9, 10, 6, 1, 3, 5, 4, 0, 31, 33, 34, 39, 40, 36, 35, 37, 38, 32, 28, 30, 29, 27, 25, 26, 24, 21, 23, 22, 16, 13, 15, 18, 20, 19, 17, 14, 12, 11, 0, 43, 48, 47, 49, 50, 46, 44, 45, 42, 41, 88, 87, 81, 82, 83, 85, 86, 89, 90, 84, 76, 79, 77, 74, 71, 72, 73, 75, 78, 80, 0]
Elapsed time: 358.0158305168152

i:0	142070.13567641334
i:50	108233.2717534343
i:100	102213.47460055695
i:150	97770.50774058793
i:200	95530.6855943255
i:250	95090.8993614926
i:300	94746.75795043388
i:350	94481.7621698172
i:400	94380.63229697791
i:450	94168.76259148328
i:500	94128.08080740794
i:550	94026.25729634034
i:600	94026.25729634034
i:650	94026.25729634034
best: 94026.25729634034
routes: [0, 91, 92, 93, 94, 95, 96, 100, 99, 97, 98, 61, 63, 65, 67, 69, 70, 68, 66, 64, 62, 0, 31, 34, 32, 33, 38, 39, 40, 37, 36, 35, 30, 28, 27, 29, 25, 26, 24, 21, 23, 22, 16, 13, 15, 18, 20, 19, 17, 14, 11, 12, 0, 52, 51, 53, 56, 55, 54, 57, 59, 58, 60, 76, 74, 72, 71, 73, 75, 78, 77, 79, 80, 0, 4, 3, 1, 2, 8, 6, 7, 5, 10, 9, 90, 84, 81, 82, 83, 86, 89, 85, 87, 88, 41, 44, 46, 49, 50, 48, 47, 45, 43, 42, 0]
Elapsed time: 312.8088026046753

mean: 91858.1109307851
std: 3548.920014485235
mean-time: 332.1742017507553
std-time: 20.981397145858978