i:0	153221.63786279393
i:50	119420.67475190188
i:100	117454.46413933349
i:150	116322.45012428972
i:200	113955.04300738894
i:250	112808.28047639219
i:300	112279.18241705283
i:350	111865.29218329655
i:400	111047.81819949322
i:450	110041.66701732195
i:500	108291.25076243027
i:550	107732.49743987262
i:600	106176.47047276392
i:650	106176.47047276392
best: 106127.32533330908
routes: [0, 17, 19, 20, 18, 15, 14, 12, 11, 13, 16, 0, 86, 84, 83, 85, 82, 81, 87, 88, 89, 90, 0, 21, 23, 22, 25, 27, 29, 30, 28, 26, 24, 0, 51, 52, 53, 56, 55, 54, 57, 59, 60, 58, 76, 77, 79, 80, 78, 75, 73, 72, 71, 74, 0, 1, 2, 9, 8, 7, 10, 5, 6, 3, 4, 0, 61, 62, 63, 64, 65, 68, 67, 66, 69, 70, 0, 43, 42, 41, 44, 46, 49, 50, 47, 45, 48, 0, 91, 92, 93, 94, 95, 98, 97, 96, 99, 100, 31, 34, 38, 39, 40, 36, 35, 37, 33, 32, 0]
Elapsed time: 325.393958568573

i:0	151749.82094319977
i:50	118626.21538740437
i:100	117736.17662578597
i:150	116494.27222520777
i:200	114617.05927927495
i:250	113372.3769518752
i:300	112688.93804094424
i:350	111493.19253298774
i:400	110928.88360064963
i:450	109988.56312815595
i:500	109747.61658654397
i:550	109678.9978085554
i:600	109525.58580289796
i:650	109049.43428997468
best: 108915.8732173861
routes: [0, 76, 77, 74, 71, 72, 73, 75, 78, 80, 79, 58, 60, 59, 57, 54, 55, 56, 53, 51, 52, 0, 21, 23, 22, 25, 26, 27, 29, 30, 28, 24, 0, 11, 13, 12, 14, 15, 17, 19, 20, 18, 16, 0, 5, 6, 10, 9, 7, 8, 2, 1, 3, 4, 0, 90, 89, 88, 87, 81, 82, 83, 85, 86, 84, 0, 69, 70, 61, 62, 63, 64, 65, 68, 67, 66, 0, 43, 45, 42, 41, 44, 46, 49, 47, 50, 48, 0, 33, 34, 32, 38, 37, 36, 35, 40, 39, 31, 100, 96, 99, 97, 98, 95, 94, 93, 91, 92, 0]
Elapsed time: 315.683474779129

i:0	159428.08336936595
i:50	118433.66663969007
i:100	114277.65685942407
i:150	111119.5763814124
i:200	109400.76365047645
i:250	108593.01394470701
i:300	108334.73868451158
i:350	107124.25449986994
i:400	106888.81810075608
i:450	106888.81810075606
i:500	106372.08622319375
i:550	106372.08622319374
i:600	106072.17482009876
i:650	105975.37079050641
best: 105932.05132214358
routes: [0, 43, 42, 41, 45, 44, 46, 49, 50, 47, 48, 0, 11, 13, 15, 18, 16, 20, 19, 17, 14, 12, 0, 4, 1, 3, 5, 6, 10, 9, 7, 8, 2, 0, 21, 23, 22, 25, 26, 27, 29, 30, 28, 24, 0, 90, 84, 86, 89, 85, 83, 82, 81, 87, 88, 0, 69, 70, 66, 67, 68, 65, 64, 63, 61, 62, 0, 54, 52, 51, 53, 55, 57, 56, 59, 60, 58, 79, 77, 74, 71, 72, 73, 75, 78, 80, 76, 0, 91, 92, 93, 94, 95, 97, 98, 96, 99, 100, 31, 39, 37, 36, 35, 40, 38, 34, 33, 32, 0]
Elapsed time: 315.57334423065186

i:0	144647.99512020845
i:50	121081.91217549487
i:100	117151.17845892886
i:150	115344.97161513692
i:200	113813.0501595193
i:250	113170.38830192831
i:300	111746.76622250656
i:350	109701.86147481183
i:400	109512.41699088349
i:450	108837.80059475414
i:500	108400.6882416975
i:550	107165.72566565021
i:600	106909.21802834416
i:650	106909.21802834416
best: 106909.21802834413
routes: [0, 43, 42, 41, 45, 44, 46, 49, 50, 47, 48, 0, 69, 70, 66, 67, 68, 65, 63, 62, 61, 64, 0, 54, 55, 57, 56, 53, 52, 51, 59, 60, 58, 79, 80, 76, 77, 74, 71, 72, 73, 75, 78, 0, 89, 85, 87, 88, 81, 82, 83, 84, 86, 90, 0, 1, 2, 8, 7, 9, 10, 5, 6, 3, 4, 0, 13, 11, 12, 14, 15, 17, 18, 19, 20, 16, 0, 21, 23, 22, 25, 27, 29, 30, 28, 26, 24, 0, 33, 34, 32, 37, 36, 35, 40, 39, 38, 31, 100, 99, 97, 98, 96, 95, 94, 93, 91, 92, 0]
Elapsed time: 318.0087020397186

i:0	153441.96806351363
i:50	116872.19118092567
i:100	114603.21812175674
i:150	113666.05022512634
i:200	112283.48427289713
i:250	110668.94301333505
i:300	110446.21970782353
i:350	109847.96791860496
i:400	109811.47188803303
i:450	109113.84257349592
i:500	108487.07538922221
i:550	108230.4520466618
i:600	106826.73908474737
i:650	106805.62958383907
best: 106674.85579089083
routes: [0, 43, 42, 41, 44, 45, 47, 48, 46, 49, 50, 0, 21, 23, 22, 25, 26, 27, 29, 30, 28, 24, 0, 90, 89, 88, 87, 81, 82, 85, 83, 84, 86, 0, 11, 13, 16, 15, 18, 20, 19, 17, 14, 12, 0, 1, 2, 8, 7, 9, 10, 3, 6, 5, 4, 0, 92, 91, 93, 94, 96, 95, 98, 97, 99, 100, 31, 39, 38, 37, 36, 35, 40, 33, 34, 32, 0, 61, 62, 63, 64, 65, 68, 67, 66, 69, 70, 0, 51, 52, 53, 56, 55, 54, 57, 59, 60, 58, 77, 79, 80, 78, 75, 73, 72, 71, 74, 76, 0]
Elapsed time: 320.6787095069885

i:0	153988.89955066735
i:50	117114.94834106743
i:100	114869.68137978752
i:150	114192.26467596497
i:200	113017.69510291528
i:250	112067.57437644646
i:300	110001.79586129081
i:350	108792.49947909176
i:400	108775.84136456605
i:450	108269.80909056865
i:500	108223.90151235496
i:550	108049.1965792685
i:600	107934.99752279902
i:650	107904.83654078632
best: 107695.96587934469
routes: [0, 3, 6, 5, 10, 7, 9, 8, 2, 1, 4, 0, 61, 62, 63, 64, 65, 68, 67, 66, 69, 70, 0, 33, 39, 38, 37, 40, 35, 36, 32, 34, 31, 100, 99, 98, 97, 95, 94, 91, 92, 93, 96, 0, 11, 12, 13, 15, 14, 17, 19, 20, 18, 16, 0, 86, 84, 83, 82, 81, 87, 88, 85, 89, 90, 0, 43, 42, 41, 45, 44, 46, 49, 50, 47, 48, 0, 21, 24, 23, 25, 27, 29, 30, 28, 26, 22, 0, 78, 75, 73, 72, 71, 74, 77, 76, 79, 80, 58, 56, 54, 55, 57, 59, 60, 53, 51, 52, 0]
Elapsed time: 316.4411118030548

i:0	150114.27917799322
i:50	119725.60427184557
i:100	116606.6719644518
i:150	115493.37569751672
i:200	113130.5326456229
i:250	111424.41014115642
i:300	111079.64791424634
i:350	110328.64321163435
i:400	110268.00150635387
i:450	109843.31983679927
i:500	109745.7285858057
i:550	109743.569205507
i:600	109468.72989067656
i:650	109468.72989067656
best: 109468.72989067656
routes: [0, 11, 13, 12, 14, 15, 17, 19, 20, 18, 16, 0, 21, 25, 29, 27, 30, 28, 26, 24, 23, 22, 0, 90, 89, 85, 83, 82, 81, 87, 88, 86, 84, 0, 69, 70, 66, 67, 68, 65, 64, 63, 61, 62, 0, 79, 80, 77, 76, 71, 72, 73, 75, 78, 74, 58, 59, 60, 56, 53, 52, 51, 57, 55, 54, 0, 43, 46, 49, 50, 48, 47, 44, 41, 45, 42, 0, 3, 1, 2, 8, 7, 9, 10, 6, 5, 4, 0, 32, 37, 36, 35, 40, 39, 38, 33, 34, 31, 100, 99, 98, 97, 96, 94, 95, 93, 91, 92, 0]
Elapsed time: 325.2620997428894

i:0	152956.77806649596
i:50	117764.90906167329
i:100	113639.65568508455
i:150	110734.22943494147
i:200	109764.45846940676
i:250	109429.4703345943
i:300	108061.15744487426
i:350	107785.84324966824
i:400	106376.5399421509
i:450	106376.5399421509
i:500	105999.05189100743
i:550	105866.2613310561
i:600	105385.8854715261
i:650	105188.0148149245
best: 105188.0148149245
routes: [0, 61, 62, 63, 64, 65, 68, 67, 66, 69, 70, 0, 91, 92, 93, 94, 95, 96, 97, 98, 99, 100, 31, 33, 34, 38, 39, 40, 35, 36, 37, 32, 0, 11, 13, 14, 12, 15, 17, 19, 20, 18, 16, 0, 43, 45, 48, 47, 49, 50, 46, 44, 41, 42, 0, 90, 89, 85, 83, 82, 81, 87, 88, 86, 84, 0, 21, 23, 22, 25, 27, 29, 30, 28, 26, 24, 0, 3, 1, 2, 8, 7, 9, 10, 5, 6, 4, 0, 51, 53, 52, 54, 57, 55, 56, 59, 60, 58, 76, 74, 71, 72, 73, 75, 78, 77, 79, 80, 0]
Elapsed time: 322.1175072193146

i:0	157583.2444449999
i:50	119829.20434385941
i:100	117614.14726401851
i:150	116526.44925736626
i:200	116439.40468271385
i:250	116439.40468271385
i:300	114808.82850981655
i:350	113838.78399017498
i:400	113838.78399017498
i:450	113838.78399017498
i:500	112980.69267381179
i:550	112109.1091445084
i:600	110784.73763032198
i:650	108962.78128674504
best: 108596.54344439437
routes: [0, 91, 92, 93, 94, 95, 98, 97, 99, 100, 96, 31, 39, 38, 40, 35, 36, 37, 32, 33, 34, 0, 69, 70, 67, 68, 66, 65, 64, 63, 61, 62, 0, 11, 12, 13, 15, 18, 14, 17, 19, 20, 16, 0, 89, 88, 87, 81, 82, 85, 83, 84, 86, 90, 0, 43, 45, 46, 49, 50, 48, 47, 44, 41, 42, 0, 1, 3, 2, 8, 9, 7, 10, 6, 5, 4, 0, 21, 22, 23, 25, 29, 30, 28, 27, 26, 24, 0, 76, 74, 71, 72, 73, 75, 78, 80, 77, 79, 58, 56, 52, 51, 53, 59, 60, 57, 55, 54, 0]
Elapsed time: 325.36482191085815

i:0	152694.99770058942
i:50	116900.75405458499
i:100	114196.76754930503
i:150	111750.00655218119
i:200	109112.05836996762
i:250	107248.24390232872
i:300	107248.24390232869
i:350	106304.5240960576
i:400	106022.97075630317
i:450	105331.81429617011
i:500	105249.08353899574
i:550	105237.58529658997
i:600	105093.3834451405
i:650	105093.3834451405
best: 105093.3834451405
routes: [0, 61, 62, 63, 64, 65, 69, 70, 67, 68, 66, 0, 43, 42, 41, 45, 44, 46, 49, 50, 47, 48, 0, 21, 23, 22, 25, 27, 29, 30, 28, 26, 24, 0, 84, 83, 82, 81, 87, 88, 85, 86, 89, 90, 0, 91, 92, 93, 94, 95, 97, 98, 96, 99, 100, 31, 39, 38, 40, 35, 36, 37, 32, 33, 34, 0, 13, 11, 12, 14, 15, 17, 19, 20, 18, 16, 0, 5, 6, 10, 9, 7, 8, 2, 1, 3, 4, 0, 51, 53, 52, 54, 55, 57, 56, 59, 60, 58, 79, 78, 75, 73, 72, 71, 74, 76, 77, 80, 0]
Elapsed time: 288.0322093963623

mean: 107060.19611665544
std: 1472.9831561282613
mean-time: 317.255593919754
std-time: 10.449836807770538