i:0	88079.1203697483
i:50	60360.824732694266
i:100	60360.824732694266
i:150	60360.824732694266
i:200	60360.824732694266
i:250	60360.824732694266
i:300	60360.824732694266
i:350	60360.824732694266
i:400	60360.824732694266
i:450	60360.824732694266
i:500	60360.824732694266
i:550	60360.824732694266
i:600	60360.824732694266
i:650	59541.67599600241
best: 59541.67599600241
routes: [0, 49, 50, 48, 47, 46, 33, 34, 35, 32, 31, 40, 38, 37, 39, 36, 29, 30, 28, 27, 26, 1, 2, 5, 3, 4, 0, 44, 43, 45, 42, 41, 21, 24, 23, 25, 22, 6, 8, 7, 9, 10, 12, 11, 14, 13, 15, 20, 18, 17, 19, 16, 0]
Elapsed time: 52.62359809875488

i:0	82417.3544935557
i:50	61532.510746186825
i:100	61532.510746186825
i:150	61532.510746186825
i:200	61532.510746186825
i:250	61532.510746186825
i:300	61532.510746186825
i:350	61532.510746186825
i:400	61532.510746186825
i:450	61532.510746186825
i:500	61532.510746186825
i:550	61532.510746186825
i:600	61532.510746186825
i:650	61532.510746186825
best: 61532.510746186825
routes: [0, 26, 28, 27, 29, 30, 39, 36, 38, 37, 40, 33, 34, 35, 32, 31, 50, 49, 48, 47, 46, 0, 44, 43, 45, 42, 41, 21, 24, 23, 25, 22, 6, 8, 7, 9, 10, 12, 11, 14, 13, 15, 20, 18, 17, 19, 16, 0, 4, 5, 3, 1, 2, 0]
Elapsed time: 46.462472677230835

i:0	78713.4897521929
i:50	61419.595791527725
i:100	61419.595791527725
i:150	61419.595791527725
i:200	60600.447054835866
i:250	60600.447054835866
i:300	60600.447054835866
i:350	60600.447054835866
i:400	60600.447054835866
i:450	60600.447054835866
i:500	60600.447054835866
i:550	60600.447054835866
i:600	60600.447054835866
i:650	60600.447054835866
best: 60600.447054835866
routes: [0, 26, 28, 27, 29, 30, 39, 36, 38, 37, 40, 33, 34, 35, 32, 31, 50, 49, 48, 47, 46, 1, 2, 5, 3, 4, 0, 44, 43, 45, 42, 41, 21, 24, 23, 25, 22, 6, 8, 7, 9, 10, 12, 11, 14, 13, 15, 20, 18, 17, 19, 16, 0]
Elapsed time: 48.88674283027649

i:0	80696.4529001931
i:50	62067.75930656611
i:100	62067.75930656611
i:150	62067.75930656611
i:200	62067.75930656611
i:250	62067.75930656611
i:300	62067.75930656611
i:350	62067.75930656611
i:400	62067.75930656611
i:450	62067.75930656611
i:500	62067.75930656611
i:550	61727.6928728109
i:600	61727.6928728109
i:650	61727.6928728109
best: 61727.6928728109
routes: [0, 26, 28, 27, 29, 30, 39, 36, 38, 37, 40, 33, 34, 35, 32, 31, 49, 50, 48, 47, 46, 0, 11, 14, 13, 15, 12, 8, 7, 9, 10, 6, 23, 25, 22, 24, 21, 41, 42, 45, 43, 44, 5, 3, 2, 1, 4, 0, 18, 17, 20, 19, 16, 0]
Elapsed time: 45.84567451477051

i:0	88757.2942713032
i:50	61588.80535574891
i:100	61588.80535574891
i:150	61588.80535574891
i:200	61588.80535574891
i:250	61588.80535574891
i:300	61588.80535574891
i:350	61532.510746186825
i:400	61532.510746186825
i:450	61532.510746186825
i:500	61532.510746186825
i:550	61532.510746186825
i:600	61532.510746186825
i:650	61532.510746186825
best: 61532.510746186825
routes: [0, 26, 28, 27, 29, 30, 39, 36, 38, 37, 40, 33, 34, 35, 32, 31, 50, 49, 48, 47, 46, 0, 44, 43, 45, 42, 41, 21, 24, 23, 25, 22, 6, 8, 7, 9, 10, 12, 11, 14, 13, 15, 20, 18, 17, 19, 16, 0, 4, 5, 3, 1, 2, 0]
Elapsed time: 45.47415256500244

i:0	87257.47284062115
i:50	61758.71809213784
i:100	61731.66057413038
i:150	61731.66057413038
i:200	61731.66057413038
i:250	61731.66057413038
i:300	61731.66057413038
i:350	61731.66057413038
i:400	61731.66057413038
i:450	61731.66057413038
i:500	61731.66057413038
i:550	61731.66057413038
i:600	61731.66057413038
i:650	61731.66057413038
best: 61727.6928728109
routes: [0, 26, 28, 27, 29, 30, 39, 36, 38, 37, 40, 33, 34, 35, 32, 31, 49, 50, 48, 47, 46, 0, 11, 14, 13, 15, 12, 8, 7, 9, 10, 6, 23, 25, 22, 24, 21, 41, 42, 45, 43, 44, 5, 3, 2, 1, 4, 0, 18, 17, 20, 19, 16, 0]
Elapsed time: 44.319228649139404

i:0	79873.86363711015
i:50	59819.022104981035
i:100	58528.924641529404
i:150	58528.924641529404
i:200	58528.924641529404
i:250	58528.924641529404
i:300	58528.924641529404
i:350	58528.924641529404
i:400	58528.924641529404
i:450	58528.924641529404
i:500	58528.924641529404
i:550	58528.924641529404
i:600	58528.924641529404
i:650	58528.924641529404
best: 58528.924641529404
routes: [0, 26, 28, 27, 29, 30, 39, 36, 38, 37, 40, 33, 34, 35, 32, 31, 50, 49, 48, 47, 46, 0, 16, 20, 17, 19, 18, 11, 14, 13, 15, 12, 8, 7, 9, 10, 6, 23, 25, 22, 24, 21, 41, 42, 45, 43, 44, 5, 3, 2, 1, 4, 0]
Elapsed time: 56.89268231391907

i:0	88404.28587994135
i:50	63762.165660571176
i:100	63762.165660571176
i:150	63762.165660571176
i:200	63762.165660571176
i:250	63762.165660571176
i:300	63762.165660571176
i:350	63762.165660571176
i:400	63762.165660571176
i:450	63762.165660571176
i:500	63762.165660571176
i:550	63762.165660571176
i:600	63762.165660571176
i:650	63762.165660571176
best: 63762.165660571176
routes: [0, 1, 4, 5, 3, 2, 44, 43, 45, 41, 42, 21, 24, 23, 25, 22, 6, 8, 7, 9, 10, 0, 26, 28, 27, 30, 29, 39, 36, 38, 37, 40, 33, 34, 35, 32, 31, 50, 49, 48, 47, 46, 0, 11, 14, 13, 12, 15, 20, 18, 17, 19, 16, 0]
Elapsed time: 47.039480447769165

i:0	81445.92545054392
i:50	62159.271501853895
i:100	62159.271501853895
i:150	61017.56132866186
i:200	61017.56132866186
i:250	61017.56132866186
i:300	61017.56132866186
i:350	61017.56132866186
i:400	61017.56132866186
i:450	61017.56132866186
i:500	61017.56132866186
i:550	61017.56132866186
i:600	61017.56132866186
i:650	60511.65923357756
best: 58541.737781532174
routes: [0, 16, 18, 17, 19, 20, 15, 13, 14, 11, 12, 8, 7, 9, 10, 6, 23, 25, 22, 24, 21, 41, 42, 45, 43, 44, 5, 3, 2, 1, 4, 0, 26, 28, 27, 29, 30, 39, 36, 38, 37, 40, 33, 34, 35, 32, 31, 50, 49, 48, 47, 46, 0]
Elapsed time: 108.18888282775879

i:0	82065.13588799434
i:50	62185.22068421654
i:100	62185.22068421654
i:150	62185.22068421654
i:200	62185.22068421654
i:250	62185.22068421654
i:300	62185.22068421654
i:350	62185.22068421654
i:400	62185.22068421654
i:450	62185.22068421654
i:500	62185.22068421654
i:550	62185.22068421654
i:600	62185.22068421654
i:650	62185.22068421654
best: 62185.22068421654
routes: [0, 26, 28, 27, 29, 30, 39, 36, 38, 37, 40, 33, 34, 35, 32, 31, 50, 49, 48, 47, 46, 0, 8, 7, 9, 10, 6, 23, 25, 22, 24, 21, 41, 42, 45, 43, 44, 11, 14, 13, 12, 15, 20, 18, 17, 19, 16, 0, 4, 5, 3, 1, 2, 0]
Elapsed time: 49.44302988052368

mean: 60968.05790566831
std: 1583.853890841282
mean-time: 54.517594480514525
std-time: 18.245802348772063