i:0	292914.6776196629
i:50	65263.02804773052
i:100	65263.02804773052
i:150	65263.02804773052
i:200	65263.02804773052
i:250	65263.02804773052
i:300	65263.02804773052
i:350	65263.02804773052
i:400	65263.02804773052
i:450	65263.02804773052
i:500	65263.02804773052
i:550	65263.02804773052
i:600	65263.02804773052
i:650	65263.02804773052
best: 65263.02804773052
routes: [0, 49, 50, 48, 47, 46, 34, 35, 33, 32, 31, 40, 38, 37, 39, 36, 29, 30, 28, 27, 26, 0, 4, 5, 3, 1, 2, 44, 43, 42, 45, 41, 23, 25, 21, 22, 24, 9, 10, 8, 7, 6, 0, 11, 12, 15, 13, 14, 20, 18, 17, 19, 16, 0]
Elapsed time: 36.95098400115967

i:0	84050.77701433719
i:50	67534.66568419285
i:100	67534.66568419285
i:150	67534.66568419285
i:200	67534.66568419285
i:250	67534.66568419285
i:300	67534.66568419285
i:350	67534.66568419285
i:400	67534.66568419285
i:450	67534.66568419285
i:500	67534.66568419285
i:550	67534.66568419285
i:600	67534.66568419285
i:650	67534.66568419285
best: 67534.66568419285
routes: [0, 4, 1, 2, 5, 3, 44, 43, 42, 45, 41, 24, 25, 23, 21, 22, 9, 10, 8, 7, 6, 0, 26, 28, 27, 29, 30, 39, 36, 38, 37, 40, 33, 31, 32, 34, 35, 50, 49, 48, 47, 46, 0, 12, 15, 13, 14, 11, 18, 17, 20, 19, 16, 0]
Elapsed time: 36.44379138946533

i:0	293901.4488569541
i:50	65407.49973831365
i:100	65407.49973831365
i:150	65407.49973831365
i:200	65407.49973831365
i:250	65407.49973831365
i:300	65407.49973831365
i:350	65407.49973831365
i:400	65407.49973831365
i:450	65407.49973831365
i:500	65407.49973831365
i:550	65407.49973831365
i:600	65407.49973831365
i:650	65407.49973831365
best: 65407.49973831365
routes: [0, 49, 50, 48, 47, 46, 33, 31, 32, 34, 35, 40, 38, 37, 39, 36, 29, 30, 28, 27, 26, 0, 4, 5, 3, 1, 2, 44, 43, 42, 45, 41, 21, 22, 24, 25, 23, 6, 8, 7, 9, 10, 0, 12, 15, 13, 14, 11, 18, 17, 20, 19, 16, 0]
Elapsed time: 39.41149139404297

i:0	89632.49746528684
i:50	65719.00342877385
i:100	65719.00342877385
i:150	65719.00342877385
i:200	65719.00342877385
i:250	65719.00342877385
i:300	65719.00342877385
i:350	65719.00342877385
i:400	65719.00342877385
i:450	65719.00342877385
i:500	65719.00342877385
i:550	65719.00342877385
i:600	65719.00342877385
i:650	65719.00342877385
best: 65719.00342877385
routes: [0, 8, 7, 9, 10, 6, 24, 25, 23, 22, 21, 41, 42, 45, 43, 44, 5, 3, 4, 1, 2, 0, 26, 28, 27, 29, 30, 39, 36, 38, 37, 40, 33, 34, 31, 32, 35, 50, 49, 48, 47, 46, 0, 12, 15, 13, 14, 11, 18, 17, 20, 19, 16, 0]
Elapsed time: 36.02405786514282

i:0	289744.7166533805
i:50	65165.83279287178
i:100	65165.83279287178
i:150	65165.83279287178
i:200	65165.83279287178
i:250	65165.83279287178
i:300	65165.83279287178
i:350	65165.83279287178
i:400	65165.83279287178
i:450	65165.83279287178
i:500	65165.83279287178
i:550	65165.83279287178
i:600	65165.83279287178
i:650	65165.83279287178
best: 65165.83279287178
routes: [0, 26, 28, 27, 29, 30, 39, 36, 38, 37, 40, 32, 34, 35, 33, 31, 50, 49, 48, 47, 46, 0, 1, 2, 4, 3, 5, 44, 43, 45, 41, 42, 24, 25, 23, 21, 22, 9, 10, 8, 7, 6, 0, 11, 12, 15, 13, 14, 20, 18, 17, 19, 16, 0]
Elapsed time: 33.5484504699707

i:0	81792.19311476384
i:50	65225.511197880405
i:100	65225.511197880405
i:150	65225.511197880405
i:200	65225.511197880405
i:250	65225.511197880405
i:300	65225.511197880405
i:350	65225.511197880405
i:400	65225.511197880405
i:450	65225.511197880405
i:500	65225.511197880405
i:550	65225.511197880405
i:600	65225.511197880405
i:650	65225.511197880405
best: 65225.511197880405
routes: [0, 49, 50, 48, 47, 46, 34, 35, 33, 32, 31, 40, 38, 37, 39, 36, 28, 27, 29, 30, 26, 0, 8, 7, 9, 10, 6, 23, 24, 21, 22, 25, 41, 42, 45, 43, 44, 1, 2, 5, 3, 4, 0, 13, 14, 11, 12, 15, 20, 18, 17, 19, 16, 0]
Elapsed time: 35.851847410202026

i:0	84351.0307551989
i:50	65837.33330795362
i:100	64778.39958198051
i:150	64778.39958198051
i:200	64778.39958198051
i:250	64778.39958198051
i:300	64778.39958198051
i:350	64778.39958198051
i:400	64778.39958198051
i:450	64778.39958198051
i:500	64778.39958198051
i:550	64778.39958198051
i:600	64778.39958198051
i:650	64778.39958198051
best: 64778.39958198051
routes: [0, 26, 28, 27, 29, 30, 39, 36, 38, 37, 40, 31, 32, 34, 35, 33, 50, 49, 48, 47, 46, 0, 8, 7, 9, 10, 6, 24, 25, 23, 22, 21, 41, 42, 45, 43, 44, 5, 3, 1, 2, 4, 0, 12, 15, 13, 14, 11, 18, 17, 20, 19, 16, 0]
Elapsed time: 36.90119171142578

i:0	493914.2206109017
i:50	66074.73772247638
i:100	65681.42662703797
i:150	65681.42662703797
i:200	65681.42662703797
i:250	65346.627965822016
i:300	65148.79314935231
i:350	65148.79314935231
i:400	65148.79314935231
i:450	65148.79314935231
i:500	65148.79314935231
i:550	65148.79314935231
i:600	65148.79314935231
i:650	65148.79314935231
best: 65148.79314935231
routes: [0, 8, 7, 9, 10, 6, 25, 23, 22, 24, 21, 41, 42, 45, 43, 44, 1, 2, 5, 3, 4, 0, 26, 28, 27, 29, 30, 39, 36, 38, 37, 40, 33, 34, 31, 32, 35, 50, 49, 48, 47, 46, 0, 13, 14, 11, 12, 15, 20, 18, 17, 19, 16, 0]
Elapsed time: 35.31629276275635

i:0	81433.70640303928
i:50	66169.13452521856
i:100	66169.13452521856
i:150	66169.13452521856
i:200	66169.13452521856
i:250	66169.13452521856
i:300	66169.13452521856
i:350	66169.13452521856
i:400	66169.13452521856
i:450	66169.13452521856
i:500	66169.13452521856
i:550	66169.13452521856
i:600	66169.13452521856
i:650	66169.13452521856
best: 66169.13452521856
routes: [0, 49, 50, 48, 47, 46, 33, 34, 31, 32, 35, 40, 38, 37, 39, 36, 29, 30, 28, 27, 26, 0, 1, 2, 4, 3, 5, 44, 43, 42, 45, 41, 21, 22, 24, 25, 23, 6, 8, 7, 9, 10, 0, 13, 14, 11, 12, 15, 20, 18, 17, 19, 16, 0]
Elapsed time: 41.05736684799194

i:0	291571.23024693015
i:50	64178.76936791254
i:100	63912.62549201166
i:150	63912.62549201166
i:200	63912.62549201166
i:250	63912.62549201166
i:300	63912.62549201166
i:350	63912.62549201166
i:400	63912.62549201166
i:450	63912.62549201166
i:500	63912.62549201166
i:550	63912.62549201166
i:600	63912.62549201166
i:650	63912.62549201166
best: 63912.62549201166
routes: [0, 8, 7, 9, 10, 6, 24, 25, 23, 22, 21, 41, 42, 45, 43, 44, 5, 3, 1, 2, 4, 0, 26, 28, 27, 29, 30, 39, 36, 38, 37, 40, 32, 34, 35, 33, 31, 50, 49, 48, 47, 46, 0, 11, 12, 15, 13, 14, 20, 18, 17, 19, 16, 0]
Elapsed time: 34.68931984901428

mean: 65432.44936383261
std: 894.7330411828041
mean-time: 36.61947937011719
std-time: 2.0858838665834276