i:0	69067.67468525904
i:50	49731.35539334656
i:100	48398.44329200567
i:150	48057.809909795265
i:200	47783.832030783975
i:250	47354.70166143197
i:300	47345.15735978598
i:350	47155.38880706011
i:400	47115.211989220115
i:450	47115.211989220115
i:500	47050.592382206756
i:550	47050.592382206756
i:600	47050.592382206756
i:650	47050.592382206756
best: 47050.592382206756
routes: [0, 11, 12, 13, 14, 16, 15, 17, 19, 20, 18, 39, 40, 36, 37, 38, 35, 34, 33, 31, 32, 0, 23, 22, 25, 27, 29, 30, 28, 26, 24, 21, 47, 41, 42, 43, 45, 48, 49, 50, 46, 44, 8, 2, 1, 3, 7, 9, 10, 5, 6, 4, 0]
Elapsed time: 182.59369540214539

i:0	69065.48041018375
i:50	49510.32650537923
i:100	47624.55082146035
i:150	47458.04651153214
i:200	47108.9856409888
i:250	46969.82816892165
i:300	46730.353240841956
i:350	46596.01955572766
i:400	46391.78249773879
i:450	46391.78249773879
i:500	46391.78249773879
i:550	46262.163706689986
i:600	46262.163706689986
i:650	46262.163706689986
best: 46262.163706689986
routes: [0, 12, 13, 15, 17, 19, 20, 18, 16, 14, 11, 39, 40, 36, 37, 38, 35, 34, 33, 31, 32, 0, 23, 24, 26, 29, 30, 28, 27, 25, 22, 21, 48, 47, 41, 42, 43, 45, 49, 50, 46, 44, 8, 7, 9, 10, 5, 6, 2, 1, 3, 4, 0]
Elapsed time: 178.32157278060913

i:0	67082.38135550715
i:50	51031.07584740882
i:100	50251.91228751889
i:150	50118.576147148364
i:200	50109.81260245825
i:250	50054.852407740036
i:300	50054.852407740036
i:350	49993.024186051895
i:400	49993.024186051895
i:450	49993.024186051895
i:500	49993.024186051895
i:550	49993.024186051895
i:600	49993.024186051895
i:650	49993.024186051895
best: 49993.024186051895
routes: [0, 14, 15, 17, 19, 20, 18, 16, 12, 13, 11, 31, 33, 35, 36, 39, 40, 37, 38, 34, 32, 0, 4, 6, 5, 10, 8, 2, 1, 3, 7, 9, 50, 46, 49, 44, 43, 45, 42, 41, 47, 48, 21, 22, 23, 25, 27, 24, 26, 29, 30, 28, 0]
Elapsed time: 178.49719285964966

i:0	67711.93739087286
i:50	49072.41030322229
i:100	48466.097754595015
i:150	47998.723147033525
i:200	47537.82143323346
i:250	47537.82143323346
i:300	46543.884753567894
i:350	46543.884753567894
i:400	46372.46160408843
i:450	46290.70061743117
i:500	46109.89050916357
i:550	46109.89050916357
i:600	46109.89050916357
i:650	46109.89050916357
best: 46109.89050916357
routes: [0, 23, 22, 25, 27, 29, 30, 28, 26, 24, 21, 48, 47, 41, 42, 45, 43, 44, 46, 49, 50, 9, 10, 7, 8, 2, 1, 3, 6, 5, 4, 0, 11, 13, 12, 15, 17, 19, 20, 18, 16, 14, 39, 40, 36, 37, 38, 35, 34, 33, 31, 32, 0]
Elapsed time: 180.56761384010315

i:0	67919.21119769948
i:50	50353.391453636075
i:100	48665.20827912489
i:150	48619.94312318043
i:200	48081.545921475845
i:250	48081.545921475845
i:300	48081.545921475845
i:350	48081.545921475845
i:400	48081.545921475845
i:450	47771.217702337715
i:500	47771.217702337715
i:550	47771.217702337715
i:600	47771.217702337715
i:650	47771.217702337715
best: 47771.217702337715
routes: [0, 4, 5, 3, 1, 2, 8, 6, 7, 10, 9, 50, 44, 46, 49, 45, 43, 42, 41, 47, 48, 21, 22, 23, 25, 24, 26, 29, 30, 27, 28, 0, 11, 13, 15, 17, 19, 20, 18, 16, 12, 14, 39, 40, 37, 38, 36, 35, 32, 31, 33, 34, 0]
Elapsed time: 217.23106908798218

i:0	66089.95553158507
i:50	50844.355370445555
i:100	50285.75480610208
i:150	49715.855849882115
i:200	49285.72802560031
i:250	49259.72886054777
i:300	49180.43746800936
i:350	48846.26869207628
i:400	48767.233103172664
i:450	48221.917118223406
i:500	48174.938157510194
i:550	48073.51582646458
i:600	48062.73058167697
i:650	48062.73058167697
best: 48062.73058167697
routes: [0, 4, 1, 2, 3, 6, 5, 10, 7, 8, 9, 50, 46, 49, 44, 43, 42, 41, 45, 47, 48, 21, 22, 23, 25, 24, 26, 29, 30, 27, 28, 0, 11, 12, 13, 15, 17, 19, 20, 18, 16, 14, 31, 32, 33, 34, 35, 38, 37, 39, 40, 36, 0]
Elapsed time: 200.53347206115723

i:0	68434.80108984618
i:50	49701.97645892831
i:100	49489.172816668695
i:150	49281.41334324084
i:200	48967.61882437111
i:250	48451.06948641062
i:300	47668.01432100656
i:350	46969.29211918877
i:400	46935.741769724074
i:450	46897.19411099625
i:500	46784.75016413798
i:550	46745.34255362286
i:600	46745.34255362286
i:650	46345.492698792994
best: 46118.15947395898
routes: [0, 11, 13, 12, 15, 17, 19, 20, 18, 16, 14, 39, 40, 36, 37, 38, 35, 34, 33, 31, 32, 0, 23, 22, 25, 27, 29, 30, 28, 26, 24, 21, 48, 47, 41, 42, 45, 43, 44, 46, 49, 50, 9, 10, 5, 6, 7, 8, 2, 1, 3, 4, 0]
Elapsed time: 205.1091377735138

i:0	62913.51217800354
i:50	49264.894674046824
i:100	49250.64514124948
i:150	48780.66447570399
i:200	47699.39190026431
i:250	47628.46343576939
i:300	47549.38066745587
i:350	47514.222818797556
i:400	47514.222818797556
i:450	47384.604027748734
i:500	47338.92406208925
i:550	47338.92406208925
i:600	47338.92406208925
i:650	47338.92406208925
best: 47338.92406208925
routes: [0, 12, 15, 17, 19, 20, 18, 16, 14, 13, 11, 31, 32, 33, 34, 35, 38, 37, 36, 39, 40, 0, 23, 24, 26, 29, 30, 28, 27, 25, 22, 21, 48, 47, 41, 42, 43, 45, 46, 49, 50, 44, 8, 2, 1, 3, 6, 7, 9, 10, 5, 4, 0]
Elapsed time: 179.46626257896423

i:0	70848.41482568972
i:50	49544.94322986853
i:100	48735.95591095691
i:150	48003.46731247303
i:200	47648.344173691
i:250	47648.344173691
i:300	47648.344173691
i:350	47648.344173691
i:400	47648.344173691
i:450	47648.344173691
i:500	47444.10711570213
i:550	47444.10711570213
i:600	47444.10711570213
i:650	47444.10711570213
best: 47444.10711570213
routes: [0, 4, 1, 2, 3, 6, 5, 10, 7, 8, 9, 50, 44, 43, 42, 41, 47, 45, 46, 49, 48, 21, 24, 26, 29, 30, 28, 27, 25, 23, 22, 0, 12, 15, 17, 19, 20, 18, 16, 14, 13, 11, 39, 40, 36, 37, 38, 35, 34, 33, 31, 32, 0]
Elapsed time: 152.3599681854248

i:0	65761.5815907643
i:50	48961.76295603404
i:100	48142.61669773
i:150	47515.12788411183
i:200	47333.34471724574
i:250	47241.599847692094
i:300	47241.599847692094
i:350	47036.90254485569
i:400	46627.83150767506
i:450	46182.31631204265
i:500	46182.31631204265
i:550	46182.31631204265
i:600	46182.31631204265
i:650	46182.31631204265
best: 46182.31631204265
routes: [0, 12, 13, 15, 17, 19, 20, 18, 16, 14, 11, 39, 40, 36, 37, 38, 35, 34, 33, 31, 32, 0, 23, 22, 25, 27, 29, 30, 28, 26, 24, 21, 48, 47, 41, 42, 43, 45, 46, 49, 50, 44, 8, 7, 9, 10, 5, 6, 2, 1, 3, 4, 0]
Elapsed time: 178.8646948337555

mean: 47233.31260319198
std: 1150.4619059916765
mean-time: 185.3544679403305
std-time: 17.114939823200558