i:0	70368.47610340311
i:50	52286.947673994204
i:100	51092.50166802594
i:150	49819.30277567231
i:200	49819.30277567231
i:250	49768.09274203069
i:300	49507.786782188916
i:350	49304.789696048756
i:400	49304.789696048756
i:450	49304.789696048756
i:500	49304.789696048756
i:550	49304.789696048756
i:600	49304.789696048756
i:650	49304.789696048756
best: 49304.789696048756
routes: [0, 23, 22, 25, 27, 29, 30, 28, 26, 24, 21, 48, 47, 41, 42, 43, 45, 46, 49, 50, 44, 0, 4, 3, 6, 5, 10, 9, 7, 8, 2, 1, 31, 32, 33, 34, 35, 38, 36, 37, 39, 40, 0, 11, 13, 12, 15, 17, 19, 20, 18, 16, 14, 0]
Elapsed time: 149.0215449333191

i:0	71481.0470607036
i:50	51831.45304797394
i:100	51102.10629079427
i:150	50600.76077853366
i:200	50122.859186387876
i:250	50015.63209717437
i:300	50015.63209717437
i:350	49956.335127225124
i:400	49956.335127225124
i:450	49682.95276944953
i:500	49598.870630902784
i:550	49598.870630902784
i:600	49463.89107641001
i:650	49463.89107641001
best: 49463.89107641001
routes: [0, 4, 3, 6, 5, 10, 9, 7, 8, 2, 1, 31, 32, 33, 34, 35, 38, 36, 37, 39, 40, 0, 23, 24, 26, 29, 30, 28, 27, 25, 22, 21, 47, 41, 42, 43, 45, 48, 46, 49, 50, 44, 0, 11, 13, 12, 15, 17, 19, 20, 18, 16, 14, 0]
Elapsed time: 156.77978539466858

i:0	64333.14935981556
i:50	51946.46784362139
i:100	51437.04482843619
i:150	51394.02182017309
i:200	51264.40302912427
i:250	50606.91158787235
i:300	50606.91158787235
i:350	50606.91158787235
i:400	50606.91158787235
i:450	50606.91158787235
i:500	50606.91158787235
i:550	50606.91158787235
i:600	50546.489926074224
i:650	49745.31622615749
best: 49745.31622615749
routes: [0, 23, 24, 26, 29, 30, 28, 27, 25, 22, 21, 48, 47, 41, 42, 43, 45, 46, 49, 50, 44, 0, 4, 3, 6, 5, 10, 7, 9, 8, 2, 1, 31, 32, 33, 34, 35, 37, 38, 36, 39, 40, 0, 11, 13, 15, 17, 19, 20, 18, 16, 14, 12, 0]
Elapsed time: 145.71368169784546

i:0	67067.4041583617
i:50	52044.90926282792
i:100	51475.07878020492
i:150	50498.79745208018
i:200	50409.63610697453
i:250	50017.45207201531
i:300	50017.45207201531
i:350	49840.96707824846
i:400	49840.96707824846
i:450	49840.96707824846
i:500	49840.96707824846
i:550	49840.96707824846
i:600	49840.96707824846
i:650	49840.96707824846
best: 49840.96707824846
routes: [0, 23, 22, 25, 27, 29, 30, 28, 26, 24, 21, 47, 48, 46, 44, 43, 42, 41, 45, 49, 50, 0, 4, 3, 6, 5, 10, 9, 7, 8, 2, 1, 31, 32, 33, 34, 35, 38, 36, 37, 39, 40, 0, 11, 13, 15, 17, 19, 20, 18, 16, 14, 12, 0]
Elapsed time: 150.20013904571533

i:0	72449.84833730399
i:50	52868.77135650769
i:100	52130.323085661585
i:150	51566.112169494736
i:200	51566.112169494736
i:250	51089.361672917876
i:300	50645.466713248126
i:350	50019.20905262868
i:400	50019.20905262868
i:450	50019.20905262868
i:500	50019.20905262868
i:550	50019.20905262868
i:600	50019.20905262868
i:650	50019.20905262868
best: 50019.20905262868
routes: [0, 23, 22, 25, 27, 29, 30, 28, 26, 24, 21, 48, 47, 41, 42, 43, 45, 46, 49, 50, 44, 0, 4, 5, 10, 9, 7, 8, 6, 3, 1, 2, 31, 32, 33, 34, 35, 36, 37, 38, 39, 40, 0, 11, 13, 12, 15, 16, 17, 19, 20, 18, 14, 0]
Elapsed time: 159.82300806045532

i:0	64269.59029968429
i:50	50989.60755658148
i:100	50236.065355458784
i:150	50200.90750680045
i:200	49631.73770599789
i:250	49631.73770599789
i:300	49596.57985733956
i:350	49596.57985733956
i:400	49596.57985733956
i:450	49596.57985733956
i:500	49596.57985733956
i:550	49596.57985733956
i:600	49596.57985733956
i:650	49596.57985733956
best: 49596.57985733956
routes: [0, 23, 24, 26, 29, 30, 28, 27, 25, 22, 21, 47, 48, 45, 42, 41, 43, 44, 46, 49, 50, 0, 12, 15, 17, 19, 20, 18, 16, 14, 13, 11, 39, 40, 36, 37, 38, 35, 34, 33, 31, 32, 0, 1, 3, 2, 8, 7, 9, 10, 5, 6, 4, 0]
Elapsed time: 141.65232467651367

i:0	69126.41096397526
i:50	52416.092843553255
i:100	51232.05770609157
i:150	50899.95469067842
i:200	50656.33366330723
i:250	50077.331886223496
i:300	50035.40514104559
i:350	49995.46715225321
i:400	49421.63680102855
i:450	49421.63680102855
i:500	49421.63680102855
i:550	49421.63680102855
i:600	49421.63680102855
i:650	49421.63680102855
best: 49194.30357619453
routes: [0, 23, 22, 25, 27, 29, 30, 28, 26, 24, 21, 48, 47, 41, 42, 43, 45, 46, 49, 50, 44, 0, 11, 13, 12, 15, 17, 19, 20, 18, 16, 14, 39, 40, 36, 37, 38, 35, 34, 33, 31, 32, 0, 5, 6, 10, 9, 7, 8, 2, 1, 3, 4, 0]
Elapsed time: 151.1991217136383

i:0	69733.90958062263
i:50	54690.87845881898
i:100	53470.66337196534
i:150	51283.76618531367
i:200	50798.51629027272
i:250	50153.76499016426
i:300	50153.76499016426
i:350	50153.76499016426
i:400	50153.76499016426
i:450	50153.76499016426
i:500	50153.76499016426
i:550	50074.315277443005
i:600	50074.315277443005
i:650	50074.315277443005
best: 50074.315277443005
routes: [0, 4, 3, 6, 5, 10, 9, 7, 8, 2, 1, 31, 32, 33, 34, 35, 38, 36, 37, 39, 40, 0, 50, 46, 49, 44, 43, 45, 42, 41, 47, 48, 21, 22, 23, 25, 24, 26, 29, 30, 27, 28, 0, 11, 13, 15, 17, 19, 20, 18, 16, 14, 12, 0]
Elapsed time: 152.08279943466187

i:0	70458.69337092622
i:50	52383.699075332894
i:100	51530.83506236378
i:150	51220.52530535337
i:200	51170.30251291626
i:250	50926.85294394804
i:300	50703.20137977733
i:350	50703.20137977733
i:400	50703.20137977733
i:450	50703.20137977733
i:500	50703.20137977733
i:550	50703.20137977733
i:600	50703.20137977733
i:650	50703.20137977733
best: 50703.20137977733
routes: [0, 4, 5, 10, 9, 7, 8, 6, 3, 1, 2, 31, 32, 33, 34, 35, 36, 37, 38, 39, 40, 0, 50, 46, 49, 44, 43, 45, 42, 41, 47, 48, 21, 24, 26, 29, 30, 27, 28, 23, 25, 22, 0, 11, 13, 12, 15, 17, 19, 20, 18, 16, 14, 0]
Elapsed time: 139.37382411956787

i:0	69750.78664114188
i:50	53326.42234495943
i:100	52386.17119532916
i:150	50720.27814551087
i:200	50720.27814551087
i:250	50720.27814551087
i:300	50720.27814551087
i:350	50720.27814551087
i:400	50386.75473810901
i:450	50308.79946886606
i:500	50164.5976174166
i:550	50164.5976174166
i:600	50164.5976174166
i:650	50164.5976174166
best: 50134.42288618934
routes: [0, 50, 46, 44, 43, 45, 42, 41, 47, 49, 48, 21, 22, 23, 25, 24, 26, 29, 30, 27, 28, 0, 4, 3, 6, 5, 10, 7, 9, 8, 2, 1, 31, 32, 33, 34, 35, 37, 38, 36, 39, 40, 0, 11, 13, 12, 15, 17, 19, 20, 18, 16, 14, 0]
Elapsed time: 155.51310777664185

mean: 49807.699610643715
std: 426.7832027997526
mean-time: 150.13593368530275
std-time: 6.167752857421297