i:0	298161.16530152294
i:50	65218.81286196578
i:100	64889.09592042824
i:150	64867.25127038978
i:200	64867.25127038978
i:250	64867.25127038978
i:300	64867.25127038978
i:350	64867.25127038978
i:400	64867.25127038978
i:450	64867.25127038978
i:500	64867.25127038978
i:550	64867.25127038978
i:600	64867.25127038978
i:650	64867.25127038978
best: 64867.25127038978
routes: [0, 27, 29, 30, 26, 28, 39, 40, 38, 37, 36, 33, 31, 32, 34, 35, 50, 49, 48, 47, 46, 0, 1, 2, 5, 3, 4, 43, 45, 41, 42, 44, 21, 22, 24, 25, 23, 7, 9, 8, 10, 6, 0, 19, 18, 17, 20, 16, 15, 13, 14, 11, 12, 0]
Elapsed time: 40.409592390060425

i:0	82703.79862248851
i:50	64262.248839343374
i:100	64262.248839343374
i:150	64262.248839343374
i:200	64262.248839343374
i:250	64262.248839343374
i:300	64262.248839343374
i:350	64262.248839343374
i:400	64262.248839343374
i:450	64262.248839343374
i:500	64262.248839343374
i:550	64262.248839343374
i:600	64262.248839343374
i:650	64262.248839343374
best: 64262.248839343374
routes: [0, 6, 10, 8, 7, 9, 24, 25, 23, 22, 21, 43, 44, 45, 41, 42, 4, 3, 2, 5, 1, 0, 27, 29, 30, 26, 28, 39, 40, 38, 37, 36, 33, 31, 32, 34, 35, 48, 47, 49, 50, 46, 0, 19, 18, 17, 20, 16, 15, 13, 14, 11, 12, 0]
Elapsed time: 37.977522134780884

i:0	93853.59424906629
i:50	65978.9920186118
i:100	65412.04570380321
i:150	65412.04570380321
i:200	65401.25510599925
i:250	65401.25510599925
i:300	65401.25510599925
i:350	65401.25510599925
i:400	65401.25510599925
i:450	65401.25510599925
i:500	65401.25510599925
i:550	65401.25510599925
i:600	65401.25510599925
i:650	65401.25510599925
best: 65401.25510599925
routes: [0, 19, 18, 17, 20, 16, 15, 13, 14, 11, 12, 6, 10, 8, 7, 9, 25, 23, 24, 21, 22, 0, 45, 43, 41, 42, 44, 39, 40, 38, 37, 36, 29, 30, 28, 27, 26, 3, 4, 5, 1, 2, 0, 46, 48, 47, 49, 50, 34, 35, 33, 31, 32, 0]
Elapsed time: 35.330336809158325

i:0	76635.47263822911
i:50	69114.24286133653
i:100	69114.24286133653
i:150	69114.24286133653
i:200	69114.24286133653
i:250	69114.24286133653
i:300	69114.24286133653
i:350	69114.24286133653
i:400	69114.24286133653
i:450	69031.46508782152
i:500	69031.46508782152
i:550	69031.46508782152
i:600	69031.46508782152
i:650	69031.46508782152
best: 69031.46508782152
routes: [0, 19, 18, 17, 20, 16, 15, 13, 14, 11, 12, 6, 10, 9, 8, 7, 24, 21, 22, 25, 23, 0, 45, 43, 41, 42, 44, 39, 40, 38, 37, 36, 29, 30, 28, 27, 26, 4, 3, 2, 5, 1, 0, 33, 32, 34, 35, 31, 50, 49, 48, 47, 46, 0]
Elapsed time: 39.86119556427002

i:0	96854.51936709203
i:50	66667.49333822101
i:100	66031.14149866895
i:150	66031.14149866895
i:200	66031.14149866895
i:250	66031.14149866895
i:300	66031.14149866895
i:350	66031.14149866895
i:400	66031.14149866895
i:450	66031.14149866895
i:500	66031.14149866895
i:550	66031.14149866895
i:600	66031.14149866895
i:650	66031.14149866895
best: 66031.14149866895
routes: [0, 40, 38, 37, 39, 36, 30, 29, 28, 27, 26, 45, 43, 44, 41, 42, 3, 5, 1, 2, 4, 0, 19, 18, 17, 20, 16, 15, 13, 12, 14, 11, 6, 10, 8, 7, 9, 25, 23, 24, 21, 22, 0, 46, 48, 47, 49, 50, 34, 35, 33, 31, 32, 0]
Elapsed time: 37.47138953208923

i:0	84674.69539679993
i:50	62652.371058805904
i:100	62392.71536883926
i:150	62392.71536883926
i:200	62392.71536883926
i:250	62392.71536883926
i:300	62392.71536883926
i:350	62392.71536883926
i:400	62392.71536883926
i:450	62392.71536883926
i:500	62392.71536883926
i:550	62392.71536883926
i:600	62392.71536883926
i:650	62392.71536883926
best: 62392.71536883926
routes: [0, 3, 4, 5, 1, 2, 45, 43, 44, 41, 42, 21, 22, 24, 25, 23, 7, 9, 8, 10, 6, 0, 46, 48, 47, 49, 50, 34, 35, 33, 32, 31, 40, 38, 37, 39, 36, 28, 27, 29, 30, 26, 0, 19, 18, 17, 20, 16, 15, 13, 11, 12, 14, 0]
Elapsed time: 37.311436891555786

i:0	89516.53561608176
i:50	65060.74638137162
i:100	65060.74638137162
i:150	65060.74638137162
i:200	65060.74638137162
i:250	65060.74638137162
i:300	65060.74638137162
i:350	65060.74638137162
i:400	65060.74638137162
i:450	65060.74638137162
i:500	65060.74638137162
i:550	65060.74638137162
i:600	65060.74638137162
i:650	65060.74638137162
best: 65060.74638137162
routes: [0, 3, 4, 5, 1, 2, 45, 43, 41, 42, 44, 27, 29, 30, 26, 28, 39, 40, 38, 37, 36, 0, 19, 18, 17, 20, 16, 15, 13, 11, 12, 14, 6, 10, 8, 7, 9, 25, 23, 24, 21, 22, 0, 33, 31, 32, 34, 35, 47, 49, 48, 50, 46, 0]
Elapsed time: 36.21267533302307

i:0	83912.38625206039
i:50	64229.47723423261
i:100	64229.47723423261
i:150	64229.47723423261
i:200	64229.47723423261
i:250	64229.47723423261
i:300	64229.47723423261
i:350	64229.47723423261
i:400	64229.47723423261
i:450	64229.47723423261
i:500	64229.47723423261
i:550	64229.47723423261
i:600	64229.47723423261
i:650	64229.47723423261
best: 64229.47723423261
routes: [0, 6, 10, 8, 7, 9, 24, 25, 23, 22, 21, 43, 44, 45, 41, 42, 4, 3, 5, 1, 2, 0, 46, 48, 47, 49, 50, 31, 32, 34, 35, 33, 40, 38, 37, 39, 36, 29, 30, 28, 27, 26, 0, 11, 12, 14, 13, 15, 16, 20, 17, 19, 18, 0]
Elapsed time: 37.50069451332092

i:0	306532.2464705395
i:50	67112.33774160611
i:100	67112.33774160611
i:150	67112.33774160611
i:200	67112.33774160611
i:250	67112.33774160611
i:300	67112.33774160611
i:350	67112.33774160611
i:400	67112.33774160611
i:450	67112.33774160611
i:500	67112.33774160611
i:550	67112.33774160611
i:600	67112.33774160611
i:650	67112.33774160611
best: 67112.33774160611
routes: [0, 19, 18, 20, 17, 16, 15, 13, 12, 14, 11, 6, 10, 7, 9, 8, 4, 3, 2, 5, 1, 0, 25, 23, 22, 24, 21, 43, 42, 44, 45, 41, 27, 29, 30, 26, 28, 39, 40, 38, 37, 36, 0, 33, 32, 34, 35, 31, 48, 47, 49, 50, 46, 0]
Elapsed time: 36.672452211380005

i:0	86799.84736237215
i:50	62799.67131122661
i:100	62799.67131122661
i:150	62799.67131122661
i:200	62799.67131122661
i:250	62799.67131122661
i:300	62799.67131122661
i:350	62799.67131122661
i:400	62799.67131122661
i:450	62799.67131122661
i:500	62799.67131122661
i:550	62799.67131122661
i:600	62799.67131122661
i:650	62799.67131122661
best: 62799.67131122661
routes: [0, 3, 5, 1, 2, 4, 45, 43, 44, 41, 42, 25, 23, 24, 21, 22, 7, 9, 8, 10, 6, 0, 46, 48, 47, 49, 50, 34, 35, 33, 32, 31, 40, 38, 37, 39, 36, 29, 30, 28, 27, 26, 0, 11, 12, 14, 13, 15, 16, 20, 17, 19, 18, 0]
Elapsed time: 35.162315130233765

mean: 65118.830983949905
std: 1860.0109100229815
mean-time: 37.390961050987244
std-time: 1.6340357699263168