i:0	67224.62319927565
i:50	49432.74591824948
i:100	49038.55835117838
i:150	48965.9045832503
i:200	48917.19778986889
i:250	48794.51575904277
i:300	48779.09182081696
i:350	48653.66659107155
i:400	48540.06263854995
i:450	48540.06263854995
i:500	48540.06263854995
i:550	48540.06263854995
i:600	48540.06263854995
i:650	48540.06263854995
best: 48540.06263854995
routes: [0, 21, 22, 23, 26, 27, 24, 25, 29, 30, 28, 39, 40, 38, 33, 35, 37, 36, 34, 31, 32, 0, 46, 44, 42, 41, 43, 45, 47, 48, 49, 50, 11, 19, 20, 15, 16, 17, 18, 14, 13, 12, 3, 1, 2, 4, 5, 7, 9, 10, 8, 6, 0]
Elapsed time: 177.8462474346161

i:0	66713.8633228503
i:50	51842.312329517255
i:100	51452.98988004663
i:150	51057.115169694844
i:200	50895.784228660326
i:250	50882.75683476651
i:300	50032.56115043599
i:350	49687.154581583236
i:400	48699.232193727395
i:450	48699.232193727395
i:500	48372.47239325897
i:550	48372.47239325897
i:600	48372.47239325897
i:650	48372.47239325897
best: 48176.4043643645
routes: [0, 43, 45, 49, 50, 47, 48, 46, 44, 41, 42, 40, 38, 35, 33, 32, 31, 34, 36, 37, 39, 28, 30, 29, 27, 26, 25, 24, 23, 21, 22, 0, 11, 17, 20, 16, 15, 18, 19, 13, 14, 12, 10, 9, 7, 4, 2, 1, 5, 8, 3, 6, 0]
Elapsed time: 225.1015498638153

i:0	73669.45716837583
i:50	49669.871541429224
i:100	48781.54259407718
i:150	47695.465595641544
i:200	47399.01426798752
i:250	47199.02262400962
i:300	46942.80068072649
i:350	46581.324714414055
i:400	46581.324714414055
i:450	46547.82702901535
i:500	46522.6367884171
i:550	46501.81491511246
i:600	46499.35544771814
i:650	46495.94915420236
best: 46486.67506210028
routes: [0, 41, 42, 43, 44, 45, 47, 48, 49, 50, 46, 21, 22, 23, 26, 24, 25, 27, 29, 30, 28, 39, 40, 34, 31, 32, 33, 35, 38, 37, 36, 0, 11, 19, 18, 17, 20, 15, 16, 14, 13, 12, 6, 10, 9, 7, 4, 2, 1, 3, 5, 8, 0]
Elapsed time: 206.04777574539185

i:0	62482.19635517876
i:50	49712.079595658484
i:100	47808.014461195125
i:150	47618.777972300784
i:200	47376.17162892953
i:250	47163.076570326855
i:300	47126.1709272326
i:350	47101.78649602122
i:400	47093.90721925259
i:450	46683.46603111991
i:500	46683.46603111991
i:550	46683.46603111991
i:600	46683.46603111991
i:650	46683.46603111991
best: 46683.46603111991
routes: [0, 21, 22, 23, 26, 24, 25, 27, 29, 30, 28, 36, 31, 32, 33, 35, 38, 34, 37, 39, 40, 41, 42, 43, 44, 45, 47, 48, 49, 50, 46, 0, 11, 19, 18, 17, 20, 15, 16, 14, 13, 12, 3, 1, 2, 4, 5, 8, 7, 9, 10, 6, 0]
Elapsed time: 183.7119083404541

i:0	66757.12765114327
i:50	50548.81481548167
i:100	50068.23557677884
i:150	49847.88253170527
i:200	49716.221676042274
i:250	49703.02951717923
i:300	49443.970373711156
i:350	49209.21538731028
i:400	49110.52760801531
i:450	49080.25345575584
i:500	49080.25345575584
i:550	49080.25345575584
i:600	49080.25345575584
i:650	49070.28680757494
best: 49070.28680757494
routes: [0, 39, 40, 36, 37, 34, 31, 33, 32, 35, 38, 28, 29, 30, 27, 26, 23, 21, 22, 25, 24, 0, 43, 42, 41, 44, 45, 46, 47, 48, 49, 50, 11, 13, 14, 19, 20, 15, 16, 17, 18, 12, 6, 5, 4, 7, 9, 10, 8, 3, 1, 2, 0]
Elapsed time: 192.69243335723877

i:0	62908.14578022277
i:50	50372.16728285147
i:100	49981.187228634866
i:150	49981.187228634866
i:200	49557.98906212589
i:250	49389.19994253468
i:300	49389.19994253468
i:350	49389.19994253468
i:400	49389.19994253468
i:450	48838.064913869464
i:500	48173.26751175208
i:550	48173.26751175208
i:600	48012.77029850824
i:650	47642.33882325129
best: 47246.52552661851
routes: [0, 47, 48, 49, 50, 46, 44, 45, 43, 41, 42, 40, 36, 39, 37, 38, 35, 33, 32, 31, 34, 28, 30, 29, 27, 26, 25, 24, 23, 21, 22, 0, 11, 14, 13, 17, 16, 15, 20, 19, 18, 12, 3, 1, 2, 4, 5, 8, 7, 9, 10, 6, 0]
Elapsed time: 196.23930191993713

i:0	67046.67037002875
i:50	50272.26986146937
i:100	49936.29345056685
i:150	48891.92922299392
i:200	48389.66267708322
i:250	48389.66267708322
i:300	48134.078694193624
i:350	48134.078694193624
i:400	48134.078694193624
i:450	48134.078694193624
i:500	48134.078694193624
i:550	48134.078694193624
i:600	48134.078694193624
i:650	47930.65472586606
best: 47761.150016713276
routes: [0, 40, 36, 37, 34, 31, 32, 33, 35, 38, 39, 28, 30, 29, 27, 25, 24, 26, 23, 21, 22, 0, 6, 3, 1, 2, 4, 5, 8, 7, 9, 10, 15, 16, 17, 20, 19, 18, 12, 13, 14, 11, 50, 49, 48, 47, 46, 45, 44, 43, 41, 42, 0]
Elapsed time: 159.5103895664215

i:0	66932.80938248213
i:50	47572.75878332114
i:100	47521.78744649036
i:150	47309.895343788274
i:200	47267.51546051023
i:250	46951.816715191075
i:300	46826.57241113063
i:350	46826.57241113063
i:400	46826.57241113063
i:450	46818.00758129526
i:500	46818.00758129526
i:550	46818.00758129526
i:600	46818.00758129526
i:650	46818.00758129526
best: 46818.00758129526
routes: [0, 21, 22, 23, 26, 24, 25, 27, 29, 30, 28, 39, 38, 35, 33, 32, 31, 34, 36, 37, 40, 0, 1, 2, 4, 3, 6, 5, 8, 7, 10, 9, 13, 12, 17, 16, 15, 20, 19, 18, 14, 11, 50, 49, 48, 47, 46, 45, 44, 43, 41, 42, 0]
Elapsed time: 173.60787391662598

i:0	64259.22217076605
i:50	49118.09650339071
i:100	48010.7127859223
i:150	48010.7127859223
i:200	48010.7127859223
i:250	47737.7900490764
i:300	47737.7900490764
i:350	47737.7900490764
i:400	47737.7900490764
i:450	47737.7900490764
i:500	47737.7900490764
i:550	47737.7900490764
i:600	47737.7900490764
i:650	47737.7900490764
best: 47737.7900490764
routes: [0, 34, 31, 32, 33, 35, 38, 40, 39, 37, 36, 28, 30, 29, 27, 26, 25, 24, 23, 21, 22, 0, 6, 3, 1, 2, 4, 5, 8, 7, 9, 10, 15, 16, 17, 20, 19, 18, 12, 13, 14, 11, 50, 49, 48, 47, 46, 45, 44, 43, 41, 42, 0]
Elapsed time: 152.1865997314453

i:0	67190.20644419189
i:50	50026.588522951235
i:100	47919.79298749265
i:150	46840.04098902679
i:200	46699.058404982105
i:250	46543.7991497167
i:300	46543.7991497167
i:350	46543.7991497167
i:400	46543.7991497167
i:450	46543.7991497167
i:500	46543.7991497167
i:550	46543.7991497167
i:600	46543.7991497167
i:650	46543.7991497167
best: 46543.7991497167
routes: [0, 21, 23, 22, 24, 25, 27, 26, 29, 30, 28, 39, 37, 36, 34, 31, 32, 33, 35, 38, 40, 0, 3, 2, 1, 4, 5, 8, 6, 10, 7, 9, 12, 17, 16, 15, 20, 19, 18, 13, 14, 11, 50, 49, 48, 47, 46, 45, 44, 43, 41, 42, 0]
Elapsed time: 160.39400601387024

mean: 47506.41672271297
std: 852.4449363836876
mean-time: 182.73380858898162
std-time: 21.67900523241957