i:0	79116.83415404726
i:50	57954.97153506888
i:100	57954.97153506888
i:150	57054.0508581117
i:200	57054.0508581117
i:250	57054.0508581117
i:300	57054.0508581117
i:350	57054.0508581117
i:400	57054.0508581117
i:450	57054.0508581117
i:500	57054.0508581117
i:550	57054.0508581117
i:600	57054.0508581117
i:650	57054.0508581117
best: 57054.0508581117
routes: [0, 23, 25, 22, 24, 21, 43, 42, 41, 44, 45, 27, 29, 30, 26, 28, 39, 40, 38, 37, 36, 3, 4, 5, 1, 2, 0, 46, 48, 47, 49, 50, 34, 35, 33, 31, 32, 19, 18, 17, 20, 16, 15, 13, 11, 12, 14, 8, 7, 9, 10, 6, 0]
Elapsed time: 44.11394643783569

i:0	80138.40608526224
i:50	62475.297686624486
i:100	62475.297686624486
i:150	62475.297686624486
i:200	62293.169893243146
i:250	62293.169893243146
i:300	62293.169893243146
i:350	62293.169893243146
i:400	62128.086019268405
i:450	62059.289815564654
i:500	62059.289815564654
i:550	62059.289815564654
i:600	62059.289815564654
i:650	62059.289815564654
best: 62059.289815564654
routes: [0, 11, 12, 15, 13, 14, 6, 10, 9, 8, 7, 23, 24, 25, 22, 21, 43, 42, 45, 41, 44, 4, 3, 2, 5, 1, 0, 27, 29, 30, 26, 28, 39, 37, 36, 38, 40, 33, 32, 31, 34, 35, 48, 47, 49, 50, 46, 0, 17, 16, 20, 19, 18, 0]
Elapsed time: 40.3699893951416

i:0	78303.03398809409
i:50	54673.89895120451
i:100	54673.89895120451
i:150	54673.89895120451
i:200	54673.89895120451
i:250	54673.89895120451
i:300	54673.89895120451
i:350	54673.89895120451
i:400	54673.89895120451
i:450	54673.89895120451
i:500	54673.89895120451
i:550	54673.89895120451
i:600	54673.89895120451
i:650	54673.89895120451
best: 54673.89895120451
routes: [0, 46, 48, 47, 49, 50, 34, 35, 33, 32, 31, 40, 38, 37, 39, 36, 28, 30, 29, 27, 26, 3, 4, 5, 1, 2, 0, 45, 41, 44, 43, 42, 21, 24, 25, 23, 22, 7, 9, 8, 10, 6, 11, 12, 14, 13, 15, 17, 16, 20, 19, 18, 0]
Elapsed time: 42.58361530303955

i:0	84969.71802528616
i:50	55890.58115210579
i:100	55890.58115210579
i:150	55890.58115210579
i:200	55890.58115210579
i:250	55890.58115210579
i:300	55890.58115210579
i:350	55890.58115210579
i:400	55890.58115210579
i:450	55890.58115210579
i:500	55890.58115210579
i:550	55890.58115210579
i:600	55890.58115210579
i:650	55890.58115210579
best: 55890.58115210579
routes: [0, 5, 1, 2, 4, 3, 39, 40, 38, 37, 36, 28, 30, 29, 27, 26, 45, 41, 44, 43, 42, 21, 24, 25, 23, 22, 0, 46, 48, 47, 49, 50, 34, 35, 33, 31, 32, 19, 18, 17, 20, 16, 15, 13, 11, 12, 14, 8, 7, 9, 10, 6, 0]
Elapsed time: 47.524250984191895

i:0	80520.24485334603
i:50	56332.04129521341
i:100	54765.546386148155
i:150	54765.546386148155
i:200	54765.546386148155
i:250	54765.546386148155
i:300	54765.546386148155
i:350	54765.546386148155
i:400	54765.546386148155
i:450	54765.546386148155
i:500	54765.546386148155
i:550	54765.546386148155
i:600	54765.546386148155
i:650	54765.546386148155
best: 54765.546386148155
routes: [0, 46, 48, 47, 49, 50, 34, 35, 33, 32, 31, 40, 38, 37, 39, 36, 28, 30, 29, 27, 26, 0, 19, 18, 17, 20, 16, 15, 13, 11, 12, 14, 6, 8, 10, 9, 7, 23, 25, 22, 24, 21, 43, 42, 45, 41, 44, 4, 3, 2, 5, 1, 0]
Elapsed time: 52.7966890335083

i:0	84885.90385609173
i:50	55376.54275653916
i:100	55376.54275653916
i:150	55282.061722690356
i:200	55282.061722690356
i:250	55282.061722690356
i:300	55282.061722690356
i:350	55282.061722690356
i:400	55282.061722690356
i:450	55175.58955520275
i:500	55134.42578731688
i:550	55134.42578731688
i:600	55134.42578731688
i:650	55134.42578731688
best: 55134.42578731688
routes: [0, 19, 18, 17, 20, 16, 15, 13, 11, 12, 14, 6, 8, 10, 9, 7, 23, 25, 22, 21, 24, 4, 3, 5, 2, 1, 0, 45, 43, 42, 41, 44, 27, 26, 30, 29, 28, 39, 40, 38, 37, 36, 33, 32, 31, 34, 35, 48, 47, 49, 50, 46, 0]
Elapsed time: 44.54804229736328

i:0	82245.46455662427
i:50	54673.89895120451
i:100	54673.89895120451
i:150	54673.89895120451
i:200	54673.89895120451
i:250	54673.89895120451
i:300	54673.89895120451
i:350	54673.89895120451
i:400	54673.89895120451
i:450	54673.89895120451
i:500	54673.89895120451
i:550	54673.89895120451
i:600	54673.89895120451
i:650	54673.89895120451
best: 54673.89895120451
routes: [0, 46, 48, 47, 49, 50, 34, 35, 33, 32, 31, 40, 38, 37, 39, 36, 28, 30, 29, 27, 26, 3, 4, 5, 1, 2, 0, 45, 41, 44, 43, 42, 21, 24, 25, 23, 22, 7, 9, 8, 10, 6, 11, 12, 14, 13, 15, 17, 16, 20, 19, 18, 0]
Elapsed time: 44.1030695438385

i:0	81304.65870097578
i:50	54678.73610806599
i:100	54678.73610806599
i:150	54678.73610806599
i:200	54678.73610806599
i:250	54678.73610806599
i:300	54678.73610806599
i:350	54678.73610806599
i:400	54678.73610806599
i:450	54678.73610806599
i:500	54678.73610806599
i:550	54678.73610806599
i:600	54678.73610806599
i:650	54678.73610806599
best: 54678.73610806599
routes: [0, 45, 41, 44, 43, 42, 27, 26, 30, 29, 28, 39, 40, 38, 37, 36, 33, 32, 31, 34, 35, 48, 47, 49, 50, 46, 0, 1, 2, 4, 3, 5, 23, 25, 22, 21, 24, 7, 9, 8, 10, 6, 11, 12, 14, 13, 15, 17, 16, 20, 19, 18, 0]
Elapsed time: 42.76076102256775

i:0	83984.0051427031
i:50	56080.91855173766
i:100	56080.91855173766
i:150	56080.91855173766
i:200	56080.91855173766
i:250	56080.91855173766
i:300	56080.91855173766
i:350	56080.91855173766
i:400	56080.91855173766
i:450	56080.91855173766
i:500	56080.91855173766
i:550	56080.91855173766
i:600	56080.91855173766
i:650	56080.91855173766
best: 56080.91855173766
routes: [0, 1, 4, 3, 5, 2, 27, 26, 30, 29, 28, 39, 37, 36, 38, 40, 33, 32, 31, 34, 35, 48, 47, 49, 50, 46, 0, 45, 41, 44, 43, 42, 21, 24, 25, 23, 22, 7, 9, 6, 8, 10, 14, 11, 12, 15, 13, 17, 16, 20, 19, 18, 0]
Elapsed time: 85.5981957912445

i:0	77450.727374623
i:50	58257.24320727824
i:100	58257.24320727824
i:150	58227.0046302854
i:200	55565.95860329273
i:250	55565.95860329273
i:300	55565.95860329273
i:350	55565.95860329273
i:400	55565.95860329273
i:450	55565.95860329273
i:500	55565.95860329273
i:550	55565.95860329273
i:600	55565.95860329273
i:650	55565.95860329273
best: 55565.95860329273
routes: [0, 5, 1, 2, 4, 3, 45, 41, 44, 43, 42, 21, 24, 25, 23, 22, 7, 9, 8, 10, 6, 11, 12, 14, 13, 15, 17, 16, 20, 19, 18, 0, 27, 29, 30, 26, 28, 39, 37, 36, 38, 40, 33, 32, 31, 34, 35, 48, 47, 49, 50, 46, 0]
Elapsed time: 53.18059754371643

mean: 56057.73051647526
std: 2133.905365363878
mean-time: 49.75791573524475
std-time: 12.609528954255403