i:0	69188.32575140393
i:50	52804.27689287907
i:100	51445.68539443591
i:150	51424.61371008114
i:200	51424.61371008114
i:250	51424.61371008114
i:300	51424.61371008114
i:350	51424.61371008114
i:400	51424.61371008114
i:450	51424.61371008114
i:500	51424.61371008114
i:550	51424.61371008114
i:600	51424.61371008114
i:650	51424.61371008114
best: 51424.61371008114
routes: [0, 1, 2, 3, 5, 4, 7, 9, 10, 8, 6, 15, 16, 17, 20, 19, 18, 11, 14, 13, 12, 0, 40, 36, 37, 34, 31, 32, 33, 35, 38, 39, 28, 30, 29, 27, 24, 25, 26, 23, 21, 22, 0, 46, 49, 50, 47, 48, 45, 44, 43, 41, 42, 0]
Elapsed time: 144.65405917167664

i:0	68422.23271813232
i:50	52198.238276420445
i:100	49845.2220501763
i:150	49068.129982070146
i:200	48903.19851560194
i:250	48679.83854031384
i:300	48679.83854031384
i:350	48679.83854031384
i:400	48679.83854031384
i:450	48679.83854031384
i:500	48679.83854031384
i:550	48679.83854031384
i:600	48679.83854031384
i:650	48679.83854031384
best: 48679.83854031384
routes: [0, 13, 12, 17, 15, 16, 20, 19, 18, 14, 11, 50, 49, 47, 48, 46, 45, 44, 43, 41, 42, 0, 21, 22, 23, 26, 24, 25, 27, 29, 30, 28, 36, 31, 32, 33, 35, 38, 34, 37, 39, 40, 0, 1, 2, 3, 5, 4, 7, 9, 10, 8, 6, 0]
Elapsed time: 137.6339395046234

i:0	66550.74630222004
i:50	52455.52127819673
i:100	51382.53412889866
i:150	51224.52128477908
i:200	50775.8704239958
i:250	50691.27540649581
i:300	50691.27540649581
i:350	50691.27540649581
i:400	50691.27540649581
i:450	50691.27540649581
i:500	50354.623504752766
i:550	50296.12800392339
i:600	50296.12800392339
i:650	50296.12800392339
best: 50296.12800392339
routes: [0, 39, 40, 36, 37, 34, 31, 32, 33, 35, 38, 28, 30, 29, 27, 24, 25, 26, 23, 21, 22, 0, 13, 12, 17, 15, 16, 20, 19, 18, 14, 11, 50, 49, 47, 48, 46, 45, 44, 43, 41, 42, 0, 1, 2, 3, 5, 4, 7, 9, 10, 8, 6, 0]
Elapsed time: 144.19444799423218

i:0	66262.70061186333
i:50	51336.10570880996
i:100	50048.19479440186
i:150	49695.013772926985
i:200	49353.562738598965
i:250	49353.562738598965
i:300	49353.562738598965
i:350	48958.41533602654
i:400	48958.41533602654
i:450	48958.41533602654
i:500	48958.41533602654
i:550	48958.41533602654
i:600	48958.41533602654
i:650	48958.41533602654
best: 48958.41533602654
routes: [0, 41, 42, 43, 44, 45, 46, 47, 48, 49, 50, 11, 19, 20, 15, 16, 17, 18, 14, 13, 12, 0, 36, 34, 31, 32, 33, 35, 38, 37, 39, 40, 28, 30, 29, 27, 24, 25, 26, 23, 21, 22, 0, 1, 2, 3, 5, 4, 7, 9, 10, 8, 6, 0]
Elapsed time: 145.6061019897461

i:0	63695.53682838869
i:50	50774.62062829186
i:100	49425.07961455689
i:150	49244.65353850903
i:200	49186.4155460087
i:250	49186.4155460087
i:300	49186.4155460087
i:350	49186.4155460087
i:400	49186.4155460087
i:450	49186.4155460087
i:500	49186.4155460087
i:550	49186.4155460087
i:600	49186.4155460087
i:650	49186.4155460087
best: 49186.4155460087
routes: [0, 36, 34, 31, 32, 33, 35, 38, 37, 39, 40, 28, 29, 30, 26, 27, 25, 24, 23, 21, 22, 0, 41, 42, 43, 44, 45, 46, 47, 48, 49, 50, 11, 19, 20, 15, 16, 17, 18, 14, 13, 12, 0, 1, 2, 3, 5, 4, 7, 9, 10, 8, 6, 0]
Elapsed time: 134.38734006881714

i:0	68260.53643015002
i:50	51639.26881615268
i:100	50559.4022736166
i:150	50385.750460179326
i:200	50385.750460179326
i:250	50385.750460179326
i:300	50129.43149962946
i:350	50129.43149962946
i:400	50129.43149962946
i:450	50088.9305494409
i:500	50088.9305494409
i:550	50088.9305494409
i:600	49740.89648307775
i:650	49538.89730864128
best: 49526.62497825096
routes: [0, 41, 42, 43, 44, 45, 46, 47, 48, 49, 50, 11, 19, 18, 20, 15, 16, 17, 12, 13, 14, 0, 36, 37, 34, 31, 32, 33, 35, 38, 40, 39, 28, 30, 29, 27, 22, 21, 23, 26, 25, 24, 0, 1, 2, 3, 5, 4, 7, 9, 10, 8, 6, 0]
Elapsed time: 155.2591073513031

i:0	69222.45128076251
i:50	51097.7069537234
i:100	50990.1440123899
i:150	50734.371221497764
i:200	50734.371221497764
i:250	50734.371221497764
i:300	50540.30549207444
i:350	48969.247499531506
i:400	48969.247499531506
i:450	48969.247499531506
i:500	48969.247499531506
i:550	48653.19605044775
i:600	48518.259477205276
i:650	48518.259477205276
best: 48518.259477205276
routes: [0, 21, 22, 23, 26, 24, 25, 27, 29, 30, 28, 31, 32, 33, 35, 38, 34, 36, 37, 39, 40, 0, 41, 42, 43, 44, 45, 47, 48, 46, 49, 50, 11, 19, 20, 15, 16, 17, 18, 14, 13, 12, 0, 1, 2, 3, 5, 4, 7, 9, 10, 8, 6, 0]
Elapsed time: 152.53401136398315

i:0	74360.2955229854
i:50	51965.98267226674
i:100	51515.58250594751
i:150	51424.040169594686
i:200	50195.308724957846
i:250	49921.16479465797
i:300	49323.349376740545
i:350	49323.349376740545
i:400	49323.349376740545
i:450	48733.0167649333
i:500	48030.36539235104
i:550	47549.93659613144
i:600	47549.93659613144
i:650	47549.93659613144
best: 47549.93659613144
routes: [0, 41, 42, 43, 44, 45, 46, 47, 48, 49, 50, 11, 19, 20, 15, 16, 17, 18, 14, 13, 12, 0, 21, 22, 23, 26, 24, 25, 27, 29, 30, 28, 36, 37, 34, 31, 32, 33, 35, 38, 39, 40, 0, 1, 2, 3, 5, 4, 7, 9, 10, 8, 6, 0]
Elapsed time: 175.44346165657043

i:0	72408.85880658367
i:50	50842.50554467399
i:100	50035.200899519965
i:150	49999.453280665184
i:200	49999.453280665184
i:250	49604.495414007375
i:300	49604.495414007375
i:350	49604.495414007375
i:400	49567.10883236337
i:450	49452.56553752562
i:500	49437.76387154942
i:550	49437.76387154942
i:600	49437.76387154942
i:650	49437.76387154942
best: 49419.91309941037
routes: [0, 41, 42, 43, 44, 45, 46, 47, 48, 49, 50, 11, 19, 18, 20, 15, 16, 17, 12, 13, 14, 0, 40, 36, 37, 34, 31, 32, 33, 35, 38, 39, 28, 30, 29, 27, 24, 25, 26, 23, 21, 22, 0, 1, 2, 3, 4, 5, 7, 9, 10, 8, 6, 0]
Elapsed time: 154.80829501152039

i:0	68331.63880170303
i:50	51086.605503166036
i:100	50056.561181015975
i:150	49136.61369058501
i:200	49023.0097380634
i:250	49023.0097380634
i:300	48916.15660796578
i:350	48819.95036752565
i:400	48819.95036752565
i:450	48819.95036752565
i:500	48819.95036752565
i:550	48819.95036752565
i:600	48819.95036752565
i:650	48819.95036752565
best: 48819.95036752565
routes: [0, 24, 25, 27, 29, 30, 26, 22, 21, 23, 28, 39, 40, 36, 37, 34, 31, 32, 33, 35, 38, 0, 41, 42, 43, 44, 45, 47, 48, 46, 49, 50, 11, 19, 20, 15, 16, 17, 18, 14, 13, 12, 0, 1, 2, 3, 5, 4, 7, 9, 10, 8, 6, 0]
Elapsed time: 140.46790075302124

mean: 49238.00956548772
std: 997.598810586749
mean-time: 148.4988664865494
std-time: 11.185527358926416