i:0	122104.79217981386
i:50	84765.16876607215
i:100	82604.84810028478
i:150	78580.35693325405
i:200	77562.96084950557
i:250	77562.96084950557
i:300	77548.12339267234
i:350	76895.88366806986
i:400	76608.55625361046
i:450	76564.49624659364
i:500	76455.37344813708
i:550	76409.46586992337
i:600	76382.70161804686
i:650	76188.25427170147
best: 76188.25427170147
routes: [0, 21, 25, 27, 29, 30, 28, 26, 24, 23, 22, 16, 15, 18, 20, 19, 17, 14, 12, 13, 11, 48, 47, 49, 50, 46, 44, 41, 43, 45, 42, 0, 61, 62, 63, 64, 65, 68, 67, 66, 69, 70, 31, 39, 38, 37, 40, 35, 36, 32, 33, 34, 0, 78, 75, 73, 72, 71, 74, 77, 76, 79, 80, 58, 60, 59, 57, 52, 51, 53, 56, 55, 54, 8, 2, 1, 3, 6, 7, 9, 10, 5, 4, 0]
Elapsed time: 270.54321813583374

i:0	115135.52233943627
i:50	81167.68875175211
i:100	74253.55195478837
i:150	73721.63107808292
i:200	73075.18077094964
i:250	72433.22276320608
i:300	71945.25242092306
i:350	71084.6648962519
i:400	70997.96583207158
i:450	70907.6692124543
i:500	70907.6692124543
i:550	70907.6692124543
i:600	70907.6692124543
i:650	70817.71513936677
best: 70678.92180996071
routes: [0, 51, 52, 53, 56, 54, 55, 57, 59, 60, 58, 76, 74, 71, 72, 73, 75, 78, 77, 79, 80, 61, 62, 63, 64, 65, 68, 67, 66, 69, 70, 0, 31, 39, 40, 35, 36, 37, 38, 34, 33, 32, 30, 28, 27, 29, 25, 26, 24, 21, 23, 22, 16, 15, 14, 17, 19, 20, 18, 13, 11, 12, 0, 4, 3, 1, 2, 8, 6, 5, 10, 7, 9, 43, 45, 42, 41, 44, 46, 49, 50, 47, 48, 0]
Elapsed time: 261.4635889530182

i:0	121605.81124420567
i:50	80153.34823076133
i:100	78467.17837235611
i:150	76544.33579696977
i:200	76359.9269018775
i:250	76060.05001139593
i:300	75728.4191183038
i:350	75643.62745599408
i:400	75643.62745599408
i:450	75517.02728043782
i:500	75205.11734424214
i:550	75113.45920426768
i:600	75081.17573100678
i:650	75081.17573100678
best: 75081.17573100678
routes: [0, 52, 51, 53, 56, 57, 54, 55, 60, 59, 58, 79, 77, 76, 71, 74, 72, 73, 75, 78, 80, 0, 4, 5, 6, 3, 1, 2, 10, 7, 8, 9, 43, 45, 42, 41, 44, 46, 49, 50, 47, 48, 17, 19, 20, 18, 15, 14, 12, 11, 13, 16, 0, 21, 23, 22, 25, 26, 27, 29, 30, 28, 24, 32, 37, 36, 35, 40, 39, 38, 33, 34, 31, 69, 70, 66, 67, 68, 65, 64, 63, 61, 62, 0]
Elapsed time: 258.53479981422424

i:0	120197.58297341743
i:50	87047.16872769277
i:100	79175.55454932572
i:150	77975.19981500536
i:200	76834.91959584446
i:250	76388.72676948502
i:300	76384.82117858627
i:350	75897.94777071528
i:400	75818.53708298884
i:450	75655.2447425341
i:500	75594.50301385351
i:550	75577.07301718186
i:600	75577.07301718186
i:650	75577.07301718186
best: 75418.21885024253
routes: [0, 76, 77, 74, 71, 72, 73, 75, 78, 80, 79, 58, 60, 59, 57, 56, 53, 51, 52, 55, 54, 0, 61, 62, 63, 64, 65, 68, 67, 66, 69, 70, 31, 33, 34, 39, 38, 37, 40, 35, 36, 32, 21, 23, 22, 25, 27, 29, 30, 28, 26, 24, 0, 4, 1, 3, 2, 8, 9, 7, 6, 5, 10, 43, 41, 42, 45, 44, 46, 49, 50, 47, 48, 14, 12, 11, 13, 15, 18, 17, 19, 20, 16, 0]
Elapsed time: 274.33863139152527

i:0	117043.58967237301
i:50	78823.02868012471
i:100	78230.56731922935
i:150	76861.76145038278
i:200	76414.39117466463
i:250	75711.44869339236
i:300	75504.58183163324
i:350	75001.94801591887
i:400	74615.98755528493
i:450	74615.98755528493
i:500	74614.42344778343
i:550	74519.42617795095
i:600	73967.43331504465
i:650	73918.13661205227
best: 73918.13661205227
routes: [0, 43, 42, 41, 44, 45, 47, 46, 49, 50, 48, 14, 12, 11, 13, 15, 17, 19, 20, 18, 16, 25, 27, 29, 30, 28, 26, 24, 21, 23, 22, 0, 51, 52, 53, 56, 54, 55, 57, 59, 60, 58, 79, 77, 78, 75, 73, 72, 71, 74, 76, 80, 2, 1, 3, 8, 7, 9, 10, 5, 6, 4, 0, 33, 34, 32, 37, 36, 35, 40, 39, 38, 31, 69, 70, 67, 68, 66, 65, 64, 63, 61, 62, 0]
Elapsed time: 266.83081698417664

i:0	116664.22474088638
i:50	81656.99369335055
i:100	79138.5040023877
i:150	78216.2505070099
i:200	78044.21344004254
i:250	77428.84878643067
i:300	77252.81868042167
i:350	77113.99192237481
i:400	76980.99522989501
i:450	76852.22156692906
i:500	76075.66060921324
i:550	75602.43185805168
i:600	75459.62442772929
i:650	75290.94985942943
best: 75199.66179629164
routes: [0, 33, 32, 37, 36, 35, 40, 39, 38, 34, 31, 69, 70, 66, 67, 68, 65, 64, 63, 61, 62, 0, 21, 24, 23, 22, 27, 29, 30, 28, 26, 25, 16, 20, 19, 17, 14, 15, 18, 13, 12, 11, 43, 45, 47, 49, 50, 48, 46, 44, 41, 42, 0, 51, 52, 53, 56, 54, 55, 57, 59, 60, 58, 79, 78, 75, 73, 72, 71, 74, 76, 77, 80, 2, 1, 3, 8, 7, 9, 10, 5, 6, 4, 0]
Elapsed time: 283.8173141479492

i:0	123862.99989732608
i:50	91240.75163065112
i:100	83637.48965136331
i:150	80185.28062746131
i:200	78795.7490058329
i:250	78390.8852311374
i:300	78390.8852311374
i:350	78390.8852311374
i:400	78390.8852311374
i:450	77581.95577649638
i:500	77487.4287639416
i:550	77487.4287639416
i:600	77487.4287639416
i:650	77487.4287639416
best: 77487.4287639416
routes: [0, 79, 77, 74, 76, 71, 72, 73, 75, 78, 80, 61, 62, 63, 64, 65, 68, 67, 66, 69, 70, 0, 31, 39, 40, 35, 36, 37, 38, 34, 33, 32, 24, 21, 23, 22, 25, 27, 29, 30, 28, 26, 20, 19, 17, 14, 12, 11, 13, 15, 18, 16, 0, 54, 55, 57, 59, 60, 58, 56, 53, 51, 52, 2, 1, 3, 4, 5, 6, 10, 7, 8, 9, 43, 42, 41, 44, 45, 47, 46, 49, 50, 48, 0]
Elapsed time: 249.388765335083

i:0	116509.16241205137
i:50	83915.05978904871
i:100	80681.4729311748
i:150	78477.92792414619
i:200	78196.93593458371
i:250	77607.26237499082
i:300	77145.30425791103
i:350	76999.7974888726
i:400	76999.7974888726
i:450	76942.78864397338
i:500	76916.28151326993
i:550	76509.55343202963
i:600	76496.5510760431
i:650	76049.03469337204
best: 76049.03469337204
routes: [0, 43, 45, 42, 41, 44, 46, 49, 50, 47, 48, 14, 12, 11, 13, 15, 18, 17, 19, 20, 16, 22, 23, 25, 27, 29, 30, 28, 26, 24, 21, 0, 61, 62, 63, 64, 65, 68, 66, 67, 70, 69, 31, 39, 38, 40, 36, 35, 37, 32, 33, 34, 0, 4, 2, 1, 3, 6, 5, 10, 8, 7, 9, 76, 77, 74, 71, 72, 73, 75, 78, 80, 79, 58, 60, 59, 57, 56, 55, 54, 51, 53, 52, 0]
Elapsed time: 278.33780336380005

i:0	120496.31393634106
i:50	81586.95748370572
i:100	79681.27091016993
i:150	78971.34294615232
i:200	77687.02828082835
i:250	76067.13301315698
i:300	74386.9019938362
i:350	73898.11436364196
i:400	73898.11436364196
i:450	73898.11436364196
i:500	73898.11436364196
i:550	73842.10805277649
i:600	73640.182584254
i:650	73640.182584254
best: 73640.182584254
routes: [0, 21, 23, 25, 27, 29, 30, 28, 26, 24, 22, 16, 13, 14, 17, 19, 20, 18, 15, 12, 11, 43, 42, 41, 44, 45, 47, 46, 49, 50, 48, 0, 33, 32, 37, 35, 36, 40, 39, 38, 34, 31, 69, 70, 66, 67, 68, 65, 64, 63, 61, 62, 0, 51, 52, 53, 56, 54, 55, 57, 59, 60, 58, 76, 74, 71, 72, 73, 75, 78, 77, 79, 80, 2, 8, 7, 9, 10, 5, 6, 3, 1, 4, 0]
Elapsed time: 254.6138038635254

i:0	120946.59939923495
i:50	86873.7625174831
i:100	80293.74976015193
i:150	79792.59797065958
i:200	77645.35429797572
i:250	77288.40038490325
i:300	76797.54633650678
i:350	76784.54398052025
i:400	76522.49935897713
i:450	76292.63500383147
i:500	75857.7676549447
i:550	75857.7676549447
i:600	75857.7676549447
i:650	75857.7676549447
best: 75857.7676549447
routes: [0, 61, 62, 63, 64, 65, 68, 67, 66, 69, 70, 31, 33, 34, 39, 38, 37, 40, 35, 36, 32, 0, 1, 2, 8, 7, 6, 3, 4, 5, 10, 9, 76, 77, 74, 71, 72, 73, 75, 78, 80, 79, 58, 60, 59, 57, 56, 55, 54, 53, 51, 52, 0, 21, 24, 23, 25, 27, 29, 30, 28, 26, 22, 16, 13, 15, 17, 19, 20, 18, 14, 12, 11, 43, 47, 45, 42, 41, 44, 46, 49, 50, 48, 0]
Elapsed time: 253.8692011833191

mean: 74951.87827677677
std: 1769.8853652960347
mean-time: 265.1737943172455
std-time: 10.87547183733159