i:0	123470.08339104812
i:50	87283.07502735114
i:100	85567.12478734092
i:150	84887.5031581326
i:200	84747.7028720735
i:250	84302.45065977258
i:300	84202.12792789073
i:350	84202.12792789073
i:400	84113.87956329159
i:450	83835.17508506338
i:500	83835.17508506338
i:550	83604.22334230453
i:600	83604.22334230453
i:650	83604.22334230453
best: 83604.22334230453
routes: [0, 31, 34, 33, 38, 39, 40, 36, 35, 37, 32, 28, 30, 29, 27, 25, 26, 24, 21, 23, 22, 0, 80, 76, 77, 74, 71, 72, 73, 75, 78, 79, 58, 59, 60, 56, 57, 55, 54, 53, 51, 52, 0, 4, 3, 6, 5, 10, 9, 7, 8, 2, 1, 61, 63, 65, 68, 67, 69, 70, 66, 64, 62, 0, 13, 16, 20, 19, 17, 18, 15, 14, 12, 11, 43, 45, 47, 48, 49, 50, 46, 44, 41, 42, 0]
Elapsed time: 225.56809043884277

i:0	134548.50791809353
i:50	92180.36070574928
i:100	87422.8777987839
i:150	84553.60177722889
i:200	83607.97178147793
i:250	83391.0045898048
i:300	83391.0045898048
i:350	83391.0045898048
i:400	83391.0045898048
i:450	83163.00437982263
i:500	83163.00437982263
i:550	83163.00437982263
i:600	83163.00437982263
i:650	83163.00437982263
best: 83163.00437982263
routes: [0, 43, 42, 41, 45, 44, 46, 49, 50, 47, 48, 11, 13, 15, 18, 16, 20, 19, 17, 14, 12, 0, 79, 80, 76, 77, 74, 71, 72, 73, 75, 78, 58, 60, 59, 57, 54, 55, 56, 53, 51, 52, 0, 4, 3, 6, 5, 10, 9, 7, 8, 2, 1, 61, 63, 65, 68, 67, 69, 70, 66, 64, 62, 0, 31, 33, 34, 39, 38, 37, 40, 35, 36, 32, 28, 30, 29, 27, 25, 26, 24, 21, 23, 22, 0]
Elapsed time: 201.36624431610107

i:0	121249.9232254557
i:50	85705.66248482342
i:100	84083.70905991543
i:150	82809.28093895469
i:200	81923.80685500143
i:250	81158.01971542324
i:300	80848.91020895634
i:350	80546.3694336644
i:400	80546.3694336644
i:450	80546.3694336644
i:500	80546.3694336644
i:550	80540.13442946589
i:600	80540.13442946589
i:650	80540.13442946589
best: 80540.13442946589
routes: [0, 51, 52, 53, 56, 54, 55, 57, 59, 60, 58, 76, 77, 74, 71, 72, 73, 75, 78, 79, 80, 0, 31, 34, 33, 38, 39, 40, 36, 35, 37, 32, 28, 30, 29, 27, 25, 26, 24, 21, 23, 22, 0, 13, 15, 18, 16, 20, 19, 17, 14, 12, 11, 43, 41, 44, 46, 49, 50, 48, 47, 45, 42, 0, 4, 5, 6, 10, 9, 7, 8, 2, 3, 1, 69, 70, 66, 67, 68, 65, 64, 63, 61, 62, 0]
Elapsed time: 224.16229915618896

i:0	129118.46453162353
i:50	86472.88432125698
i:100	84793.75557912591
i:150	83667.66991454626
i:200	82187.4781575294
i:250	82049.907027607
i:300	81644.59767173826
i:350	81474.12432652051
i:400	81474.12432652051
i:450	81474.12432652051
i:500	81474.12432652051
i:550	81076.24780863101
i:600	81076.24780863101
i:650	80736.33674721865
best: 80686.28486883701
routes: [0, 31, 39, 38, 34, 33, 32, 37, 40, 35, 36, 30, 28, 27, 29, 25, 26, 24, 21, 23, 22, 0, 4, 5, 10, 9, 7, 8, 6, 2, 1, 3, 61, 62, 63, 64, 65, 68, 66, 67, 69, 70, 0, 13, 15, 18, 16, 20, 19, 17, 14, 12, 11, 43, 41, 44, 46, 49, 50, 48, 47, 45, 42, 0, 51, 52, 53, 56, 54, 55, 57, 59, 60, 58, 76, 77, 74, 71, 72, 73, 75, 78, 79, 80, 0]
Elapsed time: 219.83682489395142

i:0	121450.17636048833
i:50	85147.29872712464
i:100	83001.05709171656
i:150	81658.52890179245
i:200	81601.45412748045
i:250	81369.44309247311
i:300	80875.18944139495
i:350	80875.18944139495
i:400	80875.18944139495
i:450	80875.18944139495
i:500	80875.18944139495
i:550	80875.18944139495
i:600	80853.9976943646
i:650	80790.63042567318
best: 80592.44342531802
routes: [0, 21, 23, 25, 27, 29, 30, 28, 26, 24, 22, 20, 19, 17, 18, 15, 14, 12, 11, 13, 16, 0, 61, 62, 63, 64, 65, 68, 66, 67, 69, 70, 31, 34, 33, 38, 39, 40, 35, 36, 37, 32, 0, 76, 74, 71, 72, 73, 75, 78, 77, 80, 79, 58, 59, 60, 56, 57, 55, 54, 51, 53, 52, 0, 4, 5, 6, 3, 1, 2, 8, 7, 9, 10, 43, 45, 42, 41, 44, 46, 49, 50, 47, 48, 0]
Elapsed time: 229.22456336021423

i:0	126060.68140969091
i:50	87632.99113536728
i:100	85928.50532220228
i:150	85102.7654604949
i:200	83846.82906852543
i:250	83766.56434586129
i:300	83631.58479136851
i:350	83630.02967879918
i:400	83166.99715108049
i:450	82594.43426398578
i:500	82254.76842456256
i:550	82254.76842456256
i:600	82254.76842456256
i:650	82254.76842456256
best: 82254.76842456256
routes: [0, 21, 22, 23, 24, 26, 25, 29, 27, 28, 30, 35, 36, 37, 40, 39, 38, 31, 34, 33, 32, 0, 13, 15, 18, 16, 20, 19, 17, 14, 12, 11, 43, 42, 41, 45, 44, 46, 49, 50, 47, 48, 0, 76, 71, 72, 73, 75, 78, 74, 77, 79, 80, 58, 60, 59, 57, 54, 55, 56, 53, 51, 52, 0, 4, 5, 6, 10, 9, 7, 8, 2, 3, 1, 61, 62, 63, 64, 65, 67, 68, 66, 69, 70, 0]
Elapsed time: 233.14132952690125

i:0	126581.82123701352
i:50	87660.85867107783
i:100	84097.02732952713
i:150	83695.32724247815
i:200	83178.86127464005
i:250	82955.01078668599
i:300	82583.14139885687
i:350	82317.62007478207
i:400	81760.08608420176
i:450	81586.06749967873
i:500	81485.65431522304
i:550	81375.2314196092
i:600	81301.49812940248
i:650	80832.54191547638
best: 80753.45999705077
routes: [0, 43, 42, 41, 45, 44, 46, 49, 50, 47, 48, 12, 11, 13, 15, 14, 17, 19, 20, 18, 16, 0, 51, 52, 53, 56, 55, 54, 57, 59, 60, 58, 76, 79, 77, 74, 71, 72, 73, 75, 78, 80, 0, 4, 3, 6, 5, 10, 9, 7, 8, 2, 1, 61, 62, 63, 64, 65, 68, 66, 67, 69, 70, 0, 21, 24, 23, 22, 25, 26, 27, 29, 30, 28, 32, 40, 35, 36, 37, 39, 38, 31, 33, 34, 0]
Elapsed time: 264.4832363128662

i:0	127966.01147244987
i:50	85482.43138053866
i:100	83567.00856054112
i:150	83045.20354489199
i:200	82593.48550478491
i:250	82217.32335956342
i:300	82118.37004424384
i:350	82118.37004424384
i:400	82016.54653317624
i:450	82016.54653317624
i:500	82016.54653317624
i:550	82016.54653317624
i:600	81990.07848596068
i:650	81990.07848596068
best: 81990.07848596068
routes: [0, 11, 13, 15, 16, 20, 18, 19, 17, 14, 12, 48, 46, 49, 50, 47, 45, 44, 41, 43, 42, 0, 31, 39, 38, 34, 33, 32, 37, 40, 35, 36, 30, 28, 27, 29, 25, 26, 24, 21, 23, 22, 0, 51, 52, 53, 56, 54, 55, 57, 59, 60, 58, 76, 74, 71, 72, 73, 75, 78, 77, 79, 80, 0, 4, 5, 6, 10, 9, 7, 8, 2, 3, 1, 61, 62, 63, 65, 68, 67, 69, 70, 66, 64, 0]
Elapsed time: 210.646244764328

i:0	121047.15078104721
i:50	84241.89459807135
i:100	82081.92420612076
i:150	80312.67988599188
i:200	79200.71211689331
i:250	78989.78761842087
i:300	78922.79337992959
i:350	78883.46906255264
i:400	78883.46906255264
i:450	78370.74422720828
i:500	78239.5194975009
i:550	78025.887488839
i:600	78025.887488839
i:650	78025.887488839
best: 78025.887488839
routes: [0, 21, 24, 23, 25, 27, 29, 30, 28, 26, 22, 16, 20, 19, 17, 18, 15, 14, 13, 11, 12, 0, 33, 32, 37, 35, 36, 40, 39, 38, 34, 31, 69, 70, 66, 67, 68, 65, 64, 63, 61, 62, 0, 51, 52, 53, 56, 54, 55, 57, 59, 60, 58, 76, 74, 71, 72, 73, 75, 78, 77, 79, 80, 0, 4, 1, 2, 3, 6, 5, 10, 7, 8, 9, 43, 45, 42, 41, 44, 46, 49, 50, 47, 48, 0]
Elapsed time: 237.57624697685242

i:0	117917.85975198695
i:50	86901.0017133079
i:100	84618.34816976628
i:150	83935.50160772773
i:200	83399.61132366015
i:250	82554.39124546784
i:300	82554.39124546784
i:350	82479.70442734876
i:400	82479.70442734876
i:450	82479.70442734876
i:500	82479.70442734876
i:550	82479.70442734876
i:600	82479.70442734876
i:650	82479.70442734876
best: 82479.70442734876
routes: [0, 21, 24, 26, 23, 22, 25, 29, 27, 30, 28, 32, 33, 40, 35, 36, 37, 39, 38, 31, 34, 0, 54, 55, 57, 59, 60, 56, 52, 51, 53, 58, 76, 77, 74, 71, 72, 73, 75, 78, 79, 80, 0, 43, 45, 42, 41, 44, 46, 49, 50, 47, 48, 14, 15, 18, 17, 19, 20, 16, 13, 11, 12, 0, 4, 3, 6, 5, 10, 9, 7, 8, 2, 1, 61, 62, 63, 64, 65, 68, 66, 67, 69, 70, 0]
Elapsed time: 214.11402440071106

mean: 81408.998926951
std: 1546.4188769984132
mean-time: 226.01191041469573
std-time: 16.436996384385605