i:0	118756.7736875322
i:50	90480.52472593021
i:100	80837.48616329167
i:150	78505.47963893713
i:200	78488.33053480259
i:250	78488.33053480259
i:300	76096.23911413447
i:350	75402.76488677415
i:400	75402.76488677415
i:450	74952.66459397228
i:500	74952.66459397228
i:550	74952.66459397228
i:600	74952.66459397228
i:650	74952.66459397228
best: 74952.66459397228
routes: [0, 11, 14, 16, 13, 15, 12, 10, 9, 40, 39, 38, 36, 37, 35, 34, 33, 72, 71, 65, 66, 69, 67, 68, 70, 7, 8, 2, 1, 3, 6, 5, 4, 0, 73, 74, 75, 76, 77, 80, 79, 78, 25, 27, 28, 32, 30, 29, 31, 26, 24, 23, 21, 22, 20, 17, 19, 18, 0, 41, 42, 43, 46, 44, 45, 47, 48, 64, 61, 59, 58, 57, 63, 60, 62, 50, 49, 51, 52, 53, 55, 56, 54, 0]
Elapsed time: 225.26068711280823

i:0	118688.43553332171
i:50	90007.27521284299
i:100	81810.81872021093
i:150	80864.63558001445
i:200	80244.12089823048
i:250	79916.76142246253
i:300	79908.82664267509
i:350	79908.82664267509
i:400	79908.82664267509
i:450	79905.8223066334
i:500	79801.90979489061
i:550	79801.90979489061
i:600	79798.56454703392
i:650	79798.56454703392
best: 79798.56454703392
routes: [0, 9, 11, 14, 16, 13, 15, 12, 10, 40, 39, 38, 36, 37, 35, 34, 33, 72, 71, 65, 66, 69, 67, 70, 68, 0, 60, 58, 57, 59, 61, 64, 63, 62, 48, 42, 41, 43, 46, 47, 45, 44, 7, 8, 2, 1, 3, 6, 5, 4, 0, 75, 76, 73, 74, 77, 80, 79, 78, 51, 50, 49, 53, 52, 55, 56, 54, 25, 28, 27, 32, 30, 29, 31, 26, 17, 19, 18, 21, 23, 24, 22, 20, 0]
Elapsed time: 223.582759141922

i:0	112799.46286821675
i:50	84448.55556308816
i:100	79202.09700217686
i:150	78075.20190459874
i:200	77652.90609857839
i:250	77158.97229620346
i:300	77158.97229620346
i:350	77158.97229620346
i:400	77158.97229620346
i:450	77158.97229620346
i:500	77078.05733043479
i:550	77059.31970964446
i:600	76873.60685711542
i:650	76873.60685711542
best: 76873.60685711542
routes: [0, 4, 5, 6, 3, 1, 2, 8, 7, 70, 68, 67, 66, 69, 65, 71, 72, 33, 36, 38, 39, 37, 34, 35, 40, 0, 41, 42, 43, 46, 44, 45, 47, 48, 63, 62, 60, 58, 57, 59, 61, 64, 50, 49, 51, 54, 55, 56, 53, 52, 0, 73, 74, 75, 77, 76, 79, 78, 80, 25, 28, 27, 30, 29, 31, 32, 26, 20, 17, 19, 21, 23, 24, 22, 18, 14, 16, 13, 15, 12, 11, 9, 10, 0]
Elapsed time: 226.20086026191711

i:0	119532.89219272506
i:50	88652.28719378117
i:100	81277.97101951396
i:150	80231.32302433651
i:200	79278.75144263772
i:250	78779.4973045115
i:300	78779.4973045115
i:350	78779.4973045115
i:400	78779.4973045115
i:450	78779.4973045115
i:500	78310.21924039189
i:550	77648.10365910974
i:600	77633.34337474704
i:650	77633.34337474704
best: 77633.34337474704
routes: [0, 11, 14, 16, 13, 15, 12, 10, 9, 40, 39, 38, 36, 37, 35, 34, 33, 72, 71, 65, 66, 69, 67, 68, 70, 7, 8, 2, 1, 3, 6, 5, 4, 0, 60, 63, 64, 61, 59, 58, 57, 62, 48, 46, 47, 45, 44, 43, 41, 42, 0, 54, 55, 56, 53, 52, 51, 50, 49, 73, 74, 75, 76, 77, 80, 79, 78, 25, 28, 27, 32, 30, 29, 31, 26, 17, 19, 18, 21, 23, 24, 22, 20, 0]
Elapsed time: 222.0132350921631

i:0	119690.8021455881
i:50	90104.44830622438
i:100	83014.30457492231
i:150	77820.71483398361
i:200	77183.38886428377
i:250	76542.19137697363
i:300	75759.84021923249
i:350	75280.11859910052
i:400	75136.3422599548
i:450	75136.3422599548
i:500	75055.42729418614
i:550	75055.42729418614
i:600	75055.42729418614
i:650	75055.42729418614
best: 75055.42729418614
routes: [0, 4, 5, 6, 3, 1, 2, 8, 7, 35, 37, 40, 39, 38, 36, 34, 33, 71, 72, 65, 69, 67, 66, 68, 70, 0, 41, 42, 43, 46, 45, 44, 47, 48, 63, 62, 60, 58, 57, 59, 61, 64, 50, 49, 51, 52, 53, 56, 54, 55, 80, 79, 78, 76, 77, 75, 73, 74, 0, 25, 28, 27, 32, 30, 29, 31, 26, 24, 23, 21, 22, 20, 17, 19, 18, 14, 16, 13, 15, 12, 11, 9, 10, 0]
Elapsed time: 236.78770208358765

i:0	109176.92594776614
i:50	91649.52704143009
i:100	81674.40069981637
i:150	80526.0959978876
i:200	80077.88322078757
i:250	79622.92310635564
i:300	79622.92310635564
i:350	79606.6487399151
i:400	79606.6487399151
i:450	79606.6487399151
i:500	79606.6487399151
i:550	79606.6487399151
i:600	79606.6487399151
i:650	79606.6487399151
best: 79606.6487399151
routes: [0, 75, 77, 80, 79, 78, 76, 73, 74, 49, 50, 52, 51, 53, 55, 56, 54, 25, 28, 27, 32, 30, 29, 31, 26, 17, 19, 18, 21, 23, 24, 22, 20, 0, 63, 60, 57, 59, 58, 61, 64, 62, 48, 46, 47, 45, 44, 43, 41, 42, 0, 14, 12, 10, 9, 11, 16, 13, 15, 35, 34, 37, 40, 39, 38, 36, 33, 72, 71, 65, 66, 69, 67, 68, 70, 7, 8, 2, 1, 3, 6, 5, 4, 0]
Elapsed time: 221.27262663841248

i:0	112897.95192470663
i:50	88825.70343535047
i:100	88602.25395749354
i:150	82104.92632201353
i:200	81221.53305123773
i:250	80442.87001633273
i:300	80104.99514051763
i:350	80104.99514051763
i:400	80104.99514051763
i:450	80104.99514051763
i:500	80104.99514051763
i:550	80104.99514051763
i:600	80104.99514051763
i:650	80104.99514051763
best: 80104.99514051763
routes: [0, 70, 68, 67, 66, 69, 65, 71, 72, 33, 36, 38, 39, 37, 34, 35, 40, 15, 12, 10, 9, 11, 13, 16, 14, 0, 60, 58, 57, 59, 61, 64, 63, 62, 48, 42, 41, 43, 46, 47, 45, 44, 7, 8, 2, 1, 3, 6, 5, 4, 0, 74, 73, 75, 79, 77, 80, 78, 76, 49, 50, 54, 55, 56, 53, 51, 52, 25, 28, 27, 32, 30, 29, 31, 26, 17, 19, 18, 21, 23, 24, 22, 20, 0]
Elapsed time: 219.87867546081543

i:0	111924.73610317284
i:50	84348.83355629901
i:100	81353.70766782042
i:150	80634.29734997211
i:200	79483.81987057917
i:250	79066.33925519626
i:300	78576.60198297685
i:350	78044.76925918115
i:400	78044.76925918115
i:450	78042.05833209946
i:500	78042.05833209946
i:550	78042.05833209946
i:600	78042.05833209946
i:650	78042.05833209946
best: 78042.05833209946
routes: [0, 41, 42, 43, 46, 45, 44, 47, 48, 63, 62, 60, 58, 57, 59, 61, 64, 0, 14, 16, 12, 10, 9, 13, 11, 15, 40, 39, 38, 36, 37, 35, 34, 33, 72, 71, 65, 66, 69, 67, 68, 70, 7, 8, 2, 1, 3, 6, 5, 4, 0, 54, 55, 56, 53, 52, 51, 50, 49, 73, 74, 75, 76, 77, 80, 79, 78, 25, 28, 27, 32, 30, 29, 31, 26, 17, 19, 18, 21, 23, 24, 22, 20, 0]
Elapsed time: 219.30385756492615

i:0	111348.32331059608
i:50	91535.26016212936
i:100	83256.60415263262
i:150	80252.59347748614
i:200	79979.36283958709
i:250	79945.16873657022
i:300	79892.6082470203
i:350	79892.6082470203
i:400	79892.6082470203
i:450	79807.58550219247
i:500	79807.58550219247
i:550	79743.28349765365
i:600	79743.28349765365
i:650	79647.1851000695
best: 79633.88844224626
routes: [0, 73, 74, 75, 76, 79, 78, 77, 80, 54, 55, 56, 53, 52, 51, 49, 50, 25, 27, 26, 31, 30, 29, 32, 28, 0, 4, 1, 3, 2, 6, 5, 7, 8, 60, 63, 64, 61, 59, 58, 57, 62, 48, 46, 47, 45, 44, 43, 41, 42, 0, 70, 68, 67, 66, 69, 65, 71, 72, 33, 36, 38, 39, 37, 34, 35, 40, 15, 12, 10, 9, 11, 13, 16, 14, 21, 23, 24, 22, 20, 17, 19, 18, 0]
Elapsed time: 220.58417773246765

i:0	114725.5739386671
i:50	92885.84449452997
i:100	89867.8360744192
i:150	86377.0264427767
i:200	80118.7666388609
i:250	78415.06284269807
i:300	77775.015696047
i:350	77094.20516141797
i:400	77094.20516141797
i:450	76862.36484635071
i:500	76862.36484635071
i:550	76862.36484635071
i:600	76862.36484635071
i:650	76862.36484635071
best: 76862.36484635071
routes: [0, 41, 42, 43, 48, 46, 47, 45, 44, 68, 70, 67, 66, 69, 65, 71, 72, 33, 35, 40, 39, 38, 36, 37, 34, 0, 73, 74, 75, 76, 77, 79, 78, 80, 54, 55, 56, 53, 52, 51, 50, 49, 64, 61, 59, 58, 57, 63, 60, 62, 0, 25, 28, 27, 32, 30, 29, 31, 26, 24, 23, 21, 22, 20, 17, 19, 18, 14, 16, 13, 15, 12, 11, 9, 10, 5, 6, 7, 8, 2, 1, 3, 4, 0]
Elapsed time: 231.83084869384766

mean: 77856.3562168184
std: 1826.6460510484942
mean-time: 224.67154297828674
std-time: 5.376222983599797