i:0	333452.8267364059
i:50	95760.4568535982
i:100	90860.42433608316
i:150	89318.57190449689
i:200	88829.78195736646
i:250	88829.78195736646
i:300	88541.56125774911
i:350	88224.19133668889
i:400	88206.21004939236
i:450	88000.98358742977
i:500	87922.21952053101
i:550	87922.21952053101
i:600	87922.21952053101
i:650	87522.19126197393
best: 87505.16098754545
routes: [0, 35, 34, 37, 40, 39, 38, 36, 33, 71, 72, 69, 67, 65, 66, 70, 68, 0, 41, 42, 43, 46, 44, 45, 47, 48, 64, 61, 59, 58, 57, 63, 60, 62, 0, 73, 74, 75, 77, 80, 79, 78, 76, 54, 55, 56, 53, 50, 49, 51, 52, 0, 4, 5, 6, 3, 1, 2, 8, 7, 9, 11, 10, 12, 13, 15, 16, 14, 0, 25, 28, 31, 30, 29, 32, 27, 26, 24, 23, 21, 22, 20, 17, 19, 18, 0]
Elapsed time: 202.06726169586182

i:0	128846.58716328206
i:50	90891.76644699325
i:100	89981.33173272644
i:150	89981.33173272644
i:200	89838.68240619067
i:250	89838.68240619067
i:300	89610.96541455142
i:350	89610.96541455142
i:400	89610.96541455142
i:450	89511.95081414662
i:500	89511.95081414662
i:550	89511.95081414662
i:600	89511.95081414662
i:650	89382.1400010097
best: 89382.1400010097
routes: [0, 73, 74, 75, 76, 77, 80, 79, 78, 54, 55, 56, 53, 50, 49, 51, 52, 0, 35, 34, 33, 36, 38, 39, 37, 40, 15, 16, 13, 12, 10, 9, 11, 14, 0, 4, 5, 6, 3, 1, 2, 8, 7, 70, 68, 67, 69, 72, 71, 65, 66, 0, 60, 58, 57, 59, 61, 64, 63, 62, 48, 46, 47, 45, 44, 43, 41, 42, 0, 17, 19, 18, 21, 24, 23, 22, 20, 27, 26, 30, 29, 31, 32, 25, 28, 0]
Elapsed time: 173.18630456924438

i:0	123930.68943941231
i:50	92567.46734221946
i:100	91164.65228897474
i:150	89999.15436816087
i:200	89888.96268826988
i:250	89834.75009661075
i:300	89756.14667834435
i:350	89747.32423722307
i:400	88872.85769128929
i:450	88600.3975516166
i:500	88394.87832702292
i:550	88283.55426278879
i:600	88283.55426278879
i:650	88283.55426278879
best: 88283.55426278879
routes: [0, 73, 74, 75, 76, 77, 80, 79, 78, 54, 55, 56, 53, 50, 49, 51, 52, 0, 25, 28, 27, 32, 31, 30, 29, 26, 24, 23, 21, 22, 20, 17, 19, 18, 0, 4, 5, 6, 3, 1, 2, 8, 7, 9, 11, 10, 12, 13, 15, 16, 14, 0, 64, 61, 59, 58, 57, 63, 60, 62, 48, 46, 47, 45, 44, 43, 41, 42, 0, 70, 68, 67, 69, 65, 66, 71, 72, 33, 35, 40, 39, 38, 36, 37, 34, 0]
Elapsed time: 193.78912019729614

i:0	126040.60632727217
i:50	93012.39799523389
i:100	89883.04563773877
i:150	88290.43194723962
i:200	87665.86505343876
i:250	87665.86505343876
i:300	87665.86505343876
i:350	87575.760822177
i:400	87563.2273843284
i:450	87563.2273843284
i:500	87563.2273843284
i:550	87563.2273843284
i:600	87563.2273843284
i:650	87478.64743666028
best: 87478.64743666028
routes: [0, 35, 34, 37, 40, 39, 38, 36, 33, 71, 72, 69, 67, 65, 66, 70, 68, 0, 4, 3, 1, 2, 7, 8, 6, 5, 9, 11, 10, 12, 13, 15, 16, 14, 0, 17, 19, 18, 21, 24, 23, 22, 20, 26, 30, 29, 31, 32, 27, 28, 25, 0, 73, 74, 75, 76, 77, 80, 79, 78, 54, 55, 56, 53, 50, 49, 51, 52, 0, 41, 42, 43, 46, 44, 45, 47, 48, 63, 64, 61, 59, 58, 57, 62, 60, 0]
Elapsed time: 184.63847088813782

i:0	121611.68113581219
i:50	89528.3247466045
i:100	88101.47646941141
i:150	87714.24721951562
i:200	87714.24721951562
i:250	87375.99739286395
i:300	87375.99739286395
i:350	87375.99739286395
i:400	87375.99739286395
i:450	87246.18657972703
i:500	87246.18657972703
i:550	87246.18657972703
i:600	87246.18657972703
i:650	87246.18657972703
best: 87246.18657972703
routes: [0, 35, 40, 39, 38, 36, 37, 34, 33, 71, 72, 69, 67, 65, 66, 70, 68, 0, 25, 28, 27, 26, 32, 31, 30, 29, 24, 23, 21, 22, 20, 17, 19, 18, 0, 73, 74, 75, 76, 77, 80, 79, 78, 54, 55, 56, 53, 50, 49, 51, 52, 0, 4, 5, 6, 3, 1, 2, 8, 7, 9, 11, 10, 12, 13, 15, 16, 14, 0, 64, 61, 59, 58, 57, 63, 60, 62, 48, 46, 47, 45, 44, 43, 41, 42, 0]
Elapsed time: 176.9063801765442

i:0	122722.28974665895
i:50	90024.92299920878
i:100	87797.13380366073
i:150	87473.86137143774
i:200	87110.16716123895
i:250	87110.16716123895
i:300	86935.40449744355
i:350	86935.40449744355
i:400	86935.40449744355
i:450	86935.40449744355
i:500	86935.40449744355
i:550	86935.40449744355
i:600	86935.40449744355
i:650	86935.40449744355
best: 86935.40449744355
routes: [0, 4, 3, 1, 2, 7, 8, 6, 5, 9, 11, 10, 12, 13, 15, 16, 14, 0, 25, 28, 27, 32, 31, 30, 29, 26, 24, 23, 21, 22, 20, 17, 19, 18, 0, 73, 74, 75, 77, 80, 79, 78, 76, 54, 55, 56, 53, 50, 49, 51, 52, 0, 35, 40, 39, 38, 36, 37, 34, 33, 71, 72, 69, 67, 65, 66, 70, 68, 0, 41, 42, 43, 46, 44, 45, 47, 48, 64, 61, 59, 58, 57, 63, 60, 62, 0]
Elapsed time: 175.57857036590576

i:0	140227.59767892634
i:50	92818.14918079766
i:100	89818.17507798923
i:150	89498.33979742284
i:200	89491.63601235198
i:250	89491.63601235198
i:300	88904.46424502932
i:350	88904.46424502932
i:400	88904.46424502932
i:450	88904.46424502932
i:500	88904.46424502932
i:550	88904.46424502932
i:600	88904.46424502932
i:650	88904.46424502932
best: 88904.46424502932
routes: [0, 41, 42, 43, 46, 44, 45, 47, 48, 63, 62, 60, 58, 57, 59, 61, 64, 0, 25, 28, 27, 26, 32, 31, 30, 29, 24, 23, 21, 22, 20, 17, 19, 18, 0, 9, 11, 14, 13, 15, 16, 12, 10, 5, 7, 8, 6, 2, 1, 3, 4, 0, 73, 74, 75, 76, 79, 78, 77, 80, 54, 55, 56, 53, 50, 49, 51, 52, 0, 70, 68, 67, 69, 71, 72, 65, 66, 33, 35, 40, 39, 38, 36, 37, 34, 0]
Elapsed time: 173.118022441864

i:0	123517.74355141025
i:50	96345.72076788115
i:100	90555.66917698942
i:150	89954.75616254236
i:200	89359.9646588338
i:250	89040.86358515162
i:300	88713.35991216465
i:350	88395.98999110443
i:400	88395.98999110443
i:450	87992.65564748213
i:500	87871.57372289158
i:550	87871.57372289158
i:600	87871.57372289158
i:650	87871.57372289158
best: 87871.57372289158
routes: [0, 35, 37, 40, 39, 38, 36, 34, 33, 71, 72, 69, 67, 65, 66, 70, 68, 0, 25, 28, 27, 32, 31, 30, 29, 26, 24, 23, 21, 22, 20, 17, 19, 18, 0, 41, 42, 43, 46, 44, 45, 47, 48, 63, 64, 61, 59, 58, 57, 62, 60, 0, 4, 3, 1, 2, 7, 8, 6, 5, 9, 11, 10, 12, 13, 15, 16, 14, 0, 54, 55, 56, 53, 52, 51, 50, 49, 73, 74, 75, 76, 77, 80, 79, 78, 0]
Elapsed time: 191.33850860595703

i:0	128002.4288088656
i:50	91746.44729974224
i:100	88803.30193642151
i:150	88476.97549746628
i:200	88100.27555191849
i:250	87957.62622538272
i:300	87957.62622538272
i:350	87957.62622538272
i:400	87915.4973425784
i:450	87915.4973425784
i:500	87915.4973425784
i:550	87915.4973425784
i:600	87915.4973425784
i:650	87915.4973425784
best: 87915.4973425784
routes: [0, 73, 74, 75, 77, 80, 79, 78, 76, 54, 55, 56, 53, 50, 49, 51, 52, 0, 64, 61, 59, 58, 57, 63, 60, 62, 48, 46, 47, 45, 44, 43, 41, 42, 0, 4, 3, 1, 2, 7, 8, 6, 5, 9, 11, 10, 12, 13, 15, 16, 14, 0, 35, 40, 39, 38, 36, 37, 34, 33, 71, 72, 69, 67, 65, 66, 70, 68, 0, 25, 27, 28, 26, 32, 31, 30, 29, 24, 23, 22, 21, 18, 17, 19, 20, 0]
Elapsed time: 187.8339524269104

i:0	123900.30451196639
i:50	95402.48414557954
i:100	95092.00550163665
i:150	90528.19238514721
i:200	89366.98599329838
i:250	88974.92697001956
i:300	88459.88169713506
i:350	88423.35361913225
i:400	88359.05161459345
i:450	88055.28684982425
i:500	87464.89558837576
i:550	87464.89558837576
i:600	87451.81706431715
i:650	87451.81706431715
best: 87451.81706431715
routes: [0, 4, 3, 1, 2, 7, 8, 6, 5, 9, 11, 10, 12, 13, 15, 16, 14, 0, 41, 42, 43, 46, 44, 45, 47, 48, 64, 61, 59, 58, 57, 63, 60, 62, 0, 73, 74, 75, 76, 77, 80, 79, 78, 54, 55, 56, 53, 50, 49, 51, 52, 0, 25, 28, 27, 26, 32, 31, 30, 29, 24, 23, 21, 22, 20, 17, 19, 18, 0, 70, 68, 67, 69, 65, 66, 71, 72, 33, 35, 40, 39, 38, 36, 37, 34, 0]
Elapsed time: 213.29144072532654

mean: 87897.44461399912
std: 724.2930649831883
mean-time: 187.1748032093048
std-time: 12.668865275091637