1335
1173
1173
1173
1173
1173
1173
1173
1173
1173
Elapsed Time: 684.9167397022247
best_firefly: 1173

971
881
866
866
843
843
843
843
843
843
Elapsed Time: 322.620219707489
best_firefly: 843

956
875
832
817
817
1308
1197
1197
1172
1172
1172
1172
1172
1172
1172
1172
1172
1172
1172
1302
1135
1206
1135
1191
1135
1191
1135
1177
1135
1177
1135
1177
1135
1177
1135
1177
1135
1177
1135
1135
1141
1135
1141
1135
1141
1135
1141
1135
1141
1135
1141
1135
1141
1135
1141
1135
1141
1135
1141
1135
1135
1141
1122
1141
1122
1141
1122
1141
1122
1141
1122
1256
1141
1122
1158
1141
1122
1158
1141
1122
1158
1097
1122
1158
1122
1097
1122
1097
1158
1122
1097
1158
1122
1097
1158
1122
1097
1158
Elapsed Time: 13278.909063339233
best_firefly: 1122

1097
1158
1097
1158
1097
1158
1097
1158
1097
1158
1097
1157
1097
1157
1097
1097
1157
1097
1157
1097
1134
1097
1134
1097
1134
1097
1134
1097
1134
1097
1134
Elapsed Time: 14073.19498181343
best_firefly: 1097

1134
1134
1134
1134
1134
1134
1134
1134
1134
1134
1134
1134
1134
1134
1134
1134
1134
1134
1134
1134
1134
1134
1134
1134
1134
1134
1134
1134
1134
1134
1134
1134
1134
1134
1134
1134
1134
1134
1134
1134
1134
1134
1134
1134
1134
1134
1134
1134
1134
1134
1134
1134
1134
1134
1134
1134
1134
1134
1134
1134
1134
1134
1134
1134
1134
1126
1126
1126
1126
1126
1126
1126
1126
1126
1126
1126
Elapsed Time: 26647.485505104065
