i:0	156863.42166081848
i:50	119823.35674641728
i:100	114343.13204350683
i:150	104936.5250910991
i:200	104168.10689319801
i:250	104168.10689319801
i:300	104168.10689319801
i:350	104168.10689319801
i:400	104168.10689319801
i:450	104168.10689319801
i:500	104168.10689319801
i:550	104168.10689319801
i:600	104168.10689319801
i:650	104168.10689319801
best: 104168.10689319801
routes: [0, 5, 6, 10, 9, 7, 8, 2, 1, 3, 4, 0, 91, 92, 93, 94, 95, 96, 97, 98, 99, 100, 31, 39, 40, 35, 36, 37, 38, 34, 33, 32, 0, 43, 45, 47, 49, 50, 48, 46, 44, 41, 42, 0, 90, 84, 86, 89, 85, 83, 82, 81, 87, 88, 0, 61, 62, 63, 64, 65, 68, 67, 66, 69, 70, 0, 13, 11, 12, 14, 15, 18, 17, 19, 20, 16, 0, 21, 23, 24, 26, 27, 29, 30, 28, 25, 22, 0, 51, 52, 53, 56, 54, 55, 57, 59, 60, 58, 76, 74, 71, 72, 73, 75, 78, 77, 79, 80, 0]
Elapsed time: 125.36264657974243

i:0	148962.42164346293
i:50	124586.92225814992
i:100	114619.39454525466
i:150	107643.60248354281
i:200	107643.60248354281
i:250	107643.60248354281
i:300	107643.60248354281
i:350	107643.60248354281
i:400	107643.60248354281
i:450	107643.60248354281
i:500	107643.60248354281
i:550	107643.60248354281
