i:0	86779.36439757995
i:50	59978.72399586371
i:100	59978.72399586371
i:150	59978.72399586371
i:200	59978.72399586371
i:250	59978.72399586371
i:300	59978.72399586371
i:350	59978.72399586371
i:400	59978.72399586371
i:450	59978.72399586371
i:500	59978.72399586371
i:550	59978.72399586371
i:600	59978.72399586371
i:650	59978.72399586371
best: 59978.72399586371
routes: [0, 29, 30, 27, 26, 28, 39, 36, 38, 37, 40, 35, 33, 34, 31, 32, 50, 49, 47, 46, 48, 0, 4, 5, 3, 1, 2, 44, 43, 45, 41, 42, 21, 24, 25, 23, 22, 6, 8, 7, 9, 10, 12, 11, 14, 13, 15, 20, 18, 17, 19, 16, 0]
Elapsed time: 25.78419828414917

i:0	84585.43772857377
i:50	60073.34441257901
i:100	60073.34441257901
i:150	60073.34441257901
i:200	60073.34441257901
i:250	60073.34441257901
i:300	60073.34441257901
i:350	60073.34441257901
i:400	60073.34441257901
i:450	60073.34441257901
i:500	60073.34441257901
i:550	60073.34441257901
i:600	60073.34441257901
i:650	60073.34441257901
best: 60073.34441257901
routes: [0, 29, 30, 27, 26, 28, 39, 38, 40, 37, 36, 31, 32, 34, 33, 35, 50, 49, 48, 47, 46, 0, 4, 5, 3, 1, 2, 44, 43, 45, 41, 42, 21, 24, 25, 23, 22, 6, 8, 7, 9, 10, 12, 11, 14, 13, 15, 20, 18, 17, 19, 16, 0]
Elapsed time: 25.235270500183105

i:0	84626.98160959684
i:50	61475.89040108981
i:100	61475.89040108981
i:150	61475.89040108981
i:200	61475.89040108981
i:250	61475.89040108981
i:300	61475.89040108981
i:350	61475.89040108981
i:400	61475.89040108981
i:450	61475.89040108981
i:500	61475.89040108981
i:550	61475.89040108981
i:600	61475.89040108981
i:650	61475.89040108981
best: 61475.89040108981
routes: [0, 26, 28, 27, 29, 30, 39, 36, 38, 37, 40, 33, 34, 35, 32, 31, 50, 49, 48, 47, 46, 1, 2, 5, 3, 4, 0, 23, 25, 22, 24, 21, 41, 42, 45, 43, 44, 6, 8, 7, 9, 10, 12, 15, 13, 14, 11, 18, 17, 20, 19, 16, 0]
Elapsed time: 22.641023635864258

i:0	76146.94665936915
i:50	59892.58067165034
i:100	58557.905210641366
i:150	58557.905210641366
i:200	58557.905210641366
i:250	58557.905210641366
i:300	58557.905210641366
i:350	58557.905210641366
i:400	58557.905210641366
i:450	58557.905210641366
i:500	58557.905210641366
i:550	58557.905210641366
i:600	58557.905210641366
i:650	58557.905210641366
best: 58557.905210641366
routes: [0, 29, 30, 27, 26, 28, 39, 36, 38, 37, 40, 33, 34, 35, 32, 31, 50, 49, 48, 47, 46, 0, 16, 20, 17, 19, 18, 11, 14, 13, 15, 12, 8, 7, 9, 10, 6, 23, 25, 22, 24, 21, 41, 42, 45, 43, 44, 5, 3, 2, 1, 4, 0]
Elapsed time: 28.567616939544678

i:0	78227.92297729576
i:50	61109.72323954487
i:100	58173.611438460764
i:150	58173.611438460764
i:200	58173.611438460764
i:250	58173.611438460764
i:300	58173.611438460764
i:350	58173.611438460764
i:400	58173.611438460764
i:450	58173.611438460764
i:500	58173.611438460764
i:550	58173.611438460764
i:600	58173.611438460764
i:650	58173.611438460764
best: 58173.611438460764
routes: [0, 49, 50, 48, 47, 46, 33, 34, 35, 32, 31, 40, 38, 37, 39, 36, 29, 30, 28, 27, 26, 0, 16, 20, 17, 19, 18, 11, 14, 13, 15, 12, 8, 7, 9, 10, 6, 23, 25, 22, 24, 21, 41, 42, 45, 43, 44, 5, 3, 2, 1, 4, 0]
Elapsed time: 38.41478729248047

i:0	89354.49267596581
i:50	61475.89040108981
i:100	61475.89040108981
i:150	61475.89040108981
i:200	61475.89040108981
i:250	61475.89040108981
i:300	61475.89040108981
i:350	61475.89040108981
i:400	61475.89040108981
i:450	61475.89040108981
i:500	61475.89040108981
i:550	61475.89040108981
i:600	61475.89040108981
i:650	61475.89040108981
best: 61475.89040108981
routes: [0, 26, 28, 27, 29, 30, 39, 36, 38, 37, 40, 33, 34, 35, 32, 31, 50, 49, 48, 47, 46, 1, 2, 5, 3, 4, 0, 23, 25, 22, 24, 21, 41, 42, 45, 43, 44, 6, 8, 7, 9, 10, 12, 15, 13, 14, 11, 18, 17, 20, 19, 16, 0]
Elapsed time: 24.339322805404663

i:0	77563.04558174245
i:50	58528.924641529404
i:100	58528.924641529404
i:150	58528.924641529404
i:200	58528.924641529404
i:250	58528.924641529404
i:300	58528.924641529404
i:350	58528.924641529404
i:400	58528.924641529404
i:450	58528.924641529404
i:500	58528.924641529404
i:550	58528.924641529404
i:600	58528.924641529404
i:650	58528.924641529404
best: 58528.924641529404
routes: [0, 26, 28, 27, 29, 30, 39, 36, 38, 37, 40, 33, 34, 35, 32, 31, 50, 49, 48, 47, 46, 0, 16, 20, 17, 19, 18, 11, 14, 13, 15, 12, 8, 7, 9, 10, 6, 23, 25, 22, 24, 21, 41, 42, 45, 43, 44, 5, 3, 2, 1, 4, 0]
Elapsed time: 24.12945055961609

i:0	86136.38591000438
i:50	59980.874322454736
i:100	59980.874322454736
i:150	59980.874322454736
i:200	59980.874322454736
i:250	59980.874322454736
i:300	59980.874322454736
i:350	59980.874322454736
i:400	59980.874322454736
i:450	59980.874322454736
i:500	59980.874322454736
i:550	59980.874322454736
i:600	59980.874322454736
i:650	59980.874322454736
best: 59980.874322454736
routes: [0, 29, 30, 26, 28, 27, 39, 40, 38, 37, 36, 32, 35, 33, 34, 31, 47, 46, 50, 49, 48, 0, 4, 5, 3, 1, 2, 44, 43, 45, 41, 42, 21, 24, 25, 23, 22, 6, 8, 7, 9, 10, 12, 11, 14, 13, 15, 20, 18, 17, 19, 16, 0]
Elapsed time: 27.756503343582153

i:0	84007.88858021007
i:50	60006.2346168887
i:100	60006.2346168887
i:150	60006.2346168887
i:200	60006.2346168887
i:250	60006.2346168887
i:300	60006.2346168887
i:350	60006.2346168887
i:400	60006.2346168887
i:450	60006.2346168887
i:500	60006.2346168887
i:550	60006.2346168887
i:600	60006.2346168887
i:650	60006.2346168887
best: 60006.2346168887
routes: [0, 26, 28, 27, 30, 29, 39, 37, 36, 38, 40, 31, 32, 34, 33, 35, 50, 49, 47, 46, 48, 0, 4, 5, 3, 1, 2, 44, 43, 45, 41, 42, 21, 24, 25, 23, 22, 6, 8, 7, 9, 10, 15, 13, 12, 11, 14, 20, 18, 17, 19, 16, 0]
Elapsed time: 24.108230590820312

i:0	87747.18001583434
i:50	63250.750164293786
i:100	63250.750164293786
i:150	63250.750164293786
i:200	62829.14622697791
i:250	62829.14622697791
i:300	62662.78154218165
i:350	62662.78154218165
i:400	62662.78154218165
i:450	62662.78154218165
i:500	62662.78154218165
i:550	62662.78154218165
i:600	62662.78154218165
i:650	62662.78154218165
best: 62662.78154218165
routes: [0, 26, 28, 27, 29, 30, 39, 36, 38, 37, 40, 33, 34, 35, 32, 31, 50, 49, 48, 47, 46, 2, 1, 4, 5, 3, 0, 23, 25, 22, 24, 21, 45, 43, 42, 41, 44, 6, 8, 7, 9, 10, 11, 14, 13, 12, 15, 20, 18, 17, 19, 16, 0]
Elapsed time: 45.939624547958374

mean: 60091.41809827789
std: 1376.5525710712197
mean-time: 28.691602849960326
std-time: 7.146299543193945