i:0	295967.7102543756
i:50	67205.35459000118
i:100	67205.35459000118
i:150	67205.35459000118
i:200	67205.35459000118
i:250	67205.35459000118
i:300	67205.35459000118
i:350	67205.35459000118
i:400	67205.35459000118
i:450	67205.35459000118
i:500	67205.35459000118
i:550	67205.35459000118
i:600	67205.35459000118
i:650	67205.35459000118
best: 67205.35459000118
routes: [0, 4, 1, 2, 5, 3, 44, 43, 45, 41, 42, 23, 25, 21, 22, 24, 9, 10, 8, 7, 6, 0, 26, 28, 27, 29, 30, 39, 36, 38, 37, 40, 33, 31, 32, 34, 35, 50, 49, 48, 47, 46, 0, 12, 15, 13, 14, 11, 18, 17, 20, 19, 16, 0]
Elapsed time: 20.508851051330566

i:0	85328.89487807696
i:50	64189.61963983241
i:100	64189.61963983241
i:150	64189.61963983241
i:200	64189.61963983241
i:250	64189.61963983241
i:300	64189.61963983241
i:350	64189.61963983241
i:400	64189.61963983241
i:450	64189.61963983241
i:500	64189.61963983241
i:550	64189.61963983241
i:600	64189.61963983241
i:650	64189.61963983241
best: 64189.61963983241
routes: [0, 8, 7, 9, 10, 6, 23, 22, 24, 25, 21, 41, 42, 45, 43, 44, 29, 30, 28, 27, 26, 0, 4, 1, 2, 5, 3, 39, 36, 38, 37, 40, 32, 34, 35, 33, 31, 50, 49, 48, 47, 46, 0, 11, 12, 15, 13, 14, 20, 18, 17, 19, 16, 0]
Elapsed time: 20.093603372573853

i:0	80761.46510485042
i:50	67213.56508180479
i:100	67213.56508180479
i:150	67213.56508180479
i:200	67213.56508180479
i:250	67213.56508180479
i:300	67213.56508180479
i:350	67213.56508180479
i:400	67213.56508180479
i:450	67213.56508180479
i:500	67213.56508180479
i:550	67213.56508180479
i:600	67213.56508180479
i:650	67213.56508180479
best: 67213.56508180479
routes: [0, 29, 30, 27, 26, 28, 40, 38, 37, 39, 36, 32, 34, 35, 33, 31, 50, 49, 48, 47, 46, 0, 4, 1, 2, 5, 3, 44, 43, 42, 45, 41, 24, 21, 22, 25, 23, 6, 8, 7, 9, 10, 0, 14, 13, 12, 15, 11, 18, 17, 20, 19, 16, 0]
Elapsed time: 18.705754280090332

i:0	88820.61238751569
i:50	64098.545797671264
i:100	64098.545797671264
i:150	64098.545797671264
i:200	64098.545797671264
i:250	64098.545797671264
i:300	64098.545797671264
i:350	64098.545797671264
i:400	64098.545797671264
i:450	64098.545797671264
i:500	64098.545797671264
i:550	64098.545797671264
i:600	64098.545797671264
i:650	64098.545797671264
best: 64098.545797671264
routes: [0, 8, 7, 9, 10, 6, 23, 22, 24, 25, 21, 41, 42, 45, 43, 44, 29, 30, 28, 27, 26, 0, 4, 1, 2, 5, 3, 39, 36, 38, 37, 40, 31, 32, 34, 35, 33, 50, 49, 48, 47, 46, 0, 11, 12, 15, 13, 14, 20, 18, 17, 19, 16, 0]
Elapsed time: 21.105682849884033

i:0	88242.28577333575
i:50	68263.49111030564
i:100	68263.49111030564
i:150	68263.49111030564
i:200	68263.49111030564
i:250	68263.49111030564
i:300	68263.49111030564
i:350	68263.49111030564
i:400	68263.49111030564
i:450	68263.49111030564
i:500	68263.49111030564
i:550	68263.49111030564
i:600	68263.49111030564
i:650	68263.49111030564
best: 68263.49111030564
routes: [0, 26, 28, 27, 29, 30, 39, 36, 38, 37, 40, 33, 34, 31, 32, 35, 50, 49, 48, 47, 46, 0, 44, 43, 42, 45, 41, 24, 25, 23, 21, 22, 15, 13, 12, 14, 11, 18, 17, 20, 19, 16, 0, 8, 7, 9, 10, 6, 4, 5, 3, 2, 1, 0]
Elapsed time: 24.856489181518555

i:0	90824.20038985024
i:50	67403.806957044
i:100	67403.806957044
i:150	67403.806957044
i:200	67403.806957044
i:250	67403.806957044
i:300	67403.806957044
i:350	67403.806957044
i:400	67403.806957044
i:450	67403.806957044
i:500	67403.806957044
i:550	67403.806957044
i:600	67403.806957044
i:650	67403.806957044
best: 67403.806957044
routes: [0, 26, 28, 27, 29, 30, 39, 36, 38, 37, 40, 33, 31, 32, 34, 35, 50, 49, 48, 47, 46, 0, 8, 7, 9, 10, 6, 24, 25, 23, 22, 21, 44, 43, 45, 41, 42, 5, 3, 2, 4, 1, 0, 16, 18, 17, 19, 20, 14, 15, 13, 12, 11, 0]
Elapsed time: 23.390120267868042

i:0	99802.57094992124
i:50	66382.05707190018
i:100	66382.05707190018
i:150	66382.05707190018
i:200	66382.05707190018
i:250	66382.05707190018
i:300	66382.05707190018
i:350	66382.05707190018
i:400	66382.05707190018
i:450	66382.05707190018
i:500	66382.05707190018
i:550	66382.05707190018
i:600	66382.05707190018
i:650	66382.05707190018
best: 66382.05707190018
routes: [0, 49, 50, 48, 47, 46, 34, 35, 33, 32, 31, 40, 38, 37, 39, 36, 29, 30, 28, 27, 26, 0, 4, 5, 3, 1, 2, 44, 43, 42, 45, 41, 24, 25, 23, 21, 22, 9, 10, 8, 7, 6, 0, 16, 20, 19, 18, 17, 11, 12, 15, 13, 14, 0]
Elapsed time: 21.74800395965576

i:0	295584.46785832965
i:50	66844.78295127528
i:100	66844.78295127528
i:150	66844.78295127528
i:200	66844.78295127528
i:250	66844.78295127528
i:300	66844.78295127528
i:350	66844.78295127528
i:400	66844.78295127528
i:450	66844.78295127528
i:500	66844.78295127528
i:550	66844.78295127528
i:600	66844.78295127528
i:650	66844.78295127528
best: 66844.78295127528
routes: [0, 26, 28, 27, 29, 30, 39, 36, 38, 37, 40, 33, 34, 31, 32, 35, 50, 49, 48, 47, 46, 0, 8, 7, 9, 10, 6, 23, 24, 21, 22, 25, 45, 43, 41, 42, 44, 5, 3, 4, 1, 2, 0, 12, 15, 13, 14, 11, 18, 17, 20, 19, 16, 0]
Elapsed time: 21.30693221092224

i:0	90944.47321211676
i:50	65436.98531037415
i:100	65436.98531037415
i:150	65436.98531037415
i:200	65436.98531037415
i:250	65436.98531037415
i:300	65436.98531037415
i:350	65436.98531037415
i:400	65436.98531037415
i:450	65436.98531037415
i:500	65436.98531037415
i:550	65436.98531037415
i:600	65436.98531037415
i:650	65436.98531037415
best: 65436.98531037415
routes: [0, 4, 5, 3, 1, 2, 44, 43, 45, 41, 42, 24, 25, 23, 21, 22, 9, 10, 8, 7, 6, 0, 49, 50, 48, 47, 46, 33, 34, 31, 32, 35, 40, 38, 37, 39, 36, 29, 30, 28, 27, 26, 0, 13, 14, 11, 12, 15, 20, 18, 17, 19, 16, 0]
Elapsed time: 25.15364408493042

i:0	85543.98822763703
i:50	65431.989217676644
i:100	65431.989217676644
i:150	65431.989217676644
i:200	65431.989217676644
i:250	65431.989217676644
i:300	65431.989217676644
i:350	65431.989217676644
i:400	65431.989217676644
i:450	65431.989217676644
i:500	65431.989217676644
i:550	65431.989217676644
i:600	65431.989217676644
i:650	65431.989217676644
best: 65431.989217676644
routes: [0, 26, 28, 27, 29, 30, 39, 36, 38, 37, 40, 31, 32, 34, 35, 33, 50, 49, 48, 47, 46, 0, 4, 3, 1, 2, 5, 44, 43, 45, 41, 42, 24, 21, 22, 25, 23, 6, 8, 7, 9, 10, 0, 16, 18, 17, 19, 20, 14, 15, 13, 12, 11, 0]
Elapsed time: 20.22193932533264

mean: 66247.01977278857
std: 1334.232024633047
mean-time: 21.709102058410643
std-time: 2.010131730439494