i:0	66324.88340761336
i:50	53692.53295311102
i:100	50463.111698979
i:150	49976.61737526447
i:200	49976.61737526447
i:250	49976.61737526447
i:300	49976.61737526447
i:350	49976.61737526447
i:400	49976.61737526447
i:450	49976.61737526447
i:500	49976.61737526447
i:550	49976.61737526447
i:600	49976.61737526447
i:650	49976.61737526447
best: 49976.61737526447
routes: [0, 4, 5, 7, 8, 9, 10, 6, 3, 2, 1, 31, 32, 33, 34, 35, 38, 36, 37, 39, 40, 0, 23, 25, 27, 29, 30, 28, 26, 24, 22, 21, 48, 47, 41, 42, 43, 45, 46, 49, 50, 44, 0, 11, 13, 15, 17, 19, 20, 18, 16, 14, 12, 0]
Elapsed time: 67.21505880355835

i:0	69681.56640875299
i:50	54498.237789987754
i:100	51236.20836126334
i:150	50415.56095254705
i:200	50415.56095254705
i:250	50415.56095254705
i:300	50415.56095254705
i:350	50415.56095254705
i:400	50415.56095254705
i:450	50415.56095254705
i:500	50415.56095254705
i:550	50415.56095254705
i:600	50415.56095254705
i:650	50415.56095254705
best: 50415.56095254705
routes: [0, 4, 5, 6, 7, 10, 9, 8, 2, 3, 1, 31, 32, 33, 34, 35, 38, 36, 37, 39, 40, 0, 50, 46, 44, 43, 45, 42, 41, 47, 49, 48, 21, 22, 23, 25, 24, 26, 29, 30, 27, 28, 0, 11, 13, 15, 17, 19, 20, 18, 16, 14, 12, 0]
Elapsed time: 69.35079097747803

i:0	67367.20606925686
i:50	52532.65205613194
i:100	50682.16197530408
i:150	49304.789696048756
i:200	49304.789696048756
i:250	49304.789696048756
i:300	49304.789696048756
i:350	49304.789696048756
i:400	49304.789696048756
i:450	49304.789696048756
i:500	49304.789696048756
i:550	49304.789696048756
i:600	49304.789696048756
i:650	49304.789696048756
best: 49304.789696048756
routes: [0, 23, 22, 25, 27, 29, 30, 28, 26, 24, 21, 48, 47, 41, 42, 43, 45, 46, 49, 50, 44, 0, 4, 3, 6, 5, 10, 9, 7, 8, 2, 1, 31, 32, 33, 34, 35, 38, 36, 37, 39, 40, 0, 11, 13, 12, 15, 17, 19, 20, 18, 16, 14, 0]
Elapsed time: 69.36765384674072

i:0	67917.83252770163
i:50	52488.80546140057
i:100	50919.65650835724
i:150	49534.39920217309
i:200	49534.39920217309
i:250	49534.39920217309
i:300	49534.39920217309
i:350	49534.39920217309
i:400	49534.39920217309
i:450	49534.39920217309
i:500	49534.39920217309
i:550	49534.39920217309
i:600	49534.39920217309
i:650	49534.39920217309
best: 49534.39920217309
routes: [0, 4, 1, 2, 8, 7, 9, 10, 5, 6, 3, 31, 32, 33, 34, 35, 38, 36, 37, 39, 40, 0, 23, 22, 25, 27, 29, 30, 28, 26, 24, 21, 48, 47, 41, 42, 43, 45, 46, 49, 50, 44, 0, 11, 13, 12, 15, 17, 19, 20, 18, 16, 14, 0]
Elapsed time: 68.64477801322937

i:0	67691.55560918838
i:50	51306.35097545516
i:100	50467.54974122184
i:150	49810.591684746454
i:200	49810.591684746454
i:250	49810.591684746454
i:300	49810.591684746454
i:350	49810.591684746454
i:400	49810.591684746454
i:450	49810.591684746454
i:500	49810.591684746454
i:550	49810.591684746454
i:600	49810.591684746454
i:650	49810.591684746454
best: 49810.591684746454
routes: [0, 15, 17, 19, 20, 18, 16, 14, 13, 12, 11, 39, 40, 36, 37, 38, 35, 34, 33, 31, 32, 0, 23, 22, 25, 27, 29, 30, 28, 26, 24, 21, 48, 47, 41, 42, 43, 45, 46, 49, 50, 44, 0, 5, 10, 9, 7, 8, 2, 1, 3, 6, 4, 0]
Elapsed time: 66.50150179862976

i:0	65275.06346880461
i:50	51874.40134856952
i:100	51085.42503933951
i:150	49468.57591608543
i:200	49468.57591608543
i:250	49468.57591608543
i:300	49468.57591608543
i:350	49468.57591608543
i:400	49468.57591608543
i:450	49468.57591608543
i:500	49468.57591608543
i:550	49468.57591608543
i:600	49468.57591608543
i:650	49468.57591608543
best: 49468.57591608543
routes: [0, 4, 3, 6, 5, 10, 9, 7, 8, 2, 1, 31, 32, 33, 34, 35, 38, 36, 37, 39, 40, 0, 23, 28, 27, 29, 30, 26, 24, 25, 22, 21, 48, 47, 41, 42, 43, 45, 46, 49, 50, 44, 0, 11, 13, 12, 15, 17, 19, 20, 18, 16, 14, 0]
Elapsed time: 66.74387955665588

i:0	66205.2650151176
i:50	54067.15686124058
i:100	50275.70341070578
i:150	49483.06593993534
i:200	49483.06593993534
i:250	49483.06593993534
i:300	49483.06593993534
i:350	49483.06593993534
i:400	49483.06593993534
i:450	49483.06593993534
i:500	49483.06593993534
i:550	49483.06593993534
i:600	49483.06593993534
i:650	49483.06593993534
best: 49483.06593993534
routes: [0, 23, 22, 25, 27, 29, 30, 28, 26, 24, 21, 48, 47, 41, 42, 43, 45, 46, 49, 50, 44, 0, 4, 5, 10, 7, 9, 8, 2, 6, 3, 1, 31, 32, 33, 34, 35, 38, 36, 37, 39, 40, 0, 11, 13, 12, 15, 17, 19, 20, 18, 16, 14, 0]
Elapsed time: 68.34454941749573

i:0	64270.34047366796
i:50	54707.56555276837
i:100	51407.6543348286
i:150	50268.744174746214
i:200	50268.744174746214
i:250	50268.744174746214
i:300	50268.744174746214
i:350	50268.744174746214
i:400	50268.744174746214
i:450	50268.744174746214
i:500	50268.744174746214
i:550	50268.744174746214
i:600	50268.744174746214
i:650	50268.744174746214
best: 50268.744174746214
routes: [0, 23, 25, 27, 29, 30, 28, 26, 24, 22, 21, 48, 47, 41, 42, 43, 45, 46, 49, 50, 44, 0, 4, 5, 10, 7, 9, 8, 2, 6, 3, 1, 31, 32, 33, 34, 35, 38, 36, 37, 39, 40, 0, 11, 12, 13, 14, 16, 15, 17, 19, 20, 18, 0]
Elapsed time: 68.54403305053711

i:0	65861.22142482226
i:50	53878.09024756246
i:100	51402.68881565229
i:150	50136.857150514355
i:200	50136.857150514355
i:250	50136.857150514355
i:300	50136.857150514355
i:350	50136.857150514355
i:400	50136.857150514355
i:450	50136.857150514355
i:500	50136.857150514355
i:550	50136.857150514355
i:600	50136.857150514355
i:650	50136.857150514355
best: 50136.857150514355
routes: [0, 50, 46, 49, 44, 43, 45, 42, 41, 47, 48, 21, 22, 23, 25, 24, 26, 29, 30, 27, 28, 0, 12, 15, 17, 19, 20, 18, 16, 14, 13, 11, 39, 40, 36, 37, 38, 35, 34, 33, 31, 32, 0, 4, 1, 3, 6, 5, 10, 9, 7, 8, 2, 0]
Elapsed time: 64.07182216644287

i:0	68184.43873650648
i:50	53775.42116628671
i:100	51745.997611937964
i:150	51262.65041093188
i:200	51262.65041093188
i:250	51262.65041093188
i:300	51262.65041093188
i:350	51262.65041093188
i:400	51262.65041093188
i:450	51262.65041093188
i:500	51262.65041093188
i:550	51262.65041093188
i:600	51262.65041093188
i:650	51262.65041093188
best: 51262.65041093188
routes: [0, 50, 46, 44, 43, 45, 42, 41, 47, 49, 48, 21, 22, 23, 25, 24, 26, 29, 30, 27, 28, 0, 4, 3, 6, 5, 10, 9, 7, 8, 2, 1, 31, 32, 33, 39, 40, 36, 37, 38, 35, 34, 0, 11, 13, 15, 17, 19, 20, 18, 16, 14, 12, 0]
Elapsed time: 59.60351347923279

mean: 49966.185250299306
std: 559.7009924723288
mean-time: 66.83875811100006
std-time: 2.853274366481776