i:0	67554.99722399563
i:50	50911.40545561354
i:100	47734.052873904126
i:150	46058.652586581906
i:200	46058.652586581906
i:250	46058.652586581906
i:300	46058.652586581906
i:350	46058.652586581906
i:400	46058.652586581906
i:450	46058.652586581906
i:500	46058.652586581906
i:550	46058.652586581906
i:600	46058.652586581906
i:650	46058.652586581906
best: 46058.652586581906
routes: [0, 4, 1, 2, 3, 6, 5, 10, 7, 8, 9, 50, 44, 46, 49, 45, 43, 42, 41, 47, 48, 21, 22, 23, 25, 24, 26, 29, 30, 27, 28, 0, 11, 13, 12, 15, 17, 19, 20, 18, 16, 14, 39, 40, 36, 37, 38, 35, 34, 33, 31, 32, 0]
Elapsed time: 67.12012267112732

i:0	71673.71927577286
i:50	50172.55022017898
i:100	48402.91335271641
i:150	46111.79650243318
i:200	46111.79650243318
i:250	46111.79650243318
i:300	46111.79650243318
i:350	46111.79650243318
i:400	46111.79650243318
i:450	46111.79650243318
i:500	46111.79650243318
i:550	46111.79650243318
i:600	46111.79650243318
i:650	46111.79650243318
best: 46111.79650243318
routes: [0, 11, 13, 12, 15, 17, 19, 20, 18, 16, 14, 39, 40, 36, 37, 38, 35, 34, 33, 31, 32, 0, 23, 28, 27, 29, 30, 26, 24, 25, 22, 21, 48, 47, 41, 42, 43, 45, 46, 49, 50, 44, 8, 7, 9, 10, 5, 6, 2, 1, 3, 4, 0]
Elapsed time: 70.63986444473267

i:0	62929.99895457094
i:50	51618.11745127155
i:100	48746.2545000072
i:150	47371.454222066226
i:200	47371.454222066226
i:250	47371.454222066226
i:300	47371.454222066226
i:350	47371.454222066226
i:400	47371.454222066226
i:450	47371.454222066226
i:500	47371.454222066226
i:550	47371.454222066226
i:600	47371.454222066226
i:650	47371.454222066226
best: 47371.454222066226
routes: [0, 4, 1, 2, 3, 6, 5, 10, 7, 8, 9, 50, 44, 46, 45, 43, 42, 41, 47, 49, 48, 21, 24, 26, 29, 30, 28, 27, 25, 23, 22, 0, 11, 13, 12, 16, 15, 17, 19, 20, 18, 14, 39, 40, 36, 37, 38, 35, 34, 33, 31, 32, 0]
Elapsed time: 65.96740961074829

i:0	63840.687598508994
i:50	52329.666868666594
i:100	48920.15005265022
i:150	46107.11166275776
i:200	46107.11166275776
i:250	46107.11166275776
i:300	46107.11166275776
i:350	46107.11166275776
i:400	46107.11166275776
i:450	46107.11166275776
i:500	46107.11166275776
i:550	46107.11166275776
i:600	46107.11166275776
i:650	46107.11166275776
best: 46107.11166275776
routes: [0, 23, 24, 26, 29, 30, 28, 27, 25, 22, 21, 47, 41, 42, 43, 45, 48, 46, 49, 50, 44, 8, 7, 9, 10, 5, 6, 2, 1, 3, 4, 0, 11, 13, 12, 15, 17, 19, 20, 18, 16, 14, 39, 40, 36, 37, 38, 35, 34, 33, 31, 32, 0]
Elapsed time: 66.73249983787537

i:0	66598.75064919652
i:50	52646.63015706303
i:100	48349.667548909485
i:150	46075.872727927606
i:200	46075.872727927606
i:250	46075.872727927606
i:300	46075.872727927606
i:350	46075.872727927606
i:400	46075.872727927606
i:450	46075.872727927606
i:500	46075.872727927606
i:550	46075.872727927606
i:600	46075.872727927606
i:650	46075.872727927606
best: 46075.872727927606
routes: [0, 4, 3, 1, 2, 8, 6, 5, 10, 7, 9, 50, 44, 46, 49, 45, 43, 42, 41, 47, 48, 21, 22, 23, 25, 24, 26, 29, 30, 27, 28, 0, 11, 13, 12, 15, 17, 19, 20, 18, 16, 14, 39, 40, 36, 37, 38, 35, 34, 33, 31, 32, 0]
Elapsed time: 66.48221445083618

i:0	68695.3689701875
i:50	49276.26329309946
i:100	48469.12004814761
i:150	46881.07592775395
i:200	46881.07592775395
i:250	46881.07592775395
i:300	46881.07592775395
i:350	46881.07592775395
i:400	46881.07592775395
i:450	46881.07592775395
i:500	46881.07592775395
i:550	46881.07592775395
i:600	46881.07592775395
i:650	46881.07592775395
best: 46881.07592775395
routes: [0, 11, 12, 13, 15, 17, 19, 20, 18, 16, 14, 31, 32, 33, 34, 35, 38, 37, 36, 39, 40, 0, 23, 22, 25, 27, 29, 30, 28, 26, 24, 21, 48, 47, 41, 42, 43, 45, 46, 49, 50, 44, 8, 7, 9, 10, 5, 6, 2, 1, 3, 4, 0]
Elapsed time: 69.52492594718933

i:0	69047.82944673828
i:50	49728.250606246205
i:100	47418.66876527695
i:150	46124.64307603058
i:200	46124.64307603058
i:250	46124.64307603058
i:300	46124.64307603058
i:350	46124.64307603058
i:400	46124.64307603058
i:450	46124.64307603058
i:500	46124.64307603058
i:550	46124.64307603058
i:600	46124.64307603058
i:650	46124.64307603058
best: 46124.64307603058
routes: [0, 23, 25, 27, 29, 30, 28, 26, 24, 22, 21, 48, 47, 41, 42, 43, 45, 46, 49, 50, 44, 8, 7, 9, 10, 5, 6, 2, 1, 3, 4, 0, 11, 13, 12, 15, 17, 19, 20, 18, 16, 14, 39, 40, 36, 37, 38, 35, 34, 33, 31, 32, 0]
Elapsed time: 66.57665824890137

i:0	69365.6223476323
i:50	52657.669148569876
i:100	47759.544305309115
i:150	47188.3027472454
i:200	47188.3027472454
i:250	47188.3027472454
i:300	47188.3027472454
i:350	47188.3027472454
i:400	47188.3027472454
i:450	47188.3027472454
i:500	47188.3027472454
i:550	47188.3027472454
i:600	47188.3027472454
i:650	47188.3027472454
best: 47188.3027472454
routes: [0, 12, 13, 15, 17, 19, 20, 18, 16, 14, 11, 31, 32, 33, 34, 35, 38, 37, 36, 39, 40, 0, 23, 25, 27, 29, 30, 28, 26, 24, 22, 21, 48, 47, 41, 42, 45, 43, 44, 46, 49, 50, 9, 10, 7, 8, 2, 1, 3, 6, 5, 4, 0]
Elapsed time: 68.55570459365845

i:0	66576.29084830172
i:50	52010.86506462071
i:100	47858.36680569021
i:150	46516.25172364178
i:200	46516.25172364178
i:250	46516.25172364178
i:300	46516.25172364178
i:350	46516.25172364178
i:400	46516.25172364178
i:450	46516.25172364178
i:500	46516.25172364178
i:550	46516.25172364178
i:600	46516.25172364178
i:650	46516.25172364178
best: 46516.25172364178
routes: [0, 23, 28, 27, 29, 30, 26, 24, 25, 22, 21, 48, 47, 41, 42, 45, 43, 44, 46, 49, 50, 9, 10, 5, 6, 7, 8, 2, 1, 3, 4, 0, 12, 13, 15, 17, 19, 20, 18, 16, 14, 11, 39, 40, 36, 37, 38, 35, 34, 33, 31, 32, 0]
Elapsed time: 68.0502998828888

i:0	62469.87703122072
i:50	50898.57643751294
i:100	47411.11526076647
i:150	46261.36693844917
i:200	46261.36693844917
i:250	46261.36693844917
i:300	46261.36693844917
i:350	46261.36693844917
i:400	46261.36693844917
i:450	46261.36693844917
i:500	46261.36693844917
i:550	46261.36693844917
i:600	46261.36693844917
i:650	46261.36693844917
best: 46261.36693844917
routes: [0, 4, 3, 1, 2, 8, 6, 5, 10, 7, 9, 50, 44, 46, 49, 45, 43, 42, 41, 47, 48, 21, 22, 23, 25, 24, 26, 29, 30, 27, 28, 0, 11, 13, 12, 16, 15, 17, 19, 20, 18, 14, 39, 40, 36, 37, 38, 35, 34, 33, 31, 32, 0]
Elapsed time: 68.12897515296936

mean: 46469.65281148875
std: 474.029517804483
mean-time: 67.77786748409271
std-time: 1.4131725417462906