i:0	62074.645597187206
i:50	51508.56391817206
i:100	49699.796661889166
i:150	49171.87125378306
i:200	49171.87125378306
i:250	49171.87125378306
i:300	49171.87125378306
i:350	49171.87125378306
i:400	49171.87125378306
i:450	49171.87125378306
i:500	49171.87125378306
i:550	49171.87125378306
i:600	49171.87125378306
i:650	49171.87125378306
best: 49171.87125378306
routes: [0, 21, 24, 25, 26, 23, 22, 27, 29, 30, 28, 39, 40, 38, 35, 33, 32, 31, 34, 37, 36, 0, 46, 43, 44, 45, 48, 41, 42, 47, 49, 50, 11, 14, 19, 20, 15, 16, 17, 18, 13, 12, 10, 9, 7, 8, 5, 4, 2, 1, 3, 6, 0]
Elapsed time: 72.93598008155823

i:0	72047.93529656285
i:50	49055.39212438907
i:100	48638.0288250649
i:150	46788.211526118626
i:200	46788.211526118626
i:250	46788.211526118626
i:300	46788.211526118626
i:350	46504.14540529916
i:400	46504.14540529916
i:450	46504.14540529916
i:500	46504.14540529916
i:550	46504.14540529916
i:600	46504.14540529916
i:650	46504.14540529916
best: 46504.14540529916
routes: [0, 21, 22, 23, 26, 24, 25, 27, 29, 30, 28, 38, 35, 33, 32, 31, 34, 36, 37, 39, 40, 0, 3, 1, 2, 4, 5, 6, 10, 8, 7, 9, 15, 16, 17, 20, 19, 18, 12, 13, 14, 11, 50, 49, 48, 47, 46, 45, 44, 43, 41, 42, 0]
Elapsed time: 73.40396904945374

i:0	63389.367475645005
i:50	49312.04648325772
i:100	48211.90422238848
i:150	46706.11524954988
i:200	46405.29914704757
i:250	46405.29914704757
i:300	46405.29914704757
i:350	46405.29914704757
i:400	46405.29914704757
i:450	46405.29914704757
i:500	46405.29914704757
i:550	46405.29914704757
i:600	46405.29914704757
i:650	46405.29914704757
best: 46405.29914704757
routes: [0, 21, 22, 23, 26, 24, 25, 27, 29, 30, 28, 39, 38, 35, 33, 32, 31, 34, 36, 37, 40, 0, 3, 1, 2, 4, 5, 6, 10, 8, 7, 9, 15, 16, 17, 20, 19, 18, 12, 13, 14, 11, 50, 49, 48, 47, 46, 45, 44, 43, 41, 42, 0]
Elapsed time: 75.02660465240479

i:0	63229.41325863465
i:50	51252.60993506247
i:100	47912.64939190906
i:150	46285.63508632018
i:200	46285.63508632018
i:250	46285.63508632018
i:300	46285.63508632018
i:350	46285.63508632018
i:400	46285.63508632018
i:450	46285.63508632018
i:500	46285.63508632018
i:550	46285.63508632018
i:600	46285.63508632018
i:650	46285.63508632018
best: 46285.63508632018
routes: [0, 21, 22, 23, 26, 24, 25, 27, 29, 30, 28, 40, 38, 35, 33, 32, 31, 34, 36, 37, 39, 41, 42, 43, 44, 45, 47, 48, 49, 50, 46, 0, 11, 19, 18, 17, 20, 15, 16, 14, 13, 12, 3, 1, 2, 4, 5, 7, 9, 10, 8, 6, 0]
Elapsed time: 72.47728848457336

i:0	67581.15590874769
i:50	50602.52841382896
i:100	47625.42270811529
i:150	47394.55832961302
i:200	47394.55832961302
i:250	47394.55832961302
i:300	47394.55832961302
i:350	47394.55832961302
i:400	47394.55832961302
i:450	47394.55832961302
i:500	47394.55832961302
i:550	47394.55832961302
i:600	47394.55832961302
i:650	47394.55832961302
best: 47394.55832961302
routes: [0, 21, 22, 23, 28, 26, 24, 25, 27, 29, 30, 36, 37, 34, 31, 32, 33, 35, 38, 40, 39, 41, 42, 43, 44, 45, 47, 48, 49, 50, 46, 0, 11, 14, 13, 17, 16, 15, 20, 19, 18, 12, 10, 9, 7, 8, 5, 4, 2, 1, 3, 6, 0]
Elapsed time: 72.27321338653564

i:0	72448.59288970535
i:50	50804.65385836472
i:100	47459.158845134996
i:150	45427.12976043712
i:200	45427.12976043712
i:250	45427.12976043712
i:300	45427.12976043712
i:350	45427.12976043712
i:400	45427.12976043712
i:450	45427.12976043712
i:500	45427.12976043712
i:550	45427.12976043712
i:600	45427.12976043712
i:650	45427.12976043712
best: 45427.12976043712
routes: [0, 41, 42, 43, 44, 45, 46, 47, 48, 49, 50, 11, 19, 18, 17, 16, 15, 20, 14, 13, 12, 6, 3, 5, 8, 10, 9, 7, 4, 1, 2, 0, 21, 22, 23, 26, 24, 25, 27, 29, 30, 28, 39, 37, 36, 34, 31, 32, 33, 35, 38, 40, 0]
Elapsed time: 73.57962250709534

i:0	63179.520943716445
i:50	49214.70229898508
i:100	47769.09938317981
i:150	46663.81586784666
i:200	46663.81586784666
i:250	46663.81586784666
i:300	46663.81586784666
i:350	46663.81586784666
i:400	46663.81586784666
i:450	46663.81586784666
i:500	46663.81586784666
i:550	46663.81586784666
i:600	46663.81586784666
i:650	46663.81586784666
best: 46663.81586784666
routes: [0, 21, 22, 23, 26, 25, 24, 27, 29, 30, 28, 39, 38, 35, 33, 32, 31, 34, 36, 37, 40, 0, 1, 3, 6, 10, 8, 5, 2, 4, 7, 9, 15, 16, 17, 20, 19, 18, 12, 13, 14, 11, 50, 49, 48, 47, 46, 45, 44, 43, 41, 42, 0]
Elapsed time: 71.90322375297546

i:0	62249.02281545029
i:50	51778.50851156059
i:100	47949.36386903128
i:150	45726.76934232067
i:200	45726.76934232067
i:250	45726.76934232067
i:300	45726.76934232067
i:350	45726.76934232067
i:400	45726.76934232067
i:450	45726.76934232067
i:500	45726.76934232067
i:550	45726.76934232067
i:600	45726.76934232067
i:650	45726.76934232067
best: 45726.76934232067
routes: [0, 46, 49, 50, 47, 48, 45, 44, 43, 41, 42, 40, 39, 37, 36, 34, 31, 32, 33, 35, 38, 28, 30, 29, 27, 26, 23, 21, 22, 25, 24, 0, 11, 19, 20, 15, 16, 17, 18, 14, 13, 12, 10, 9, 7, 4, 2, 1, 3, 5, 8, 6, 0]
Elapsed time: 69.5174572467804

i:0	72421.58291154014
i:50	50211.097240871655
i:100	47921.718097139485
i:150	47249.17848392359
i:200	47249.17848392359
i:250	47249.17848392359
i:300	47249.17848392359
i:350	47249.17848392359
i:400	47249.17848392359
i:450	47249.17848392359
i:500	47249.17848392359
i:550	47249.17848392359
i:600	47249.17848392359
i:650	47249.17848392359
best: 47249.17848392359
routes: [0, 3, 1, 2, 4, 5, 7, 9, 10, 8, 6, 15, 16, 17, 20, 19, 18, 12, 13, 14, 11, 50, 49, 48, 47, 46, 45, 44, 43, 41, 42, 0, 39, 40, 37, 38, 35, 33, 32, 31, 34, 36, 28, 30, 29, 27, 26, 23, 21, 22, 25, 24, 0]
Elapsed time: 69.54616641998291

i:0	66608.29210798525
i:50	50638.998109301894
i:100	50044.81933509264
i:150	49009.43787897082
i:200	49009.43787897082
i:250	49009.43787897082
i:300	49009.43787897082
i:350	49009.43787897082
i:400	49009.43787897082
i:450	49009.43787897082
i:500	49009.43787897082
i:550	49009.43787897082
i:600	49009.43787897082
i:650	49009.43787897082
best: 49009.43787897082
routes: [0, 36, 34, 31, 37, 39, 40, 38, 35, 33, 32, 28, 30, 29, 27, 26, 23, 21, 22, 25, 24, 1, 3, 2, 4, 5, 7, 9, 10, 8, 6, 0, 13, 14, 12, 17, 16, 15, 20, 19, 18, 11, 50, 49, 48, 47, 46, 45, 44, 43, 41, 42, 0]
Elapsed time: 72.90704822540283

mean: 46983.784055556185
std: 1195.3207493631676
mean-time: 72.35705738067627
std-time: 1.6293158318168426