i:0	65776.08459387216
i:50	51839.24827730545
i:100	50583.98914191307
i:150	49907.26560257981
i:200	49907.26560257981
i:250	49907.26560257981
i:300	49907.26560257981
i:350	49907.26560257981
i:400	49907.26560257981
i:450	49907.26560257981
i:500	49907.26560257981
i:550	49907.26560257981
i:600	49907.26560257981
i:650	49907.26560257981
best: 49907.26560257981
routes: [0, 41, 42, 43, 44, 45, 46, 47, 48, 49, 50, 11, 13, 14, 18, 19, 20, 15, 16, 17, 12, 0, 40, 36, 37, 34, 31, 32, 33, 35, 38, 39, 28, 26, 24, 25, 27, 29, 30, 23, 21, 22, 0, 1, 2, 3, 5, 4, 7, 9, 10, 8, 6, 0]
Elapsed time: 64.99061417579651

i:0	65238.665031272234
i:50	51140.991497283976
i:100	49235.04765251453
i:150	49054.62157646667
i:200	49054.62157646667
i:250	49054.62157646667
i:300	49054.62157646667
i:350	49054.62157646667
i:400	49054.62157646667
i:450	49054.62157646667
i:500	49054.62157646667
i:550	49054.62157646667
i:600	49054.62157646667
i:650	49054.62157646667
best: 49054.62157646667
routes: [0, 41, 42, 43, 44, 45, 46, 47, 48, 49, 50, 11, 19, 18, 20, 15, 16, 17, 12, 13, 14, 0, 36, 34, 31, 32, 33, 35, 38, 37, 39, 40, 28, 30, 29, 27, 24, 25, 26, 23, 21, 22, 0, 1, 2, 3, 5, 4, 7, 9, 10, 8, 6, 0]
Elapsed time: 62.6170973777771

i:0	65980.23580050477
i:50	51903.032025588385
i:100	50750.009785692804
i:150	50672.5162230774
i:200	50672.5162230774
i:250	50672.5162230774
i:300	50672.5162230774
i:350	50672.5162230774
i:400	50672.5162230774
i:450	50672.5162230774
i:500	50672.5162230774
i:550	50672.5162230774
i:600	50672.5162230774
i:650	50672.5162230774
best: 50672.5162230774
routes: [0, 11, 14, 13, 18, 19, 20, 16, 15, 17, 12, 6, 10, 9, 7, 8, 5, 4, 3, 1, 2, 0, 36, 37, 34, 31, 32, 33, 35, 38, 40, 39, 28, 30, 29, 27, 24, 25, 26, 23, 21, 22, 0, 41, 42, 43, 44, 45, 47, 48, 49, 50, 46, 0]
Elapsed time: 65.7795238494873

i:0	65778.52674313521
i:50	51386.77635644299
i:100	49361.071821877944
i:150	47778.31112997508
i:200	47778.31112997508
i:250	47778.31112997508
i:300	47778.31112997508
i:350	47778.31112997508
i:400	47778.31112997508
i:450	47778.31112997508
i:500	47778.31112997508
i:550	47778.31112997508
i:600	47778.31112997508
i:650	47778.31112997508
best: 47778.31112997508
routes: [0, 41, 42, 43, 44, 45, 46, 47, 48, 49, 50, 11, 19, 20, 15, 16, 17, 18, 14, 13, 12, 0, 21, 22, 23, 26, 24, 25, 27, 29, 30, 28, 39, 40, 36, 37, 34, 31, 32, 33, 35, 38, 0, 1, 2, 3, 5, 4, 7, 9, 10, 8, 6, 0]
Elapsed time: 63.219717264175415

i:0	65272.22122358852
i:50	52360.46723210271
i:100	51529.58692856844
i:150	49776.98818283996
i:200	49776.98818283996
i:250	49776.98818283996
i:300	49776.98818283996
i:350	49776.98818283996
i:400	49776.98818283996
i:450	49776.98818283996
i:500	49776.98818283996
i:550	49776.98818283996
i:600	49776.98818283996
i:650	49776.98818283996
best: 49776.98818283996
routes: [0, 41, 42, 43, 44, 45, 46, 47, 48, 49, 50, 11, 19, 18, 20, 15, 16, 17, 12, 13, 14, 0, 39, 40, 31, 32, 33, 35, 38, 37, 34, 36, 29, 30, 28, 22, 21, 23, 26, 27, 25, 24, 0, 1, 2, 3, 5, 4, 7, 9, 10, 8, 6, 0]
Elapsed time: 69.29167890548706

i:0	65051.51744316167
i:50	50617.21233779685
i:100	49309.89962952499
i:150	48353.41391689087
i:200	48353.41391689087
i:250	48353.41391689087
i:300	48353.41391689087
i:350	48353.41391689087
i:400	48353.41391689087
i:450	48353.41391689087
i:500	48353.41391689087
i:550	48353.41391689087
i:600	48353.41391689087
i:650	48353.41391689087
best: 48353.41391689087
routes: [0, 41, 42, 43, 44, 45, 46, 47, 48, 49, 50, 11, 13, 12, 17, 15, 16, 20, 19, 18, 14, 0, 21, 22, 23, 26, 24, 25, 27, 29, 30, 28, 39, 40, 36, 37, 34, 31, 32, 33, 35, 38, 0, 1, 2, 3, 5, 4, 7, 9, 10, 8, 6, 0]
Elapsed time: 72.53743171691895

i:0	75577.03800983119
i:50	52282.76797625396
i:100	49397.78826118746
i:150	48774.477547541326
i:200	48774.477547541326
i:250	48774.477547541326
i:300	48774.477547541326
i:350	48774.477547541326
i:400	48774.477547541326
i:450	48774.477547541326
i:500	48774.477547541326
i:550	48774.477547541326
i:600	48774.477547541326
i:650	48774.477547541326
best: 48774.477547541326
routes: [0, 21, 22, 23, 26, 25, 24, 27, 29, 30, 28, 36, 39, 37, 34, 31, 32, 33, 35, 38, 40, 0, 13, 14, 12, 17, 15, 16, 20, 19, 18, 11, 50, 49, 47, 48, 46, 45, 44, 43, 41, 42, 0, 1, 3, 5, 8, 6, 10, 9, 7, 4, 2, 0]
Elapsed time: 67.500403881073

i:0	70409.04214305733
i:50	51056.526793224635
i:100	49999.462622077386
i:150	48713.373780442715
i:200	48713.373780442715
i:250	48713.373780442715
i:300	48713.373780442715
i:350	48713.373780442715
i:400	48713.373780442715
i:450	48713.373780442715
i:500	48713.373780442715
i:550	48713.373780442715
i:600	48713.373780442715
i:650	48713.373780442715
best: 48713.373780442715
routes: [0, 21, 22, 23, 26, 24, 25, 27, 29, 30, 28, 39, 40, 36, 37, 34, 31, 32, 33, 35, 38, 0, 13, 12, 18, 19, 20, 16, 15, 17, 14, 11, 50, 49, 47, 48, 46, 45, 44, 43, 41, 42, 0, 1, 2, 3, 5, 4, 7, 9, 10, 8, 6, 0]
Elapsed time: 68.23656702041626

i:0	72227.21481796558
i:50	53060.89860767967
i:100	50882.7809961461
i:150	50158.33039308469
i:200	50158.33039308469
i:250	50158.33039308469
i:300	50158.33039308469
i:350	50158.33039308469
i:400	50158.33039308469
i:450	50158.33039308469
i:500	50158.33039308469
i:550	50158.33039308469
i:600	50158.33039308469
i:650	50158.33039308469
best: 50158.33039308469
routes: [0, 39, 37, 34, 36, 31, 32, 33, 35, 38, 40, 28, 26, 24, 25, 27, 29, 30, 23, 21, 22, 0, 41, 42, 43, 44, 45, 46, 47, 48, 49, 50, 11, 13, 14, 18, 19, 20, 15, 16, 17, 12, 0, 1, 3, 5, 8, 6, 10, 9, 7, 4, 2, 0]
Elapsed time: 68.8613772392273

i:0	69640.55889201256
i:50	53747.667404541084
i:100	50323.06419562221
i:150	49909.616892182145
i:200	49909.616892182145
i:250	49909.616892182145
i:300	49909.616892182145
i:350	49909.616892182145
i:400	49909.616892182145
i:450	49909.616892182145
i:500	49909.616892182145
i:550	49909.616892182145
i:600	49909.616892182145
i:650	49909.616892182145
best: 49909.616892182145
routes: [0, 36, 37, 34, 31, 32, 33, 35, 38, 40, 39, 28, 30, 29, 27, 24, 25, 26, 23, 21, 22, 0, 41, 42, 43, 44, 45, 46, 47, 48, 49, 50, 11, 19, 18, 14, 13, 12, 17, 20, 15, 16, 0, 1, 2, 3, 5, 4, 7, 9, 10, 8, 6, 0]
Elapsed time: 69.97212505340576

mean: 49309.891524508064
std: 864.8440545989539
mean-time: 67.30065364837647
std-time: 2.968439607701076