i:0	71993.48381126323
i:50	55861.89001453895
i:100	55861.89001453895
i:150	55861.89001453895
i:200	55861.89001453895
i:250	55861.89001453895
i:300	55861.89001453895
i:350	55861.89001453895
i:400	55861.89001453895
i:450	55861.89001453895
i:500	55861.89001453895
i:550	55861.89001453895
i:600	55861.89001453895
i:650	55861.89001453895
best: 55861.89001453895
routes: [0, 45, 41, 44, 43, 42, 21, 24, 25, 23, 22, 7, 9, 8, 10, 6, 13, 14, 11, 12, 15, 16, 20, 17, 19, 18, 0, 46, 50, 47, 49, 48, 34, 35, 33, 32, 31, 40, 38, 37, 39, 36, 28, 30, 29, 27, 26, 3, 4, 5, 1, 2, 0]
Elapsed time: 28.30521249771118

i:0	78770.58923112269
i:50	54765.546386148155
i:100	54765.546386148155
i:150	54765.546386148155
i:200	54765.546386148155
i:250	54765.546386148155
i:300	54765.546386148155
i:350	54765.546386148155
i:400	54765.546386148155
i:450	54765.546386148155
i:500	54765.546386148155
i:550	54765.546386148155
i:600	54765.546386148155
i:650	54765.546386148155
best: 54765.546386148155
routes: [0, 46, 48, 47, 49, 50, 34, 35, 33, 32, 31, 40, 38, 37, 39, 36, 28, 30, 29, 27, 26, 0, 19, 18, 17, 20, 16, 15, 13, 11, 12, 14, 6, 8, 10, 9, 7, 23, 25, 22, 24, 21, 43, 42, 45, 41, 44, 4, 3, 2, 5, 1, 0]
Elapsed time: 29.933438777923584

i:0	78960.2133479313
i:50	58284.87071249637
i:100	58284.87071249637
i:150	58284.87071249637
i:200	57063.72431897662
i:250	55666.07740939933
i:300	55666.07740939933
i:350	55666.07740939933
i:400	55666.07740939933
i:450	55666.07740939933
i:500	55666.07740939933
i:550	55666.07740939933
i:600	55666.07740939933
i:650	55666.07740939933
best: 55666.07740939933
routes: [0, 19, 18, 17, 20, 16, 15, 13, 11, 12, 14, 8, 7, 9, 10, 6, 23, 25, 22, 21, 24, 5, 1, 4, 3, 2, 0, 45, 41, 44, 43, 42, 27, 26, 30, 29, 28, 39, 40, 38, 37, 36, 33, 32, 31, 34, 35, 48, 47, 49, 50, 46, 0]
Elapsed time: 38.8159077167511

i:0	81184.16954205284
i:50	56779.55886140921
i:100	56779.55886140921
i:150	56779.55886140921
i:200	56779.55886140921
i:250	56779.55886140921
i:300	56779.55886140921
i:350	56779.55886140921
i:400	56779.55886140921
i:450	56779.55886140921
i:500	56779.55886140921
i:550	56779.55886140921
i:600	56779.55886140921
i:650	56779.55886140921
best: 56779.55886140921
routes: [0, 23, 22, 21, 24, 25, 45, 43, 42, 41, 44, 39, 40, 38, 37, 36, 28, 30, 29, 27, 26, 3, 4, 5, 1, 2, 0, 46, 48, 47, 49, 50, 34, 35, 33, 31, 32, 19, 18, 17, 20, 16, 15, 13, 11, 12, 14, 8, 7, 9, 10, 6, 0]
Elapsed time: 33.293447494506836

i:0	84647.8169435662
i:50	55536.85656910564
i:100	55536.85656910564
i:150	55536.85656910564
i:200	55536.85656910564
i:250	55536.85656910564
i:300	55536.85656910564
i:350	55536.85656910564
i:400	55536.85656910564
i:450	55536.85656910564
i:500	55536.85656910564
i:550	55536.85656910564
i:600	55536.85656910564
i:650	55536.85656910564
best: 55536.85656910564
routes: [0, 46, 48, 47, 49, 50, 34, 35, 33, 32, 31, 40, 38, 37, 39, 36, 28, 30, 29, 27, 26, 45, 41, 44, 43, 42, 0, 1, 2, 4, 3, 5, 23, 25, 22, 21, 24, 7, 9, 8, 10, 6, 11, 12, 14, 13, 15, 17, 16, 20, 19, 18, 0]
Elapsed time: 26.787678718566895

i:0	81530.99288052648
i:50	54481.181572381785
i:100	54481.181572381785
i:150	54481.181572381785
i:200	54481.181572381785
i:250	54481.181572381785
i:300	54481.181572381785
i:350	54481.181572381785
i:400	54481.181572381785
i:450	54481.181572381785
i:500	54481.181572381785
i:550	54481.181572381785
i:600	54481.181572381785
i:650	54481.181572381785
best: 54481.181572381785
routes: [0, 45, 41, 44, 43, 42, 27, 26, 30, 29, 28, 39, 40, 38, 37, 36, 33, 32, 31, 34, 35, 48, 47, 49, 50, 46, 0, 19, 18, 17, 20, 16, 15, 13, 11, 12, 14, 6, 8, 10, 9, 7, 23, 25, 22, 21, 24, 5, 1, 4, 3, 2, 0]
Elapsed time: 28.178985834121704

i:0	80071.46015037652
i:50	56822.077844628366
i:100	56822.077844628366
i:150	56822.077844628366
i:200	56822.077844628366
i:250	56822.077844628366
i:300	56822.077844628366
i:350	56822.077844628366
i:400	56822.077844628366
i:450	56822.077844628366
i:500	56822.077844628366
i:550	56822.077844628366
i:600	56822.077844628366
i:650	56822.077844628366
best: 56822.077844628366
routes: [0, 19, 18, 17, 20, 16, 15, 13, 11, 12, 14, 9, 10, 6, 8, 7, 25, 23, 24, 21, 22, 5, 3, 2, 1, 4, 0, 46, 50, 47, 49, 48, 34, 35, 33, 32, 31, 40, 38, 37, 39, 36, 28, 30, 29, 27, 26, 45, 41, 44, 43, 42, 0]
Elapsed time: 28.54390525817871

i:0	84552.24819550206
i:50	56561.48113645789
i:100	56561.48113645789
i:150	56561.48113645789
i:200	56561.48113645789
i:250	56561.48113645789
i:300	56561.48113645789
i:350	56561.48113645789
i:400	56561.48113645789
i:450	56561.48113645789
i:500	56561.48113645789
i:550	56561.48113645789
i:600	56561.48113645789
i:650	56561.48113645789
best: 56561.48113645789
routes: [0, 5, 1, 2, 4, 3, 39, 40, 38, 37, 36, 28, 30, 29, 27, 26, 45, 41, 44, 43, 42, 21, 24, 25, 23, 22, 7, 9, 8, 10, 6, 0, 11, 12, 14, 13, 15, 16, 20, 17, 19, 18, 34, 35, 33, 32, 31, 48, 47, 49, 50, 46, 0]
Elapsed time: 24.897947072982788

i:0	81133.63618427477
i:50	54972.48998577861
i:100	54972.48998577861
i:150	54972.48998577861
i:200	54972.48998577861
i:250	54972.48998577861
i:300	54972.48998577861
i:350	54972.48998577861
i:400	54972.48998577861
i:450	54972.48998577861
i:500	54972.48998577861
i:550	54972.48998577861
i:600	54972.48998577861
i:650	54972.48998577861
best: 54972.48998577861
routes: [0, 3, 4, 1, 2, 5, 22, 21, 24, 25, 23, 7, 9, 8, 10, 6, 11, 12, 14, 13, 15, 17, 16, 20, 19, 18, 0, 45, 41, 44, 43, 42, 27, 26, 30, 29, 28, 39, 40, 38, 37, 36, 33, 32, 31, 34, 35, 48, 47, 49, 50, 46, 0]
Elapsed time: 28.04660701751709

i:0	77348.45599840619
i:50	55298.09066113338
i:100	55038.434971166746
i:150	55038.434971166746
i:200	55038.434971166746
i:250	55038.434971166746
i:300	55038.434971166746
i:350	55038.434971166746
i:400	55038.434971166746
i:450	55038.434971166746
i:500	55038.434971166746
i:550	55038.434971166746
i:600	55038.434971166746
i:650	55038.434971166746
best: 55038.434971166746
routes: [0, 50, 49, 48, 47, 46, 34, 35, 33, 32, 31, 40, 38, 37, 39, 36, 28, 30, 29, 27, 26, 3, 4, 5, 1, 2, 0, 45, 41, 44, 43, 42, 21, 24, 25, 23, 22, 7, 9, 8, 10, 6, 11, 12, 14, 13, 15, 17, 16, 20, 19, 18, 0]
Elapsed time: 33.63541531562805

mean: 55648.55947510147
std: 807.4546686484598
mean-time: 30.043854570388795
std-time: 3.8761162694885996