i:0	101412.49115799004
i:50	65859.38141003311
i:100	65859.38141003311
i:150	65859.38141003311
i:200	65859.38141003311
i:250	65859.38141003311
i:300	65859.38141003311
i:350	65859.38141003311
i:400	65859.38141003311
i:450	65859.38141003311
i:500	65859.38141003311
i:550	65859.38141003311
i:600	65859.38141003311
i:650	65859.38141003311
best: 65859.38141003311
routes: [0, 40, 38, 37, 39, 36, 30, 29, 28, 27, 26, 45, 43, 44, 41, 42, 4, 3, 2, 5, 1, 0, 23, 24, 21, 22, 25, 7, 9, 8, 10, 6, 12, 14, 15, 13, 11, 17, 16, 20, 19, 18, 0, 46, 48, 47, 49, 50, 34, 35, 33, 31, 32, 0]
Elapsed time: 21.81683659553528

i:0	100155.76984935332
i:50	66451.63178484829
i:100	66451.63178484829
i:150	66451.63178484829
i:200	66451.63178484829
i:250	66451.63178484829
i:300	66451.63178484829
i:350	66451.63178484829
i:400	66451.63178484829
i:450	66451.63178484829
i:500	66451.63178484829
i:550	66451.63178484829
i:600	66451.63178484829
i:650	66451.63178484829
best: 66451.63178484829
routes: [0, 5, 3, 4, 1, 2, 43, 42, 44, 45, 41, 27, 29, 30, 26, 28, 39, 40, 38, 37, 36, 0, 19, 18, 17, 20, 16, 15, 13, 11, 12, 14, 24, 21, 22, 25, 23, 7, 9, 8, 10, 6, 0, 33, 32, 34, 35, 31, 48, 47, 49, 50, 46, 0]
Elapsed time: 24.750051259994507

i:0	82271.6222929897
i:50	66206.78078791124
i:100	66206.78078791124
i:150	66206.78078791124
i:200	66206.78078791124
i:250	66206.78078791124
i:300	66206.78078791124
i:350	66206.78078791124
i:400	66206.78078791124
i:450	66206.78078791124
i:500	66206.78078791124
i:550	66206.78078791124
i:600	66206.78078791124
i:650	66206.78078791124
best: 66206.78078791124
routes: [0, 19, 18, 17, 20, 16, 15, 13, 14, 11, 12, 6, 10, 9, 8, 7, 23, 25, 21, 22, 24, 0, 3, 5, 1, 2, 4, 45, 43, 44, 41, 42, 27, 26, 30, 29, 28, 39, 40, 38, 37, 36, 0, 46, 48, 47, 49, 50, 35, 33, 31, 32, 34, 0]
Elapsed time: 21.068378925323486

i:0	85547.89539451755
i:50	64377.117784378
i:100	64377.117784378
i:150	64377.117784378
i:200	64377.117784378
i:250	64012.581764415765
i:300	64012.581764415765
i:350	64012.581764415765
i:400	63570.25951149923
i:450	63570.25951149923
i:500	63570.25951149923
i:550	63570.25951149923
i:600	63570.25951149923
i:650	63570.25951149923
best: 63570.25951149923
routes: [0, 46, 48, 47, 49, 50, 34, 35, 33, 32, 31, 39, 40, 38, 37, 36, 29, 30, 28, 27, 26, 0, 3, 4, 5, 1, 2, 45, 43, 44, 41, 42, 25, 23, 24, 21, 22, 8, 7, 9, 10, 6, 0, 11, 12, 14, 13, 15, 17, 16, 20, 19, 18, 0]
Elapsed time: 39.36770224571228

i:0	90363.88310824663
i:50	64565.50273559531
i:100	64565.50273559531
i:150	64565.50273559531
i:200	64565.50273559531
i:250	64565.50273559531
i:300	64565.50273559531
i:350	64565.50273559531
i:400	64565.50273559531
i:450	64565.50273559531
i:500	64565.50273559531
i:550	64565.50273559531
i:600	64565.50273559531
i:650	64565.50273559531
best: 64565.50273559531
routes: [0, 6, 10, 8, 7, 9, 24, 25, 23, 22, 21, 43, 44, 45, 41, 42, 4, 3, 5, 1, 2, 0, 26, 28, 27, 30, 29, 37, 39, 36, 38, 40, 33, 31, 32, 34, 35, 48, 47, 49, 50, 46, 0, 19, 18, 17, 20, 16, 15, 13, 14, 11, 12, 0]
Elapsed time: 22.153542041778564

i:0	78946.00641507415
i:50	66113.546413868
i:100	66113.546413868
i:150	66113.546413868
i:200	65986.97717085497
i:250	65986.97717085497
i:300	65284.084562492106
i:350	65284.084562492106
i:400	65284.084562492106
i:450	65284.084562492106
i:500	65284.084562492106
i:550	65284.084562492106
i:600	65284.084562492106
i:650	65284.084562492106
best: 65284.084562492106
routes: [0, 1, 2, 4, 5, 3, 45, 43, 42, 44, 41, 27, 29, 30, 26, 28, 39, 40, 38, 37, 36, 0, 19, 20, 18, 17, 16, 11, 12, 15, 13, 14, 6, 10, 8, 7, 9, 25, 23, 24, 21, 22, 0, 46, 48, 47, 49, 50, 35, 33, 31, 32, 34, 0]
Elapsed time: 47.73872947692871

i:0	79541.29234042189
i:50	68132.0688067083
i:100	68132.0688067083
i:150	67924.88657981003
i:200	67924.88657981003
i:250	67924.88657981003
i:300	67924.88657981003
i:350	67924.88657981003
i:400	67924.88657981003
i:450	67924.88657981003
i:500	67924.88657981003
i:550	67924.88657981003
i:600	67924.88657981003
i:650	67924.88657981003
best: 67924.88657981003
routes: [0, 46, 48, 47, 49, 50, 31, 32, 34, 35, 33, 38, 37, 39, 40, 36, 28, 27, 29, 30, 26, 0, 19, 18, 17, 20, 16, 15, 13, 11, 12, 14, 24, 25, 23, 22, 21, 43, 45, 41, 42, 44, 0, 8, 7, 9, 10, 6, 4, 3, 2, 5, 1, 0]
Elapsed time: 32.35837268829346

i:0	98018.33941684665
i:50	64920.036246491174
i:100	64660.38055652453
i:150	64660.38055652453
i:200	64660.38055652453
i:250	64660.38055652453
i:300	64660.38055652453
i:350	64660.38055652453
i:400	64660.38055652453
i:450	64660.38055652453
i:500	64660.38055652453
i:550	64660.38055652453
i:600	64660.38055652453
i:650	64660.38055652453
best: 64660.38055652453
routes: [0, 46, 48, 47, 49, 50, 34, 35, 33, 32, 31, 40, 38, 37, 39, 36, 29, 30, 28, 27, 26, 0, 3, 4, 5, 1, 2, 43, 42, 44, 45, 41, 23, 24, 21, 22, 25, 7, 9, 8, 10, 6, 0, 19, 18, 17, 20, 16, 15, 13, 11, 12, 14, 0]
Elapsed time: 28.40520143508911

i:0	77366.09947180776
i:50	66914.28263547643
i:100	66914.28263547643
i:150	66914.28263547643
i:200	66914.28263547643
i:250	66914.28263547643
i:300	66914.28263547643
i:350	66914.28263547643
i:400	66914.28263547643
i:450	66914.28263547643
i:500	66914.28263547643
i:550	66914.28263547643
i:600	66914.28263547643
i:650	66914.28263547643
best: 66914.28263547643
routes: [0, 18, 17, 19, 20, 16, 14, 15, 13, 11, 12, 6, 8, 10, 7, 9, 25, 23, 24, 21, 22, 0, 5, 1, 2, 4, 3, 27, 29, 30, 26, 28, 39, 40, 38, 37, 36, 45, 43, 41, 42, 44, 0, 33, 31, 32, 34, 35, 47, 49, 48, 50, 46, 0]
Elapsed time: 21.732009649276733

i:0	280954.933758309
i:50	64484.71013138541
i:100	64484.71013138541
i:150	64484.71013138541
i:200	64484.71013138541
i:250	64484.71013138541
i:300	64484.71013138541
i:350	64484.71013138541
i:400	64484.71013138541
i:450	64484.71013138541
i:500	64484.71013138541
i:550	64484.71013138541
i:600	64484.71013138541
i:650	64484.71013138541
best: 64484.71013138541
routes: [0, 23, 24, 21, 22, 25, 7, 9, 8, 10, 6, 11, 12, 14, 13, 15, 17, 16, 20, 19, 18, 0, 5, 1, 2, 4, 3, 45, 43, 42, 44, 41, 27, 29, 30, 26, 28, 39, 40, 38, 37, 36, 0, 33, 31, 32, 34, 35, 47, 49, 48, 50, 46, 0]
Elapsed time: 21.940646648406982

mean: 65592.19006955756
std: 1253.3616651286552
mean-time: 28.133147096633913
std-time: 8.630469273831716