i:0	123129.82527888693
i:50	83256.66215512287
i:100	73030.04719827694
i:150	70689.29001364042
i:200	70689.29001364042
i:250	70689.29001364042
i:300	70689.29001364042
i:350	70689.29001364042
i:400	70689.29001364042
i:450	70689.29001364042
i:500	70689.29001364042
i:550	70689.29001364042
i:600	70689.29001364042
i:650	70689.29001364042
best: 70689.29001364042
routes: [0, 4, 5, 10, 6, 3, 1, 2, 8, 7, 9, 43, 45, 42, 41, 44, 46, 49, 50, 47, 48, 11, 12, 14, 17, 19, 20, 18, 15, 13, 16, 0, 31, 38, 37, 36, 35, 40, 39, 34, 33, 32, 30, 29, 27, 28, 26, 25, 22, 23, 21, 24, 0, 51, 52, 53, 54, 55, 57, 56, 59, 60, 58, 76, 74, 71, 72, 73, 75, 78, 77, 79, 80, 61, 62, 63, 64, 65, 68, 67, 66, 69, 70, 0]
Elapsed time: 100.301589012146

i:0	113238.93237978977
i:50	84261.61981342423
i:100	81306.55289762102
i:150	76658.52548529087
i:200	76658.52548529087
i:250	76658.52548529087
i:300	76658.52548529087
i:350	76658.52548529087
i:400	76658.52548529087
i:450	76658.52548529087
i:500	76658.52548529087
i:550	76658.52548529087
i:600	76658.52548529087
i:650	76658.52548529087
best: 76658.52548529087
routes: [0, 51, 52, 53, 56, 54, 55, 57, 59, 60, 58, 79, 77, 76, 74, 71, 72, 73, 75, 78, 80, 0, 67, 68, 65, 64, 62, 61, 63, 66, 69, 70, 31, 33, 34, 39, 40, 35, 36, 37, 38, 32, 28, 30, 29, 27, 25, 26, 24, 21, 23, 22, 0, 13, 15, 18, 16, 20, 19, 17, 14, 12, 11, 43, 42, 41, 44, 45, 47, 46, 49, 50, 48, 9, 10, 5, 6, 7, 8, 2, 1, 3, 4, 0]
Elapsed time: 100.95759987831116

i:0	122272.79937858587
i:50	82454.46911784455
i:100	75442.28689748835
i:150	72217.5749929692
i:200	72217.5749929692
i:250	72217.5749929692
i:300	72217.5749929692
i:350	72217.5749929692
i:400	72217.5749929692
i:450	72217.5749929692
i:500	72217.5749929692
i:550	72217.5749929692
i:600	72217.5749929692
i:650	72217.5749929692
best: 72217.5749929692
routes: [0, 51, 53, 52, 54, 55, 57, 56, 59, 60, 58, 79, 80, 78, 75, 73, 72, 71, 74, 77, 76, 61, 62, 63, 64, 65, 68, 67, 66, 69, 70, 0, 31, 39, 40, 35, 36, 37, 38, 34, 33, 32, 24, 21, 25, 27, 29, 30, 28, 26, 23, 22, 18, 14, 12, 11, 13, 15, 17, 19, 20, 16, 0, 43, 45, 47, 49, 50, 48, 46, 44, 41, 42, 9, 10, 5, 6, 7, 8, 2, 1, 3, 4, 0]
Elapsed time: 100.07707095146179

i:0	119129.8722082783
i:50	89393.57875843177
i:100	86300.27219365508
i:150	83099.42106811353
i:200	83099.42106811353
i:250	83099.42106811353
i:300	83099.42106811353
i:350	83099.42106811353
i:400	83099.42106811353
i:450	83099.42106811353
i:500	83099.42106811353
i:550	83099.42106811353
i:600	83099.42106811353
i:650	83099.42106811353
best: 83099.42106811353
routes: [0, 13, 15, 16, 20, 18, 19, 17, 14, 12, 11, 48, 47, 49, 50, 46, 44, 45, 42, 41, 43, 9, 8, 7, 10, 5, 6, 2, 1, 3, 4, 0, 61, 62, 63, 64, 65, 68, 67, 66, 69, 70, 0, 54, 55, 52, 51, 53, 60, 58, 57, 56, 59, 79, 77, 76, 74, 71, 72, 73, 75, 78, 80, 0, 21, 22, 23, 24, 26, 25, 29, 27, 28, 30, 35, 36, 37, 40, 39, 38, 31, 34, 33, 32, 0]
Elapsed time: 103.96966409683228

i:0	122966.29811174238
i:50	88148.84149478388
i:100	73047.38892935099
i:150	71008.17658319134
i:200	71008.17658319134
i:250	71008.17658319134
i:300	71008.17658319134
i:350	71008.17658319134
i:400	71008.17658319134
i:450	71008.17658319134
i:500	71008.17658319134
i:550	71008.17658319134
i:600	71008.17658319134
i:650	71008.17658319134
best: 71008.17658319134
routes: [0, 4, 3, 1, 2, 8, 6, 5, 10, 7, 9, 43, 41, 42, 45, 47, 48, 44, 46, 49, 50, 14, 12, 11, 13, 15, 17, 19, 20, 18, 16, 0, 51, 52, 53, 56, 54, 55, 57, 59, 60, 58, 76, 74, 71, 72, 73, 75, 78, 77, 79, 80, 61, 62, 63, 64, 65, 68, 67, 66, 69, 70, 0, 31, 33, 34, 39, 38, 37, 40, 35, 36, 32, 21, 23, 22, 25, 26, 27, 29, 30, 28, 24, 0]
Elapsed time: 99.64204955101013

i:0	121076.44217774687
i:50	88572.60473865211
i:100	83079.21573344055
i:150	77881.78554634497
i:200	77782.8679705608
i:250	77782.8679705608
i:300	77782.8679705608
i:350	77782.8679705608
i:400	77782.8679705608
i:450	77782.8679705608
i:500	77782.8679705608
i:550	77782.8679705608
i:600	77782.8679705608
i:650	77782.8679705608
best: 77782.8679705608
routes: [0, 51, 52, 53, 58, 60, 59, 57, 56, 55, 54, 41, 44, 46, 49, 50, 48, 47, 45, 42, 43, 10, 9, 7, 8, 2, 1, 3, 6, 5, 4, 0, 31, 34, 33, 32, 38, 39, 40, 37, 35, 36, 30, 28, 27, 29, 25, 26, 24, 21, 23, 22, 13, 11, 12, 14, 17, 19, 20, 18, 15, 16, 0, 80, 77, 76, 79, 74, 71, 72, 73, 75, 78, 61, 63, 65, 68, 67, 69, 70, 66, 64, 62, 0]
Elapsed time: 97.92877721786499

i:0	120911.67168898568
i:50	90038.69359308871
i:100	79187.60692545724
i:150	75039.60936149904
i:200	75026.16494514361
i:250	75026.16494514361
i:300	75026.16494514361
i:350	75026.16494514361
i:400	75026.16494514361
i:450	75026.16494514361
i:500	75026.16494514361
i:550	75026.16494514361
i:600	75026.16494514361
i:650	75026.16494514361
best: 75026.16494514361
routes: [0, 4, 3, 1, 2, 8, 6, 5, 10, 7, 9, 43, 45, 42, 41, 44, 46, 49, 50, 47, 48, 17, 19, 20, 18, 16, 15, 14, 13, 11, 12, 0, 21, 24, 23, 22, 25, 26, 27, 29, 30, 28, 32, 33, 34, 39, 40, 35, 36, 37, 38, 31, 69, 70, 66, 67, 68, 65, 64, 63, 61, 62, 0, 74, 71, 72, 73, 75, 78, 77, 76, 79, 80, 58, 60, 59, 57, 56, 55, 54, 53, 51, 52, 0]
Elapsed time: 97.54041528701782

i:0	119610.15668634677
i:50	90710.12161029765
i:100	83665.36495543936
i:150	75150.45369999195
i:200	75150.45369999195
i:250	75150.45369999195
i:300	75150.45369999195
i:350	75150.45369999195
i:400	75150.45369999195
i:450	75150.45369999195
i:500	75150.45369999195
i:550	75150.45369999195
i:600	75150.45369999195
i:650	75150.45369999195
best: 75150.45369999195
routes: [0, 4, 3, 1, 2, 8, 6, 5, 10, 7, 9, 43, 45, 42, 41, 44, 46, 49, 50, 47, 48, 17, 19, 20, 18, 16, 15, 14, 13, 11, 12, 0, 78, 75, 73, 72, 71, 74, 77, 76, 79, 80, 58, 60, 59, 57, 56, 55, 54, 53, 51, 52, 0, 21, 28, 30, 29, 27, 26, 25, 22, 23, 24, 32, 33, 34, 39, 40, 35, 36, 37, 38, 31, 69, 70, 66, 67, 68, 65, 64, 63, 61, 62, 0]
Elapsed time: 97.62833094596863

i:0	119458.8203117499
i:50	88616.98982265261
i:100	82266.86307696339
i:150	78361.41221862577
i:200	78361.41221862577
i:250	78361.41221862577
i:300	78361.41221862577
i:350	78361.41221862577
i:400	78361.41221862577
i:450	78361.41221862577
i:500	78361.41221862577
i:550	78361.41221862577
i:600	78361.41221862577
i:650	78361.41221862577
best: 78361.41221862577
routes: [0, 43, 42, 41, 44, 45, 47, 46, 49, 50, 48, 17, 19, 20, 18, 15, 14, 12, 11, 13, 16, 25, 27, 29, 30, 28, 26, 24, 21, 23, 22, 0, 69, 70, 63, 61, 62, 65, 64, 67, 68, 66, 31, 39, 38, 37, 40, 35, 36, 32, 33, 34, 0, 80, 76, 79, 77, 78, 75, 73, 72, 71, 74, 58, 60, 59, 57, 56, 53, 51, 52, 55, 54, 2, 1, 8, 7, 9, 10, 5, 6, 3, 4, 0]
Elapsed time: 102.44180631637573

i:0	126043.22812119639
i:50	87074.8137171392
i:100	80222.32599377033
i:150	76194.90183383551
i:200	76194.90183383551
i:250	76194.90183383551
i:300	76194.90183383551
i:350	76194.90183383551
i:400	76194.90183383551
i:450	76194.90183383551
i:500	76194.90183383551
i:550	76194.90183383551
i:600	76194.90183383551
i:650	76194.90183383551
best: 76194.90183383551
routes: [0, 4, 1, 2, 3, 6, 5, 10, 7, 8, 9, 43, 42, 45, 47, 49, 50, 48, 46, 44, 41, 54, 55, 57, 59, 60, 58, 56, 53, 51, 52, 0, 31, 34, 33, 38, 39, 40, 36, 35, 37, 32, 28, 30, 29, 27, 25, 26, 24, 21, 23, 22, 13, 11, 12, 14, 15, 17, 19, 20, 18, 16, 0, 78, 75, 73, 72, 71, 74, 77, 76, 79, 80, 61, 62, 63, 64, 65, 68, 67, 66, 69, 70, 0]
Elapsed time: 100.29740166664124

mean: 75618.87888113629
std: 3567.5557316435425
mean-time: 100.07847049236298
std-time: 1.9711387441800368