i:0	127914.52917448003
i:50	90853.20756100959
i:100	86068.16774176672
i:150	83163.13856701239
i:200	82936.6005121295
i:250	82936.6005121295
i:300	82936.6005121295
i:350	82936.6005121295
i:400	82936.6005121295
i:450	82936.6005121295
i:500	82936.6005121295
i:550	82936.6005121295
i:600	82936.6005121295
i:650	82936.6005121295
best: 82936.6005121295
routes: [0, 31, 34, 39, 40, 35, 36, 37, 38, 33, 32, 21, 23, 22, 25, 26, 27, 29, 30, 28, 24, 0, 76, 74, 71, 72, 73, 75, 78, 77, 79, 80, 58, 60, 59, 57, 54, 55, 56, 53, 51, 52, 0, 16, 20, 19, 17, 18, 15, 14, 12, 13, 11, 43, 45, 47, 49, 50, 48, 46, 44, 41, 42, 0, 4, 3, 6, 5, 10, 9, 7, 8, 2, 1, 61, 62, 63, 64, 65, 68, 66, 67, 69, 70, 0]
Elapsed time: 99.8301830291748

i:0	121209.84275236371
i:50	88924.29009034765
i:100	83934.15780542264
i:150	79865.34402954798
i:200	79865.34402954798
i:250	79865.34402954798
i:300	79865.34402954798
i:350	79865.34402954798
i:400	79865.34402954798
i:450	79865.34402954798
i:500	79865.34402954798
i:550	79865.34402954798
i:600	79865.34402954798
i:650	79865.34402954798
best: 79865.34402954798
routes: [0, 51, 52, 53, 56, 54, 55, 57, 59, 60, 58, 76, 77, 74, 71, 72, 73, 75, 78, 79, 80, 0, 21, 23, 25, 27, 29, 30, 28, 26, 24, 22, 16, 13, 11, 15, 18, 20, 19, 17, 14, 12, 0, 61, 62, 63, 64, 65, 68, 66, 67, 69, 70, 31, 33, 32, 37, 35, 36, 40, 39, 38, 34, 0, 4, 5, 10, 6, 3, 1, 2, 8, 7, 9, 41, 44, 46, 49, 50, 47, 45, 42, 43, 48, 0]
Elapsed time: 96.03653454780579

i:0	113457.89550006986
i:50	90566.81662090275
i:100	83917.29335223828
i:150	80697.44618948989
i:200	80697.44618948989
i:250	80697.44618948989
i:300	80697.44618948989
i:350	80697.44618948989
i:400	80697.44618948989
i:450	80697.44618948989
i:500	80697.44618948989
i:550	80697.44618948989
i:600	80697.44618948989
i:650	80697.44618948989
best: 80697.44618948989
routes: [0, 51, 52, 53, 58, 56, 54, 55, 57, 59, 60, 76, 77, 74, 71, 72, 73, 75, 78, 79, 80, 0, 4, 3, 6, 5, 10, 9, 7, 8, 2, 1, 69, 70, 66, 67, 68, 65, 64, 63, 61, 62, 0, 31, 39, 40, 35, 36, 37, 38, 34, 33, 32, 21, 23, 22, 25, 27, 29, 30, 28, 26, 24, 0, 43, 42, 41, 44, 46, 45, 47, 49, 50, 48, 14, 12, 11, 13, 15, 18, 17, 19, 20, 16, 0]
Elapsed time: 93.38788414001465

i:0	128935.84880394602
i:50	87351.03877108246
i:100	83888.09649557182
i:150	82785.53707237983
i:200	82785.53707237983
i:250	82785.53707237983
i:300	82785.53707237983
i:350	82785.53707237983
i:400	82785.53707237983
i:450	82785.53707237983
i:500	82785.53707237983
i:550	82785.53707237983
i:600	82785.53707237983
i:650	82785.53707237983
best: 82785.53707237983
routes: [0, 13, 15, 18, 16, 20, 19, 17, 14, 12, 11, 43, 41, 45, 44, 46, 49, 50, 47, 48, 42, 0, 51, 52, 53, 56, 55, 54, 57, 59, 60, 58, 76, 79, 77, 74, 71, 72, 73, 75, 78, 80, 0, 4, 1, 3, 6, 5, 10, 9, 7, 8, 2, 61, 62, 63, 66, 69, 70, 67, 68, 65, 64, 0, 31, 33, 34, 39, 38, 37, 40, 35, 36, 32, 26, 25, 27, 29, 30, 28, 24, 21, 23, 22, 0]
Elapsed time: 96.59203219413757

i:0	124233.72575423896
i:50	84936.77867010991
i:100	82710.2532410414
i:150	80040.22734919813
i:200	80040.22734919813
i:250	80040.22734919813
i:300	80040.22734919813
i:350	80040.22734919813
i:400	80040.22734919813
i:450	80040.22734919813
i:500	80040.22734919813
i:550	80040.22734919813
i:600	80040.22734919813
i:650	80040.22734919813
best: 80040.22734919813
routes: [0, 51, 52, 53, 56, 54, 55, 57, 59, 60, 58, 79, 77, 74, 76, 71, 72, 73, 75, 78, 80, 0, 61, 62, 63, 64, 65, 68, 66, 67, 69, 70, 31, 33, 34, 39, 40, 35, 36, 37, 38, 32, 0, 21, 24, 23, 22, 25, 27, 29, 30, 28, 26, 19, 17, 14, 12, 11, 13, 15, 18, 20, 16, 0, 4, 3, 1, 2, 7, 8, 6, 5, 10, 9, 43, 41, 44, 46, 49, 50, 48, 47, 45, 42, 0]
Elapsed time: 91.70459532737732

i:0	131410.47537626862
i:50	90089.59212328456
i:100	84124.95217550917
i:150	82530.2257991734
i:200	82530.2257991734
i:250	82422.80572717826
i:300	82422.80572717826
i:350	82422.80572717826
i:400	82422.80572717826
i:450	82422.80572717826
i:500	82422.80572717826
i:550	82422.80572717826
i:600	82422.80572717826
i:650	82422.80572717826
best: 82422.80572717826
routes: [0, 76, 71, 72, 73, 75, 78, 74, 77, 79, 80, 58, 59, 60, 56, 52, 51, 53, 57, 55, 54, 0, 43, 42, 41, 44, 46, 45, 47, 49, 50, 48, 17, 19, 20, 18, 15, 14, 12, 11, 13, 16, 0, 1, 3, 4, 6, 5, 10, 9, 7, 8, 2, 61, 62, 63, 64, 65, 68, 66, 67, 69, 70, 0, 21, 23, 22, 25, 27, 29, 30, 28, 26, 24, 33, 34, 31, 39, 38, 37, 40, 35, 36, 32, 0]
Elapsed time: 93.54423141479492

i:0	127455.28841820196
i:50	90908.18589855061
i:100	83821.3790785135
i:150	81029.31337603966
i:200	81029.31337603966
i:250	81029.31337603966
i:300	81029.31337603966
i:350	81029.31337603966
i:400	81029.31337603966
i:450	81029.31337603966
i:500	81029.31337603966
i:550	81029.31337603966
i:600	81029.31337603966
i:650	81029.31337603966
best: 81029.31337603966
routes: [0, 48, 47, 49, 50, 46, 44, 45, 42, 41, 43, 11, 12, 13, 15, 14, 17, 19, 20, 18, 16, 0, 51, 52, 53, 56, 54, 55, 57, 59, 60, 58, 79, 77, 74, 76, 71, 72, 73, 75, 78, 80, 0, 4, 5, 10, 7, 9, 8, 2, 6, 3, 1, 61, 62, 63, 64, 65, 68, 66, 67, 69, 70, 0, 31, 34, 33, 32, 38, 39, 40, 37, 35, 36, 30, 28, 27, 29, 25, 26, 24, 21, 23, 22, 0]
Elapsed time: 91.67761826515198

i:0	129132.10639439669
i:50	88636.01585686192
i:100	85600.0343793663
i:150	83866.64131977281
i:200	83866.64131977281
i:250	83866.64131977281
i:300	83866.64131977281
i:350	83866.64131977281
i:400	83866.64131977281
i:450	83866.64131977281
i:500	83866.64131977281
i:550	83866.64131977281
i:600	83866.64131977281
i:650	83866.64131977281
best: 83866.64131977281
routes: [0, 4, 3, 6, 5, 10, 9, 7, 8, 2, 1, 61, 62, 63, 65, 68, 67, 69, 70, 66, 64, 0, 21, 22, 23, 24, 26, 25, 27, 29, 30, 28, 33, 34, 31, 39, 38, 37, 40, 35, 36, 32, 0, 13, 16, 20, 19, 17, 18, 15, 14, 12, 11, 43, 48, 46, 49, 50, 47, 45, 44, 41, 42, 0, 76, 77, 74, 71, 72, 73, 75, 78, 80, 79, 58, 60, 59, 57, 54, 55, 56, 53, 51, 52, 0]
Elapsed time: 91.40766906738281

i:0	120687.78410041204
i:50	89616.93256680155
i:100	84190.48605157976
i:150	80370.1510397862
i:200	80370.1510397862
i:250	80370.1510397862
i:300	80370.1510397862
i:350	80370.1510397862
i:400	80370.1510397862
i:450	80370.1510397862
i:500	80370.1510397862
i:550	80370.1510397862
i:600	80370.1510397862
i:650	80370.1510397862
best: 80370.1510397862
routes: [0, 51, 52, 53, 56, 54, 55, 57, 59, 60, 58, 79, 80, 76, 77, 74, 71, 72, 73, 75, 78, 0, 21, 22, 23, 24, 26, 25, 29, 27, 28, 30, 35, 36, 37, 40, 39, 38, 31, 34, 33, 32, 0, 5, 10, 9, 7, 8, 6, 4, 3, 2, 1, 61, 62, 63, 64, 65, 68, 66, 67, 69, 70, 0, 43, 45, 42, 41, 44, 46, 49, 50, 47, 48, 14, 12, 11, 13, 15, 18, 17, 19, 20, 16, 0]
Elapsed time: 92.88816952705383

i:0	127683.59961207624
i:50	90043.81154474296
i:100	85515.50185126884
i:150	81583.4964816545
i:200	81583.4964816545
i:250	81583.4964816545
i:300	81583.4964816545
i:350	81583.4964816545
i:400	81583.4964816545
i:450	81583.4964816545
i:500	81583.4964816545
i:550	81583.4964816545
i:600	81583.4964816545
i:650	81583.4964816545
best: 81583.4964816545
routes: [0, 31, 39, 38, 34, 33, 32, 37, 40, 35, 36, 30, 28, 27, 29, 25, 26, 24, 21, 23, 22, 0, 5, 10, 9, 7, 8, 6, 4, 3, 2, 1, 61, 63, 65, 68, 67, 69, 70, 66, 64, 62, 0, 51, 52, 53, 56, 54, 55, 57, 59, 60, 58, 76, 74, 71, 72, 73, 75, 78, 77, 79, 80, 0, 43, 45, 42, 41, 44, 46, 49, 50, 47, 48, 14, 17, 19, 20, 18, 15, 12, 11, 13, 16, 0]
Elapsed time: 88.7686779499054

mean: 81559.75630971766
std: 1307.11457657008
mean-time: 93.58375954627991
std-time: 2.9948690168309495