i:0	116969.01395350255
i:50	91989.02843342352
i:100	90310.73615439863
i:150	80619.04762949867
i:200	80619.04762949867
i:250	80619.04762949867
i:300	80619.04762949867
i:350	80619.04762949867
i:400	80619.04762949867
i:450	80619.04762949867
i:500	80619.04762949867
i:550	80619.04762949867
i:600	80619.04762949867
i:650	80619.04762949867
best: 80619.04762949867
routes: [0, 51, 54, 55, 56, 53, 52, 50, 49, 73, 74, 75, 76, 77, 80, 79, 78, 25, 28, 27, 26, 30, 29, 31, 32, 20, 17, 19, 21, 23, 24, 22, 18, 0, 11, 10, 12, 13, 15, 16, 14, 9, 35, 40, 39, 38, 36, 37, 34, 33, 71, 65, 66, 69, 72, 67, 68, 70, 7, 8, 6, 5, 4, 3, 1, 2, 0, 63, 60, 57, 59, 58, 61, 64, 62, 48, 42, 41, 43, 46, 47, 45, 44, 0]
Elapsed time: 104.14587044715881

i:0	114702.13671424086
i:50	86906.06527301295
i:100	75931.23454924699
i:150	75586.37546866378
i:200	75586.37546866378
i:250	75586.37546866378
i:300	75586.37546866378
i:350	75586.37546866378
i:400	75586.37546866378
i:450	75586.37546866378
i:500	75586.37546866378
i:550	75586.37546866378
i:600	75586.37546866378
i:650	75586.37546866378
best: 75586.37546866378
routes: [0, 35, 40, 39, 38, 36, 37, 34, 33, 72, 71, 65, 66, 69, 67, 70, 68, 8, 7, 5, 6, 2, 1, 3, 4, 0, 41, 42, 43, 46, 44, 45, 47, 48, 63, 62, 60, 58, 57, 59, 61, 64, 49, 51, 54, 55, 56, 53, 52, 50, 0, 73, 74, 75, 76, 77, 80, 79, 78, 25, 27, 28, 32, 30, 29, 31, 26, 24, 23, 21, 22, 20, 17, 19, 18, 14, 11, 9, 10, 12, 13, 15, 16, 0]
Elapsed time: 84.31877660751343

i:0	118428.28205565222
i:50	94600.91775249135
i:100	91224.66719941188
i:150	85540.73434088426
i:200	83621.8937133278
i:250	83621.8937133278
i:300	83621.8937133278
i:350	83621.8937133278
i:400	83621.8937133278
i:450	83621.8937133278
i:500	83621.8937133278
i:550	83621.8937133278
i:600	83621.8937133278
i:650	83259.70831591878
best: 82179.83764799278
routes: [0, 79, 78, 74, 73, 75, 76, 77, 80, 64, 61, 59, 58, 57, 63, 60, 62, 48, 46, 47, 45, 44, 43, 41, 42, 7, 8, 2, 1, 3, 6, 5, 4, 0, 35, 34, 33, 36, 37, 40, 39, 38, 72, 71, 65, 66, 69, 67, 70, 68, 49, 50, 52, 51, 53, 55, 56, 54, 0, 9, 10, 12, 15, 16, 13, 11, 14, 18, 17, 19, 22, 21, 23, 24, 20, 30, 29, 31, 32, 25, 28, 27, 26, 0]
Elapsed time: 145.54435181617737

i:0	116441.48332470817
i:50	88568.45792687498
i:100	82131.70859303862
i:150	81422.70754652658
i:200	81422.70754652658
i:250	81422.70754652658
i:300	81422.70754652658
i:350	81422.70754652658
i:400	81422.70754652658
i:450	81422.70754652658
i:500	81422.70754652658
i:550	81422.70754652658
i:600	81422.70754652658
i:650	80593.53885750154
best: 80593.53885750154
routes: [0, 9, 10, 12, 11, 14, 16, 13, 15, 40, 39, 38, 36, 37, 35, 34, 33, 72, 71, 65, 66, 69, 67, 70, 68, 42, 41, 43, 48, 46, 47, 45, 44, 0, 75, 80, 78, 79, 77, 76, 73, 74, 52, 53, 55, 54, 56, 51, 49, 50, 64, 61, 59, 58, 57, 63, 60, 62, 0, 25, 28, 27, 32, 30, 29, 31, 26, 17, 19, 18, 21, 24, 23, 22, 20, 5, 7, 8, 2, 1, 3, 6, 4, 0]
Elapsed time: 88.63801503181458

i:0	113631.24963185456
i:50	87719.78599595453
i:100	80459.43502151637
i:150	80459.43502151637
i:200	80459.43502151637
i:250	80459.43502151637
i:300	80459.43502151637
i:350	80459.43502151637
i:400	80459.43502151637
i:450	80459.43502151637
i:500	80459.43502151637
i:550	80459.43502151637
i:600	80459.43502151637
i:650	80459.43502151637
best: 80459.43502151637
routes: [0, 75, 77, 80, 78, 79, 76, 73, 74, 54, 55, 56, 53, 49, 51, 50, 52, 25, 26, 30, 29, 31, 32, 27, 28, 0, 17, 21, 22, 20, 23, 24, 19, 18, 14, 11, 16, 13, 15, 12, 10, 9, 35, 40, 39, 37, 38, 36, 33, 34, 7, 8, 2, 1, 3, 6, 5, 4, 0, 72, 71, 65, 66, 69, 67, 70, 68, 57, 58, 60, 59, 61, 64, 63, 62, 48, 42, 41, 43, 46, 47, 45, 44, 0]
Elapsed time: 87.74360990524292

i:0	116710.46561637742
i:50	91257.03720738488
i:100	86172.16728642298
i:150	79476.35599242212
i:200	78342.15677527091
i:250	78342.15677527091
i:300	78342.15677527091
i:350	78342.15677527091
i:400	78342.15677527091
i:450	78342.15677527091
i:500	78342.15677527091
i:550	78342.15677527091
i:600	78342.15677527091
i:650	78342.15677527091
best: 78342.15677527091
routes: [0, 11, 14, 16, 13, 15, 12, 10, 9, 35, 40, 39, 38, 36, 37, 34, 33, 72, 71, 65, 66, 69, 67, 70, 68, 8, 7, 5, 6, 2, 1, 3, 4, 0, 75, 77, 80, 79, 78, 76, 73, 74, 25, 30, 29, 31, 32, 28, 27, 26, 17, 19, 18, 22, 21, 23, 24, 20, 0, 49, 51, 52, 54, 55, 56, 53, 50, 64, 60, 61, 59, 58, 57, 63, 62, 48, 42, 41, 43, 46, 47, 45, 44, 0]
Elapsed time: 86.71924662590027

i:0	116741.31372228556
i:50	88954.98190660136
i:100	82740.14052896094
i:150	82373.08113002371
i:200	82373.08113002371
i:250	82373.08113002371
i:300	82373.08113002371
i:350	82373.08113002371
i:400	82373.08113002371
i:450	82373.08113002371
i:500	82373.08113002371
i:550	82373.08113002371
i:600	82373.08113002371
i:650	82373.08113002371
best: 82373.08113002371
routes: [0, 41, 42, 43, 48, 46, 47, 45, 44, 68, 70, 67, 66, 69, 65, 71, 72, 33, 34, 35, 39, 38, 36, 37, 40, 10, 9, 11, 13, 12, 15, 16, 14, 0, 17, 19, 18, 20, 22, 21, 23, 24, 30, 29, 31, 32, 28, 25, 27, 26, 3, 5, 1, 2, 7, 8, 6, 4, 0, 78, 80, 75, 73, 79, 76, 77, 74, 63, 62, 60, 58, 57, 59, 61, 64, 50, 49, 51, 52, 53, 55, 56, 54, 0]
Elapsed time: 92.50750184059143

i:0	121761.48238305011
i:50	90316.72900112646
i:100	79532.5645288662
i:150	79532.5645288662
i:200	79532.5645288662
i:250	79532.5645288662
i:300	79532.5645288662
i:350	79532.5645288662
i:400	79532.5645288662
i:450	79532.5645288662
i:500	79532.5645288662
i:550	79532.5645288662
i:600	79532.5645288662
i:650	79532.5645288662
best: 79532.5645288662
routes: [0, 62, 59, 58, 57, 61, 64, 60, 63, 48, 42, 41, 43, 46, 47, 45, 44, 0, 9, 11, 13, 16, 14, 10, 12, 15, 40, 35, 39, 37, 36, 38, 34, 33, 72, 71, 65, 66, 69, 67, 68, 70, 7, 8, 2, 1, 3, 6, 5, 4, 0, 54, 55, 56, 53, 52, 51, 50, 49, 73, 74, 75, 76, 77, 80, 79, 78, 25, 28, 27, 32, 30, 29, 31, 26, 24, 23, 21, 22, 20, 17, 19, 18, 0]
Elapsed time: 88.73350286483765

i:0	115797.69335959613
i:50	87149.82656855539
i:100	81226.1828695076
i:150	81095.14118041025
i:200	81095.14118041025
i:250	81095.14118041025
i:300	81095.14118041025
i:350	81095.14118041025
i:400	81095.14118041025
i:450	81095.14118041025
i:500	81095.14118041025
i:550	81095.14118041025
i:600	81095.14118041025
i:650	81095.14118041025
best: 81095.14118041025
routes: [0, 9, 11, 14, 16, 12, 15, 10, 13, 17, 19, 20, 18, 21, 23, 22, 24, 30, 29, 31, 32, 27, 28, 25, 26, 0, 73, 75, 80, 78, 76, 79, 74, 77, 54, 55, 56, 53, 52, 51, 50, 49, 64, 61, 59, 58, 57, 63, 60, 62, 0, 41, 42, 43, 48, 46, 47, 45, 44, 68, 70, 67, 66, 69, 65, 71, 72, 33, 34, 35, 40, 39, 37, 38, 36, 7, 8, 2, 1, 3, 6, 5, 4, 0]
Elapsed time: 89.58370685577393

i:0	110639.96324151158
i:50	96942.41727560776
i:100	86545.96437718114
i:150	80612.08547409793
i:200	80612.08547409793
i:250	80612.08547409793
i:300	80612.08547409793
i:350	80612.08547409793
i:400	80612.08547409793
i:450	80612.08547409793
i:500	80612.08547409793
i:550	80612.08547409793
i:600	80612.08547409793
i:650	80612.08547409793
best: 80612.08547409793
routes: [0, 73, 74, 75, 76, 77, 79, 78, 80, 52, 51, 54, 55, 56, 53, 50, 49, 64, 63, 60, 61, 59, 58, 57, 62, 0, 4, 5, 6, 3, 1, 2, 8, 7, 72, 71, 65, 69, 67, 66, 70, 68, 44, 45, 47, 48, 46, 43, 41, 42, 0, 35, 34, 33, 36, 38, 39, 37, 40, 9, 10, 12, 15, 16, 13, 11, 14, 18, 17, 19, 20, 22, 21, 23, 24, 30, 29, 31, 32, 25, 28, 27, 26, 0]
Elapsed time: 96.22436666488647

mean: 80139.3263713842
std: 1875.0114970126826
mean-time: 96.41589486598969
std-time: 17.234956229006986