i:0	129971.49695728716
i:50	94156.45602987955
i:100	90143.2492487553
i:150	90143.2492487553
i:200	90143.2492487553
i:250	90143.2492487553
i:300	90143.2492487553
i:350	90143.2492487553
i:400	90143.2492487553
i:450	90143.2492487553
i:500	90143.2492487553
i:550	90143.2492487553
i:600	90143.2492487553
i:650	90143.2492487553
best: 90143.2492487553
routes: [0, 73, 74, 75, 77, 80, 79, 78, 76, 50, 49, 51, 52, 53, 55, 56, 54, 0, 14, 16, 12, 10, 9, 11, 13, 15, 40, 39, 37, 38, 36, 33, 35, 34, 0, 4, 5, 6, 3, 1, 2, 8, 7, 68, 67, 69, 72, 71, 65, 66, 70, 0, 25, 32, 30, 29, 31, 28, 27, 26, 24, 23, 22, 21, 18, 17, 19, 20, 0, 44, 47, 45, 46, 42, 41, 43, 48, 60, 57, 59, 58, 61, 64, 63, 62, 0]
Elapsed time: 65.28832721710205

i:0	127715.98020655554
i:50	97188.414250578
i:100	91749.03260849656
i:150	90142.06173225622
i:200	90142.06173225622
i:250	90142.06173225622
i:300	90142.06173225622
i:350	90142.06173225622
i:400	90142.06173225622
i:450	90142.06173225622
i:500	90142.06173225622
i:550	90142.06173225622
i:600	90142.06173225622
i:650	90142.06173225622
best: 90142.06173225622
routes: [0, 70, 68, 67, 69, 65, 66, 71, 72, 33, 35, 40, 39, 38, 36, 37, 34, 0, 4, 5, 6, 3, 1, 2, 8, 7, 9, 11, 14, 13, 15, 16, 12, 10, 0, 80, 79, 78, 76, 77, 75, 73, 74, 49, 54, 55, 56, 53, 52, 51, 50, 0, 41, 43, 42, 44, 45, 46, 47, 48, 64, 61, 59, 58, 57, 63, 60, 62, 0, 25, 27, 28, 31, 30, 29, 32, 26, 17, 19, 18, 21, 24, 23, 22, 20, 0]
Elapsed time: 79.34656238555908

i:0	135537.09813231556
i:50	95181.23953648296
i:100	89260.99318209474
i:150	89260.99318209474
i:200	89260.99318209474
i:250	89260.99318209474
i:300	89260.99318209474
i:350	89260.99318209474
i:400	89260.99318209474
i:450	89260.99318209474
i:500	89260.99318209474
i:550	89260.99318209474
i:600	89260.99318209474
i:650	89260.99318209474
best: 89260.99318209474
routes: [0, 70, 68, 67, 69, 65, 66, 71, 72, 33, 35, 40, 39, 38, 36, 37, 34, 0, 4, 5, 6, 3, 1, 2, 8, 7, 9, 11, 10, 12, 13, 15, 16, 14, 0, 75, 80, 79, 78, 77, 76, 73, 74, 49, 51, 52, 54, 55, 56, 53, 50, 0, 41, 42, 43, 46, 44, 45, 47, 48, 63, 64, 61, 59, 58, 57, 62, 60, 0, 25, 28, 27, 26, 32, 31, 30, 29, 24, 23, 21, 22, 17, 19, 18, 20, 0]
Elapsed time: 69.1265242099762

i:0	131992.2587042029
i:50	98858.4161863032
i:100	89030.75566312105
i:150	89017.8071120301
i:200	89017.8071120301
i:250	89017.8071120301
i:300	89017.8071120301
i:350	89017.8071120301
i:400	89017.8071120301
i:450	89017.8071120301
i:500	89017.8071120301
i:550	89017.8071120301
i:600	89017.8071120301
i:650	89017.8071120301
best: 89017.8071120301
routes: [0, 73, 74, 75, 76, 77, 80, 79, 78, 54, 55, 56, 53, 50, 49, 51, 52, 0, 70, 68, 67, 69, 72, 71, 65, 66, 33, 35, 34, 36, 38, 39, 37, 40, 0, 41, 42, 43, 46, 44, 45, 47, 48, 63, 64, 61, 59, 58, 57, 62, 60, 0, 4, 3, 1, 2, 7, 8, 6, 5, 9, 11, 14, 13, 15, 16, 12, 10, 0, 25, 28, 27, 30, 29, 31, 32, 26, 24, 23, 22, 21, 18, 17, 19, 20, 0]
Elapsed time: 72.02847170829773

i:0	124507.69338680335
i:50	91540.79627697606
i:100	88067.22729889983
i:150	88067.22729889983
i:200	88067.22729889983
i:250	88067.22729889983
i:300	88067.22729889983
i:350	88067.22729889983
i:400	88067.22729889983
i:450	88067.22729889983
i:500	88067.22729889983
i:550	88067.22729889983
i:600	88067.22729889983
i:650	88067.22729889983
best: 88067.22729889983
routes: [0, 4, 3, 1, 2, 7, 8, 6, 5, 9, 11, 10, 12, 13, 15, 16, 14, 0, 73, 74, 75, 80, 79, 78, 77, 76, 50, 49, 51, 52, 53, 55, 56, 54, 0, 35, 40, 39, 38, 36, 37, 34, 33, 71, 72, 69, 67, 65, 66, 70, 68, 0, 41, 42, 43, 46, 44, 45, 47, 48, 60, 57, 59, 58, 61, 64, 63, 62, 0, 25, 27, 28, 26, 32, 31, 30, 29, 24, 23, 22, 21, 18, 17, 19, 20, 0]
Elapsed time: 70.42980241775513

i:0	127697.2215582197
i:50	97556.28571288468
i:100	89723.68297905484
i:150	89723.68297905484
i:200	89723.68297905484
i:250	89723.68297905484
i:300	89723.68297905484
i:350	89723.68297905484
i:400	89723.68297905484
i:450	89723.68297905484
i:500	89723.68297905484
i:550	89723.68297905484
i:600	89723.68297905484
i:650	89723.68297905484
best: 89723.68297905484
routes: [0, 41, 42, 43, 46, 44, 45, 47, 48, 64, 61, 59, 58, 57, 63, 60, 62, 0, 4, 1, 2, 3, 5, 6, 7, 8, 70, 68, 67, 69, 72, 71, 65, 66, 0, 25, 28, 27, 32, 31, 30, 29, 26, 24, 23, 21, 22, 20, 17, 19, 18, 0, 73, 74, 75, 80, 79, 78, 77, 76, 50, 49, 51, 52, 53, 55, 56, 54, 0, 11, 14, 13, 15, 16, 12, 10, 9, 35, 34, 33, 36, 39, 38, 37, 40, 0]
Elapsed time: 72.97625517845154

i:0	141739.7177350359
i:50	93929.01249988622
i:100	88942.80912296174
i:150	88909.56965691218
i:200	88909.56965691218
i:250	88909.56965691218
i:300	88909.56965691218
i:350	88909.56965691218
i:400	88909.56965691218
i:450	88909.56965691218
i:500	88909.56965691218
i:550	88909.56965691218
i:600	88909.56965691218
i:650	88909.56965691218
best: 88909.56965691218
routes: [0, 75, 77, 80, 79, 78, 76, 73, 74, 49, 51, 52, 54, 55, 56, 53, 50, 0, 44, 47, 45, 46, 42, 41, 43, 48, 63, 64, 61, 59, 58, 57, 62, 60, 0, 35, 40, 39, 38, 36, 37, 34, 33, 71, 72, 69, 67, 65, 66, 70, 68, 0, 4, 3, 1, 2, 7, 8, 6, 5, 9, 11, 10, 12, 13, 15, 16, 14, 0, 17, 19, 21, 22, 20, 18, 23, 24, 30, 29, 31, 32, 25, 28, 27, 26, 0]
Elapsed time: 69.5565824508667

i:0	149844.63527587612
i:50	96482.0058128622
i:100	88485.19598758675
i:150	88485.19598758675
i:200	88485.19598758675
i:250	88485.19598758675
i:300	88485.19598758675
i:350	88485.19598758675
i:400	88485.19598758675
i:450	88485.19598758675
i:500	88485.19598758675
i:550	88485.19598758675
i:600	88485.19598758675
i:650	88485.19598758675
best: 88485.19598758675
routes: [0, 75, 77, 80, 79, 78, 76, 73, 74, 50, 49, 51, 52, 53, 55, 56, 54, 0, 35, 40, 39, 38, 36, 37, 34, 33, 71, 65, 69, 67, 66, 72, 70, 68, 0, 25, 28, 27, 26, 32, 31, 30, 29, 24, 23, 21, 22, 20, 17, 19, 18, 0, 41, 42, 43, 46, 44, 45, 47, 48, 64, 61, 59, 58, 57, 63, 60, 62, 0, 9, 11, 14, 13, 15, 16, 12, 10, 5, 7, 8, 6, 2, 1, 3, 4, 0]
Elapsed time: 73.09508419036865

i:0	130567.65841207145
i:50	94354.99693322426
i:100	87903.40985793041
i:150	87903.40985793041
i:200	87903.40985793041
i:250	87903.40985793041
i:300	87903.40985793041
i:350	87903.40985793041
i:400	87903.40985793041
i:450	87903.40985793041
i:500	87903.40985793041
i:550	87903.40985793041
i:600	87903.40985793041
i:650	87903.40985793041
best: 87903.40985793041
routes: [0, 41, 42, 43, 46, 44, 45, 47, 48, 63, 64, 61, 59, 58, 57, 62, 60, 0, 35, 40, 39, 38, 36, 37, 34, 33, 71, 72, 69, 67, 65, 66, 70, 68, 0, 73, 74, 75, 76, 77, 80, 79, 78, 50, 49, 51, 52, 53, 55, 56, 54, 0, 4, 3, 1, 2, 7, 8, 6, 5, 9, 11, 10, 12, 13, 15, 16, 14, 0, 25, 28, 27, 30, 29, 31, 32, 26, 17, 19, 18, 21, 24, 23, 22, 20, 0]
Elapsed time: 72.11889815330505

i:0	124985.51491315277
i:50	91207.99933458268
i:100	88067.68641142172
i:150	88067.68641142172
i:200	88067.68641142172
i:250	88067.68641142172
i:300	88067.68641142172
i:350	88067.68641142172
i:400	88067.68641142172
i:450	88067.68641142172
i:500	88067.68641142172
i:550	88067.68641142172
i:600	88067.68641142172
i:650	88067.68641142172
best: 88067.68641142172
routes: [0, 17, 18, 21, 24, 23, 22, 19, 20, 26, 30, 29, 31, 32, 27, 28, 25, 0, 73, 74, 75, 76, 77, 80, 79, 78, 54, 55, 56, 53, 50, 49, 51, 52, 0, 4, 3, 1, 2, 7, 8, 6, 5, 9, 11, 14, 13, 15, 16, 12, 10, 0, 35, 40, 39, 38, 36, 37, 34, 33, 71, 72, 69, 67, 65, 66, 70, 68, 0, 41, 42, 43, 46, 44, 45, 47, 48, 64, 61, 59, 58, 57, 63, 60, 62, 0]
Elapsed time: 70.86786580085754

mean: 88972.0883466942
std: 800.6665427549007
mean-time: 71.48343737125397
std-time: 3.4130894015442546