11072.045372787581
10399.449288975115
10359.663705220719
10149.140814816767
9436.597774276668
8814.494350463416
8264.332137873582
8253.18323363586
8253.18323363586
8253.18323363586
Elapsed time: 398.03951954841614
11084.845049979958
10495.982210262559
10346.38908433141
10221.157308029058
9376.90037430911
8930.25954694332
8068.619391418958
7995.372107342324
7995.372107342324
7995.372107342324
Elapsed time: 400.5406913757324
11284.271419011908
10537.51069079352
10513.815754122183
10182.921268789247
9551.488875365068
8629.394151403154
7920.432270172175
7873.090713408716
7873.090713408716
7873.090713408716
Elapsed time: 394.8641037940979
10876.180409999652
10350.949224443644
10327.360636814545
9973.728269338866
9371.877951924893
8862.735044054376
8444.350111463802
8243.285295995352
8243.285295995352
8243.285295995352
Elapsed time: 389.64990282058716
10842.659405672774
10635.130901687477
10023.884110101004
10023.884110101004
9138.198533680548
8482.07298266074
8098.400308363242
8098.091792857252
8098.091792857252
8098.091792857252
Elapsed time: 389.2607309818268
11002.780291951469
10278.300642167374
10278.300642167374
10123.546522281466
9009.77134494995
8948.959388626216
7986.297490431681
7970.366527121557
7970.366527121557
7970.366527121557
Elapsed time: 386.6684060096741
11190.81580854653
10561.235358632866
10521.676186224146
9970.327431710837
9481.896330190859
8468.867507182751
8074.139189449896
8023.708207234972
8023.708207234972
8023.708207234972
Elapsed time: 394.63376903533936
11068.46698541527
10418.695412120263
10365.41561718728
9622.87142992007
9512.843668776159
8821.56882627888
8185.535110556576
8170.937146997147
8170.937146997147
8170.937146997147
Elapsed time: 384.23576378822327
10970.37841334827
10443.668118358317
10421.93279979136
10060.932621047195
9461.532218652412
8810.73015981497
8063.051557902462
8063.051557902462
7959.030868989753
7959.030868989753
Elapsed time: 397.26240849494934
11254.93572734517
10504.97653770252
10393.816068213964
9983.750440869238
9438.062199320835
8732.21530234638
8115.559063843824
8115.559063843824
8115.559063843824
8115.559063843824
Elapsed time: 382.67344546318054
best_mean: 8070.26249574267611196
