
11105.170030257525
10841.557630009711
10607.715945795275
10535.491522817732
9946.454425724929
9322.522991553942
8856.884387025326
8005.94027210581
7933.849164792817
7933.849164792817
7933.849164792817
Elapsed time: 381.6940474510193

10795.089909566499
10503.515540950746
10285.064857710535
9537.605120040764
9379.636988780974
8916.305947142242
8670.758161463953
8586.593319164807
8586.593319164807
8586.593319164807
Elapsed time: 375.1657245159149

11155.890886486015
10524.718703178343
10331.068373877966
10313.387115920823
9405.215296937551
8842.876252376336
7938.966747314512
7938.966747314512
7938.966747314512
7938.966747314512
Elapsed time: 396.9166066646576

10787.30753337295
10419.616446675249
10419.616446675249
10156.465143762076
9409.28815885779
9020.245298997415
8066.192095065555
7909.61187184393
7909.61187184393
7909.61187184393
Elapsed time: 388.3947160243988

11044.000234884297
