11156.64341236903
10389.222666839985
10378.384566123736
9863.878298577725
9690.81283217406
8660.836278362109
8201.707340450834
8201.707340450834
8201.707340450834
8201.707340450834
Elapsed time: 381.22246766090393

10899.540490980617
10378.823119822
10378.823119822
9978.505544774678
9477.045046995625
8845.158539371983
8220.566147676176
8220.566147676176
8220.566147676176
8220.566147676176
Elapsed time: 375.61216974258423

10979.345029180964
10411.282781212845
10338.378488968368
9995.308131631442
9529.609842478374
8860.69836698116
8041.049823812631
7943.432703140822
7943.432703140822
7943.432703140822
Elapsed time: 381.6301255226135

11229.749058913083
10306.014472248004
10287.315079837328
10194.893375374784
9612.674303396592
8920.630648920369
8275.443439188602
8254.402875317923
8254.402875317923
8254.402875317923
Elapsed time: 381.82505989074707

11193.820990566743
10474.753066895435
10300.850687841
10142.41168136133
9796.703279819194
8829.875004002219
7775.978740860374
7775.978740860374
7775.978740860374
7775.978740860374
Elapsed time: 394.2907030582428

11132.367597984698
10573.405752302677
10285.273687915284
9771.873511502496
9486.011584138527
8596.357487538482
7822.573988420206
7728.094371383251
7728.094371383251
7728.094371383251
Elapsed time: 388.13905692100525

11165.059163184404
10443.626365748594
10443.626365748594
10157.8583518456
9312.022703041392
8780.06516875686
8137.324171998783
8128.8124038814485
8128.8124038814485
8128.8124038814485
Elapsed time: 378.9067270755768

11148.790112596242
10530.506249925209
9734.894398246503
9700.663708696644
9401.771087111745
8780.510710400109
8015.215874494519
7978.208870963284
7978.208870963284
7978.208870963284
Elapsed time: 385.45177459716797

11213.929332866415
10698.543578332468
10054.563320544547
9828.965886842328
9329.355399462485
8789.09300216012
8132.441835795723
8104.508077615667
8104.508077615667
8104.508077615667
Elapsed time: 388.5449447631836

10684.374159620895
10131.34723312013
10131.34723312013
10131.34723312013
9508.298384735219
8643.076722740128
8116.495313778121
7987.516598042088
7987.516598042088
7987.516598042088
Elapsed time: 380.9887044429779

best_mean: 8032.3228129331865