11313.340102064647
10523.30716563905
10058.916996685672
9771.42443200825
9165.904076727109
8723.854306036426
7757.970705137293
7713.0366023166025
7713.0366023166025
7713.0366023166025
Elapsed time: 432.02200269699097
11262.589884376837
10538.122755667482
10341.43131861708
9896.36694543008
9084.122615975453
8471.216728119813
7874.633701042721
7874.633701042721
7874.633701042721
7874.633701042721
Elapsed time: 436.212504863739
11189.518255283658
10581.711671207177
10329.498261865774
9745.860638269916
9163.678067541776
8743.201554599169
8157.610093804563
8140.382447813476
8140.382447813476
8140.382447813476
Elapsed time: 429.4091968536377
11123.61706439469
10338.58571612939
10306.2621933136
9829.492591736594
9445.739551061257
8646.875670127503
8154.19871753581
8120.35391985262
8120.35391985262
8120.35391985262
Elapsed time: 427.44403767585754
10941.207870762428
10451.985450063714
10259.118625855635
9987.066587251653
9295.855981825498
8614.373198150743
8395.001554595945
8339.053541609195
8339.053541609195
8339.053541609195
Elapsed time: 432.5008466243744
10964.077607267633
10559.629070406005
10114.59274154429
10114.59274154429
9152.467831992453
8280.120679857278
7886.1788215090955
7875.299625910569
7875.299625910569
7875.299625910569
Elapsed time: 432.8659336566925
10732.735756532804
10442.157260895936
10292.926804584413
10003.699614438194
9445.719141308724
8821.384681850119
8111.56100176478
8044.438104752469
8044.438104752469
8044.438104752469
Elapsed time: 437.03587222099304
11074.590707940604
10580.62964422863
10527.945733194396
9689.031982870067
8877.558439675664
8623.14880135191
8144.505824541831
8020.0994278249755
8020.0994278249755
8020.0994278249755
Elapsed time: 444.166707277298
10869.741287943787
10438.842803961952
9887.801817553953
9887.801817553953
9338.323468248904
8945.584123346194
8279.887798440048
7899.074428137732
7899.074428137732
7899.074428137732
Elapsed time: 454.7225844860077
10794.81832835613
10429.373035444682
10249.626261926127
9772.012736209153
9187.481888711882
8727.928709183881
8014.788536227395
8014.788536227395
8014.788536227395
8014.788536227395
Elapsed time: 447.4820337295532
best_mean: 8004.116033548776