i:0	156640.36038613543
i:50	118309.36919773636
i:100	115699.42719820523
i:150	113488.61133032702
i:200	112679.35560857206
i:250	112222.65570362574
i:300	112181.36944348349
i:350	112012.56813904551
i:400	111375.85940987532
i:450	109918.11479923714
i:500	108245.88559366713
i:550	107310.49314798586
i:600	107034.83415969153
i:650	106464.14825698323
best: 105428.7592151171
routes: [0, 21, 23, 22, 25, 26, 27, 29, 30, 28, 24, 0, 13, 11, 12, 14, 15, 17, 19, 20, 18, 16, 0, 4, 3, 6, 5, 10, 9, 7, 8, 2, 1, 0, 84, 83, 85, 82, 81, 87, 88, 86, 89, 90, 0, 43, 42, 41, 44, 45, 47, 46, 49, 50, 48, 0, 91, 92, 93, 94, 95, 97, 98, 96, 99, 100, 31, 39, 40, 35, 36, 37, 38, 34, 33, 32, 0, 61, 62, 63, 64, 65, 68, 67, 66, 69, 70, 0, 79, 77, 76, 74, 71, 72, 73, 75, 78, 80, 58, 59, 60, 57, 56, 53, 51, 52, 55, 54, 0]
Elapsed time: 318.0301761627197

i:0	154446.07201061852
i:50	114134.50240178764
i:100	111589.25084698261
i:150	110543.477852763
i:200	109762.33100832187
i:250	109480.58805080008
i:300	108689.44757296884
i:350	108467.5130374289
i:400	107570.30794253697
i:450	107159.08588472917
i:500	106074.97384248085
i:550	106034.13576798428
i:600	105901.34520803293
i:650	105901.34520803293
best: 105678.97492189682
routes: [0, 51, 52, 53, 56, 54, 55, 57, 59, 60, 58, 79, 80, 77, 76, 74, 71, 72, 73, 75, 78, 0, 21, 25, 27, 29, 30, 28, 26, 24, 23, 22, 0, 90, 84, 86, 89, 85, 83, 82, 81, 87, 88, 0, 11, 13, 17, 19, 20, 18, 16, 15, 14, 12, 0, 61, 62, 63, 64, 65, 68, 67, 66, 69, 70, 0, 5, 6, 10, 9, 7, 8, 2, 1, 3, 4, 0, 43, 48, 47, 45, 42, 41, 44, 46, 49, 50, 0, 33, 34, 39, 38, 37, 40, 35, 36, 32, 31, 100, 99, 98, 97, 96, 95, 94, 93, 91, 92, 0]
Elapsed time: 282.98174238204956

i:0	156110.51924093568
i:50	116722.2007295368
i:100	114162.8744727212
i:150	113117.9854145186
i:200	112811.31531497181
i:250	112422.28832202348
i:300	112173.58978671151
i:350	110435.38841254584
i:400	109246.13864140974
i:450	108073.01719922038
i:500	107223.30044474812
i:550	105694.6141946114
i:600	105200.06319906669
i:650	104046.75643929314
best: 103854.84916554471
routes: [0, 51, 52, 53, 56, 54, 55, 57, 59, 60, 58, 76, 77, 74, 71, 72, 73, 75, 78, 79, 80, 0, 90, 89, 88, 87, 81, 82, 83, 85, 86, 84, 0, 21, 23, 25, 27, 29, 30, 28, 26, 24, 22, 0, 61, 62, 63, 64, 65, 68, 67, 66, 69, 70, 0, 11, 13, 12, 14, 15, 18, 17, 19, 20, 16, 0, 43, 42, 41, 44, 45, 47, 46, 49, 50, 48, 0, 91, 92, 93, 95, 94, 96, 97, 98, 99, 100, 31, 34, 33, 32, 37, 36, 35, 40, 39, 38, 0, 3, 6, 5, 10, 9, 7, 8, 2, 1, 4, 0]
Elapsed time: 320.69775676727295

i:0	155481.31180032698
i:50	115726.37221498344
i:100	112958.01361067334
i:150	112357.53749525487
i:200	110853.13462392935
i:250	110254.1411760646
i:300	109627.45544471589
i:350	109247.5692909416
i:400	108825.69807744636
i:450	108054.21621684279
i:500	106746.46686945847
i:550	105376.5955942687
i:600	105143.36309060245
i:650	104913.09820688477
best: 104258.14303714997
routes: [0, 51, 52, 53, 56, 54, 55, 57, 59, 60, 58, 79, 80, 78, 75, 73, 72, 71, 74, 77, 76, 0, 21, 23, 22, 25, 26, 27, 29, 30, 28, 24, 0, 43, 45, 47, 49, 50, 48, 46, 44, 41, 42, 0, 69, 70, 66, 67, 68, 65, 64, 63, 61, 62, 0, 84, 86, 85, 83, 82, 81, 87, 88, 89, 90, 0, 13, 11, 12, 14, 15, 17, 19, 20, 18, 16, 0, 4, 1, 3, 6, 5, 10, 9, 7, 8, 2, 0, 92, 91, 93, 94, 95, 96, 97, 98, 99, 100, 31, 39, 38, 40, 35, 36, 37, 32, 33, 34, 0]
Elapsed time: 315.42516922950745

i:0	160634.5237450088
i:50	116078.77227510691
i:100	111639.11549326115
i:150	110539.21994800204
i:200	109580.53087991723
i:250	109250.18890718218
i:300	108729.36856322463
i:350	107893.34348592794
i:400	107600.12445647805
i:450	107378.92494735
i:500	106082.4592533177
i:550	105782.82255138954
i:600	105738.49546217773
i:650	105525.37322360819
best: 105525.37322360819
routes: [0, 84, 86, 85, 83, 82, 81, 87, 88, 89, 90, 0, 4, 3, 6, 5, 10, 9, 7, 8, 2, 1, 0, 51, 52, 53, 56, 54, 55, 57, 59, 60, 58, 76, 77, 74, 71, 72, 73, 75, 78, 79, 80, 0, 21, 23, 22, 25, 26, 27, 29, 30, 28, 24, 0, 41, 44, 46, 49, 50, 47, 45, 42, 43, 48, 0, 13, 11, 12, 14, 15, 17, 19, 20, 18, 16, 0, 61, 62, 63, 64, 65, 68, 67, 66, 69, 70, 0, 32, 37, 36, 35, 40, 39, 38, 33, 34, 31, 100, 99, 97, 98, 96, 95, 94, 93, 91, 92, 0]
Elapsed time: 300.9634790420532

i:0	156694.92377990292
i:50	119723.66571287671
i:100	118149.91765556083
i:150	117806.85381799767
i:200	115828.53123014668
i:250	114096.68416781502
i:300	112046.83184856252
i:350	110499.49465306429
i:400	109180.74171171826
i:450	108978.9665686354
i:500	108251.26713443485
i:550	106904.20649423465
i:600	105860.49657346166
i:650	104681.67717405058
best: 104226.41100023245
routes: [0, 51, 52, 53, 56, 54, 55, 57, 59, 60, 58, 79, 80, 77, 76, 74, 71, 72, 73, 75, 78, 0, 91, 92, 93, 94, 95, 96, 97, 98, 99, 100, 31, 39, 38, 40, 35, 36, 37, 32, 33, 34, 0, 11, 12, 14, 13, 15, 17, 19, 20, 18, 16, 0, 61, 62, 63, 64, 65, 68, 67, 66, 69, 70, 0, 89, 90, 84, 86, 85, 83, 82, 81, 87, 88, 0, 43, 45, 42, 41, 44, 46, 49, 50, 47, 48, 0, 1, 3, 2, 8, 9, 7, 10, 5, 6, 4, 0, 21, 23, 22, 25, 26, 27, 29, 30, 28, 24, 0]
Elapsed time: 311.1394658088684

i:0	154332.68341950816
i:50	116805.21530182629
i:100	114389.81475864975
i:150	113862.14075967441
i:200	112336.99467579037
i:250	112050.77422305717
i:300	111067.92900745757
i:350	110038.72016207971
i:400	109684.67621153648
i:450	109465.54963956463
i:500	108606.59623919158
i:550	108091.60325358373
i:600	107956.62369909095
i:650	107915.79348684555
best: 107657.74296047456
routes: [0, 79, 77, 76, 74, 71, 72, 73, 75, 78, 80, 58, 60, 59, 57, 55, 54, 56, 53, 51, 52, 0, 61, 62, 63, 69, 70, 66, 67, 68, 65, 64, 0, 13, 11, 12, 14, 15, 17, 19, 20, 18, 16, 0, 43, 45, 47, 49, 50, 48, 46, 44, 41, 42, 0, 21, 23, 25, 27, 29, 30, 28, 26, 24, 22, 0, 90, 86, 89, 88, 87, 81, 82, 85, 83, 84, 0, 4, 3, 6, 5, 10, 9, 7, 8, 2, 1, 0, 91, 92, 93, 94, 95, 97, 98, 96, 99, 100, 31, 33, 32, 37, 36, 35, 40, 39, 38, 34, 0]
Elapsed time: 317.157333612442

i:0	155231.33138525626
i:50	119952.65273710024
i:100	116742.7478540451
i:150	115581.01063532698
i:200	112107.47828256624
i:250	110373.4071545517
i:300	110032.36478148602
i:350	109607.47477368935
i:400	109587.99202223009
i:450	107859.94435455646
i:500	107577.30078776453
i:550	106717.6634373655
i:600	106401.49982991663
i:650	105484.68896519748
best: 104788.94622815927
routes: [0, 43, 42, 41, 44, 45, 47, 46, 49, 50, 48, 0, 5, 10, 9, 7, 8, 2, 1, 3, 6, 4, 0, 11, 12, 14, 15, 17, 19, 20, 18, 13, 16, 0, 90, 89, 88, 87, 81, 82, 85, 83, 84, 86, 0, 69, 70, 67, 68, 66, 65, 64, 63, 61, 62, 0, 21, 23, 22, 25, 29, 30, 28, 27, 26, 24, 0, 91, 92, 93, 94, 95, 96, 97, 98, 99, 100, 31, 39, 40, 36, 35, 37, 38, 34, 33, 32, 0, 51, 53, 52, 54, 55, 57, 56, 59, 60, 58, 79, 77, 76, 74, 71, 72, 73, 75, 78, 80, 0]
Elapsed time: 328.3876016139984

i:0	153005.27349980627
i:50	117295.59347914328
i:100	114338.92758863216
i:150	113412.83268955359
i:200	111663.69926921418
i:250	111231.12188514217
i:300	110467.77363475219
i:350	110105.07394564852
i:400	110105.07394564852
i:450	109705.61944252785
i:500	108806.22267694109
i:550	108745.19877014818
i:600	108347.71728898832
i:650	107622.80477907552
best: 107074.6290694162
routes: [0, 69, 70, 66, 67, 68, 65, 64, 63, 61, 62, 0, 21, 22, 23, 24, 26, 25, 27, 29, 30, 28, 0, 11, 13, 12, 14, 15, 17, 19, 20, 18, 16, 0, 89, 88, 87, 81, 82, 83, 85, 84, 86, 90, 0, 43, 42, 41, 44, 45, 47, 46, 49, 50, 48, 0, 91, 92, 93, 94, 95, 97, 98, 96, 99, 100, 31, 34, 33, 39, 40, 35, 36, 37, 38, 32, 0, 1, 3, 6, 2, 8, 7, 9, 10, 5, 4, 0, 80, 78, 75, 73, 72, 71, 74, 77, 76, 79, 58, 59, 60, 57, 56, 53, 52, 51, 55, 54, 0]
Elapsed time: 328.7058937549591

i:0	152223.40585392792
i:50	114919.26208811066
i:100	112603.80856296254
i:150	110306.45779163518
i:200	109527.10726458355
i:250	109527.10726458354
i:300	108792.92531879648
i:350	107588.52426772147
i:400	107142.15320979974
i:450	106327.3786843319
i:500	106308.97984206003
i:550	106095.74769532264
i:600	105432.06410412668
i:650	105043.97052235474
best: 105043.97052235474
routes: [0, 51, 52, 53, 56, 54, 55, 57, 59, 60, 58, 76, 77, 74, 71, 72, 73, 75, 78, 79, 80, 0, 13, 11, 12, 14, 15, 18, 17, 19, 20, 16, 0, 43, 47, 49, 50, 46, 44, 41, 42, 45, 48, 0, 91, 92, 93, 94, 95, 97, 98, 96, 99, 100, 31, 33, 32, 37, 36, 35, 40, 39, 38, 34, 0, 90, 86, 89, 88, 87, 81, 82, 85, 83, 84, 0, 69, 70, 66, 67, 68, 65, 64, 63, 61, 62, 0, 21, 25, 27, 29, 30, 28, 26, 24, 23, 22, 0, 1, 3, 2, 8, 7, 9, 10, 5, 6, 4, 0]
Elapsed time: 309.02490758895874

i:0	154893.58200792782
i:50	115765.42471093465
i:100	113601.40272636106
i:150	113213.48187688818
i:200	112535.29353586619
i:250	111004.45160345052
i:300	109541.74159577429
i:350	109375.87398459564
i:400	108789.49179337079
i:450	108789.49179337078
i:500	107743.40351656302
i:550	107725.55274442397
i:600	107482.5506383899
i:650	106947.96604338875
best: 106947.96604338875
routes: [0, 1, 3, 4, 5, 6, 10, 9, 7, 8, 2, 0, 21, 23, 22, 25, 26, 27, 29, 30, 28, 24, 0, 79, 80, 78, 75, 73, 72, 71, 74, 77, 76, 58, 60, 59, 57, 56, 55, 54, 51, 53, 52, 0, 69, 70, 68, 67, 66, 65, 64, 63, 61, 62, 0, 43, 45, 42, 41, 44, 46, 49, 50, 47, 48, 0, 39, 38, 37, 40, 35, 36, 32, 33, 34, 31, 100, 99, 98, 97, 96, 95, 94, 93, 91, 92, 0, 89, 90, 84, 86, 85, 83, 82, 81, 87, 88, 0, 13, 11, 12, 14, 15, 17, 19, 20, 18, 16, 0]
Elapsed time: 325.69288444519043

i:0	150998.41882343125
i:50	117316.20556009987
i:100	113912.13695316552
i:150	112338.8387114876
i:200	111755.74582143793
i:250	110092.74688390574
i:300	109768.20342865458
i:350	109249.70257940523
i:400	108697.60343508975
i:450	108040.75490891514
i:500	106552.43068398832
i:550	106511.60047174292
i:600	105930.13429045389
i:650	105930.13429045389
best: 105930.13429045389
routes: [0, 76, 77, 74, 71, 72, 73, 75, 78, 80, 79, 58, 60, 59, 57, 56, 53, 51, 52, 55, 54, 0, 13, 11, 12, 14, 15, 17, 19, 20, 18, 16, 0, 43, 48, 47, 45, 42, 41, 44, 46, 49, 50, 0, 90, 86, 89, 88, 87, 81, 82, 85, 83, 84, 0, 21, 23, 22, 25, 26, 27, 29, 30, 28, 24, 0, 69, 70, 66, 67, 68, 65, 64, 63, 61, 62, 0, 1, 2, 8, 7, 9, 10, 5, 6, 3, 4, 0, 91, 92, 93, 94, 95, 97, 98, 96, 99, 100, 31, 37, 36, 35, 40, 39, 38, 34, 33, 32, 0]
Elapsed time: 294.2145128250122

i:0	155107.96112168377
i:50	121027.30445775855
i:100	115953.21428246885
i:150	113096.91501042721
i:200	112633.21860684938
i:250	112071.2563148769
i:300	110970.28347654433
i:350	109854.87571593339
i:400	109208.20597810179
i:450	109141.02650871813
i:500	108230.47099506421
i:550	107725.51397249124
i:600	107613.59088524719
i:650	106653.33836923445
best: 105466.57160964509
routes: [0, 51, 52, 53, 56, 54, 55, 57, 59, 60, 58, 76, 74, 71, 72, 73, 75, 78, 77, 79, 80, 0, 69, 70, 66, 67, 68, 65, 64, 63, 61, 62, 0, 90, 84, 83, 82, 81, 87, 88, 89, 85, 86, 0, 5, 6, 10, 7, 9, 8, 2, 1, 3, 4, 0, 21, 23, 25, 27, 29, 30, 28, 26, 24, 22, 0, 11, 13, 17, 19, 20, 18, 16, 15, 14, 12, 0, 43, 45, 49, 50, 48, 47, 46, 44, 41, 42, 0, 92, 91, 93, 94, 95, 96, 97, 98, 99, 100, 31, 39, 38, 37, 40, 35, 36, 32, 33, 34, 0]
Elapsed time: 325.6360731124878

i:0	156701.69785846132
i:50	120261.66269939819
i:100	116769.61576297165
i:150	115060.46710562125
i:200	113704.73578638716
i:250	113330.34207556737
i:300	112440.65144625677
i:350	110671.54806545388
i:400	109380.50582329831
i:450	109380.50582329828
i:500	109370.68424911627
i:550	108900.74069831033
i:600	108168.92721065343
i:650	106598.39802321495
best: 105476.31004087265
routes: [0, 91, 92, 93, 94, 95, 96, 97, 98, 99, 100, 31, 39, 40, 35, 36, 37, 38, 34, 33, 32, 0, 1, 2, 3, 5, 10, 9, 7, 8, 6, 4, 0, 21, 22, 23, 26, 25, 29, 27, 30, 28, 24, 0, 90, 86, 89, 88, 87, 81, 82, 85, 83, 84, 0, 69, 70, 66, 67, 68, 65, 64, 63, 61, 62, 0, 11, 13, 12, 14, 15, 17, 19, 20, 18, 16, 0, 43, 42, 41, 45, 47, 44, 46, 49, 50, 48, 0, 54, 55, 57, 56, 52, 51, 53, 59, 60, 58, 74, 71, 72, 73, 75, 78, 77, 76, 79, 80, 0]
Elapsed time: 327.3929636478424

i:0	157285.68598537115
i:50	116627.37335995583
i:100	113805.52108647066
i:150	113380.46892947744
i:200	112832.07293618632
i:250	111843.1674799583
i:300	110517.6457916375
i:350	109893.6298888457
i:400	109740.24921297947
i:450	109677.25039473854
i:500	109677.25039473854
i:550	109424.9969403046
i:600	109388.50090973267
i:650	106897.73780961843
best: 106002.30495993947
routes: [0, 91, 92, 93, 94, 95, 96, 97, 98, 99, 100, 31, 39, 40, 35, 36, 37, 38, 34, 33, 32, 0, 21, 23, 26, 25, 27, 29, 30, 28, 24, 22, 0, 43, 48, 46, 44, 41, 42, 45, 47, 49, 50, 0, 90, 86, 89, 88, 87, 81, 82, 85, 83, 84, 0, 1, 3, 2, 8, 7, 9, 10, 5, 6, 4, 0, 11, 13, 12, 14, 15, 17, 19, 20, 18, 16, 0, 61, 62, 63, 64, 65, 68, 67, 66, 69, 70, 0, 80, 78, 75, 73, 72, 71, 74, 77, 76, 79, 58, 60, 59, 57, 56, 55, 54, 53, 51, 52, 0]
Elapsed time: 319.63744854927063

i:0	154019.81133820236
i:50	119468.10648745489
i:100	116703.10329061981
i:150	113474.60320309285
i:200	112520.90407562538
i:250	112000.60961506725
i:300	110164.78344554911
i:350	109142.36412748648
i:400	109142.36412748646
i:450	107821.66122345557
i:500	107174.0342377196
i:550	106620.13078005592
i:600	106602.39652319133
i:650	106100.54031494679
best: 105168.85200423724
routes: [0, 43, 42, 41, 44, 45, 47, 48, 46, 49, 50, 0, 51, 52, 53, 56, 55, 54, 57, 59, 60, 58, 74, 71, 72, 73, 75, 78, 77, 76, 79, 80, 0, 91, 92, 93, 95, 94, 96, 97, 98, 99, 100, 31, 39, 38, 37, 36, 35, 40, 32, 33, 34, 0, 69, 70, 66, 67, 68, 65, 64, 63, 61, 62, 0, 84, 86, 85, 83, 82, 81, 87, 88, 89, 90, 0, 11, 12, 14, 17, 19, 20, 18, 15, 13, 16, 0, 1, 3, 2, 8, 7, 9, 10, 6, 5, 4, 0, 21, 23, 22, 25, 27, 29, 30, 28, 26, 24, 0]
Elapsed time: 325.5457065105438

i:0	160089.34462608755
i:50	117603.90421401363
i:100	115969.70701214232
i:150	113672.67702761246
i:200	112239.94814462529
i:250	109738.0244796851
i:300	108497.45665604818
i:350	107498.9498497189
i:400	106270.27794050612
i:450	106203.28370201484
i:500	104721.72678899871
i:550	104721.72678899871
i:600	104134.56864741411
i:650	103859.3024263723
best: 103859.3024263723
routes: [0, 43, 42, 41, 44, 45, 47, 46, 49, 50, 48, 0, 69, 70, 67, 68, 66, 65, 64, 63, 61, 62, 0, 51, 52, 53, 56, 54, 55, 57, 59, 60, 58, 79, 77, 76, 74, 71, 72, 73, 75, 78, 80, 0, 91, 92, 93, 94, 95, 96, 97, 98, 99, 100, 31, 39, 37, 36, 35, 40, 38, 34, 33, 32, 0, 1, 2, 8, 7, 9, 10, 5, 6, 3, 4, 0, 11, 13, 12, 14, 15, 17, 19, 20, 18, 16, 0, 90, 86, 89, 88, 87, 81, 82, 85, 83, 84, 0, 21, 24, 23, 25, 27, 29, 30, 28, 26, 22, 0]
Elapsed time: 324.78764271736145

i:0	153243.38017631604
i:50	117587.43200279378
i:100	116440.88206132506
i:150	114527.41796996005
i:200	114095.1505405533
i:250	113647.78849393313
i:300	112453.46787417226
i:350	111705.69686893633
i:400	111016.60535719825
i:450	109349.00158559676
i:500	106985.71119809998
i:550	106200.73241490299
i:600	105822.33082117868
i:650	105158.85525699053
best: 104988.16529425344
routes: [0, 91, 92, 93, 94, 95, 96, 97, 98, 99, 100, 31, 39, 40, 35, 36, 37, 38, 34, 33, 32, 0, 61, 62, 63, 64, 65, 68, 67, 66, 69, 70, 0, 43, 45, 42, 41, 44, 46, 49, 50, 47, 48, 0, 13, 11, 12, 14, 15, 17, 19, 20, 18, 16, 0, 21, 23, 22, 25, 27, 29, 30, 28, 26, 24, 0, 4, 3, 1, 2, 8, 7, 9, 10, 5, 6, 0, 84, 83, 85, 82, 81, 87, 88, 89, 90, 86, 0, 80, 78, 75, 73, 72, 71, 74, 77, 76, 79, 58, 60, 59, 57, 56, 53, 51, 52, 55, 54, 0]
Elapsed time: 318.33801341056824

i:0	158923.30485389195
i:50	119467.95779430651
i:100	117350.26999517671
i:150	114921.11399175832
i:200	111300.67561910916
i:250	108728.10965976858
i:300	107721.00362044245
i:350	107303.243770729
i:400	105733.62519913673
i:450	105361.42529587203
i:500	104981.69018482699
i:550	104709.73299094033
i:600	104220.77133985583
i:650	104176.44425064404
best: 104135.61403839863
routes: [0, 51, 52, 53, 56, 54, 55, 57, 59, 60, 58, 79, 80, 77, 76, 74, 71, 72, 73, 75, 78, 0, 13, 11, 12, 14, 15, 17, 19, 20, 18, 16, 0, 43, 42, 41, 44, 45, 47, 46, 49, 50, 48, 0, 5, 6, 3, 1, 2, 8, 7, 9, 10, 4, 0, 21, 23, 22, 25, 26, 27, 29, 30, 28, 24, 0, 61, 62, 63, 64, 65, 68, 67, 66, 69, 70, 0, 84, 86, 85, 83, 82, 81, 87, 88, 89, 90, 0, 91, 92, 93, 94, 95, 96, 97, 98, 99, 100, 31, 33, 34, 38, 39, 40, 35, 36, 37, 32, 0]
Elapsed time: 303.93390560150146

i:0	152301.05736230095
i:50	119982.66315028165
i:100	115634.39465197899
i:150	115105.10143390895
i:200	114663.24558323552
i:250	112908.70467442006
i:300	112702.03650042649
i:350	111272.32467909661
i:400	111026.75549214597
i:450	110686.74377150592
i:500	110219.62377915136
i:550	109737.94347232577
i:600	108719.66355536008
i:650	108176.54831033904
best: 108176.54831033901
routes: [0, 91, 92, 93, 94, 95, 97, 98, 99, 100, 96, 0, 21, 23, 22, 26, 25, 27, 29, 30, 28, 24, 0, 84, 86, 85, 83, 82, 81, 87, 88, 89, 90, 0, 43, 45, 47, 42, 41, 44, 46, 49, 50, 48, 0, 1, 3, 6, 5, 10, 9, 7, 8, 2, 4, 0, 69, 70, 67, 68, 66, 65, 64, 63, 61, 62, 0, 78, 75, 73, 72, 71, 74, 77, 76, 79, 80, 58, 60, 59, 57, 56, 53, 51, 52, 55, 54, 0, 13, 11, 12, 14, 15, 18, 17, 19, 20, 16, 35, 36, 37, 40, 39, 38, 31, 34, 33, 32, 0]
Elapsed time: 324.9969120025635

mean: 105484.47841809274
std: 1191.158168792331
mean-time: 316.1344794392586
std-time: 12.11560701717821