i:0	148420.91946955826
i:50	110237.18184598463
i:100	107461.58046157981
i:150	98434.08409512005
i:200	95542.48718334787
i:250	94898.8807531419
i:300	94701.14085065234
i:350	93655.17087722018
i:400	93344.40043603882
i:450	93310.83737091455
i:500	92531.66129889096
i:550	92228.98941059451
i:600	91735.89153444598
i:650	91735.89153444598
best: 91735.89153444598
routes: [0, 96, 99, 100, 97, 98, 95, 94, 93, 91, 92, 61, 62, 63, 64, 65, 68, 67, 69, 70, 66, 0, 74, 71, 72, 73, 75, 78, 76, 77, 80, 79, 58, 59, 60, 56, 57, 55, 54, 53, 51, 52, 0, 4, 5, 6, 2, 1, 3, 8, 7, 10, 9, 90, 86, 89, 84, 83, 85, 82, 81, 87, 88, 41, 44, 46, 49, 50, 48, 47, 45, 43, 42, 0, 31, 34, 33, 32, 38, 39, 40, 37, 35, 36, 30, 28, 27, 29, 25, 26, 24, 21, 23, 22, 16, 15, 14, 17, 19, 20, 18, 13, 11, 12, 0]
Elapsed time: 320.863201379776

i:0	141522.97156072594
i:50	107601.19806561363
i:100	105013.82632682432
i:150	98019.66158349023
i:200	96469.88188006754
i:250	95113.61353935511
i:300	94976.74588057393
i:350	94544.31548722813
i:400	94218.77343116546
i:450	94118.49646639675
i:500	93910.66715888218
i:550	93910.66715888218
i:600	93910.29076525506
i:650	93462.56259572187
best: 93395.44108006748
routes: [0, 96, 100, 95, 94, 92, 91, 93, 97, 99, 98, 69, 70, 66, 67, 68, 65, 64, 63, 61, 62, 0, 33, 32, 34, 31, 39, 38, 37, 36, 40, 35, 30, 28, 27, 29, 25, 26, 24, 21, 23, 22, 12, 14, 11, 13, 17, 19, 20, 18, 15, 16, 0, 1, 4, 5, 3, 6, 2, 10, 7, 8, 9, 90, 84, 83, 82, 81, 87, 85, 86, 89, 88, 41, 44, 46, 49, 50, 48, 47, 45, 43, 42, 0, 76, 77, 74, 71, 72, 73, 75, 78, 80, 79, 58, 60, 59, 57, 54, 55, 56, 53, 51, 52, 0]
Elapsed time: 310.14550971984863

i:0	148580.95839916178
i:50	108822.57286111524
i:100	107249.96977490283
i:150	105388.67658331835
i:200	99302.17096691651
i:250	96673.1178908346
i:300	96553.23470658922
i:350	95407.85334400742
i:400	93948.53343614179
i:450	93043.83417214474
i:500	92719.03032594756
i:550	92513.91599101984
i:600	92274.97165503056
i:650	92208.999317729
best: 92018.95101569942
routes: [0, 96, 99, 100, 98, 97, 95, 94, 93, 91, 92, 61, 62, 63, 64, 65, 66, 67, 68, 69, 70, 0, 80, 74, 71, 72, 73, 75, 78, 76, 77, 79, 58, 59, 60, 57, 54, 55, 56, 53, 51, 52, 0, 4, 1, 2, 6, 3, 5, 10, 7, 8, 9, 90, 86, 84, 83, 82, 81, 87, 85, 89, 88, 41, 42, 43, 45, 47, 44, 46, 49, 50, 48, 11, 13, 12, 14, 17, 19, 20, 18, 15, 16, 0, 21, 22, 23, 24, 26, 25, 27, 29, 30, 28, 33, 34, 31, 39, 38, 37, 40, 35, 36, 32, 0]
Elapsed time: 330.06371450424194

i:0	131097.29672576487
i:50	106451.67243365663
i:100	105384.37800134352
i:150	104891.70723209705
i:200	101161.76644921952
i:250	98092.06727994309
i:300	95862.49787682375
i:350	93694.20787544445
i:400	93066.85497544846
i:450	92638.5458399848
i:500	92608.87178461588
i:550	92567.73168769042
i:600	92567.73168769042
i:650	92497.31061329662
best: 92497.31061329662
routes: [0, 91, 92, 93, 99, 100, 98, 97, 95, 96, 94, 69, 70, 66, 67, 68, 65, 64, 63, 61, 62, 0, 33, 34, 31, 39, 40, 38, 32, 37, 36, 35, 30, 28, 27, 29, 25, 26, 24, 21, 23, 22, 16, 15, 14, 17, 19, 20, 18, 13, 11, 12, 0, 80, 76, 71, 72, 73, 75, 78, 74, 77, 79, 58, 60, 59, 57, 54, 55, 56, 53, 52, 51, 0, 4, 5, 6, 3, 1, 2, 8, 7, 10, 9, 90, 86, 89, 84, 83, 85, 82, 81, 87, 88, 41, 42, 43, 45, 47, 44, 46, 49, 50, 48, 0]
Elapsed time: 314.9407651424408

i:0	141073.57694814648
i:50	106560.7557365161
i:100	98987.53707738942
i:150	94125.28598620278
i:200	93517.62418194715
i:250	92001.30614551784
i:300	91809.2914646118
i:350	91644.75852200514
i:400	91001.83247285576
i:450	90328.32028440916
i:500	90029.02103725557
i:550	89654.91221792606
i:600	89654.91221792606
i:650	89654.91221792606
best: 89654.91221792606
routes: [0, 90, 84, 86, 89, 87, 81, 82, 83, 85, 88, 41, 44, 46, 49, 50, 48, 47, 45, 43, 42, 0, 51, 52, 53, 56, 54, 55, 57, 59, 60, 58, 71, 72, 73, 75, 78, 77, 74, 76, 79, 80, 1, 2, 8, 7, 9, 10, 5, 6, 3, 4, 0, 96, 99, 100, 97, 98, 95, 94, 93, 91, 92, 61, 62, 63, 64, 65, 68, 67, 69, 70, 66, 31, 39, 40, 35, 36, 37, 38, 34, 33, 32, 21, 23, 22, 25, 27, 29, 30, 28, 26, 24, 0, 13, 11, 12, 14, 15, 17, 19, 20, 18, 16, 0]
Elapsed time: 305.6156225204468

i:0	139056.84034700404
i:50	108884.52436593814
i:100	96852.42492201699
i:150	94650.86692965163
i:200	92870.91309771372
i:250	92486.5748596215
i:300	91770.7210753164
i:350	91207.1356284082
i:400	90992.6536027255
i:450	90880.14727730026
i:500	83737.7489038745
i:550	83167.80938490973
i:600	82971.92321168838
i:650	82971.92321168838
best: 82971.92321168838
routes: [0, 96, 97, 98, 94, 93, 92, 91, 95, 99, 100, 69, 70, 66, 67, 68, 65, 64, 63, 61, 62, 51, 52, 53, 56, 59, 60, 58, 57, 55, 54, 8, 7, 9, 10, 5, 6, 2, 1, 3, 4, 0, 31, 39, 40, 35, 36, 37, 38, 34, 33, 32, 30, 28, 27, 29, 25, 26, 24, 21, 23, 22, 20, 19, 17, 18, 15, 14, 12, 11, 13, 16, 0, 43, 42, 45, 47, 49, 50, 48, 46, 44, 41, 88, 87, 81, 82, 83, 85, 86, 89, 90, 84, 76, 77, 74, 71, 72, 73, 75, 78, 79, 80, 0]
Elapsed time: 300.9018123149872

i:0	145631.1480885639
i:50	101120.52557136555
i:100	98461.2656999554
i:150	97228.51485180823
i:200	96412.9339887531
i:250	94755.15562207997
i:300	94606.12554251547
i:350	94487.66785421148
i:400	94406.49817449346
i:450	93900.11309676198
i:500	93527.61464737591
i:550	93176.58289716623
i:600	93048.33805095931
i:650	92920.27869076877
best: 92605.10260800763
routes: [0, 96, 99, 100, 97, 98, 95, 94, 93, 91, 92, 69, 70, 67, 68, 63, 62, 61, 64, 65, 66, 0, 54, 55, 56, 52, 53, 51, 57, 59, 60, 58, 79, 74, 71, 72, 73, 75, 78, 76, 77, 80, 0, 4, 2, 1, 3, 8, 6, 5, 7, 10, 9, 90, 86, 89, 84, 83, 85, 82, 81, 87, 88, 41, 42, 43, 45, 44, 46, 49, 50, 47, 48, 14, 12, 11, 13, 15, 17, 19, 20, 18, 16, 0, 21, 22, 23, 24, 26, 25, 27, 29, 30, 28, 32, 37, 36, 35, 40, 39, 38, 33, 34, 31, 0]
Elapsed time: 322.4570789337158

i:0	153067.2629463881
i:50	107899.87688152955
i:100	103037.2373109755
i:150	102257.28642408134
i:200	100312.96799835884
i:250	90830.79365120658
i:300	89183.19631870407
i:350	88637.29586676913
i:400	87457.92895804017
i:450	86653.50941526967
i:500	86079.97624419464
i:550	85956.45076117493
i:600	85929.68650929842
i:650	85513.47010663459
best: 85513.47010663459
routes: [0, 97, 100, 99, 98, 96, 95, 94, 93, 91, 92, 61, 62, 63, 64, 65, 68, 66, 67, 69, 70, 31, 39, 40, 35, 36, 37, 38, 34, 33, 32, 0, 80, 76, 77, 74, 71, 72, 73, 75, 78, 79, 58, 60, 59, 57, 52, 51, 53, 56, 55, 54, 2, 1, 3, 6, 7, 8, 9, 10, 5, 4, 0, 90, 86, 89, 84, 83, 85, 82, 81, 87, 88, 41, 42, 43, 48, 47, 45, 44, 46, 49, 50, 17, 19, 20, 18, 15, 14, 12, 11, 13, 16, 21, 23, 22, 25, 26, 27, 29, 30, 28, 24, 0]
Elapsed time: 324.23170351982117

i:0	150389.0811112895
i:50	109335.29723721473
i:100	106004.4627775968
i:150	101639.60441059983
i:200	101320.93600547538
i:250	93788.1393128202
i:300	92128.32126782509
i:350	91015.5598323226
i:400	90561.14611580475
i:450	89912.33039121656
i:500	89912.33039121656
i:550	89432.63707906297
i:600	89223.33150779082
i:650	89223.33150779082
best: 89016.46464603169
routes: [0, 33, 32, 37, 36, 35, 40, 39, 38, 34, 31, 100, 99, 94, 92, 91, 93, 95, 96, 97, 98, 69, 70, 66, 67, 68, 65, 64, 63, 61, 62, 0, 51, 52, 53, 56, 55, 54, 57, 59, 60, 58, 76, 79, 77, 74, 71, 72, 73, 75, 78, 80, 0, 43, 42, 45, 47, 49, 50, 48, 46, 44, 41, 89, 90, 86, 85, 88, 87, 81, 82, 83, 84, 9, 7, 8, 2, 1, 3, 5, 10, 6, 4, 0, 21, 24, 23, 22, 25, 26, 27, 29, 30, 28, 20, 19, 17, 18, 15, 14, 12, 11, 13, 16, 0]
Elapsed time: 321.68478655815125

i:0	155006.89606189443
i:50	108917.616456963
i:100	98668.17011906256
i:150	96638.31114079792
i:200	96394.28312758847
i:250	95791.21178485763
i:300	95412.66611631184
i:350	95096.49924965343
i:400	94877.62736616172
i:450	94785.56336149061
i:500	94782.03714295385
i:550	94782.03714295385
i:600	94782.03714295385
i:650	94782.03714295385
best: 94782.03714295385
routes: [0, 91, 92, 93, 94, 95, 96, 99, 100, 97, 98, 61, 62, 63, 64, 65, 68, 67, 69, 70, 66, 0, 79, 80, 76, 77, 74, 71, 72, 73, 75, 78, 58, 59, 60, 56, 57, 55, 54, 53, 51, 52, 0, 32, 33, 34, 31, 39, 38, 37, 35, 36, 40, 30, 28, 24, 21, 23, 22, 26, 25, 27, 29, 18, 14, 12, 11, 13, 15, 17, 19, 20, 16, 0, 1, 4, 5, 6, 7, 10, 8, 2, 3, 9, 90, 89, 85, 86, 84, 83, 82, 81, 87, 88, 41, 42, 43, 48, 47, 45, 44, 46, 49, 50, 0]
Elapsed time: 301.25347328186035

i:0	150515.69696713256
i:50	105512.10786567962
i:100	97909.9812704113
i:150	97106.91191356837
i:200	90872.9028994386
i:250	90573.62486042271
i:300	89189.83342047717
i:350	86537.2002515104
i:400	86064.04226539805
i:450	85957.86942518293
i:500	85311.79919306241
i:550	85311.79919306241
i:600	84755.87177457212
i:650	84755.87177457212
best: 84624.80425482757
routes: [0, 51, 52, 53, 56, 54, 55, 57, 59, 60, 58, 76, 77, 79, 80, 78, 75, 72, 73, 74, 71, 84, 83, 82, 81, 87, 88, 85, 86, 89, 90, 0, 4, 1, 2, 3, 6, 5, 10, 7, 8, 9, 43, 45, 42, 41, 44, 46, 49, 50, 47, 48, 14, 12, 11, 13, 16, 15, 18, 17, 19, 20, 25, 27, 29, 30, 28, 26, 24, 21, 23, 22, 0, 33, 34, 32, 37, 36, 35, 40, 39, 38, 31, 100, 99, 97, 98, 96, 95, 94, 93, 91, 92, 61, 62, 63, 64, 65, 66, 69, 70, 67, 68, 0]
Elapsed time: 313.49397683143616

i:0	147524.00884320028
i:50	108745.32729536088
i:100	106198.1593587251
i:150	105156.82559846996
i:200	98666.79874783171
i:250	94488.98854037967
i:300	93397.67601802245
i:350	92740.78682659769
i:400	92187.76480906621
i:450	91391.90234891043
i:500	91363.1468834639
i:550	91363.1468834639
i:600	91361.77769482632
i:650	91361.5403864796
best: 90963.42722415799
routes: [0, 91, 92, 93, 94, 95, 96, 99, 100, 97, 98, 69, 70, 66, 64, 62, 61, 63, 65, 67, 68, 0, 90, 84, 83, 82, 81, 85, 86, 89, 87, 88, 41, 42, 43, 45, 44, 46, 49, 50, 47, 48, 14, 12, 11, 13, 15, 18, 17, 19, 20, 16, 0, 31, 34, 33, 32, 39, 38, 37, 40, 35, 36, 30, 28, 25, 29, 27, 26, 24, 21, 23, 22, 0, 51, 52, 53, 56, 54, 55, 57, 60, 59, 58, 79, 80, 76, 77, 74, 71, 72, 73, 75, 78, 8, 7, 9, 10, 5, 6, 2, 1, 3, 4, 0]
Elapsed time: 316.54258608818054

i:0	148051.75104368795
i:50	108581.51737285272
i:100	107423.91520701762
i:150	105664.44382439356
i:200	98003.5941367495
i:250	93356.9489888494
i:300	87443.61246079428
i:350	87011.50797642133
i:400	86666.76239483962
i:450	86481.95302756358
i:500	86481.95302756358
i:550	86411.44291193178
i:600	85520.67468839216
i:650	84698.4514176317
best: 84698.4514176317
routes: [0, 93, 95, 97, 98, 99, 100, 96, 94, 91, 92, 61, 62, 63, 64, 65, 67, 68, 66, 69, 70, 31, 39, 40, 35, 36, 37, 38, 34, 33, 32, 24, 21, 23, 22, 25, 27, 29, 30, 28, 26, 0, 76, 77, 74, 71, 72, 73, 75, 78, 80, 79, 58, 60, 59, 57, 54, 55, 56, 53, 51, 52, 0, 13, 12, 14, 15, 18, 17, 19, 20, 16, 11, 43, 42, 45, 46, 49, 50, 48, 47, 44, 41, 88, 85, 87, 81, 82, 83, 84, 86, 89, 90, 9, 10, 7, 8, 2, 1, 3, 6, 5, 4, 0]
Elapsed time: 314.6504590511322

i:0	150205.04851421143
i:50	109273.69353672012
i:100	98082.62345742321
i:150	96109.76127822378
i:200	95510.03385436519
i:250	94424.3693494926
i:300	93876.43845356861
i:350	93348.0252950689
i:400	92901.81341381419
i:450	92556.2429333827
i:500	92023.56224625012
i:550	92023.56224625012
i:600	92023.56224625012
i:650	91581.25725748911
best: 91581.25725748911
routes: [0, 91, 92, 93, 94, 95, 96, 97, 99, 100, 98, 69, 70, 63, 62, 61, 64, 65, 66, 67, 68, 0, 54, 55, 57, 58, 53, 51, 52, 56, 59, 60, 76, 79, 77, 74, 71, 72, 73, 75, 78, 80, 0, 31, 34, 33, 38, 39, 40, 36, 35, 37, 32, 28, 30, 29, 27, 25, 26, 24, 21, 23, 22, 13, 11, 12, 14, 15, 17, 19, 20, 18, 16, 0, 43, 42, 45, 47, 49, 50, 48, 46, 44, 41, 88, 87, 81, 82, 83, 85, 86, 89, 90, 84, 9, 10, 7, 8, 2, 1, 3, 6, 5, 4, 0]
Elapsed time: 303.504079580307

i:0	147275.37023132018
i:50	108962.38220045177
i:100	103062.28557451209
i:150	103062.28557451209
i:200	102855.66170959329
i:250	102696.58697223954
i:300	102696.58697223954
i:350	95616.82446820386
i:400	93896.30874347054
i:450	90935.47872239335
i:500	89622.03650493578
i:550	89227.56117811818
i:600	89227.56117811818
i:650	85989.64096572301
best: 85590.18642638944
routes: [0, 31, 33, 34, 38, 39, 40, 35, 36, 37, 32, 24, 21, 23, 25, 27, 30, 29, 28, 26, 22, 20, 17, 19, 18, 15, 16, 13, 11, 12, 14, 0, 91, 93, 95, 94, 97, 99, 100, 98, 96, 92, 76, 77, 74, 71, 72, 73, 75, 78, 79, 80, 61, 62, 63, 64, 65, 68, 66, 67, 69, 70, 0, 51, 52, 53, 56, 59, 60, 58, 57, 55, 54, 84, 83, 85, 82, 81, 87, 88, 86, 89, 90, 41, 44, 46, 49, 50, 48, 47, 45, 42, 43, 9, 10, 5, 6, 7, 8, 2, 1, 3, 4, 0]
Elapsed time: 343.8014154434204

i:0	152532.28616235644
i:50	105258.25816682258
i:100	97840.4770353678
i:150	97586.92031354897
i:200	96431.35605245177
i:250	95615.33776203322
i:300	95581.7615609126
i:350	95216.71965729703
i:400	95216.71965729703
i:450	95216.71965729703
i:500	95164.87402979174
i:550	95162.97168581578
i:600	95162.97168581578
i:650	95162.97168581578
best: 95162.97168581578
routes: [0, 91, 92, 93, 94, 95, 96, 99, 100, 97, 98, 61, 62, 63, 64, 65, 68, 67, 69, 70, 66, 0, 79, 77, 74, 76, 71, 72, 73, 75, 78, 80, 58, 57, 59, 60, 56, 53, 51, 52, 55, 54, 0, 31, 34, 33, 40, 35, 36, 37, 39, 38, 32, 30, 29, 27, 28, 26, 25, 24, 21, 23, 22, 17, 19, 20, 18, 13, 12, 11, 15, 14, 16, 0, 1, 3, 4, 2, 6, 10, 5, 8, 7, 9, 90, 84, 86, 83, 85, 82, 81, 87, 89, 88, 41, 44, 45, 47, 46, 49, 50, 48, 43, 42, 0]
Elapsed time: 282.6862723827362

i:0	148003.1123044851
i:50	111841.47704089206
i:100	104362.21666130444
i:150	97229.04789638029
i:200	95203.99166437912
i:250	94435.01107388051
i:300	89907.7992160546
i:350	87929.45539404925
i:400	87549.08931344311
i:450	87480.61589264563
i:500	87274.12716395935
i:550	87186.99586364652
i:600	87186.99586364652
i:650	87109.1906917963
best: 87102.12903817158
routes: [0, 54, 55, 56, 52, 51, 53, 57, 59, 60, 58, 80, 79, 77, 74, 76, 71, 75, 78, 73, 72, 0, 91, 92, 93, 94, 95, 97, 100, 96, 99, 98, 69, 70, 67, 68, 66, 65, 62, 61, 63, 64, 31, 34, 39, 40, 35, 36, 37, 38, 33, 32, 28, 30, 29, 27, 25, 26, 24, 21, 23, 22, 0, 16, 15, 18, 20, 19, 17, 14, 12, 13, 11, 43, 42, 45, 46, 49, 50, 48, 47, 44, 41, 88, 87, 81, 82, 83, 85, 89, 90, 86, 84, 8, 7, 9, 10, 5, 6, 2, 1, 3, 4, 0]
Elapsed time: 311.5663797855377

i:0	155808.71301930567
i:50	115170.71469325392
i:100	105965.347645069
i:150	100043.57814374662
i:200	98679.47003277522
i:250	98606.69403846431
i:300	98423.28749341719
i:350	98103.54664496343
i:400	97918.53020596634
i:450	97751.3495600498
i:500	97239.64815658808
i:550	96978.99945148916
i:600	96790.08151327554
i:650	95924.08831588499
best: 95505.17848019573
routes: [0, 76, 74, 71, 72, 73, 75, 78, 77, 80, 79, 58, 59, 60, 56, 57, 55, 54, 53, 51, 52, 0, 100, 96, 97, 92, 91, 93, 94, 95, 99, 98, 69, 70, 67, 68, 66, 65, 64, 63, 62, 61, 0, 13, 16, 11, 14, 18, 20, 15, 12, 17, 19, 21, 23, 22, 25, 27, 29, 30, 28, 26, 24, 32, 33, 34, 31, 39, 40, 35, 36, 37, 38, 0, 4, 1, 2, 3, 6, 5, 10, 7, 8, 9, 90, 86, 89, 84, 83, 85, 82, 81, 87, 88, 41, 44, 46, 49, 50, 48, 47, 45, 43, 42, 0]
Elapsed time: 327.65066504478455

i:0	140242.84393191492
i:50	109737.86776081458
i:100	97126.7202821736
i:150	95887.42165735201
i:200	95056.16203706135
i:250	94362.63767742355
i:300	94205.48785998409
i:350	93832.08614018514
i:400	92833.85273317281
i:450	92607.23731929033
i:500	92516.50569332024
i:550	92418.12348255055
i:600	92418.12348255055
i:650	92413.66023442651
best: 92413.66023442651
routes: [0, 91, 92, 93, 94, 95, 96, 99, 100, 97, 98, 69, 70, 66, 67, 68, 65, 64, 63, 61, 62, 51, 52, 53, 56, 59, 60, 58, 57, 55, 54, 0, 90, 86, 89, 85, 88, 87, 81, 82, 83, 84, 76, 74, 71, 72, 73, 75, 78, 77, 79, 80, 0, 13, 14, 18, 17, 19, 20, 16, 15, 12, 11, 48, 46, 49, 50, 47, 44, 45, 42, 41, 43, 9, 7, 8, 6, 10, 5, 4, 3, 1, 2, 0, 21, 22, 23, 24, 26, 25, 27, 29, 28, 30, 35, 36, 37, 40, 39, 38, 31, 34, 33, 32, 0]
Elapsed time: 306.70686316490173

i:0	153578.52585886122
i:50	99650.83732079613
i:100	97067.62961409237
i:150	95635.11978531347
i:200	95302.35570353575
i:250	95146.16166004674
i:300	93997.0688948062
i:350	93928.27365224148
i:400	93890.98022393792
i:450	93890.98022393792
i:500	93872.17960902065
i:550	93871.16601539697
i:600	93871.16601539697
i:650	93864.10016418062
best: 93783.50348453893
routes: [0, 31, 33, 32, 34, 39, 38, 37, 40, 35, 36, 28, 27, 29, 30, 25, 26, 24, 21, 23, 22, 16, 13, 20, 19, 17, 18, 15, 14, 11, 12, 0, 93, 92, 91, 95, 94, 96, 99, 97, 100, 98, 69, 70, 67, 68, 66, 65, 62, 61, 63, 64, 0, 54, 56, 57, 55, 52, 51, 53, 58, 60, 59, 79, 77, 74, 71, 72, 73, 75, 78, 80, 76, 0, 4, 1, 3, 2, 6, 5, 10, 7, 8, 9, 90, 86, 89, 85, 84, 83, 82, 81, 87, 88, 41, 42, 43, 45, 47, 44, 46, 49, 50, 48, 0]
Elapsed time: 304.30276441574097

mean: 90280.8536840198
std: 3800.769089168081
mean-time: 313.8531564831734
std-time: 12.817037485393362