i:0	141802.49487136462
i:50	109065.44214541817
i:100	106099.2356546826
i:150	97684.27940536893
i:200	97209.67568547247
i:250	97125.29327205535
i:300	96917.46165338288
i:350	96508.14172737388
i:400	96505.08887082379
i:450	96363.63296477783
i:500	96247.47555118633
i:550	96247.47555118633
i:600	96245.3322464287
i:650	96245.3322464287
best: 96245.3322464287
routes: [0, 31, 34, 33, 38, 39, 40, 36, 35, 37, 32, 24, 21, 23, 25, 27, 29, 30, 28, 26, 22, 16, 15, 14, 17, 19, 20, 18, 13, 11, 12, 0, 97, 100, 99, 98, 92, 91, 94, 95, 96, 93, 63, 62, 61, 65, 64, 66, 67, 68, 69, 70, 0, 4, 6, 5, 2, 7, 10, 1, 3, 8, 9, 86, 89, 90, 84, 83, 85, 82, 81, 87, 88, 41, 44, 42, 43, 45, 47, 46, 49, 50, 48, 0, 80, 76, 77, 74, 71, 72, 73, 75, 78, 79, 58, 60, 59, 57, 54, 55, 56, 53, 51, 52, 0]
Elapsed time: 313.0411434173584

i:0	147215.5350266725
i:50	108990.54649333144
i:100	106527.17943023489
i:150	100791.32158883891
i:200	97222.93251564924
i:250	96782.46235414347
i:300	96524.02893146983
i:350	95875.51482481083
i:400	95637.93515635846
i:450	95076.17999560425
i:500	94502.80197163185
i:550	93744.86379016945
i:600	93271.08118867993
i:650	92527.74686794344
best: 92400.38523527568
routes: [0, 63, 62, 61, 64, 65, 68, 66, 67, 70, 69, 100, 96, 93, 95, 97, 99, 98, 94, 91, 92, 0, 33, 38, 39, 40, 35, 36, 37, 31, 34, 32, 24, 21, 23, 25, 27, 29, 30, 28, 26, 22, 20, 19, 17, 14, 12, 11, 13, 15, 18, 16, 0, 4, 1, 2, 3, 6, 5, 10, 7, 8, 9, 90, 86, 89, 84, 83, 85, 82, 81, 87, 88, 41, 42, 43, 45, 47, 44, 46, 49, 50, 48, 0, 51, 52, 53, 56, 54, 55, 57, 59, 60, 58, 79, 80, 76, 77, 74, 71, 72, 73, 75, 78, 0]
Elapsed time: 329.496337890625

i:0	141223.78545396135
i:50	107840.7396463435
i:100	106557.49706271211
i:150	96517.38068832229
i:200	95615.32602826123
i:250	94684.85982379444
i:300	94267.89662654394
i:350	93055.87920914739
i:400	92943.0720741065
i:450	92943.0720741065
i:500	92836.24074586814
i:550	92705.5005941317
i:600	92661.05327887624
i:650	92653.19321720302
best: 92653.19321720302
routes: [0, 54, 55, 56, 53, 51, 52, 57, 59, 60, 58, 79, 80, 77, 74, 71, 72, 73, 75, 78, 76, 0, 100, 96, 94, 92, 91, 93, 99, 97, 95, 98, 61, 62, 63, 64, 65, 68, 66, 67, 69, 70, 31, 39, 38, 37, 40, 35, 36, 32, 33, 34, 0, 11, 13, 14, 17, 19, 20, 18, 16, 15, 12, 48, 47, 49, 50, 46, 44, 45, 43, 42, 41, 86, 84, 83, 82, 81, 87, 88, 85, 89, 90, 0, 21, 23, 22, 25, 27, 29, 30, 28, 26, 24, 3, 6, 5, 10, 9, 7, 8, 2, 1, 4, 0]
Elapsed time: 288.49175477027893

i:0	145700.82710331323
i:50	110265.42500845333
i:100	106396.4207711512
i:150	106026.88224444594
i:200	99893.13143352116
i:250	97153.89729143435
i:300	94363.7378863492
i:350	93823.93021722154
i:400	93317.91029574462
i:450	93014.07605501349
i:500	92847.73988705548
i:550	92840.67823343075
i:600	92534.76457940783
i:650	92311.02533984312
best: 92008.18872220436
routes: [0, 91, 92, 93, 94, 95, 97, 98, 99, 100, 96, 61, 62, 63, 65, 64, 69, 70, 67, 68, 66, 0, 54, 56, 52, 51, 53, 57, 55, 59, 60, 58, 76, 77, 74, 71, 72, 73, 75, 78, 79, 80, 0, 31, 34, 33, 32, 38, 39, 40, 37, 35, 36, 30, 28, 27, 29, 25, 26, 24, 21, 23, 22, 16, 15, 18, 20, 19, 17, 14, 13, 11, 12, 0, 4, 1, 2, 3, 6, 5, 10, 7, 8, 9, 43, 46, 49, 50, 48, 47, 45, 44, 42, 41, 88, 87, 81, 82, 83, 85, 84, 86, 89, 90, 0]
Elapsed time: 325.65016198158264

i:0	160342.62893591277
i:50	111614.65768944958
i:100	109053.4517580258
i:150	104703.24231709194
i:200	96754.36442277292
i:250	95048.60218935563
i:300	94127.08908234596
i:350	92966.51422653938
i:400	92289.84601713343
i:450	92129.38336589395
i:500	92073.2632298889
i:550	92062.59318448007
i:600	92031.60600827029
i:650	91609.24779466327
best: 91609.24779466327
routes: [0, 31, 34, 33, 38, 39, 40, 36, 35, 37, 32, 24, 21, 23, 25, 27, 29, 30, 28, 26, 22, 20, 19, 17, 14, 12, 11, 13, 15, 18, 16, 0, 94, 92, 91, 93, 95, 96, 100, 99, 97, 98, 69, 70, 66, 67, 68, 62, 61, 63, 65, 64, 0, 76, 71, 72, 73, 75, 78, 74, 77, 79, 80, 58, 59, 60, 56, 52, 51, 53, 57, 55, 54, 0, 43, 48, 47, 49, 50, 46, 44, 45, 42, 41, 87, 88, 85, 82, 81, 83, 84, 86, 89, 90, 8, 7, 9, 10, 5, 6, 2, 1, 3, 4, 0]
Elapsed time: 307.1445565223694

i:0	142536.52267525584
i:50	112964.62974726966
i:100	108186.03397255804
i:150	106334.11837706149
i:200	101532.18021608322
i:250	96223.34538006129
i:300	95006.55107142573
i:350	93058.36179639792
i:400	91137.22731998618
i:450	90643.55375277651
i:500	90319.5746919352
i:550	89411.82396108107
i:600	89400.99931811121
i:650	89400.99931811121
best: 89400.99931811121
routes: [0, 93, 96, 99, 100, 98, 97, 95, 94, 91, 92, 61, 62, 63, 64, 65, 66, 67, 68, 69, 70, 31, 39, 40, 35, 36, 37, 38, 34, 33, 32, 0, 80, 76, 77, 74, 71, 72, 73, 75, 78, 79, 58, 60, 59, 57, 54, 55, 56, 53, 51, 52, 2, 1, 3, 8, 7, 9, 10, 5, 6, 4, 0, 84, 83, 82, 81, 87, 88, 85, 89, 90, 86, 41, 44, 46, 49, 50, 47, 45, 42, 43, 48, 14, 12, 11, 13, 15, 17, 19, 20, 18, 16, 0, 21, 25, 27, 29, 30, 28, 26, 24, 23, 22, 0]
Elapsed time: 317.6265573501587

i:0	153190.59933764464
i:50	99435.60517974992
i:100	95220.73802693735
i:150	93074.71131035773
i:200	92245.17601734548
i:250	90397.66771202971
i:300	89794.90176881592
i:350	89466.6929588548
i:400	89466.6929588548
i:450	89466.6929588548
i:500	89466.6929588548
i:550	89466.6929588548
i:600	89466.6929588548
i:650	89407.88608449373
best: 89028.04638084998
routes: [0, 51, 52, 53, 56, 54, 55, 57, 59, 60, 58, 76, 77, 74, 71, 72, 73, 75, 78, 79, 80, 0, 43, 42, 45, 47, 49, 50, 48, 46, 44, 41, 86, 84, 83, 85, 82, 81, 87, 88, 89, 90, 8, 7, 9, 10, 5, 6, 2, 1, 3, 4, 0, 91, 92, 93, 94, 95, 96, 99, 100, 97, 98, 69, 70, 67, 68, 66, 62, 61, 63, 65, 64, 31, 39, 40, 35, 36, 37, 38, 34, 33, 32, 0, 21, 23, 25, 27, 29, 30, 28, 26, 24, 22, 20, 19, 17, 14, 15, 18, 16, 13, 11, 12, 0]
Elapsed time: 254.02747774124146

i:0	140365.37431992756
i:50	107122.75850083824
i:100	97003.35847018551
i:150	95418.69107391706
i:200	95239.95809182609
i:250	94965.2934977519
i:300	94705.61135295324
i:350	94252.5358940119
i:400	93570.15230374056
i:450	93570.15230374056
i:500	93570.15230374056
i:550	93570.15230374056
i:600	93455.52270197615
i:650	93362.114109531
best: 93351.85067943874
routes: [0, 51, 52, 53, 55, 54, 56, 57, 59, 60, 58, 76, 71, 74, 72, 73, 75, 78, 77, 79, 80, 0, 21, 22, 25, 27, 29, 30, 28, 26, 24, 23, 16, 15, 18, 20, 19, 17, 14, 12, 13, 11, 10, 5, 6, 7, 9, 8, 2, 1, 3, 4, 0, 89, 90, 86, 84, 83, 82, 81, 87, 85, 88, 41, 43, 42, 44, 46, 47, 45, 49, 50, 48, 0, 97, 99, 100, 98, 95, 96, 94, 91, 93, 92, 61, 62, 63, 64, 65, 68, 66, 67, 69, 70, 31, 33, 34, 39, 38, 37, 40, 35, 36, 32, 0]
Elapsed time: 292.9873037338257

i:0	146672.18166895077
i:50	108080.57854991904
i:100	107068.44667594394
i:150	104580.14802401798
i:200	95419.57277425885
i:250	93754.06835506877
i:300	93643.9164595275
i:350	92953.82134305572
i:400	91875.2358725964
i:450	91327.23439844056
i:500	91204.26951622943
i:550	90529.20194289832
i:600	90502.16032671071
i:650	90502.16032671071
best: 90502.16032671071
routes: [0, 11, 13, 15, 17, 19, 20, 18, 16, 14, 12, 48, 50, 46, 49, 47, 45, 44, 41, 42, 43, 9, 10, 5, 6, 7, 8, 2, 1, 3, 4, 0, 31, 33, 34, 39, 40, 36, 35, 37, 38, 32, 28, 30, 29, 27, 25, 26, 24, 21, 23, 22, 0, 79, 77, 74, 76, 71, 72, 73, 75, 78, 80, 61, 62, 63, 64, 65, 68, 66, 67, 70, 69, 98, 97, 99, 100, 96, 95, 94, 93, 91, 92, 0, 51, 52, 53, 56, 59, 60, 58, 57, 55, 54, 84, 83, 82, 81, 87, 88, 85, 86, 89, 90, 0]
Elapsed time: 305.23936343193054

i:0	149723.93677958267
i:50	108513.98788676676
i:100	99255.4296878898
i:150	95845.54827742887
i:200	94596.88663800001
i:250	92858.44584938433
i:300	92100.18601816779
i:350	91660.4004010411
i:400	91421.79254581292
i:450	90678.71273995677
i:500	90510.33531857461
i:550	90510.33531857461
i:600	90042.34281958392
i:650	90042.34281958392
best: 90042.34281958392
routes: [0, 51, 52, 53, 56, 54, 55, 57, 59, 60, 58, 79, 80, 76, 77, 74, 71, 72, 73, 75, 78, 2, 1, 3, 5, 10, 9, 7, 8, 6, 4, 0, 91, 92, 93, 94, 95, 97, 98, 99, 100, 96, 61, 62, 63, 64, 65, 66, 67, 68, 69, 70, 0, 89, 90, 86, 84, 83, 85, 82, 81, 87, 88, 41, 42, 44, 46, 49, 50, 43, 45, 47, 48, 14, 12, 11, 13, 15, 18, 17, 19, 20, 16, 0, 21, 22, 23, 24, 26, 25, 29, 27, 28, 30, 35, 36, 37, 40, 39, 38, 31, 34, 33, 32, 0]
Elapsed time: 291.33442640304565

i:0	153226.62169856834
i:50	106332.79634678508
i:100	102263.74366623948
i:150	95272.45858045091
i:200	93950.94254732337
i:250	92965.76749659445
i:300	92161.71574456313
i:350	90818.55563521356
i:400	90634.81433241468
i:450	90625.4414970324
i:500	90586.06971096322
i:550	90578.54962626961
i:600	89740.43172673453
i:650	89740.43172673453
best: 89722.7946679045
routes: [0, 91, 92, 93, 96, 94, 95, 98, 97, 99, 100, 69, 70, 67, 68, 66, 65, 64, 62, 63, 61, 79, 77, 74, 71, 72, 73, 75, 78, 80, 76, 0, 4, 3, 1, 2, 8, 6, 5, 10, 7, 9, 89, 88, 87, 81, 82, 83, 85, 86, 90, 84, 54, 55, 57, 59, 60, 58, 56, 53, 51, 52, 0, 43, 45, 42, 41, 44, 46, 49, 50, 47, 48, 14, 12, 11, 13, 15, 18, 17, 19, 20, 16, 22, 21, 23, 25, 27, 29, 30, 28, 26, 24, 0, 31, 33, 32, 37, 36, 35, 40, 39, 38, 34, 0]
Elapsed time: 299.06531047821045

i:0	153955.55104108836
i:50	113089.96574475936
i:100	105209.735812324
i:150	98322.87700924573
i:200	95801.42009994133
i:250	94879.96860818808
i:300	93693.303017997
i:350	92812.89532882927
i:400	92320.0435282439
i:450	92320.0435282439
i:500	91748.65951971595
i:550	91748.65951971595
i:600	91672.07839650687
i:650	91435.61429929716
best: 91435.61429929716
routes: [0, 80, 76, 77, 74, 71, 72, 73, 75, 78, 79, 58, 60, 59, 57, 54, 55, 56, 53, 51, 52, 0, 90, 84, 86, 89, 87, 81, 82, 83, 85, 88, 41, 44, 42, 43, 45, 47, 48, 46, 49, 50, 14, 12, 11, 13, 15, 17, 19, 20, 18, 16, 0, 92, 91, 93, 94, 95, 96, 97, 99, 100, 98, 69, 70, 68, 66, 67, 65, 64, 63, 61, 62, 1, 2, 8, 7, 9, 10, 5, 6, 3, 4, 0, 31, 39, 40, 35, 36, 37, 38, 34, 33, 32, 21, 23, 22, 25, 27, 29, 30, 28, 26, 24, 0]
Elapsed time: 300.11982583999634

i:0	153974.88289601257
i:50	108126.6553145377
i:100	107355.56040940079
i:150	98062.28651442824
i:200	95246.42442586884
i:250	94519.94182946638
i:300	93544.9958786444
i:350	92470.08028957044
i:400	91999.6954982949
i:450	91668.44514423782
i:500	91571.8879981762
i:550	91437.84596837245
i:600	91431.00653579138
i:650	91431.00653579138
best: 91429.41543862566
routes: [0, 93, 92, 91, 95, 94, 96, 100, 99, 97, 98, 69, 70, 66, 67, 68, 65, 62, 61, 63, 64, 0, 76, 74, 71, 72, 73, 75, 78, 77, 80, 79, 58, 60, 59, 57, 55, 56, 53, 51, 54, 52, 0, 4, 3, 1, 2, 8, 7, 6, 5, 10, 9, 90, 84, 86, 89, 87, 81, 82, 83, 85, 88, 41, 42, 43, 45, 47, 44, 46, 49, 50, 48, 0, 31, 39, 38, 37, 40, 35, 36, 34, 33, 32, 28, 30, 29, 27, 25, 26, 24, 21, 23, 22, 13, 11, 12, 14, 15, 18, 17, 19, 20, 16, 0]
Elapsed time: 306.4123809337616

i:0	145925.67493924306
i:50	102676.81794830586
i:100	97702.66697809733
i:150	97009.86446676638
i:200	96546.86547704399
i:250	96324.26676141357
i:300	96056.62733642064
i:350	95705.90099879076
i:400	95004.47631390163
i:450	94710.42764738173
i:500	94479.23582243406
i:550	94091.0498710201
i:600	93655.93991165671
i:650	93353.37951140988
best: 93353.37951140988
routes: [0, 51, 52, 53, 56, 54, 55, 57, 60, 59, 58, 79, 80, 78, 77, 74, 71, 72, 73, 75, 76, 0, 100, 97, 99, 98, 95, 96, 91, 93, 94, 92, 61, 69, 70, 66, 67, 68, 65, 64, 63, 62, 0, 33, 34, 31, 40, 36, 35, 37, 39, 38, 32, 24, 21, 23, 25, 27, 29, 30, 28, 26, 22, 16, 20, 19, 17, 18, 15, 14, 13, 11, 12, 0, 43, 42, 45, 47, 49, 50, 48, 46, 44, 41, 88, 87, 81, 82, 83, 85, 86, 89, 90, 84, 9, 10, 5, 6, 7, 8, 2, 1, 3, 4, 0]
Elapsed time: 306.8116133213043

i:0	155181.71198520483
i:50	108669.16343859055
i:100	103346.5442393673
i:150	99142.39211377293
i:200	96282.45478033563
i:250	95161.17673296634
i:300	93874.76109494816
i:350	93222.86470494406
i:400	92820.53605187227
i:450	92617.45700749385
i:500	92159.37617784005
i:550	91893.63256021452
i:600	91456.62870813964
i:650	91443.33205031641
best: 90931.37067070641
routes: [0, 76, 77, 74, 71, 72, 73, 75, 78, 80, 79, 58, 60, 59, 57, 52, 51, 53, 56, 55, 54, 0, 31, 39, 40, 36, 35, 37, 38, 34, 33, 32, 28, 30, 29, 27, 25, 26, 24, 21, 23, 22, 20, 19, 17, 14, 12, 11, 13, 15, 18, 16, 0, 4, 1, 2, 3, 6, 5, 10, 7, 8, 9, 90, 86, 89, 84, 83, 85, 82, 81, 87, 88, 41, 42, 43, 45, 47, 44, 46, 49, 50, 48, 0, 91, 92, 93, 94, 95, 96, 99, 100, 97, 98, 61, 62, 63, 64, 65, 66, 67, 68, 69, 70, 0]
Elapsed time: 301.9353370666504

i:0	139879.0030504142
i:50	100649.70856754633
i:100	96810.06972166858
i:150	94890.38235449124
i:200	94242.41842065245
i:250	93070.22557481995
i:300	91925.99960572732
i:350	91885.72918095454
i:400	91885.72918095454
i:450	91690.98773681713
i:500	91690.98773681713
i:550	91690.98773681713
i:600	91690.98773681713
i:650	91690.98773681713
best: 91690.98773681713
routes: [0, 95, 94, 96, 99, 100, 98, 97, 93, 91, 92, 61, 64, 63, 62, 65, 68, 66, 67, 69, 70, 0, 54, 53, 51, 52, 55, 56, 57, 59, 60, 58, 76, 79, 77, 74, 71, 72, 73, 75, 78, 80, 0, 31, 34, 33, 32, 38, 39, 40, 37, 35, 36, 30, 28, 27, 29, 25, 26, 24, 21, 23, 22, 16, 15, 14, 17, 19, 20, 18, 13, 11, 12, 0, 4, 1, 2, 3, 6, 5, 10, 7, 8, 9, 90, 86, 89, 84, 83, 85, 82, 81, 87, 88, 41, 44, 46, 49, 50, 48, 47, 45, 43, 42, 0]
Elapsed time: 278.8217248916626

i:0	142197.38921737668
i:50	109785.53963465603
i:100	101011.825285001
i:150	97141.63412878755
i:200	95864.17577222781
i:250	94348.00644609585
i:300	94060.38969372024
i:350	92894.09412982913
i:400	92751.97889252938
i:450	88237.22265376663
i:500	86919.20467642524
i:550	85866.60720748737
i:600	85308.88101860981
i:650	84951.67667011259
best: 84943.93296751799
routes: [0, 51, 52, 53, 56, 54, 55, 57, 59, 60, 58, 79, 77, 74, 76, 71, 72, 73, 75, 78, 80, 61, 62, 63, 64, 65, 67, 68, 66, 69, 70, 0, 90, 86, 89, 84, 83, 85, 82, 81, 87, 88, 41, 42, 43, 47, 45, 44, 46, 49, 50, 48, 12, 11, 13, 15, 14, 17, 19, 20, 18, 16, 0, 21, 24, 26, 22, 23, 25, 29, 27, 30, 28, 33, 34, 32, 37, 36, 35, 40, 39, 38, 31, 100, 99, 97, 98, 96, 95, 94, 93, 91, 92, 0, 3, 6, 5, 10, 9, 7, 8, 2, 1, 4, 0]
Elapsed time: 317.44521474838257

i:0	143835.57797276066
i:50	109043.08372132992
i:100	98490.24155212677
i:150	94326.34913057543
i:200	90864.20689429327
i:250	89349.15450581018
i:300	88929.548632091
i:350	88629.86344106629
i:400	88525.33445548124
i:450	88525.33445548124
i:500	87898.95689408702
i:550	87898.95689408702
i:600	87898.95689408702
i:650	87831.8565535919
best: 87831.8565535919
routes: [0, 51, 52, 53, 56, 54, 55, 57, 59, 60, 58, 76, 74, 71, 72, 73, 75, 78, 77, 79, 80, 0, 43, 44, 46, 49, 50, 48, 47, 45, 42, 41, 89, 90, 86, 84, 83, 85, 82, 81, 87, 88, 9, 10, 7, 8, 2, 1, 3, 6, 5, 4, 0, 91, 92, 93, 94, 95, 96, 99, 100, 97, 98, 61, 62, 63, 64, 65, 67, 68, 66, 69, 70, 31, 39, 40, 35, 36, 37, 38, 34, 33, 32, 0, 21, 23, 25, 27, 29, 30, 28, 26, 24, 22, 16, 20, 19, 17, 18, 15, 14, 13, 11, 12, 0]
Elapsed time: 280.7528796195984

i:0	146376.6904297297
i:50	111943.08728160462
i:100	99160.17769259136
i:150	96448.47309154962
i:200	95436.12491194363
i:250	95270.71481968855
i:300	95189.22746363419
i:350	94128.3871842372
i:400	93818.84247342743
i:450	93487.65296594134
i:500	92070.74458317696
i:550	91917.0094810601
i:600	91303.6531836957
i:650	91047.31342995392
best: 91047.31342995392
routes: [0, 100, 97, 99, 98, 96, 95, 94, 93, 91, 92, 64, 63, 61, 62, 65, 67, 68, 66, 69, 70, 0, 54, 55, 56, 53, 52, 51, 57, 59, 60, 58, 76, 74, 71, 72, 73, 75, 78, 77, 79, 80, 0, 31, 39, 40, 35, 36, 37, 38, 34, 33, 32, 24, 21, 23, 22, 25, 27, 29, 30, 28, 26, 20, 19, 17, 18, 15, 14, 12, 11, 13, 16, 0, 4, 1, 2, 3, 6, 5, 10, 7, 8, 9, 90, 86, 89, 84, 83, 85, 82, 81, 87, 88, 41, 42, 43, 45, 44, 46, 49, 50, 47, 48, 0]
Elapsed time: 313.62815618515015

i:0	146594.26597977756
i:50	106003.18417014863
i:100	96344.72879294476
i:150	94839.27818144337
i:200	94245.57300082437
i:250	93993.15239828284
i:300	93453.13096258389
i:350	93054.37958862336
i:400	92756.98040451546
i:450	92745.91321822858
i:500	92301.12761316613
i:550	92010.15978613222
i:600	92010.15978613222
i:650	91787.93792205182
best: 91702.21050093658
routes: [0, 51, 52, 53, 56, 54, 55, 57, 59, 60, 58, 79, 80, 76, 74, 77, 71, 72, 73, 75, 78, 0, 4, 5, 8, 2, 6, 1, 3, 7, 10, 9, 90, 84, 83, 82, 81, 87, 85, 86, 89, 88, 41, 45, 44, 46, 49, 50, 47, 48, 43, 42, 0, 31, 34, 33, 38, 39, 40, 36, 35, 37, 32, 28, 30, 29, 27, 25, 26, 24, 21, 23, 22, 16, 13, 11, 12, 14, 15, 17, 19, 20, 18, 0, 91, 92, 93, 94, 95, 96, 99, 100, 97, 98, 61, 62, 63, 64, 65, 66, 67, 68, 69, 70, 0]
Elapsed time: 306.9763674736023

mean: 91066.53112586153
std: 2257.018974815965
mean-time: 301.85039469003675
std-time: 17.08622804453512