i:0	82810.34644301035
i:50	65121.727480741305
i:100	65121.727480741305
i:150	65121.727480741305
i:200	65121.727480741305
i:250	65121.727480741305
i:300	65121.727480741305
i:350	65121.727480741305
i:400	65121.727480741305
i:450	65121.727480741305
i:500	65121.727480741305
i:550	65121.727480741305
i:600	65121.727480741305
i:650	65121.727480741305
best: 65121.727480741305
routes: [0, 4, 5, 3, 1, 2, 44, 43, 45, 41, 42, 24, 25, 23, 21, 22, 9, 10, 8, 7, 6, 0, 49, 50, 48, 47, 46, 31, 32, 34, 33, 35, 40, 38, 37, 39, 36, 28, 27, 29, 30, 26, 0, 13, 14, 11, 12, 15, 20, 18, 17, 19, 16, 0]
Elapsed time: 27.56827211380005

i:0	91292.58481593968
i:50	68467.57406068918
i:100	64949.588065939635
i:150	64949.588065939635
i:200	64949.588065939635
i:250	64949.588065939635
i:300	64949.588065939635
i:350	64949.588065939635
i:400	64949.588065939635
i:450	64949.588065939635
i:500	64949.588065939635
i:550	64949.588065939635
i:600	64949.588065939635
i:650	64949.588065939635
best: 64949.588065939635
routes: [0, 26, 28, 27, 29, 30, 39, 36, 38, 37, 40, 33, 34, 31, 32, 35, 50, 49, 48, 47, 46, 0, 4, 5, 3, 1, 2, 44, 43, 42, 45, 41, 21, 22, 24, 25, 23, 6, 8, 7, 9, 10, 0, 13, 14, 11, 12, 15, 20, 18, 17, 19, 16, 0]
Elapsed time: 33.11039352416992

i:0	291986.69563600706
i:50	67512.49872858106
i:100	66947.8237823552
i:150	66947.8237823552
i:200	66947.8237823552
i:250	66947.8237823552
i:300	66947.8237823552
i:350	66947.8237823552
i:400	66947.8237823552
i:450	66947.8237823552
i:500	66947.8237823552
i:550	66947.8237823552
i:600	66947.8237823552
i:650	66947.8237823552
best: 66947.8237823552
routes: [0, 26, 28, 27, 29, 30, 39, 36, 38, 37, 40, 31, 32, 34, 35, 33, 50, 49, 48, 47, 46, 0, 1, 2, 4, 3, 5, 44, 43, 42, 45, 41, 24, 25, 23, 21, 22, 9, 10, 8, 7, 6, 0, 16, 18, 17, 19, 20, 14, 15, 13, 12, 11, 0]
Elapsed time: 32.94849419593811

i:0	86387.51066803126
i:50	68744.66612867496
i:100	68744.66612867496
i:150	68744.66612867496
i:200	68744.66612867496
i:250	68744.66612867496
i:300	68744.66612867496
i:350	68744.66612867496
i:400	68744.66612867496
i:450	68744.66612867496
i:500	68744.66612867496
i:550	68744.66612867496
i:600	68744.66612867496
i:650	68744.66612867496
best: 68744.66612867496
routes: [0, 4, 3, 1, 2, 5, 6, 8, 7, 10, 9, 15, 13, 12, 14, 11, 19, 18, 17, 20, 16, 0, 49, 50, 48, 47, 46, 33, 34, 31, 32, 35, 40, 38, 37, 39, 36, 0, 23, 24, 21, 22, 25, 44, 43, 45, 41, 42, 29, 30, 28, 27, 26, 0]
Elapsed time: 30.04745364189148

i:0	292400.00840717193
i:50	66291.51719741213
i:100	66291.51719741213
i:150	66291.51719741213
i:200	66291.51719741213
i:250	66291.51719741213
i:300	66291.51719741213
i:350	66291.51719741213
i:400	66291.51719741213
i:450	66291.51719741213
i:500	66291.51719741213
i:550	66291.51719741213
i:600	66291.51719741213
i:650	66291.51719741213
best: 66291.51719741213
routes: [0, 26, 28, 27, 29, 30, 39, 36, 38, 37, 40, 33, 34, 31, 32, 35, 50, 49, 48, 47, 46, 0, 3, 1, 2, 4, 5, 6, 8, 7, 10, 9, 25, 23, 22, 24, 21, 41, 42, 45, 43, 44, 0, 12, 15, 13, 14, 11, 18, 17, 20, 19, 16, 0]
Elapsed time: 27.081523895263672

i:0	289282.00231106335
i:50	68194.47749146559
i:100	68098.66070338366
i:150	66884.54127926937
i:200	66884.54127926937
i:250	66884.54127926937
i:300	66884.54127926937
i:350	66884.54127926937
i:400	66884.54127926937
i:450	66884.54127926937
i:500	66884.54127926937
i:550	66884.54127926937
i:600	66884.54127926937
i:650	66884.54127926937
best: 66884.54127926937
routes: [0, 26, 28, 27, 29, 30, 39, 36, 38, 37, 40, 32, 34, 35, 33, 31, 50, 49, 48, 47, 46, 0, 3, 1, 2, 4, 5, 23, 24, 21, 22, 25, 41, 42, 45, 43, 44, 0, 19, 18, 17, 16, 20, 15, 13, 14, 11, 12, 8, 7, 9, 10, 6, 0]
Elapsed time: 31.36829447746277

i:0	110471.128866149
i:50	65958.670847165
i:100	65958.670847165
i:150	65958.670847165
i:200	65958.670847165
i:250	65958.670847165
i:300	65958.670847165
i:350	65958.670847165
i:400	65958.670847165
i:450	65958.670847165
i:500	65958.670847165
i:550	65958.670847165
i:600	65958.670847165
i:650	65958.670847165
best: 65958.670847165
routes: [0, 26, 28, 27, 29, 30, 39, 36, 38, 37, 40, 33, 31, 32, 34, 35, 50, 49, 48, 47, 46, 0, 4, 5, 3, 1, 2, 44, 43, 45, 41, 42, 24, 25, 23, 21, 22, 9, 10, 8, 7, 6, 0, 14, 13, 12, 15, 11, 18, 17, 20, 19, 16, 0]
Elapsed time: 29.879931926727295

i:0	91411.25022395683
i:50	67072.58347631303
i:100	66679.27238087462
i:150	66679.27238087462
i:200	66679.27238087462
i:250	66679.27238087462
i:300	66679.27238087462
i:350	66679.27238087462
i:400	66679.27238087462
i:450	66679.27238087462
i:500	66679.27238087462
i:550	66679.27238087462
i:600	66679.27238087462
i:650	66679.27238087462
best: 66679.27238087462
routes: [0, 4, 5, 3, 1, 2, 44, 43, 45, 41, 42, 25, 23, 21, 22, 24, 9, 10, 8, 7, 6, 0, 26, 28, 27, 29, 30, 39, 36, 38, 37, 40, 33, 31, 32, 34, 35, 50, 49, 48, 47, 46, 0, 14, 13, 12, 15, 11, 18, 17, 20, 19, 16, 0]
Elapsed time: 34.27594757080078

i:0	81594.7467803337
i:50	64568.66658463658
i:100	64406.039313564674
i:150	64406.039313564674
i:200	64406.039313564674
i:250	64406.039313564674
i:300	64406.039313564674
i:350	64406.039313564674
i:400	64406.039313564674
i:450	64406.039313564674
i:500	64406.039313564674
i:550	64406.039313564674
i:600	64406.039313564674
i:650	64406.039313564674
best: 64406.039313564674
routes: [0, 26, 28, 27, 29, 30, 39, 36, 38, 37, 40, 32, 34, 35, 33, 31, 50, 49, 48, 47, 46, 0, 8, 7, 9, 10, 6, 23, 22, 24, 25, 21, 41, 42, 45, 43, 44, 1, 2, 5, 3, 4, 0, 12, 15, 13, 14, 11, 18, 17, 20, 19, 16, 0]
Elapsed time: 26.488996028900146

i:0	295523.7621391608
i:50	66862.2840397406
i:100	66122.87501126685
i:150	66122.87501126685
i:200	65960.24774019494
i:250	65960.24774019494
i:300	65960.24774019494
i:350	65960.24774019494
i:400	65960.24774019494
i:450	65960.24774019494
i:500	65960.24774019494
i:550	65960.24774019494
i:600	65960.24774019494
i:650	65960.24774019494
best: 65960.24774019494
routes: [0, 4, 3, 1, 2, 5, 44, 43, 42, 45, 41, 24, 21, 22, 25, 23, 6, 8, 7, 9, 10, 0, 49, 50, 48, 47, 46, 31, 32, 34, 33, 35, 40, 38, 37, 39, 36, 29, 30, 28, 27, 26, 0, 12, 15, 13, 14, 11, 18, 17, 20, 19, 16, 0]
Elapsed time: 31.97398853302002

i:0	295990.39124745736
i:50	66610.88339005425
i:100	66610.88339005425
i:150	66112.84530732094
i:200	66112.84530732094
i:250	66112.84530732094
i:300	66112.84530732094
i:350	66112.84530732094
i:400	66112.84530732094
i:450	66112.84530732094
i:500	66112.84530732094
i:550	66112.84530732094
i:600	66112.84530732094
i:650	66112.84530732094
best: 66112.84530732094
routes: [0, 4, 5, 3, 1, 2, 23, 24, 21, 22, 25, 41, 42, 45, 43, 44, 29, 30, 28, 27, 26, 0, 49, 50, 48, 47, 46, 34, 35, 33, 32, 31, 40, 38, 37, 39, 36, 0, 16, 18, 17, 19, 20, 15, 13, 14, 11, 12, 10, 9, 8, 7, 6, 0]
Elapsed time: 32.688875675201416

i:0	95177.45271949675
i:50	66682.46241577479
i:100	65973.38826529498
i:150	65973.38826529498
i:200	65973.38826529498
i:250	65973.38826529498
i:300	65973.38826529498
i:350	65973.38826529498
i:400	65973.38826529498
i:450	65973.38826529498
i:500	65973.38826529498
i:550	65973.38826529498
i:600	65973.38826529498
i:650	65973.38826529498
best: 65973.38826529498
routes: [0, 8, 7, 9, 10, 6, 23, 22, 24, 25, 21, 43, 45, 41, 42, 44, 1, 2, 5, 3, 4, 0, 26, 28, 27, 29, 30, 39, 36, 38, 37, 40, 33, 34, 31, 32, 35, 50, 49, 48, 47, 46, 0, 14, 13, 12, 15, 11, 18, 17, 20, 19, 16, 0]
Elapsed time: 35.33093309402466

i:0	84184.45742425598
i:50	66285.41847905914
i:100	65655.2559000588
i:150	65655.2559000588
i:200	65655.2559000588
i:250	65655.2559000588
i:300	65655.2559000588
i:350	65655.2559000588
i:400	65655.2559000588
i:450	65655.2559000588
i:500	65655.2559000588
i:550	65655.2559000588
i:600	65655.2559000588
i:650	65655.2559000588
best: 65655.2559000588
routes: [0, 26, 28, 27, 29, 30, 39, 36, 38, 37, 40, 33, 34, 31, 32, 35, 50, 49, 48, 47, 46, 0, 4, 1, 2, 5, 3, 44, 43, 45, 41, 42, 24, 21, 22, 25, 23, 6, 8, 7, 9, 10, 0, 11, 12, 15, 13, 14, 20, 18, 17, 19, 16, 0]
Elapsed time: 27.66908621788025

i:0	92687.60365640037
i:50	68279.72340605839
i:100	68279.72340605839
i:150	67845.27013404573
i:200	67767.52545751589
i:250	67767.52545751589
i:300	67767.52545751589
i:350	67767.52545751589
i:400	67767.52545751589
i:450	67767.52545751589
i:500	67767.52545751589
i:550	67767.52545751589
i:600	67767.52545751589
i:650	67767.52545751589
best: 67767.52545751589
routes: [0, 26, 28, 27, 29, 30, 39, 36, 38, 37, 40, 31, 32, 34, 35, 33, 50, 49, 48, 47, 46, 0, 6, 8, 7, 9, 10, 15, 13, 12, 14, 11, 18, 17, 20, 19, 16, 0, 44, 43, 42, 45, 41, 24, 25, 23, 21, 22, 5, 3, 1, 2, 4, 0]
Elapsed time: 34.13269829750061

i:0	82128.8506144371
i:50	65933.69266829929
i:100	65933.69266829929
i:150	65933.69266829929
i:200	65933.69266829929
i:250	65933.69266829929
i:300	65933.69266829929
i:350	65933.69266829929
i:400	65933.69266829929
i:450	65933.69266829929
i:500	65933.69266829929
i:550	65933.69266829929
i:600	65933.69266829929
i:650	65933.69266829929
best: 65933.69266829929
routes: [0, 4, 1, 2, 5, 3, 44, 43, 45, 41, 42, 24, 21, 22, 25, 23, 6, 8, 7, 9, 10, 0, 26, 28, 27, 29, 30, 39, 36, 38, 37, 40, 32, 34, 35, 33, 31, 50, 49, 48, 47, 46, 0, 12, 15, 13, 14, 11, 18, 17, 20, 19, 16, 0]
Elapsed time: 28.458763599395752

i:0	285335.44665638945
i:50	64843.14568586166
i:100	64843.14568586166
i:150	64843.14568586166
i:200	64843.14568586166
i:250	64843.14568586166
i:300	64843.14568586166
i:350	64843.14568586166
i:400	64843.14568586166
i:450	64843.14568586166
i:500	64843.14568586166
i:550	64843.14568586166
i:600	64843.14568586166
i:650	64843.14568586166
best: 64843.14568586166
routes: [0, 8, 7, 9, 10, 6, 25, 23, 22, 24, 21, 45, 43, 41, 42, 44, 3, 1, 2, 4, 5, 0, 49, 50, 48, 47, 46, 34, 35, 33, 32, 31, 40, 38, 37, 39, 36, 29, 30, 28, 27, 26, 0, 11, 12, 15, 13, 14, 20, 18, 17, 19, 16, 0]
Elapsed time: 27.311445474624634

i:0	84330.30014771453
i:50	68172.65062583591
i:100	67850.64719245295
i:150	67688.01992138104
i:200	67602.5880069533
i:250	67602.5880069533
i:300	67602.5880069533
i:350	67602.5880069533
i:400	67602.5880069533
i:450	67602.5880069533
i:500	67602.5880069533
i:550	67602.5880069533
i:600	67602.5880069533
i:650	67602.5880069533
best: 67602.5880069533
routes: [0, 4, 1, 2, 5, 3, 44, 43, 42, 45, 41, 24, 23, 21, 22, 25, 9, 10, 8, 7, 6, 0, 26, 28, 27, 29, 30, 39, 36, 38, 37, 40, 31, 32, 34, 35, 33, 50, 49, 48, 47, 46, 0, 12, 15, 13, 14, 11, 18, 17, 20, 19, 16, 0]
Elapsed time: 30.499256372451782

i:0	294802.3353691397
i:50	67571.96570860429
i:100	66815.34828293411
i:150	66815.34828293411
i:200	66815.34828293411
i:250	66815.34828293411
i:300	66815.34828293411
i:350	66815.34828293411
i:400	66815.34828293411
i:450	66815.34828293411
i:500	66815.34828293411
i:550	66815.34828293411
i:600	66815.34828293411
i:650	66815.34828293411
best: 66815.34828293411
routes: [0, 4, 1, 2, 5, 3, 44, 43, 45, 41, 42, 23, 25, 21, 22, 24, 9, 10, 8, 7, 6, 0, 26, 28, 27, 29, 30, 39, 36, 38, 37, 40, 32, 34, 35, 33, 31, 50, 49, 48, 47, 46, 0, 14, 13, 12, 15, 11, 18, 17, 20, 19, 16, 0]
Elapsed time: 29.47001624107361

i:0	93917.54234128415
i:50	65987.34946518755
i:100	65987.34946518755
i:150	65987.34946518755
i:200	65987.34946518755
i:250	65987.34946518755
i:300	65987.34946518755
i:350	65987.34946518755
i:400	65987.34946518755
i:450	65987.34946518755
i:500	65987.34946518755
i:550	65987.34946518755
i:600	65987.34946518755
i:650	65987.34946518755
best: 65987.34946518755
routes: [0, 4, 5, 3, 1, 2, 44, 43, 45, 41, 42, 24, 25, 23, 21, 22, 9, 10, 8, 7, 6, 0, 26, 28, 27, 29, 30, 39, 36, 38, 37, 40, 33, 34, 31, 32, 35, 50, 49, 48, 47, 46, 0, 14, 13, 12, 15, 11, 18, 17, 20, 19, 16, 0]
Elapsed time: 26.91668438911438

i:0	95567.68259274669
i:50	65918.87359138714
i:100	65721.03877491743
i:150	65721.03877491743
i:200	65721.03877491743
i:250	65721.03877491743
i:300	65721.03877491743
i:350	65721.03877491743
i:400	65721.03877491743
i:450	65721.03877491743
i:500	65721.03877491743
i:550	65721.03877491743
i:600	65721.03877491743
i:650	65721.03877491743
best: 65721.03877491743
routes: [0, 4, 5, 3, 2, 1, 39, 36, 38, 37, 40, 32, 34, 35, 33, 31, 50, 49, 48, 47, 46, 0, 8, 7, 9, 10, 6, 25, 23, 22, 24, 21, 45, 43, 41, 42, 44, 29, 30, 28, 27, 26, 0, 14, 13, 12, 15, 11, 18, 17, 20, 19, 16, 0]
Elapsed time: 27.31877303123474

mean: 66217.8136015268
std: 1028.1159043149828
mean-time: 30.226991415023804
std-time: 2.767271351665101