i:0	91969.05816634683
i:50	60223.02053037462
i:100	60214.37596643006
i:150	60214.37596643006
i:200	60214.37596643006
i:250	60214.37596643006
i:300	59830.96060536905
i:350	59830.96060536905
i:400	59830.96060536905
i:450	59830.96060536905
i:500	59830.96060536905
i:550	59830.96060536905
i:600	59830.96060536905
i:650	59830.96060536905
best: 59830.96060536905
routes: [0, 16, 20, 17, 19, 18, 11, 14, 13, 15, 12, 8, 7, 9, 10, 6, 23, 25, 22, 24, 21, 41, 42, 45, 43, 44, 0, 26, 28, 27, 29, 30, 39, 36, 38, 37, 40, 33, 34, 35, 32, 31, 50, 49, 48, 47, 46, 1, 2, 5, 3, 4, 0]
Elapsed time: 32.87008357048035

i:0	81953.60385063972
i:50	59102.24415169984
i:100	58528.924641529404
i:150	58528.924641529404
i:200	58528.924641529404
i:250	58528.924641529404
i:300	58528.924641529404
i:350	58528.924641529404
i:400	58528.924641529404
i:450	58528.924641529404
i:500	58528.924641529404
i:550	58528.924641529404
i:600	58528.924641529404
i:650	58528.924641529404
best: 58528.924641529404
routes: [0, 26, 28, 27, 29, 30, 39, 36, 38, 37, 40, 33, 34, 35, 32, 31, 50, 49, 48, 47, 46, 0, 16, 20, 17, 19, 18, 11, 14, 13, 15, 12, 8, 7, 9, 10, 6, 23, 25, 22, 24, 21, 41, 42, 45, 43, 44, 5, 3, 2, 1, 4, 0]
Elapsed time: 37.95827341079712

i:0	78118.16198934603
i:50	60088.49689459837
i:100	60032.202285036285
i:150	60032.202285036285
i:200	60032.202285036285
i:250	60032.202285036285
i:300	60032.202285036285
i:350	60032.202285036285
i:400	60032.202285036285
i:450	60032.202285036285
i:500	60032.202285036285
i:550	60032.202285036285
i:600	60032.202285036285
i:650	60032.202285036285
best: 60032.202285036285
routes: [0, 27, 26, 28, 30, 29, 39, 36, 38, 37, 40, 33, 34, 35, 32, 31, 46, 48, 47, 49, 50, 0, 4, 5, 3, 1, 2, 44, 43, 45, 41, 42, 21, 24, 25, 23, 22, 6, 8, 7, 9, 10, 12, 11, 14, 13, 15, 20, 18, 17, 19, 16, 0]
Elapsed time: 35.54919791221619

i:0	80881.79961351087
i:50	61002.42803704009
i:100	60217.09473541185
i:150	60077.19044006404
i:200	60077.19044006404
i:250	60077.19044006404
i:300	60077.19044006404
i:350	60077.19044006404
i:400	60077.19044006404
i:450	60077.19044006404
i:500	60077.19044006404
i:550	60077.19044006404
i:600	60077.19044006404
i:650	60077.19044006404
best: 60077.19044006404
routes: [0, 29, 30, 27, 26, 28, 38, 37, 39, 36, 40, 33, 34, 35, 32, 31, 50, 49, 48, 47, 46, 0, 4, 5, 3, 1, 2, 44, 43, 45, 41, 42, 21, 24, 25, 23, 22, 6, 8, 7, 9, 10, 12, 11, 14, 13, 15, 20, 18, 17, 19, 16, 0]
Elapsed time: 44.74606513977051

i:0	85952.5477371861
i:50	64935.004890553464
i:100	63485.2052551208
i:150	61727.6928728109
i:200	61727.6928728109
i:250	61727.6928728109
i:300	61727.6928728109
i:350	61727.6928728109
i:400	61727.6928728109
i:450	61727.6928728109
i:500	61727.6928728109
i:550	61727.6928728109
i:600	61727.6928728109
i:650	61727.6928728109
best: 61727.6928728109
routes: [0, 26, 28, 27, 29, 30, 39, 36, 38, 37, 40, 33, 34, 35, 32, 31, 49, 50, 48, 47, 46, 0, 11, 14, 13, 15, 12, 8, 7, 9, 10, 6, 23, 25, 22, 24, 21, 41, 42, 45, 43, 44, 5, 3, 2, 1, 4, 0, 18, 17, 20, 19, 16, 0]
Elapsed time: 40.944952964782715

i:0	85522.42191730681
i:50	60520.79359284318
i:100	58772.18954653559
i:150	58772.18954653559
i:200	58772.18954653559
i:250	58772.18954653559
i:300	58772.18954653559
i:350	58772.18954653559
i:400	58772.18954653559
i:450	58772.18954653559
i:500	58772.18954653559
i:550	58772.18954653559
i:600	58772.18954653559
i:650	58772.18954653559
best: 58772.18954653559
routes: [0, 49, 50, 48, 47, 46, 33, 34, 35, 32, 31, 40, 38, 37, 39, 36, 29, 30, 28, 27, 26, 1, 2, 5, 3, 4, 0, 16, 20, 17, 19, 18, 11, 14, 13, 15, 12, 8, 7, 9, 10, 6, 23, 25, 22, 24, 21, 41, 42, 45, 43, 44, 0]
Elapsed time: 48.3041250705719

i:0	80515.72691569518
i:50	60140.79145217741
i:100	60140.79145217741
i:150	60140.79145217741
i:200	60133.85798080088
i:250	60133.85798080088
i:300	60133.85798080088
i:350	60133.85798080088
i:400	60133.85798080088
i:450	60133.85798080088
i:500	60133.85798080088
i:550	60133.85798080088
i:600	60133.85798080088
i:650	60133.85798080088
best: 60133.85798080088
routes: [0, 26, 28, 27, 30, 29, 39, 37, 36, 40, 38, 34, 35, 33, 32, 31, 50, 49, 48, 47, 46, 0, 4, 5, 3, 1, 2, 44, 43, 45, 41, 42, 21, 24, 25, 23, 22, 6, 8, 7, 9, 10, 12, 15, 13, 14, 11, 18, 17, 20, 19, 16, 0]
Elapsed time: 34.077882528305054

i:0	81946.93815582397
i:50	59581.74836264974
i:100	59047.02274909364
i:150	59047.02274909364
i:200	59047.02274909364
i:250	59047.02274909364
i:300	59047.02274909364
i:350	59047.02274909364
i:400	59047.02274909364
i:450	59047.02274909364
i:500	59047.02274909364
i:550	59047.02274909364
i:600	59047.02274909364
i:650	59047.02274909364
best: 59047.02274909364
routes: [0, 1, 2, 4, 3, 5, 23, 25, 22, 24, 21, 41, 42, 45, 43, 44, 39, 40, 38, 37, 36, 29, 30, 28, 27, 26, 0, 50, 49, 48, 47, 46, 31, 32, 35, 33, 34, 16, 18, 17, 19, 20, 15, 13, 14, 11, 12, 8, 7, 9, 10, 6, 0]
Elapsed time: 42.73754906654358

i:0	84184.33704598926
i:50	61419.595791527725
i:100	61419.595791527725
i:150	61419.595791527725
i:200	61419.595791527725
i:250	61419.595791527725
i:300	61419.595791527725
i:350	61419.595791527725
i:400	61419.595791527725
i:450	61419.595791527725
i:500	61419.595791527725
i:550	61419.595791527725
i:600	61419.595791527725
i:650	61419.595791527725
best: 61419.595791527725
routes: [0, 26, 28, 27, 29, 30, 39, 36, 38, 37, 40, 33, 34, 35, 32, 31, 50, 49, 48, 47, 46, 1, 2, 5, 3, 4, 0, 23, 25, 22, 24, 21, 41, 42, 45, 43, 44, 6, 8, 7, 9, 10, 12, 11, 14, 13, 15, 20, 18, 17, 19, 16, 0]
Elapsed time: 35.25582456588745

i:0	87948.12184575226
i:50	58537.56920547397
i:100	58528.924641529404
i:150	58528.924641529404
i:200	58528.924641529404
i:250	58528.924641529404
i:300	58528.924641529404
i:350	58528.924641529404
i:400	58528.924641529404
i:450	58528.924641529404
i:500	58528.924641529404
i:550	58528.924641529404
i:600	58528.924641529404
i:650	58528.924641529404
best: 58528.924641529404
routes: [0, 26, 28, 27, 29, 30, 39, 36, 38, 37, 40, 33, 34, 35, 32, 31, 50, 49, 48, 47, 46, 0, 16, 20, 17, 19, 18, 11, 14, 13, 15, 12, 8, 7, 9, 10, 6, 23, 25, 22, 24, 21, 41, 42, 45, 43, 44, 5, 3, 2, 1, 4, 0]
Elapsed time: 42.167420625686646

i:0	83647.5932414731
i:50	59994.24992542133
i:100	59937.955315859246
i:150	59937.955315859246
i:200	59937.955315859246
i:250	59887.64170484242
i:300	59887.64170484242
i:350	59887.64170484242
i:400	59887.64170484242
i:450	59887.64170484242
i:500	59887.64170484242
i:550	59887.64170484242
i:600	59887.64170484242
i:650	59887.64170484242
best: 59887.64170484242
routes: [0, 29, 30, 27, 26, 28, 40, 38, 37, 39, 36, 31, 32, 34, 35, 33, 47, 46, 50, 49, 48, 0, 4, 3, 5, 1, 2, 44, 43, 45, 41, 42, 21, 24, 25, 23, 22, 6, 8, 7, 9, 10, 12, 11, 14, 13, 15, 20, 18, 17, 19, 16, 0]
Elapsed time: 34.894508600234985

i:0	81855.87926776288
i:50	62504.372301536336
i:100	62504.372301536336
i:150	62504.372301536336
i:200	62504.372301536336
i:250	62495.72773759177
i:300	62495.72773759177
i:350	62495.72773759177
i:400	62495.72773759177
i:450	62495.72773759177
i:500	62495.72773759177
i:550	62495.72773759177
i:600	62495.72773759177
i:650	62495.72773759177
best: 62495.72773759177
routes: [0, 26, 28, 27, 29, 30, 39, 36, 38, 37, 40, 33, 34, 35, 32, 31, 50, 49, 48, 47, 46, 0, 8, 7, 9, 10, 6, 23, 22, 24, 25, 21, 41, 42, 45, 43, 44, 11, 14, 13, 12, 15, 20, 18, 17, 19, 16, 0, 4, 5, 3, 1, 2, 0]
Elapsed time: 34.715331077575684

i:0	77042.13436504376
i:50	60152.70347039621
i:100	59025.473567100096
i:150	59025.473567100096
i:200	59025.473567100096
i:250	59025.473567100096
i:300	59025.473567100096
i:350	59025.473567100096
i:400	59025.473567100096
i:450	59025.473567100096
i:500	59025.473567100096
i:550	59025.473567100096
i:600	59025.473567100096
i:650	59025.473567100096
best: 59025.473567100096
routes: [0, 4, 3, 1, 2, 5, 23, 22, 24, 25, 21, 41, 42, 45, 43, 44, 39, 40, 38, 37, 36, 29, 30, 28, 27, 26, 0, 50, 49, 48, 47, 46, 31, 32, 35, 33, 34, 16, 18, 17, 19, 20, 15, 13, 14, 11, 12, 8, 7, 9, 10, 6, 0]
Elapsed time: 44.10806083679199

i:0	81069.90400310014
i:50	62067.75930656611
i:100	62067.75930656611
i:150	62067.75930656611
i:200	62067.75930656611
i:250	62067.75930656611
i:300	62067.75930656611
i:350	62067.75930656611
i:400	62067.75930656611
i:450	62067.75930656611
i:500	62067.75930656611
i:550	62067.75930656611
i:600	62067.75930656611
i:650	62067.75930656611
best: 62067.75930656611
routes: [0, 26, 28, 27, 29, 30, 39, 36, 38, 37, 40, 33, 34, 35, 32, 31, 47, 46, 50, 49, 48, 0, 11, 14, 13, 15, 12, 8, 7, 9, 10, 6, 23, 25, 22, 24, 21, 41, 42, 45, 43, 44, 5, 3, 2, 1, 4, 0, 18, 17, 20, 19, 16, 0]
Elapsed time: 32.776811361312866

i:0	87170.79868735594
i:50	58541.737781532174
i:100	58541.737781532174
i:150	58541.737781532174
i:200	58541.737781532174
i:250	58528.924641529404
i:300	58528.924641529404
i:350	58528.924641529404
i:400	58528.924641529404
i:450	58528.924641529404
i:500	58528.924641529404
i:550	58528.924641529404
i:600	58528.924641529404
i:650	58528.924641529404
best: 58528.924641529404
routes: [0, 26, 28, 27, 29, 30, 39, 36, 38, 37, 40, 33, 34, 35, 32, 31, 50, 49, 48, 47, 46, 0, 16, 20, 17, 19, 18, 11, 14, 13, 15, 12, 8, 7, 9, 10, 6, 23, 25, 22, 24, 21, 41, 42, 45, 43, 44, 5, 3, 2, 1, 4, 0]
Elapsed time: 39.022656202316284

i:0	84175.42779064772
i:50	60841.325564831044
i:100	60194.38593403212
i:150	60194.38593403212
i:200	60194.38593403212
i:250	60194.38593403212
i:300	60194.38593403212
i:350	60194.38593403212
i:400	60194.38593403212
i:450	60194.38593403212
i:500	60194.38593403212
i:550	60194.38593403212
i:600	60194.38593403212
i:650	60194.38593403212
best: 60194.38593403212
routes: [0, 49, 50, 48, 47, 46, 33, 34, 35, 32, 31, 40, 38, 37, 39, 36, 29, 30, 28, 27, 26, 1, 2, 5, 3, 4, 0, 8, 7, 9, 10, 6, 23, 25, 22, 24, 21, 41, 42, 45, 43, 44, 11, 14, 13, 12, 15, 20, 18, 17, 19, 16, 0]
Elapsed time: 40.666115522384644

i:0	84219.71742962577
i:50	59979.647686184726
i:100	59979.647686184726
i:150	59979.647686184726
i:200	59979.647686184726
i:250	59979.647686184726
i:300	59979.647686184726
i:350	59979.647686184726
i:400	59979.647686184726
i:450	59979.647686184726
i:500	59979.647686184726
i:550	59979.647686184726
i:600	59979.647686184726
i:650	59979.647686184726
best: 59979.647686184726
routes: [0, 26, 28, 27, 29, 30, 39, 36, 38, 37, 40, 33, 34, 35, 32, 31, 47, 46, 48, 50, 49, 0, 4, 5, 3, 1, 2, 44, 43, 45, 41, 42, 21, 24, 25, 23, 22, 6, 8, 7, 9, 10, 12, 15, 13, 14, 11, 18, 17, 20, 19, 16, 0]
Elapsed time: 35.933953285217285

i:0	83957.22977040852
i:50	58528.924641529404
i:100	58528.924641529404
i:150	58528.924641529404
i:200	58528.924641529404
i:250	58528.924641529404
i:300	58528.924641529404
i:350	58528.924641529404
i:400	58528.924641529404
i:450	58528.924641529404
i:500	58528.924641529404
i:550	58528.924641529404
i:600	58528.924641529404
i:650	58528.924641529404
best: 58528.924641529404
routes: [0, 26, 28, 27, 29, 30, 39, 36, 38, 37, 40, 33, 34, 35, 32, 31, 50, 49, 48, 47, 46, 0, 16, 20, 17, 19, 18, 11, 14, 13, 15, 12, 8, 7, 9, 10, 6, 23, 25, 22, 24, 21, 41, 42, 45, 43, 44, 5, 3, 2, 1, 4, 0]
Elapsed time: 33.08204388618469

i:0	85737.6008374374
i:50	59935.87566741249
i:100	59935.87566741249
i:150	59935.87566741249
i:200	59935.87566741249
i:250	59935.87566741249
i:300	59935.87566741249
i:350	59935.87566741249
i:400	59935.87566741249
i:450	59935.87566741249
i:500	59935.87566741249
i:550	59935.87566741249
i:600	59935.87566741249
i:650	59935.87566741249
best: 59935.87566741249
routes: [0, 26, 28, 27, 29, 30, 39, 36, 38, 37, 40, 32, 31, 34, 35, 33, 49, 47, 46, 48, 50, 0, 4, 5, 3, 1, 2, 44, 43, 45, 41, 42, 21, 24, 25, 23, 22, 6, 8, 7, 9, 10, 12, 11, 14, 13, 15, 20, 18, 17, 19, 16, 0]
Elapsed time: 35.598270416259766

i:0	80871.75000693614
i:50	59218.88688162343
i:100	58550.38234547674
i:150	58541.737781532174
i:200	58528.924641529404
i:250	58528.924641529404
i:300	58528.924641529404
i:350	58528.924641529404
i:400	58528.924641529404
i:450	58528.924641529404
i:500	58528.924641529404
i:550	58528.924641529404
i:600	58528.924641529404
i:650	58528.924641529404
best: 58528.924641529404
routes: [0, 26, 28, 27, 29, 30, 39, 36, 38, 37, 40, 33, 34, 35, 32, 31, 50, 49, 48, 47, 46, 0, 16, 20, 17, 19, 18, 11, 14, 13, 15, 12, 8, 7, 9, 10, 6, 23, 25, 22, 24, 21, 41, 42, 45, 43, 44, 5, 3, 2, 1, 4, 0]
Elapsed time: 44.67097306251526

mean: 59863.59235413074
std: 1212.9806875860713
mean-time: 38.50400495529175
std-time: 4.594716858615061