i:0	63329.681495115525
i:50	48173.32924076375
i:100	48102.40077626882
i:150	47884.95881936667
i:200	47884.95881936667
i:250	47884.95881936667
i:300	47884.95881936667
i:350	47884.95881936667
i:400	47884.95881936667
i:450	47884.95881936667
i:500	47884.95881936667
i:550	47884.95881936667
i:600	47884.95881936667
i:650	47884.95881936667
best: 47452.57257813824
routes: [0, 4, 1, 2, 3, 6, 5, 10, 7, 8, 9, 50, 46, 49, 44, 43, 45, 42, 41, 47, 48, 21, 22, 23, 25, 24, 26, 29, 30, 27, 28, 0, 12, 15, 17, 19, 20, 18, 16, 14, 13, 11, 31, 32, 33, 34, 35, 38, 37, 36, 39, 40, 0]
Elapsed time: 155.1491620540619

i:0	66525.96642468646
i:50	50902.15981324228
i:100	49978.467826630826
i:150	49610.268421729634
i:200	49101.07098176858
i:250	48789.94166739064
i:300	48789.94166739064
i:350	47884.95881936667
i:400	47884.95881936667
i:450	47884.95881936667
i:500	47884.95881936667
i:550	47853.65450487724
i:600	47097.32280534731
i:650	47097.32280534731
best: 47097.32280534731
routes: [0, 4, 1, 2, 3, 6, 5, 10, 7, 8, 9, 50, 44, 46, 49, 45, 43, 42, 41, 47, 48, 21, 22, 23, 25, 24, 26, 29, 30, 27, 28, 0, 12, 15, 17, 19, 20, 18, 16, 14, 13, 11, 31, 32, 33, 34, 35, 38, 37, 36, 39, 40, 0]
Elapsed time: 178.96636390686035

i:0	67550.98887420769
i:50	50426.17775187756
i:100	48735.20964965384
i:150	48295.25870403218
i:200	47935.86721712905
i:250	47732.91187671073
i:300	47732.91187671073
i:350	47732.91187671073
i:400	47462.414977465945
i:450	47441.431504002016
i:500	46986.680501161914
i:550	46986.680501161914
i:600	46986.680501161914
i:650	46986.680501161914
best: 46986.680501161914
routes: [0, 23, 22, 25, 27, 29, 30, 28, 26, 24, 21, 48, 47, 41, 42, 43, 45, 46, 49, 50, 44, 8, 7, 9, 10, 5, 6, 2, 1, 3, 4, 0, 12, 15, 17, 19, 20, 18, 16, 14, 13, 11, 31, 32, 33, 34, 35, 38, 37, 36, 39, 40, 0]
Elapsed time: 177.8955807685852

i:0	67511.19687158566
i:50	51318.55405858261
i:100	49458.96400053728
i:150	49100.7808291947
i:200	48923.1564944211
i:250	48813.86818266532
i:300	48624.71281082959
i:350	48447.24479411007
i:400	48130.634521186425
i:450	48130.634521186425
i:500	48130.634521186425
i:550	48130.634521186425
i:600	48128.72592542405
i:650	48128.72592542405
best: 48128.72592542405
routes: [0, 4, 5, 10, 9, 7, 8, 6, 3, 2, 1, 39, 40, 36, 37, 38, 35, 34, 33, 31, 32, 0, 50, 44, 46, 45, 43, 42, 41, 47, 49, 48, 21, 22, 23, 25, 27, 24, 26, 29, 30, 28, 15, 17, 19, 20, 18, 16, 14, 11, 13, 12, 0]
Elapsed time: 185.7365424633026

i:0	68702.31217785866
i:50	49719.456854961914
i:100	49657.81042556481
i:150	48988.97365901689
i:200	47870.1581497869
i:250	47588.415192265085
i:300	47528.6728953105
i:350	47528.6728953105
i:400	47528.6728953105
i:450	47206.06659384623
i:500	46413.90235937284
i:550	46058.652586581906
i:600	46058.652586581906
i:650	46058.652586581906
best: 46058.652586581906
routes: [0, 4, 1, 2, 3, 6, 5, 10, 7, 8, 9, 50, 44, 46, 49, 45, 43, 42, 41, 47, 48, 21, 22, 23, 25, 24, 26, 29, 30, 27, 28, 0, 11, 13, 12, 15, 17, 19, 20, 18, 16, 14, 39, 40, 36, 37, 38, 35, 34, 33, 31, 32, 0]
Elapsed time: 172.2803726196289

i:0	64182.188482851256
i:50	49842.019264458344
i:100	49445.31756411192
i:150	49184.38080603634
i:200	48938.67384771607
i:250	48789.73111892806
i:300	48733.125395220486
i:350	48538.67348938826
i:400	48335.10621941807
i:450	48335.10621941807
i:500	47691.41128182575
i:550	47691.41128182575
i:600	47691.41128182575
i:650	47691.41128182575
best: 47039.36834944662
routes: [0, 4, 5, 10, 6, 3, 1, 2, 8, 7, 9, 50, 44, 46, 49, 45, 43, 42, 41, 47, 48, 21, 22, 23, 25, 24, 26, 29, 30, 27, 28, 0, 12, 15, 17, 19, 20, 18, 16, 14, 13, 11, 31, 32, 33, 34, 35, 38, 37, 36, 39, 40, 0]
Elapsed time: 176.29096746444702

i:0	66673.89502120746
i:50	50284.92567561257
i:100	49107.30233960357
i:150	48809.49350648398
i:200	48782.225437697736
i:250	48701.658716743004
i:300	48701.658716743004
i:350	48701.658716743004
i:400	48701.658716743004
i:450	48701.658716743004
i:500	47760.49689052241
i:550	47690.68258845403
i:600	47690.68258845403
i:650	47690.68258845403
best: 47690.68258845403
routes: [0, 4, 5, 10, 8, 2, 1, 3, 6, 7, 9, 23, 24, 26, 29, 30, 28, 27, 25, 22, 21, 49, 50, 44, 46, 45, 43, 42, 41, 47, 48, 0, 12, 13, 15, 17, 19, 20, 18, 16, 14, 11, 31, 32, 33, 34, 35, 38, 37, 36, 39, 40, 0]
Elapsed time: 164.18054342269897

i:0	69744.39817429113
i:50	49455.490161233094
i:100	47710.65865879426
i:150	47398.26199130838
i:200	46605.30774848035
i:250	46605.30774848035
i:300	46605.30774848035
i:350	46605.30774848035
i:400	46605.30774848035
i:450	46605.30774848035
i:500	46605.30774848035
i:550	46605.30774848035
i:600	46605.30774848035
i:650	46605.30774848035
best: 46605.30774848035
routes: [0, 4, 1, 2, 3, 6, 5, 10, 7, 8, 9, 50, 44, 46, 49, 45, 43, 42, 41, 47, 48, 21, 24, 26, 29, 30, 28, 27, 25, 23, 22, 0, 12, 13, 15, 17, 19, 20, 18, 16, 14, 11, 39, 40, 36, 37, 38, 35, 34, 33, 31, 32, 0]
Elapsed time: 147.09601640701294

i:0	65253.07406723757
i:50	49365.60704255411
i:100	48548.54156349166
i:150	48336.80117601607
i:200	48167.430771383864
i:250	48167.430771383864
i:300	48134.31153210708
i:350	47994.80178319974
i:400	47860.38019458727
i:450	47753.37361299191
i:500	47255.16594149661
i:550	47255.16594149661
i:600	47101.75162342597
i:650	47101.75162342597
best: 47101.75162342597
routes: [0, 23, 22, 25, 27, 29, 30, 28, 26, 24, 21, 48, 47, 41, 42, 43, 45, 46, 49, 50, 44, 9, 10, 7, 8, 2, 1, 3, 6, 5, 4, 0, 12, 15, 17, 19, 20, 18, 16, 14, 13, 11, 31, 32, 33, 34, 35, 38, 37, 36, 39, 40, 0]
Elapsed time: 186.0303816795349

i:0	62340.118561953364
i:50	50034.360511609586
i:100	48583.0217991104
i:150	48279.639655005754
i:200	48053.82050991403
i:250	47916.55233311636
i:300	47916.55233311636
i:350	47911.12694489992
i:400	47880.952213672674
i:450	47880.952213672674
i:500	47879.04361791028
i:550	47879.04361791028
i:600	47619.02494444557
i:650	47475.53116770266
best: 47445.648141112266
routes: [0, 50, 44, 46, 45, 43, 42, 41, 47, 49, 48, 21, 22, 23, 25, 24, 26, 29, 30, 27, 28, 11, 13, 12, 15, 17, 19, 20, 18, 16, 14, 0, 4, 3, 6, 5, 10, 9, 7, 8, 2, 1, 31, 32, 33, 34, 35, 38, 37, 36, 39, 40, 0]
Elapsed time: 184.31573367118835

i:0	67148.81262201269
i:50	50514.98732398722
i:100	49231.54084010565
i:150	48006.210965301085
i:200	47795.41321034177
i:250	47046.71994463893
i:300	47035.93469985132
i:350	47008.93837328505
i:400	47008.93837328505
i:450	47008.93837328505
i:500	47008.93837328505
i:550	47008.93837328505
i:600	47008.93837328505
i:650	47008.93837328505
best: 47008.93837328505
routes: [0, 4, 3, 1, 2, 8, 6, 5, 10, 7, 9, 50, 44, 46, 49, 45, 43, 42, 41, 47, 48, 21, 22, 23, 25, 24, 26, 29, 30, 27, 28, 0, 11, 12, 13, 15, 17, 19, 20, 18, 16, 14, 31, 32, 33, 34, 35, 38, 37, 36, 39, 40, 0]
Elapsed time: 159.74335312843323

i:0	67347.52963668741
i:50	49680.92289116676
i:100	49046.342675339576
i:150	48089.583962892066
i:200	47956.587270412274
i:250	47666.073393451865
i:300	47666.073393451865
i:350	47523.60802880564
i:400	47523.60802880564
i:450	47069.95674259111
i:500	46999.028278096186
i:550	46999.028278096186
i:600	46999.028278096186
i:650	46999.028278096186
best: 46999.028278096186
routes: [0, 23, 24, 26, 29, 30, 28, 27, 25, 22, 21, 48, 47, 41, 42, 43, 45, 46, 49, 50, 44, 9, 10, 7, 8, 2, 1, 3, 6, 5, 4, 0, 12, 13, 15, 17, 19, 20, 18, 16, 14, 11, 31, 32, 33, 34, 35, 38, 37, 36, 39, 40, 0]
Elapsed time: 169.51880884170532

i:0	66728.22788352857
i:50	52040.0631214864
i:100	49193.4538239719
i:150	48697.415179930176
i:200	48378.73971440739
i:250	48138.151025045314
i:300	47947.095883521164
i:350	47907.19634691438
i:400	47873.64599744968
i:450	47223.75761292501
i:500	47038.229217214976
i:550	47038.229217214976
i:600	47038.229217214976
i:650	47000.99822494516
best: 46291.01200896541
routes: [0, 23, 24, 26, 29, 30, 28, 27, 25, 22, 21, 48, 47, 41, 42, 43, 45, 46, 49, 50, 44, 9, 10, 5, 6, 7, 8, 2, 1, 3, 4, 0, 11, 13, 12, 16, 15, 17, 19, 20, 18, 14, 39, 40, 36, 37, 38, 35, 34, 33, 31, 32, 0]
Elapsed time: 191.04330921173096

i:0	63211.22677025481
i:50	51835.98352555206
i:100	50193.27961873682
i:150	49806.605815343224
i:200	49806.605815343224
i:250	49609.61611722178
i:300	49609.61611722178
i:350	49609.61611722178
i:400	49609.05224724233
i:450	49609.05224724233
i:500	49609.05224724233
i:550	49609.05224724233
i:600	49609.05224724233
i:650	49609.05224724233
best: 49609.05224724233
routes: [0, 11, 13, 12, 15, 19, 17, 20, 18, 16, 14, 39, 40, 36, 37, 38, 35, 34, 33, 32, 31, 0, 4, 1, 3, 6, 7, 8, 5, 2, 10, 9, 49, 50, 46, 44, 43, 45, 42, 41, 47, 48, 21, 22, 23, 28, 27, 25, 24, 26, 29, 30, 0]
Elapsed time: 170.6854259967804

i:0	67796.23118625642
i:50	50614.18763428005
i:100	50021.5969573011
i:150	50018.38833660994
i:200	49993.924646863095
i:250	49784.2385735493
i:300	49784.2385735493
i:350	49777.64375938958
i:400	49777.64375938958
i:450	49494.36996971491
i:500	49220.36845318352
i:550	49217.71658168211
i:600	49217.71658168211
i:650	49217.71658168211
best: 49217.71658168211
routes: [0, 12, 13, 16, 15, 17, 19, 20, 18, 14, 11, 31, 32, 33, 34, 35, 37, 38, 36, 39, 40, 0, 4, 2, 10, 3, 1, 5, 6, 7, 8, 9, 46, 49, 50, 44, 43, 45, 42, 41, 47, 48, 21, 24, 26, 29, 30, 28, 27, 25, 23, 22, 0]
Elapsed time: 174.02251982688904

i:0	62697.68006454705
i:50	50390.2581472623
i:100	49183.81118755719
i:150	48619.90794462277
i:200	48555.47643523012
i:250	48018.59550191662
i:300	47986.32544003171
i:350	47419.07703327032
i:400	47419.07703327032
i:450	47346.96800473028
i:500	46991.71823193935
i:550	46991.71823193935
i:600	46991.71823193935
i:650	46991.71823193935
best: 46991.71823193935
routes: [0, 4, 1, 2, 3, 6, 5, 10, 7, 8, 9, 50, 44, 46, 49, 45, 43, 42, 41, 47, 48, 21, 22, 23, 25, 24, 26, 29, 30, 27, 28, 0, 11, 12, 13, 15, 17, 19, 20, 18, 16, 14, 31, 32, 33, 34, 35, 38, 37, 36, 39, 40, 0]
Elapsed time: 182.65049695968628

i:0	65498.11502365414
i:50	49358.844273854185
i:100	48347.77939297082
i:150	47952.03733010486
i:200	47466.526250263094
i:250	47466.526250263094
i:300	47262.28919227423
i:350	47262.28919227423
i:400	47202.54689531964
i:450	47202.54689531964
i:500	46648.208389018975
i:550	46292.95861622804
i:600	46292.95861622804
i:650	46292.95861622804
best: 46292.95861622804
routes: [0, 4, 1, 2, 3, 6, 5, 10, 7, 8, 9, 50, 44, 46, 49, 45, 43, 42, 41, 47, 48, 21, 22, 23, 25, 24, 26, 29, 30, 27, 28, 0, 12, 13, 15, 17, 19, 20, 18, 16, 14, 11, 39, 40, 36, 37, 38, 35, 34, 33, 31, 32, 0]
Elapsed time: 171.51338028907776

i:0	66234.84276597982
i:50	50668.67013776835
i:100	50066.88826995736
i:150	49377.241380725536
i:200	49358.782039124126
i:250	49195.97351701007
i:300	48480.522123145296
i:350	48423.91639943772
i:400	47932.61073511965
i:450	47861.68227062472
i:500	47286.6519339972
i:550	47275.86668920959
i:600	47275.86668920959
i:650	47275.86668920959
best: 46933.76377603866
routes: [0, 4, 5, 10, 6, 3, 1, 2, 8, 7, 9, 50, 44, 46, 49, 45, 43, 42, 41, 47, 48, 21, 22, 23, 25, 24, 26, 29, 30, 27, 28, 0, 11, 12, 13, 15, 17, 19, 20, 18, 16, 14, 31, 32, 33, 34, 35, 38, 37, 36, 39, 40, 0]
Elapsed time: 190.79090809822083

i:0	66616.87691992572
i:50	49195.10880078047
i:100	46703.70653317864
i:150	46515.03726878973
i:200	46334.22716052213
i:250	46334.22716052213
i:300	46334.22716052213
i:350	46201.23046804234
i:400	46058.765103396116
i:450	46058.765103396116
i:500	46058.765103396116
i:550	46058.765103396116
i:600	46058.765103396116
i:650	46058.765103396116
best: 46058.765103396116
routes: [0, 23, 24, 26, 29, 30, 28, 27, 25, 22, 21, 48, 47, 41, 42, 45, 43, 44, 46, 49, 50, 8, 7, 9, 10, 5, 6, 2, 1, 3, 4, 0, 11, 13, 12, 15, 17, 19, 20, 18, 16, 14, 39, 40, 36, 37, 38, 35, 34, 33, 31, 32, 0]
Elapsed time: 150.60379719734192

i:0	66727.78721871048
i:50	50392.52893681267
i:100	49745.526126689554
i:150	49401.776912447596
i:200	49358.161394829345
i:250	49103.94858472821
i:300	48869.13641684512
i:350	48869.13641684512
i:400	48869.13641684512
i:450	48869.13641684512
i:500	48869.13641684512
i:550	48355.687211798926
i:600	47790.91586654982
i:650	47435.66609375888
best: 47435.66609375888
routes: [0, 4, 3, 1, 2, 8, 6, 5, 10, 7, 9, 50, 44, 46, 49, 45, 43, 42, 41, 47, 48, 21, 25, 24, 26, 29, 30, 27, 28, 23, 22, 0, 11, 12, 13, 15, 17, 19, 20, 18, 16, 14, 31, 32, 33, 34, 35, 38, 37, 36, 39, 40, 0]
Elapsed time: 172.55668783187866

mean: 47222.26660791024
std: 895.4933270394685
mean-time: 173.05351759195327
std-time: 12.312248359569962