i:0	67076.46926897696
i:50	52409.062561190265
i:100	51852.038327615795
i:150	50827.81355083673
i:200	50458.97118409643
i:250	50458.97118409643
i:300	50458.97118409643
i:350	50183.236276333424
i:400	50099.056447276016
i:450	50053.376481616535
i:500	50053.376481616535
i:550	50053.376481616535
i:600	49727.91471429869
i:650	49727.91471429869
best: 49338.95712503661
routes: [0, 4, 3, 6, 5, 10, 9, 7, 8, 2, 1, 31, 32, 33, 34, 35, 38, 36, 37, 39, 40, 0, 23, 24, 26, 29, 30, 28, 27, 25, 22, 21, 48, 47, 41, 42, 43, 45, 46, 49, 50, 44, 0, 11, 13, 12, 15, 17, 19, 20, 18, 16, 14, 0]
Elapsed time: 166.7005696296692

i:0	69409.29322290607
i:50	51996.07132731756
i:100	51266.29886569351
i:150	51266.29886569351
i:200	50921.18648074095
i:250	50605.351820796604
i:300	50565.45228418982
i:350	50565.45228418982
i:400	50141.01237594218
i:450	50141.01237594218
i:500	50141.01237594218
i:550	50141.01237594218
i:600	50141.01237594218
i:650	50141.01237594218
best: 49844.75911373431
routes: [0, 15, 17, 19, 20, 18, 16, 14, 13, 12, 11, 39, 40, 36, 37, 38, 35, 34, 33, 31, 32, 0, 23, 24, 26, 29, 30, 28, 27, 25, 22, 21, 48, 47, 41, 42, 43, 45, 46, 49, 50, 44, 0, 5, 10, 9, 7, 8, 2, 1, 3, 6, 4, 0]
Elapsed time: 153.55712842941284

i:0	66287.14687678225
i:50	52175.67982204404
i:100	51683.068407261286
i:150	51489.28197840742
i:200	51066.8847378049
i:250	50787.58659382979
i:300	50499.890965637416
i:350	50499.890965637416
i:400	50499.890965637416
i:450	50499.890965637416
i:500	50499.890965637416
i:550	49837.94322910504
i:600	49471.59016461842
i:650	49471.59016461842
best: 49471.59016461842
routes: [0, 23, 22, 25, 27, 29, 30, 28, 26, 24, 21, 48, 47, 41, 42, 43, 45, 46, 49, 50, 44, 0, 4, 5, 6, 7, 10, 9, 8, 2, 3, 1, 31, 32, 33, 34, 35, 38, 36, 37, 39, 40, 0, 11, 13, 12, 15, 17, 19, 20, 18, 16, 14, 0]
Elapsed time: 160.12459874153137

i:0	68567.63385183827
i:50	51437.19529918718
i:100	51204.2366547399
i:150	50935.70106109978
i:200	50648.581515087055
i:250	50577.83987111118
i:300	50577.83987111118
i:350	50577.83987111118
i:400	50577.83987111118
i:450	50577.83987111118
i:500	50577.83987111118
i:550	50577.83987111118
i:600	50577.83987111118
i:650	50577.83987111118
best: 50577.83987111118
routes: [0, 23, 22, 25, 27, 29, 30, 28, 26, 24, 21, 48, 47, 41, 42, 43, 45, 46, 49, 50, 44, 0, 4, 5, 6, 10, 9, 7, 8, 2, 3, 1, 31, 33, 35, 38, 37, 39, 40, 36, 34, 32, 0, 11, 13, 12, 15, 17, 19, 20, 18, 16, 14, 0]
Elapsed time: 140.03551173210144

i:0	67445.35297744612
i:50	53438.136753428655
i:100	52039.976116212194
i:150	51087.6511136172
i:200	51020.40206183501
i:250	51020.40206183501
i:300	51020.40206183501
i:350	50628.76054814402
i:400	50628.76054814402
i:450	50628.76054814402
i:500	50213.935791987795
i:550	49991.77867129538
i:600	49991.77867129538
i:650	49991.77867129538
best: 49991.77867129538
routes: [0, 50, 46, 49, 44, 43, 45, 42, 41, 47, 48, 21, 22, 23, 25, 24, 26, 29, 30, 27, 28, 0, 1, 3, 4, 6, 5, 10, 9, 7, 8, 2, 31, 32, 33, 34, 35, 38, 36, 37, 39, 40, 0, 11, 13, 12, 15, 17, 19, 20, 18, 16, 14, 0]
Elapsed time: 143.4701669216156

i:0	67477.75657854552
i:50	52649.09399707668
i:100	51069.45150093816
i:150	49627.04984279311
i:200	49627.04984279311
i:250	49627.04984279311
i:300	49627.04984279311
i:350	49627.04984279311
i:400	49627.04984279311
i:450	49627.04984279311
i:500	49627.04984279311
i:550	49422.81278480424
i:600	49422.81278480424
i:650	49422.81278480424
best: 49422.81278480424
routes: [0, 12, 13, 15, 17, 19, 20, 18, 16, 14, 11, 39, 40, 36, 37, 38, 35, 34, 33, 31, 32, 0, 23, 22, 25, 27, 29, 30, 28, 26, 24, 21, 48, 47, 41, 42, 43, 45, 46, 49, 50, 44, 0, 3, 6, 5, 10, 9, 7, 8, 2, 1, 4, 0]
Elapsed time: 138.70230054855347

i:0	65798.73142984405
i:50	50629.44216165118
i:100	50464.418016615564
i:150	50464.418016615564
i:200	49850.64967659853
i:250	49850.64967659853
i:300	49850.64967659853
i:350	49794.747551627544
i:400	49794.747551627544
i:450	49794.747551627544
i:500	49565.13804550322
i:550	49565.13804550322
i:600	49565.13804550322
i:650	49565.13804550322
best: 49565.13804550322
routes: [0, 23, 22, 25, 27, 29, 30, 28, 26, 24, 21, 48, 47, 41, 42, 43, 45, 46, 49, 50, 44, 0, 4, 3, 6, 5, 10, 9, 7, 8, 2, 1, 31, 32, 33, 34, 35, 38, 36, 37, 39, 40, 0, 11, 13, 15, 17, 19, 20, 18, 16, 14, 12, 0]
Elapsed time: 141.98272609710693

i:0	70739.18272252657
i:50	52460.62594882112
i:100	51909.4432423152
i:150	51190.28327597359
i:200	50321.657557770974
i:250	50321.657557770974
i:300	50321.657557770974
i:350	49981.746496358624
i:400	49801.85875514537
i:450	49801.85875514537
i:500	49801.85875514537
i:550	49801.85875514537
i:600	49801.85875514537
i:650	49801.85875514537
best: 49801.85875514537
routes: [0, 4, 3, 6, 5, 10, 9, 7, 8, 2, 1, 31, 32, 33, 34, 35, 38, 36, 37, 39, 40, 0, 23, 24, 26, 29, 30, 28, 27, 25, 22, 21, 47, 48, 45, 42, 41, 43, 44, 46, 49, 50, 0, 11, 15, 17, 19, 20, 18, 16, 14, 13, 12, 0]
Elapsed time: 155.52969789505005

i:0	67814.98150725037
i:50	51850.367440106
i:100	50288.545946289094
i:150	50122.02188712634
i:200	50122.02188712634
i:250	50117.087024088934
i:300	49942.13414591309
i:350	49942.13414591309
i:400	49942.13414591309
i:450	49942.13414591309
i:500	49942.13414591309
i:550	49942.13414591309
i:600	49942.13414591309
i:650	49942.13414591309
best: 49942.13414591309
routes: [0, 4, 3, 8, 7, 9, 10, 5, 6, 2, 1, 31, 32, 33, 34, 35, 36, 37, 38, 39, 40, 0, 23, 24, 26, 29, 30, 28, 27, 25, 22, 21, 47, 48, 45, 42, 41, 43, 44, 46, 49, 50, 0, 11, 13, 12, 15, 17, 19, 20, 18, 16, 14, 0]
Elapsed time: 147.64844965934753

i:0	65404.514591079336
i:50	52654.22942112265
i:100	52544.19071310966
i:150	51978.84657412568
i:200	50583.90719100622
i:250	50481.38720560848
i:300	50294.302805960484
i:350	50294.302805960484
i:400	50294.302805960484
i:450	50214.03808329636
i:500	49947.869506811796
i:550	49801.85875514537
i:600	49767.69132615751
i:650	49767.69132615751
best: 49767.69132615751
routes: [0, 4, 3, 6, 5, 10, 9, 7, 8, 2, 1, 31, 32, 33, 34, 35, 38, 36, 37, 39, 40, 0, 23, 22, 25, 27, 29, 30, 28, 26, 24, 21, 47, 48, 45, 42, 41, 43, 44, 46, 49, 50, 0, 11, 15, 17, 19, 20, 18, 16, 14, 13, 12, 0]
Elapsed time: 160.29404282569885

i:0	67009.8091678054
i:50	52068.88623870229
i:100	51525.06021921216
i:150	50428.75321117915
i:200	50350.15264840218
i:250	50338.676873085264
i:300	50338.676873085264
i:350	50338.676873085264
i:400	50338.676873085264
i:450	50338.676873085264
i:500	50338.676873085264
i:550	50335.818924013685
i:600	50335.818924013685
i:650	50335.818924013685
best: 50335.818924013685
routes: [0, 50, 46, 49, 44, 43, 45, 42, 41, 47, 48, 21, 25, 24, 26, 29, 30, 27, 28, 23, 22, 0, 4, 6, 5, 10, 9, 7, 8, 3, 2, 1, 31, 32, 33, 34, 35, 38, 36, 37, 39, 40, 0, 11, 13, 12, 15, 17, 19, 20, 18, 16, 14, 0]
Elapsed time: 149.08336067199707

i:0	66504.67463483845
i:50	52506.60676935819
i:100	51467.018605795165
i:150	50956.748451479754
i:200	50956.748451479754
i:250	50565.62555512403
i:300	50171.8764045156
i:350	50171.8764045156
i:400	50171.8764045156
i:450	50171.8764045156
i:500	50171.8764045156
i:550	50171.8764045156
i:600	50171.8764045156
i:650	50171.8764045156
best: 50171.8764045156
routes: [0, 4, 3, 6, 5, 10, 9, 7, 8, 2, 1, 31, 32, 33, 34, 35, 38, 36, 37, 39, 40, 0, 50, 46, 49, 44, 43, 45, 42, 41, 47, 48, 21, 25, 24, 26, 29, 30, 27, 28, 23, 22, 0, 11, 13, 12, 15, 17, 19, 20, 18, 16, 14, 0]
Elapsed time: 147.0186984539032

i:0	67510.21284959585
i:50	51365.65621628145
i:100	50244.03761757099
i:150	50244.03761757099
i:200	50244.03761757099
i:250	49904.12655615864
i:300	49904.12655615864
i:350	49904.12655615864
i:400	49904.12655615864
i:450	49904.12655615864
i:500	49904.12655615864
i:550	49904.12655615864
i:600	49904.12655615864
i:650	49904.12655615864
best: 49904.12655615864
routes: [0, 50, 44, 43, 42, 41, 47, 45, 46, 49, 48, 21, 22, 23, 25, 24, 26, 29, 30, 27, 28, 0, 4, 3, 6, 5, 10, 9, 7, 8, 2, 1, 31, 32, 33, 34, 35, 38, 36, 37, 39, 40, 0, 11, 13, 12, 15, 17, 19, 20, 18, 16, 14, 0]
Elapsed time: 137.04824829101562

i:0	68957.04378014049
i:50	52525.8191656788
i:100	50640.60530649066
i:150	49437.8748343366
i:200	49437.8748343366
i:250	49437.8748343366
i:300	49437.8748343366
i:350	49437.8748343366
i:400	49437.8748343366
i:450	49233.637776347736
i:500	49233.637776347736
i:550	49233.637776347736
i:600	49233.637776347736
i:650	49233.637776347736
best: 49233.637776347736
routes: [0, 23, 24, 26, 29, 30, 28, 27, 25, 22, 21, 48, 47, 41, 42, 43, 45, 46, 49, 50, 44, 0, 12, 13, 15, 17, 19, 20, 18, 16, 14, 11, 39, 40, 36, 37, 38, 35, 34, 33, 31, 32, 0, 1, 2, 8, 7, 9, 10, 5, 6, 3, 4, 0]
Elapsed time: 142.58734488487244

i:0	65286.34144489613
i:50	51738.16589103762
i:100	51435.423104570364
i:150	51232.21715084234
i:200	50595.92293041338
i:250	50569.277581737246
i:300	50569.277581737246
i:350	50569.277581737246
i:400	50528.56809949608
i:450	50225.31099750002
i:500	50225.31099750002
i:550	50225.31099750002
i:600	50036.12404868096
i:650	50036.12404868096
best: 49813.96692798855
routes: [0, 4, 3, 6, 5, 10, 9, 7, 8, 2, 1, 31, 32, 33, 34, 35, 38, 36, 37, 39, 40, 0, 50, 46, 49, 44, 43, 45, 42, 41, 47, 48, 21, 22, 23, 25, 24, 26, 29, 30, 27, 28, 0, 11, 13, 12, 15, 17, 19, 20, 18, 16, 14, 0]
Elapsed time: 156.7988612651825

i:0	64944.78198044621
i:50	52422.49937031221
i:100	50984.86148113453
i:150	50949.7036324762
i:200	50949.7036324762
i:250	50949.7036324762
i:300	50949.7036324762
i:350	50949.7036324762
i:400	50949.7036324762
i:450	50949.7036324762
i:500	50949.7036324762
i:550	50745.46657448733
i:600	50745.46657448733
i:650	50494.766627041405
best: 50494.766627041405
routes: [0, 50, 46, 49, 44, 43, 45, 42, 41, 47, 48, 21, 25, 24, 26, 29, 30, 27, 28, 23, 22, 0, 12, 15, 17, 19, 20, 18, 16, 14, 13, 11, 39, 40, 36, 37, 38, 35, 34, 33, 31, 32, 0, 4, 1, 3, 6, 5, 10, 9, 7, 8, 2, 0]
Elapsed time: 129.5144398212433

i:0	67348.83290736903
i:50	52748.13946526195
i:100	51814.02479612423
i:150	51090.27174934779
i:200	51090.27174934779
i:250	50860.2122376798
i:300	50432.80229951897
i:350	50264.122437527745
i:400	50182.13480034738
i:450	50182.13480034738
i:500	50182.13480034738
i:550	50182.13480034738
i:600	50036.12404868096
i:650	50036.12404868096
best: 50036.12404868096
routes: [0, 4, 3, 6, 5, 10, 9, 7, 8, 2, 1, 31, 32, 33, 34, 35, 38, 36, 37, 39, 40, 0, 50, 46, 49, 44, 43, 45, 42, 41, 47, 48, 21, 22, 23, 25, 24, 26, 29, 30, 27, 28, 0, 11, 13, 12, 15, 16, 17, 19, 20, 18, 14, 0]
Elapsed time: 157.56664323806763

i:0	67263.82977590193
i:50	53226.1969192854
i:100	51884.74766681537
i:150	51096.100146637094
i:200	50972.63177799378
i:250	50894.893995472856
i:300	50759.91444098008
i:350	50759.91444098008
i:400	50581.16608438546
i:450	50581.16608438546
i:500	50515.654596270135
i:550	50436.20488354888
i:600	50436.20488354888
i:650	50436.20488354888
best: 50344.384572955954
routes: [0, 4, 3, 6, 5, 10, 9, 7, 8, 2, 1, 31, 32, 33, 34, 35, 38, 36, 37, 39, 40, 0, 50, 46, 49, 44, 43, 45, 42, 41, 47, 48, 21, 22, 23, 27, 25, 24, 26, 29, 30, 28, 0, 11, 13, 15, 17, 19, 20, 18, 16, 14, 12, 0]
Elapsed time: 153.2385938167572

i:0	68568.73456692633
i:50	53975.26347512229
i:100	51483.565849029095
i:150	50260.303657837925
i:200	50143.8033444561
i:250	50025.430329679184
i:300	50025.430329679184
i:350	49799.98185340215
i:400	49799.98185340215
i:450	49390.91081622151
i:500	49390.91081622151
i:550	49205.416605699946
i:600	49205.416605699946
i:650	49205.416605699946
best: 49205.416605699946
routes: [0, 11, 13, 12, 15, 17, 19, 20, 18, 16, 14, 39, 40, 36, 37, 38, 35, 34, 33, 31, 32, 0, 23, 22, 25, 27, 29, 30, 28, 26, 24, 21, 47, 41, 42, 43, 45, 48, 46, 49, 50, 44, 0, 1, 3, 2, 8, 7, 9, 10, 5, 6, 4, 0]
Elapsed time: 159.61082005500793

i:0	65813.0493801423
i:50	52474.52894547864
i:100	52255.962522453454
i:150	51479.946084745854
i:200	51479.946084745854
i:250	51479.946084745854
i:300	51479.946084745854
i:350	51444.00769131404
i:400	51227.040499640905
i:450	51227.040499640905
i:500	51097.27482990626
i:550	50875.117709213846
i:600	50875.117709213846
i:650	50875.117709213846
best: 50599.2886764686
routes: [0, 4, 1, 3, 6, 5, 10, 9, 7, 8, 2, 31, 33, 35, 38, 37, 39, 40, 36, 34, 32, 0, 23, 24, 26, 29, 30, 28, 27, 25, 22, 21, 48, 47, 41, 42, 43, 45, 46, 49, 50, 44, 0, 11, 13, 12, 15, 17, 19, 20, 18, 16, 14, 0]
Elapsed time: 144.22233414649963

mean: 49893.19835615952
std: 423.886252203102
mean-time: 149.23672685623168
std-time: 9.354505187103207