i:0	75873.14817152677
i:50	57486.62786785349
i:100	57486.62786785349
i:150	56438.39514356859
i:200	56438.39514356859
i:250	56438.39514356859
i:300	56438.39514356859
i:350	56438.39514356859
i:400	56438.39514356859
i:450	56438.39514356859
i:500	56438.39514356859
i:550	56438.39514356859
i:600	56438.39514356859
i:650	56438.39514356859
best: 56438.39514356859
routes: [0, 39, 40, 38, 37, 36, 28, 30, 29, 27, 26, 45, 41, 44, 43, 42, 21, 24, 25, 23, 22, 5, 1, 4, 3, 2, 0, 46, 48, 47, 49, 50, 34, 35, 33, 31, 32, 19, 18, 17, 20, 16, 15, 13, 11, 12, 14, 8, 7, 9, 10, 6, 0]
Elapsed time: 38.15091800689697

i:0	81685.83108883863
i:50	56676.697031187556
i:100	56438.39514356859
i:150	56438.39514356859
i:200	56438.39514356859
i:250	56438.39514356859
i:300	56438.39514356859
i:350	56438.39514356859
i:400	56438.39514356859
i:450	56438.39514356859
i:500	56438.39514356859
i:550	56438.39514356859
i:600	56438.39514356859
i:650	56438.39514356859
best: 56438.39514356859
routes: [0, 39, 40, 38, 37, 36, 28, 30, 29, 27, 26, 45, 41, 44, 43, 42, 21, 24, 25, 23, 22, 5, 1, 4, 3, 2, 0, 46, 48, 47, 49, 50, 34, 35, 33, 31, 32, 19, 18, 17, 20, 16, 15, 13, 11, 12, 14, 8, 7, 9, 10, 6, 0]
Elapsed time: 33.87412762641907

i:0	83152.12716747084
i:50	54481.181572381785
i:100	54481.181572381785
i:150	54481.181572381785
i:200	54481.181572381785
i:250	54481.181572381785
i:300	54481.181572381785
i:350	54481.181572381785
i:400	54481.181572381785
i:450	54481.181572381785
i:500	54481.181572381785
i:550	54481.181572381785
i:600	54481.181572381785
i:650	54481.181572381785
best: 54481.181572381785
routes: [0, 45, 41, 44, 43, 42, 27, 26, 30, 29, 28, 39, 40, 38, 37, 36, 33, 32, 31, 34, 35, 48, 47, 49, 50, 46, 0, 19, 18, 17, 20, 16, 15, 13, 11, 12, 14, 6, 8, 10, 9, 7, 23, 25, 22, 21, 24, 5, 1, 4, 3, 2, 0]
Elapsed time: 30.913052797317505

i:0	79456.42498818453
i:50	61009.59512744793
i:100	57952.26640381919
i:150	57952.26640381919
i:200	57952.26640381919
i:250	57952.26640381919
i:300	57952.26640381919
i:350	57952.26640381919
i:400	57952.26640381919
i:450	57952.26640381919
i:500	57952.26640381919
i:550	57952.26640381919
i:600	57952.26640381919
i:650	57952.26640381919
best: 57952.26640381919
routes: [0, 46, 48, 47, 49, 50, 34, 35, 33, 31, 32, 19, 18, 17, 20, 16, 15, 13, 11, 12, 14, 8, 7, 9, 10, 6, 0, 45, 41, 44, 43, 42, 39, 40, 38, 37, 36, 28, 30, 29, 27, 26, 3, 4, 1, 2, 5, 23, 25, 22, 21, 24, 0]
Elapsed time: 48.154258251190186

i:0	81128.40744617967
i:50	59346.54508190103
i:100	59225.12611864683
i:150	59225.12611864683
i:200	59225.12611864683
i:250	59225.12611864683
i:300	59225.12611864683
i:350	59225.12611864683
i:400	59225.12611864683
i:450	59225.12611864683
i:500	59225.12611864683
i:550	59225.12611864683
i:600	59225.12611864683
i:650	59225.12611864683
best: 59225.12611864683
routes: [0, 23, 25, 22, 24, 21, 43, 42, 41, 44, 45, 27, 29, 30, 26, 28, 39, 40, 38, 37, 36, 3, 4, 5, 1, 2, 0, 6, 8, 7, 9, 10, 14, 13, 11, 12, 15, 17, 16, 20, 19, 18, 50, 49, 47, 46, 48, 34, 35, 33, 31, 32, 0]
Elapsed time: 33.31582522392273

i:0	83604.81954260211
i:50	56707.09496124374
i:100	56707.09496124374
i:150	56561.48113645789
i:200	56561.48113645789
i:250	56561.48113645789
i:300	56561.48113645789
i:350	56561.48113645789
i:400	56561.48113645789
i:450	56561.48113645789
i:500	56561.48113645789
i:550	56561.48113645789
i:600	56561.48113645789
i:650	56561.48113645789
best: 56561.48113645789
routes: [0, 5, 1, 2, 4, 3, 39, 40, 38, 37, 36, 28, 30, 29, 27, 26, 45, 41, 44, 43, 42, 21, 24, 25, 23, 22, 7, 9, 8, 10, 6, 0, 11, 12, 14, 13, 15, 16, 20, 17, 19, 18, 34, 35, 33, 32, 31, 48, 47, 49, 50, 46, 0]
Elapsed time: 34.4661386013031

i:0	80831.1263467913
i:50	56205.17460017408
i:100	56205.17460017408
i:150	56205.17460017408
i:200	56205.17460017408
i:250	56205.17460017408
i:300	56205.17460017408
i:350	56205.17460017408
i:400	56205.17460017408
i:450	56205.17460017408
i:500	56205.17460017408
i:550	56205.17460017408
i:600	56205.17460017408
i:650	56205.17460017408
best: 56205.17460017408
routes: [0, 5, 1, 2, 4, 3, 39, 40, 38, 37, 36, 28, 30, 29, 27, 26, 45, 41, 44, 43, 42, 21, 24, 25, 23, 22, 7, 9, 8, 10, 6, 0, 11, 12, 14, 13, 15, 16, 20, 17, 19, 18, 50, 49, 47, 46, 48, 34, 35, 33, 31, 32, 0]
Elapsed time: 36.329068422317505

i:0	78682.4567055404
i:50	55690.48206645055
i:100	55690.48206645055
i:150	55690.48206645055
i:200	54522.48508310111
i:250	54522.48508310111
i:300	54522.48508310111
i:350	54522.48508310111
i:400	54522.48508310111
i:450	54522.48508310111
i:500	54522.48508310111
i:550	54522.48508310111
i:600	54522.48508310111
i:650	54522.48508310111
best: 54522.48508310111
routes: [0, 45, 41, 44, 43, 42, 21, 24, 25, 23, 22, 7, 9, 8, 10, 6, 14, 13, 11, 12, 15, 17, 16, 20, 19, 18, 0, 5, 1, 2, 4, 3, 27, 26, 30, 29, 28, 39, 37, 36, 40, 38, 33, 32, 31, 34, 35, 48, 47, 49, 50, 46, 0]
Elapsed time: 32.81598663330078

i:0	77999.4600819256
i:50	55514.63071034917
i:100	55514.63071034917
i:150	55514.63071034917
i:200	55514.63071034917
i:250	55514.63071034917
i:300	55514.63071034917
i:350	55514.63071034917
i:400	55514.63071034917
i:450	55514.63071034917
i:500	55514.63071034917
i:550	55514.63071034917
i:600	55514.63071034917
i:650	55514.63071034917
best: 55514.63071034917
routes: [0, 19, 18, 17, 20, 16, 15, 13, 11, 12, 14, 6, 8, 10, 9, 7, 23, 25, 22, 24, 21, 43, 42, 45, 41, 44, 0, 46, 48, 47, 49, 50, 34, 35, 33, 32, 31, 40, 38, 37, 39, 36, 28, 30, 29, 27, 26, 3, 4, 5, 1, 2, 0]
Elapsed time: 37.21453380584717

i:0	84956.96761398765
i:50	55024.50798951213
i:100	55024.50798951213
i:150	55024.50798951213
i:200	55024.50798951213
i:250	55024.50798951213
i:300	55024.50798951213
i:350	55024.50798951213
i:400	55024.50798951213
i:450	55024.50798951213
i:500	55024.50798951213
i:550	55024.50798951213
i:600	55024.50798951213
i:650	55024.50798951213
best: 55024.50798951213
routes: [0, 46, 48, 47, 49, 50, 34, 35, 33, 32, 31, 40, 38, 37, 39, 36, 28, 30, 29, 27, 26, 0, 19, 18, 17, 20, 16, 15, 13, 11, 12, 14, 6, 10, 9, 8, 7, 23, 25, 22, 24, 21, 43, 42, 45, 41, 44, 4, 3, 2, 5, 1, 0]
Elapsed time: 34.908047914505005

i:0	84185.93966612508
i:50	54897.0999892011
i:100	54522.48508310111
i:150	54522.48508310111
i:200	54522.48508310111
i:250	54522.48508310111
i:300	54522.48508310111
i:350	54522.48508310111
i:400	54522.48508310111
i:450	54522.48508310111
i:500	54522.48508310111
i:550	54522.48508310111
i:600	54522.48508310111
i:650	54522.48508310111
best: 54522.48508310111
routes: [0, 45, 41, 44, 43, 42, 21, 24, 25, 23, 22, 7, 9, 8, 10, 6, 14, 13, 11, 12, 15, 17, 16, 20, 19, 18, 0, 5, 1, 2, 4, 3, 27, 26, 30, 29, 28, 39, 37, 36, 40, 38, 33, 32, 31, 34, 35, 48, 47, 49, 50, 46, 0]
Elapsed time: 33.05870175361633

i:0	80624.47955623311
i:50	54726.20129474638
i:100	54726.20129474638
i:150	54678.73610806599
i:200	54678.73610806599
i:250	54678.73610806599
i:300	54678.73610806599
i:350	54678.73610806599
i:400	54678.73610806599
i:450	54678.73610806599
i:500	54678.73610806599
i:550	54678.73610806599
i:600	54678.73610806599
i:650	54678.73610806599
best: 54678.73610806599
routes: [0, 45, 41, 44, 43, 42, 27, 26, 30, 29, 28, 39, 40, 38, 37, 36, 33, 32, 31, 34, 35, 48, 47, 49, 50, 46, 0, 1, 2, 4, 3, 5, 23, 25, 22, 21, 24, 7, 9, 8, 10, 6, 11, 12, 14, 13, 15, 17, 16, 20, 19, 18, 0]
Elapsed time: 32.00443768501282

i:0	82835.58357005936
i:50	58936.02881311413
i:100	58936.02881311413
i:150	57913.079196707375
i:200	57913.079196707375
i:250	57913.079196707375
i:300	57913.079196707375
i:350	57913.079196707375
i:400	57913.079196707375
i:450	57913.079196707375
i:500	57913.079196707375
i:550	57913.079196707375
i:600	57913.079196707375
i:650	57913.079196707375
best: 57913.079196707375
routes: [0, 23, 25, 22, 24, 21, 43, 42, 41, 44, 45, 27, 29, 30, 26, 28, 39, 40, 38, 37, 36, 0, 46, 48, 47, 49, 50, 34, 35, 33, 31, 32, 19, 18, 17, 20, 16, 15, 13, 11, 12, 14, 8, 7, 9, 10, 6, 5, 1, 4, 3, 2, 0]
Elapsed time: 33.2518527507782

i:0	82334.11216782061
i:50	54708.43299896906
i:100	54708.43299896906
i:150	54673.89895120451
i:200	54673.89895120451
i:250	54673.89895120451
i:300	54673.89895120451
i:350	54673.89895120451
i:400	54673.89895120451
i:450	54673.89895120451
i:500	54673.89895120451
i:550	54673.89895120451
i:600	54673.89895120451
i:650	54673.89895120451
best: 54673.89895120451
routes: [0, 46, 48, 47, 49, 50, 34, 35, 33, 32, 31, 40, 38, 37, 39, 36, 28, 30, 29, 27, 26, 3, 4, 5, 1, 2, 0, 45, 41, 44, 43, 42, 21, 24, 25, 23, 22, 7, 9, 8, 10, 6, 11, 12, 14, 13, 15, 17, 16, 20, 19, 18, 0]
Elapsed time: 35.6845543384552

i:0	77915.6964884616
i:50	55456.913886177965
i:100	55456.913886177965
i:150	55456.913886177965
i:200	55456.913886177965
i:250	55319.808857180964
i:300	55300.61254753244
i:350	55300.61254753244
i:400	55300.61254753244
i:450	55300.61254753244
i:500	55300.61254753244
i:550	55300.61254753244
i:600	55300.61254753244
i:650	55300.61254753244
best: 55300.61254753244
routes: [0, 19, 18, 20, 17, 16, 15, 13, 11, 12, 14, 6, 8, 10, 9, 7, 25, 23, 24, 21, 22, 5, 2, 4, 3, 1, 0, 45, 41, 44, 43, 42, 27, 26, 30, 29, 28, 39, 40, 38, 37, 36, 33, 32, 31, 34, 35, 48, 47, 49, 50, 46, 0]
Elapsed time: 31.901111364364624

i:0	86248.34851959684
i:50	54995.31114645394
i:100	54673.89895120451
i:150	54673.89895120451
i:200	54673.89895120451
i:250	54673.89895120451
i:300	54673.89895120451
i:350	54673.89895120451
i:400	54673.89895120451
i:450	54673.89895120451
i:500	54673.89895120451
i:550	54673.89895120451
i:600	54673.89895120451
i:650	54673.89895120451
best: 54673.89895120451
routes: [0, 46, 48, 47, 49, 50, 34, 35, 33, 32, 31, 40, 38, 37, 39, 36, 28, 30, 29, 27, 26, 3, 4, 5, 1, 2, 0, 45, 41, 44, 43, 42, 21, 24, 25, 23, 22, 7, 9, 8, 10, 6, 11, 12, 14, 13, 15, 17, 16, 20, 19, 18, 0]
Elapsed time: 34.25956153869629

i:0	75805.22786195576
i:50	57938.36822634279
i:100	57938.36822634279
i:150	57938.36822634279
i:200	57938.36822634279
i:250	57938.36822634279
i:300	57938.36822634279
i:350	57938.36822634279
i:400	57938.36822634279
i:450	57938.36822634279
i:500	57938.36822634279
i:550	57938.36822634279
i:600	57938.36822634279
i:650	57938.36822634279
best: 57938.36822634279
routes: [0, 46, 48, 47, 49, 50, 34, 35, 33, 32, 31, 40, 38, 37, 39, 36, 28, 30, 29, 27, 26, 45, 41, 44, 43, 42, 0, 23, 25, 22, 21, 24, 7, 9, 8, 10, 6, 11, 12, 14, 13, 15, 17, 16, 20, 19, 18, 5, 1, 4, 3, 2, 0]
Elapsed time: 35.19113206863403

i:0	79994.11091770648
i:50	57288.79797225504
i:100	57218.39823965974
i:150	57218.39823965974
i:200	57218.39823965974
i:250	57218.39823965974
i:300	57218.39823965974
i:350	57218.39823965974
i:400	57218.39823965974
i:450	57218.39823965974
i:500	57218.39823965974
i:550	57218.39823965974
i:600	57218.39823965974
i:650	57218.39823965974
best: 57218.39823965974
routes: [0, 46, 48, 47, 49, 50, 34, 35, 33, 31, 32, 19, 18, 17, 20, 16, 15, 13, 11, 12, 14, 8, 7, 9, 10, 6, 0, 22, 21, 24, 25, 23, 45, 41, 44, 43, 42, 39, 40, 38, 37, 36, 28, 30, 29, 27, 26, 3, 4, 5, 1, 2, 0]
Elapsed time: 35.997493743896484

i:0	78885.32431768169
i:50	55468.41464252872
i:100	55214.820955026415
i:150	55123.47897214774
i:200	55123.47897214774
i:250	55123.47897214774
i:300	55123.47897214774
i:350	55123.47897214774
i:400	55123.47897214774
i:450	55123.47897214774
i:500	55123.47897214774
i:550	55123.47897214774
i:600	55123.47897214774
i:650	55123.47897214774
best: 55123.47897214774
routes: [0, 19, 18, 17, 20, 16, 15, 13, 11, 12, 14, 6, 10, 9, 8, 7, 23, 25, 22, 21, 24, 4, 3, 2, 5, 1, 0, 45, 43, 42, 41, 44, 27, 26, 30, 29, 28, 39, 40, 38, 37, 36, 33, 32, 31, 34, 35, 48, 47, 49, 50, 46, 0]
Elapsed time: 35.27878499031067

i:0	92631.37871184743
i:50	54673.89895120451
i:100	54673.89895120451
i:150	54673.89895120451
i:200	54673.89895120451
i:250	54673.89895120451
i:300	54673.89895120451
i:350	54673.89895120451
i:400	54673.89895120451
i:450	54673.89895120451
i:500	54673.89895120451
i:550	54673.89895120451
i:600	54673.89895120451
i:650	54673.89895120451
best: 54673.89895120451
routes: [0, 46, 48, 47, 49, 50, 34, 35, 33, 32, 31, 40, 38, 37, 39, 36, 28, 30, 29, 27, 26, 3, 4, 5, 1, 2, 0, 45, 41, 44, 43, 42, 21, 24, 25, 23, 22, 7, 9, 8, 10, 6, 11, 12, 14, 13, 15, 17, 16, 20, 19, 18, 0]
Elapsed time: 30.58761167526245

mean: 55954.024956437504
std: 1413.3783057687242
mean-time: 34.867859959602356
std-time: 3.620436082760773