i:0	63652.99108534835
i:50	50821.8311544704
i:100	49756.72033382337
i:150	48420.500165030324
i:200	47984.41960667568
i:250	47984.41960667568
i:300	47970.610630320974
i:350	47874.51737041521
i:400	47874.51737041521
i:450	47874.51737041521
i:500	47874.51737041521
i:550	47874.51737041521
i:600	47874.51737041521
i:650	47874.51737041521
best: 47874.51737041521
routes: [0, 21, 22, 23, 26, 24, 25, 27, 29, 30, 28, 39, 40, 36, 37, 34, 31, 32, 33, 35, 38, 0, 41, 42, 43, 44, 45, 46, 47, 48, 49, 50, 11, 19, 18, 20, 15, 16, 17, 12, 13, 14, 0, 1, 2, 3, 5, 4, 7, 9, 10, 8, 6, 0]
Elapsed time: 158.8119375705719

i:0	67423.9755745888
i:50	50677.721697425404
i:100	49892.676625999826
i:150	49608.38770013291
i:200	49096.582684013636
i:250	49026.058844226245
i:300	49008.208072087196
i:350	48916.15660796578
i:400	48916.15660796578
i:450	48916.15660796578
i:500	48875.65565777722
i:550	48875.65565777722
i:600	48875.65565777722
i:650	48875.65565777722
best: 47874.51737041521
routes: [0, 21, 22, 23, 26, 24, 25, 27, 29, 30, 28, 39, 40, 36, 37, 34, 31, 32, 33, 35, 38, 0, 41, 42, 43, 44, 45, 46, 47, 48, 49, 50, 11, 19, 18, 20, 15, 16, 17, 12, 13, 14, 0, 1, 2, 3, 5, 4, 7, 9, 10, 8, 6, 0]
Elapsed time: 152.96562433242798

i:0	66109.36565109495
i:50	51474.853678786516
i:100	49710.29859423527
i:150	48921.19060714206
i:200	48608.540973100025
i:250	48608.540973100025
i:300	48608.540973100025
i:350	48608.540973100025
i:400	48264.74958482526
i:450	48093.528775691426
i:500	47968.43280800288
i:550	47968.43280800288
i:600	47968.43280800288
i:650	47968.43280800288
best: 47968.43280800288
routes: [0, 21, 22, 23, 26, 24, 25, 27, 29, 30, 28, 39, 37, 34, 36, 31, 32, 33, 35, 38, 40, 0, 41, 42, 43, 44, 45, 46, 47, 48, 49, 50, 11, 13, 14, 18, 19, 20, 15, 16, 17, 12, 0, 1, 2, 3, 5, 4, 7, 9, 10, 8, 6, 0]
Elapsed time: 163.0260534286499

i:0	66486.22561270757
i:50	49795.619603154206
i:100	48512.5901153825
i:150	48512.5901153825
i:200	47876.08440101288
i:250	47876.08440101288
i:300	47876.08440101288
i:350	47876.08440101288
i:400	47876.08440101288
i:450	47876.08440101288
i:500	47876.08440101288
i:550	47876.08440101288
i:600	47320.03042503672
i:650	47320.03042503672
best: 47320.03042503672
routes: [0, 41, 42, 43, 44, 45, 46, 47, 48, 49, 50, 11, 19, 20, 15, 16, 17, 18, 14, 13, 12, 0, 21, 22, 23, 26, 24, 25, 27, 29, 30, 28, 36, 34, 31, 32, 33, 35, 38, 37, 39, 40, 0, 1, 2, 3, 5, 4, 7, 9, 10, 8, 6, 0]
Elapsed time: 129.23784589767456

i:0	65415.40167113634
i:50	51191.86431369669
i:100	50704.642649975256
i:150	50167.27995702226
i:200	50084.29366471115
i:250	49847.21233264185
i:300	49426.833102595236
i:350	49342.23808509525
i:400	49342.23808509525
i:450	49342.23808509525
i:500	49342.23808509525
i:550	49342.23808509525
i:600	49342.23808509525
i:650	49342.23808509525
best: 49342.23808509525
routes: [0, 21, 22, 23, 26, 24, 25, 27, 29, 30, 28, 31, 32, 33, 35, 38, 37, 34, 36, 39, 40, 0, 13, 14, 12, 17, 15, 16, 20, 19, 18, 11, 50, 49, 47, 48, 46, 45, 44, 43, 41, 42, 0, 1, 2, 3, 5, 4, 7, 9, 10, 8, 6, 0]
Elapsed time: 156.93300557136536

i:0	71725.95196807655
i:50	48774.29031194191
i:100	48159.064384466175
i:150	47905.187600633006
i:200	47898.12594700829
i:250	47898.12594700829
i:300	47891.890942809776
i:350	47891.890942809776
i:400	47891.890942809776
i:450	47891.890942809776
i:500	47891.890942809776
i:550	47891.890942809776
i:600	47891.890942809776
i:650	47678.21273394891
best: 47678.21273394891
routes: [0, 41, 42, 43, 44, 45, 46, 47, 48, 49, 50, 11, 19, 20, 15, 16, 17, 18, 14, 13, 12, 0, 21, 22, 23, 26, 25, 24, 27, 29, 30, 28, 36, 39, 37, 34, 31, 32, 33, 35, 38, 40, 0, 1, 2, 3, 5, 4, 7, 9, 10, 8, 6, 0]
Elapsed time: 146.02815628051758

i:0	71323.58306107167
i:50	51516.978105667506
i:100	49556.10783523464
i:150	49187.87851908141
i:200	49000.635658928266
i:250	49000.635658928266
i:300	49000.635658928266
i:350	49000.635658928266
i:400	49000.635658928266
i:450	49000.635658928266
i:500	49000.635658928266
i:550	49000.635658928266
i:600	49000.635658928266
i:650	48156.73674208606
best: 48156.73674208606
routes: [0, 21, 22, 23, 26, 24, 25, 27, 29, 30, 28, 36, 31, 32, 33, 35, 38, 34, 37, 39, 40, 0, 41, 42, 43, 44, 45, 46, 47, 48, 49, 50, 11, 13, 14, 18, 19, 20, 15, 16, 17, 12, 0, 1, 2, 3, 5, 4, 7, 9, 10, 8, 6, 0]
Elapsed time: 149.39376425743103

i:0	66028.76232504087
i:50	50284.857174582285
i:100	49702.913956100354
i:150	49476.04103388883
i:200	48100.01999819318
i:250	47812.48436916636
i:300	47779.831931051114
i:350	47687.7804669297
i:400	47687.7804669297
i:450	47687.7804669297
i:500	47687.7804669297
i:550	47687.7804669297
i:600	47687.7804669297
i:650	47687.7804669297
best: 47687.7804669297
routes: [0, 21, 22, 23, 26, 24, 25, 27, 29, 30, 28, 39, 37, 34, 36, 31, 32, 33, 35, 38, 40, 0, 41, 42, 43, 44, 45, 46, 47, 48, 49, 50, 11, 19, 20, 15, 16, 17, 18, 14, 13, 12, 0, 1, 2, 3, 5, 4, 7, 9, 10, 8, 6, 0]
Elapsed time: 163.24697613716125

i:0	64848.45579694363
i:50	51729.6659247598
i:100	50784.71455081964
i:150	50395.30318662488
i:200	50316.310108952894
i:250	50172.50655195121
i:300	49950.90417701856
i:350	49950.90417701856
i:400	49950.90417701856
i:450	49950.90417701856
i:500	49950.90417701856
i:550	49841.00194075809
i:600	49841.00194075809
i:650	48202.61702976827
best: 48202.61702976827
routes: [0, 13, 14, 12, 17, 15, 16, 20, 19, 18, 11, 50, 49, 47, 48, 46, 45, 44, 43, 41, 42, 0, 21, 22, 23, 26, 24, 25, 27, 29, 30, 28, 36, 34, 31, 32, 33, 35, 38, 37, 39, 40, 0, 1, 2, 3, 5, 4, 7, 9, 10, 8, 6, 0]
Elapsed time: 158.7824866771698

i:0	65815.67573343261
i:50	49935.41866824451
i:100	49232.253331294
i:150	48573.96476745685
i:200	48555.857720803826
i:250	48555.857720803826
i:300	48555.857720803826
i:350	48555.857720803826
i:400	48555.857720803826
i:450	48555.857720803826
i:500	48555.857720803826
i:550	48555.857720803826
i:600	48555.857720803826
i:650	48555.857720803826
best: 48555.857720803826
routes: [0, 21, 22, 23, 26, 24, 25, 27, 29, 30, 28, 31, 32, 33, 35, 38, 37, 34, 36, 39, 40, 0, 41, 42, 43, 44, 45, 46, 47, 48, 49, 50, 11, 19, 18, 20, 15, 16, 17, 12, 13, 14, 0, 1, 2, 3, 5, 4, 7, 9, 10, 8, 6, 0]
Elapsed time: 143.92386150360107

i:0	70291.00104395727
i:50	49899.40943255541
i:100	49128.789190721436
i:150	49128.789190721436
i:200	48704.53994090683
i:250	48610.05466681272
i:300	48500.152430552254
i:350	48500.152430552254
i:400	48500.152430552254
i:450	48500.152430552254
i:500	48500.152430552254
i:550	48500.152430552254
i:600	48500.152430552254
i:650	48459.6514803637
best: 48459.6514803637
routes: [0, 21, 22, 23, 26, 24, 25, 27, 29, 30, 28, 31, 32, 33, 35, 38, 37, 34, 36, 39, 40, 0, 41, 42, 43, 44, 45, 46, 47, 48, 49, 50, 11, 19, 20, 15, 16, 17, 18, 14, 13, 12, 0, 1, 2, 3, 5, 4, 7, 9, 10, 8, 6, 0]
Elapsed time: 153.24212551116943

i:0	73654.24019317648
i:50	51646.705869441466
i:100	50518.14138300607
i:150	50165.510883080184
i:200	49933.1002669028
i:250	49933.1002669028
i:300	49933.1002669028
i:350	49933.1002669028
i:400	49933.1002669028
i:450	49933.1002669028
i:500	49933.1002669028
i:550	48481.95821606613
i:600	48294.71535591299
i:650	48123.78456433768
best: 48123.78456433768
routes: [0, 13, 12, 17, 15, 16, 20, 19, 18, 14, 11, 50, 49, 47, 48, 46, 45, 44, 43, 41, 42, 0, 21, 22, 23, 26, 24, 25, 27, 29, 30, 28, 36, 34, 31, 32, 33, 35, 38, 37, 39, 40, 0, 1, 2, 3, 5, 4, 7, 9, 10, 8, 6, 0]
Elapsed time: 153.51347947120667

i:0	66954.49323203744
i:50	47830.58893720462
i:100	47830.58893720462
i:150	47830.58893720462
i:200	47830.58893720462
i:250	47830.58893720462
i:300	47830.58893720462
i:350	47830.58893720462
i:400	47830.58893720462
i:450	47830.58893720462
i:500	47830.58893720462
i:550	47830.58893720462
i:600	47830.58893720462
i:650	47830.58893720462
best: 47830.58893720462
routes: [0, 21, 22, 23, 26, 24, 25, 27, 29, 30, 28, 36, 37, 34, 31, 32, 33, 35, 38, 39, 40, 0, 41, 42, 43, 44, 45, 46, 47, 48, 49, 50, 11, 13, 14, 18, 19, 20, 15, 16, 17, 12, 0, 1, 2, 3, 5, 4, 7, 9, 10, 8, 6, 0]
Elapsed time: 130.92409586906433

i:0	65730.73046216602
i:50	49420.39603879012
i:100	48516.78782535449
i:150	47707.0222574028
i:200	47526.138901737315
i:250	47526.138901737315
i:300	47526.138901737315
i:350	47526.138901737315
i:400	47416.23666547685
i:450	47416.23666547685
i:500	47416.23666547685
i:550	47416.23666547685
i:600	47416.23666547685
i:650	47416.23666547685
best: 47416.23666547685
routes: [0, 41, 42, 43, 44, 45, 46, 47, 48, 49, 50, 11, 19, 18, 20, 15, 16, 17, 12, 13, 14, 0, 21, 22, 23, 26, 24, 25, 27, 29, 30, 28, 36, 34, 31, 32, 33, 35, 38, 37, 39, 40, 0, 1, 2, 3, 5, 4, 7, 9, 10, 8, 6, 0]
Elapsed time: 153.32691431045532

i:0	65177.688001578994
i:50	50191.950772934346
i:100	48649.6185585222
i:150	48499.32910190045
i:200	48499.32910190045
i:250	47658.415166961895
i:300	47658.415166961895
i:350	47658.415166961895
i:400	47658.415166961895
i:450	47658.415166961895
i:500	47646.14283657158
i:550	47646.14283657158
i:600	47646.14283657158
i:650	47646.14283657158
best: 47646.14283657158
routes: [0, 41, 42, 43, 44, 45, 46, 47, 48, 49, 50, 11, 19, 18, 20, 15, 16, 17, 12, 13, 14, 0, 21, 22, 23, 26, 24, 25, 27, 29, 30, 28, 36, 37, 34, 31, 32, 33, 35, 38, 39, 40, 0, 1, 2, 3, 5, 4, 7, 9, 10, 8, 6, 0]
Elapsed time: 143.29367589950562

i:0	68742.75194081182
i:50	50061.690097341096
i:100	49400.70882867599
i:150	48998.65688568056
i:200	48776.1503103119
i:250	48657.55814073047
i:300	48524.62152700771
i:350	48524.62152700771
i:400	48353.6907354324
i:450	48353.6907354324
i:500	48353.6907354324
i:550	48353.6907354324
i:600	48353.6907354324
i:650	48353.6907354324
best: 48353.6907354324
routes: [0, 13, 12, 17, 15, 16, 20, 19, 18, 14, 11, 50, 49, 47, 48, 46, 45, 44, 43, 41, 42, 0, 21, 22, 23, 26, 24, 25, 27, 29, 30, 28, 36, 37, 34, 31, 32, 33, 35, 38, 39, 40, 0, 1, 2, 3, 5, 4, 7, 9, 10, 8, 6, 0]
Elapsed time: 154.8146035671234

i:0	66167.54935930492
i:50	50349.53077229587
i:100	49158.264777578486
i:150	47821.13984872913
i:200	47707.535896207526
i:250	47600.6827661099
i:300	47600.6827661099
i:350	47600.6827661099
i:400	47600.6827661099
i:450	47600.6827661099
i:500	47600.6827661099
i:550	47600.6827661099
i:600	47600.6827661099
i:650	47600.6827661099
best: 47600.6827661099
routes: [0, 21, 22, 23, 26, 24, 25, 27, 29, 30, 28, 36, 34, 31, 32, 33, 35, 38, 37, 39, 40, 0, 41, 42, 43, 44, 45, 46, 47, 48, 49, 50, 11, 13, 14, 18, 19, 20, 15, 16, 17, 12, 0, 1, 2, 3, 5, 4, 7, 9, 10, 8, 6, 0]
Elapsed time: 150.11543130874634

i:0	66784.77300190816
i:50	50881.92033217619
i:100	50266.69874514513
i:150	49760.49298962643
i:200	48122.10807863661
i:250	47677.89134948929
i:300	47500.83168297684
i:350	47416.23666547685
i:400	47416.23666547685
i:450	47416.23666547685
i:500	47416.23666547685
i:550	47416.23666547685
i:600	47416.23666547685
i:650	47416.23666547685
best: 47416.23666547685
routes: [0, 41, 42, 43, 44, 45, 46, 47, 48, 49, 50, 11, 19, 18, 20, 15, 16, 17, 12, 13, 14, 0, 21, 22, 23, 26, 24, 25, 27, 29, 30, 28, 36, 34, 31, 32, 33, 35, 38, 37, 39, 40, 0, 1, 2, 3, 5, 4, 7, 9, 10, 8, 6, 0]
Elapsed time: 164.5646162033081

i:0	65390.21760188312
i:50	50075.852221077206
i:100	49246.43151899919
i:150	49056.12809844558
i:200	48964.07663432416
i:250	48660.89773470663
i:300	48660.89773470663
i:350	48660.89773470663
i:400	48660.89773470663
i:450	48660.89773470663
i:500	48660.89773470663
i:550	48660.89773470663
i:600	48660.89773470663
i:650	48660.89773470663
best: 48660.89773470663
routes: [0, 13, 14, 12, 17, 15, 16, 20, 19, 18, 11, 50, 49, 47, 48, 46, 45, 44, 43, 41, 42, 0, 21, 22, 23, 26, 24, 25, 27, 29, 30, 28, 39, 40, 36, 37, 34, 31, 32, 33, 35, 38, 0, 1, 2, 3, 5, 4, 7, 9, 10, 8, 6, 0]
Elapsed time: 144.2573435306549

i:0	73885.27721407649
i:50	50928.543383969954
i:100	48727.49828187602
i:150	48169.45218541865
i:200	48115.853794424824
i:250	47736.21705983299
i:300	47549.93659613144
i:350	47549.93659613144
i:400	47549.93659613144
i:450	47549.93659613144
i:500	47549.93659613144
i:550	47549.93659613144
i:600	47549.93659613144
i:650	47549.93659613144
best: 47549.93659613144
routes: [0, 41, 42, 43, 44, 45, 46, 47, 48, 49, 50, 11, 19, 20, 15, 16, 17, 18, 14, 13, 12, 0, 21, 22, 23, 26, 24, 25, 27, 29, 30, 28, 36, 37, 34, 31, 32, 33, 35, 38, 39, 40, 0, 1, 2, 3, 5, 4, 7, 9, 10, 8, 6, 0]
Elapsed time: 157.59908509254456

mean: 47985.93948671568
std: 492.65061647251724
mean-time: 151.40005412101746
std-time: 9.408947711380883