i:0	290224.774731509
i:50	66309.7204282507
i:100	66287.87577821224
i:150	66287.87577821224
i:200	66287.87577821224
i:250	66287.87577821224
i:300	66287.87577821224
i:350	66287.87577821224
i:400	66287.87577821224
i:450	65957.41661519722
i:500	65957.41661519722
i:550	65957.41661519722
i:600	65957.41661519722
i:650	65957.41661519722
best: 65957.41661519722
routes: [0, 3, 5, 1, 2, 4, 45, 43, 44, 41, 42, 25, 23, 24, 21, 22, 8, 7, 9, 10, 6, 0, 27, 29, 30, 26, 28, 39, 40, 38, 37, 36, 33, 32, 34, 35, 31, 48, 47, 49, 50, 46, 0, 19, 18, 17, 20, 16, 15, 13, 12, 14, 11, 0]
Elapsed time: 27.354975700378418

i:0	296255.4701357526
i:50	64983.62408331214
i:100	64622.97791935921
i:150	64622.97791935921
i:200	64622.97791935921
i:250	64622.97791935921
i:300	64622.97791935921
i:350	64622.97791935921
i:400	64622.97791935921
i:450	64622.97791935921
i:500	64622.97791935921
i:550	64622.97791935921
i:600	64622.97791935921
i:650	64622.97791935921
best: 64622.97791935921
routes: [0, 19, 18, 17, 20, 16, 15, 13, 14, 11, 12, 6, 10, 8, 7, 9, 25, 23, 24, 21, 22, 0, 5, 1, 2, 4, 3, 45, 43, 42, 44, 41, 27, 29, 30, 26, 28, 39, 40, 38, 37, 36, 0, 46, 48, 47, 49, 50, 35, 33, 31, 32, 34, 0]
Elapsed time: 31.362455129623413

i:0	92915.16100627862
i:50	65187.07492510196
i:100	65187.07492510196
i:150	65187.07492510196
i:200	64973.656209072884
i:250	64973.656209072884
i:300	64973.656209072884
i:350	64973.656209072884
i:400	64973.656209072884
i:450	64973.656209072884
i:500	64973.656209072884
i:550	64973.656209072884
i:600	64973.656209072884
i:650	64973.656209072884
best: 64973.656209072884
routes: [0, 6, 10, 8, 7, 9, 24, 25, 23, 22, 21, 43, 44, 45, 41, 42, 3, 2, 4, 5, 1, 0, 46, 48, 47, 49, 50, 31, 32, 34, 35, 33, 40, 38, 37, 39, 36, 29, 30, 28, 27, 26, 0, 19, 18, 17, 20, 16, 15, 13, 12, 14, 11, 0]
Elapsed time: 30.308390378952026

i:0	81551.89140911748
i:50	66231.41071816391
i:100	66231.41071816391
i:150	66231.41071816391
i:200	66231.41071816391
i:250	66231.41071816391
i:300	66231.41071816391
i:350	66231.41071816391
i:400	66231.41071816391
i:450	66231.41071816391
i:500	66231.41071816391
i:550	66231.41071816391
i:600	66231.41071816391
i:650	66231.41071816391
best: 66231.41071816391
routes: [0, 45, 43, 42, 44, 41, 27, 29, 30, 26, 28, 39, 40, 38, 37, 36, 3, 4, 5, 1, 2, 0, 21, 22, 24, 25, 23, 7, 9, 8, 10, 6, 11, 12, 14, 13, 15, 17, 16, 20, 19, 18, 0, 46, 48, 47, 49, 50, 35, 33, 31, 32, 34, 0]
Elapsed time: 27.70971941947937

i:0	88239.87549791175
i:50	66496.09539547727
i:100	65486.89943119729
i:150	65486.89943119729
i:200	65486.89943119729
i:250	65486.89943119729
i:300	65486.89943119729
i:350	65486.89943119729
i:400	65486.89943119729
i:450	65486.89943119729
i:500	65486.89943119729
i:550	65486.89943119729
i:600	65486.89943119729
i:650	65486.89943119729
best: 65486.89943119729
routes: [0, 19, 18, 17, 20, 16, 15, 13, 12, 14, 11, 6, 10, 8, 7, 9, 25, 23, 24, 21, 22, 0, 3, 5, 1, 2, 4, 43, 42, 44, 45, 41, 27, 26, 30, 29, 28, 39, 40, 38, 37, 36, 0, 46, 48, 47, 49, 50, 35, 33, 31, 32, 34, 0]
Elapsed time: 28.15830111503601

i:0	76228.36623418443
i:50	64590.50973317716
i:100	64590.50973317716
i:150	64590.50973317716
i:200	64590.50973317716
i:250	64590.50973317716
i:300	64590.50973317716
i:350	64590.50973317716
i:400	64590.50973317716
i:450	64590.50973317716
i:500	64590.50973317716
i:550	64590.50973317716
i:600	64590.50973317716
i:650	64590.50973317716
best: 64590.50973317716
routes: [0, 19, 18, 17, 20, 16, 15, 13, 14, 11, 12, 6, 10, 8, 7, 9, 23, 25, 21, 22, 24, 0, 1, 2, 4, 5, 3, 45, 43, 42, 44, 41, 27, 29, 30, 26, 28, 39, 40, 38, 37, 36, 0, 46, 48, 47, 49, 50, 34, 35, 33, 31, 32, 0]
Elapsed time: 28.643213987350464

i:0	81801.29893052399
i:50	68080.43138645345
i:100	68080.43138645345
i:150	67413.37101852012
i:200	67413.37101852012
i:250	67413.37101852012
i:300	67413.37101852012
i:350	67413.37101852012
i:400	67413.37101852012
i:450	67413.37101852012
i:500	67413.37101852012
i:550	67413.37101852012
i:600	67413.37101852012
i:650	67413.37101852012
best: 67413.37101852012
routes: [0, 21, 22, 24, 25, 23, 8, 7, 9, 10, 6, 11, 12, 14, 13, 15, 17, 16, 20, 19, 18, 0, 43, 42, 44, 45, 41, 27, 26, 30, 29, 28, 39, 40, 38, 37, 36, 3, 4, 5, 1, 2, 0, 46, 48, 47, 49, 50, 35, 33, 31, 32, 34, 0]
Elapsed time: 37.56487679481506

i:0	85931.28292162935
i:50	67345.66025817746
i:100	67323.815608139
i:150	67323.815608139
i:200	67323.815608139
i:250	67323.815608139
i:300	67323.815608139
i:350	67323.815608139
i:400	67323.815608139
i:450	67323.815608139
i:500	67323.815608139
i:550	67323.815608139
i:600	67323.815608139
i:650	67323.815608139
best: 67323.815608139
routes: [0, 27, 29, 30, 26, 28, 39, 40, 38, 37, 36, 33, 31, 32, 34, 35, 50, 49, 48, 47, 46, 0, 19, 18, 17, 20, 16, 15, 13, 12, 14, 11, 6, 10, 8, 7, 9, 23, 25, 21, 22, 24, 0, 45, 43, 42, 44, 41, 3, 4, 5, 1, 2, 0]
Elapsed time: 32.97206401824951

i:0	89578.0592453587
i:50	65777.85541746473
i:100	65553.62263604843
i:150	65553.62263604843
i:200	65553.62263604843
i:250	65553.62263604843
i:300	65553.62263604843
i:350	65553.62263604843
i:400	65553.62263604843
i:450	65553.62263604843
i:500	65553.62263604843
i:550	65553.62263604843
i:600	65553.62263604843
i:650	65553.62263604843
best: 65553.62263604843
routes: [0, 45, 43, 42, 44, 41, 39, 40, 38, 37, 36, 28, 27, 29, 30, 26, 3, 5, 1, 2, 4, 0, 24, 21, 22, 25, 23, 7, 9, 8, 10, 6, 14, 15, 13, 12, 11, 17, 16, 20, 19, 18, 0, 46, 48, 47, 49, 50, 34, 35, 33, 31, 32, 0]
Elapsed time: 27.000876903533936

i:0	84852.62866312686
i:50	65267.92007785689
i:100	65267.92007785689
i:150	65267.92007785689
i:200	64984.977947245934
i:250	64984.977947245934
i:300	64984.977947245934
i:350	64984.977947245934
i:400	64984.977947245934
i:450	64984.977947245934
i:500	64984.977947245934
i:550	64984.977947245934
i:600	64984.977947245934
i:650	64984.977947245934
best: 64984.977947245934
routes: [0, 19, 18, 17, 20, 16, 15, 13, 11, 12, 14, 6, 10, 8, 7, 9, 25, 23, 24, 21, 22, 0, 45, 43, 42, 44, 41, 27, 29, 30, 26, 28, 39, 40, 38, 37, 36, 4, 3, 2, 5, 1, 0, 34, 33, 31, 32, 35, 50, 48, 47, 49, 46, 0]
Elapsed time: 27.497738361358643

i:0	77997.11887851947
i:50	65907.97074165325
i:100	65907.97074165325
i:150	65907.97074165325
i:200	65907.97074165325
i:250	65907.97074165325
i:300	65907.97074165325
i:350	65907.97074165325
i:400	65907.97074165325
i:450	65907.97074165325
i:500	65907.97074165325
i:550	65907.97074165325
i:600	65907.97074165325
i:650	65907.97074165325
best: 65907.97074165325
routes: [0, 5, 1, 2, 4, 3, 43, 42, 44, 45, 41, 27, 29, 30, 26, 28, 39, 40, 38, 37, 36, 0, 25, 23, 24, 21, 22, 7, 9, 8, 10, 6, 14, 13, 11, 12, 15, 17, 16, 20, 19, 18, 0, 33, 32, 34, 35, 31, 50, 49, 48, 47, 46, 0]
Elapsed time: 26.609134197235107

i:0	308484.89020565245
i:50	66249.75764485863
i:100	65934.6109753814
i:150	65934.6109753814
i:200	65934.6109753814
i:250	65934.6109753814
i:300	65934.6109753814
i:350	65934.6109753814
i:400	65934.6109753814
i:450	65934.6109753814
i:500	65934.6109753814
i:550	65934.6109753814
i:600	65934.6109753814
i:650	65934.6109753814
best: 65934.6109753814
routes: [0, 22, 25, 23, 24, 21, 43, 44, 45, 41, 42, 39, 40, 38, 37, 36, 29, 30, 28, 27, 26, 0, 2, 4, 3, 5, 1, 6, 8, 7, 9, 10, 14, 11, 12, 15, 13, 17, 16, 20, 19, 18, 0, 46, 48, 47, 49, 50, 34, 35, 33, 31, 32, 0]
Elapsed time: 27.379159450531006

i:0	91105.39252894267
i:50	63068.05533803647
i:100	62662.785823284
i:150	62662.785823284
i:200	62662.785823284
i:250	62662.785823284
i:300	62662.785823284
i:350	62662.785823284
i:400	62662.785823284
i:450	62662.785823284
i:500	62662.785823284
i:550	62662.785823284
i:600	62662.785823284
i:650	62662.785823284
best: 62662.785823284
routes: [0, 3, 4, 5, 1, 2, 45, 43, 44, 41, 42, 24, 21, 22, 25, 23, 7, 9, 8, 10, 6, 0, 46, 48, 47, 49, 50, 34, 35, 33, 32, 31, 40, 38, 37, 39, 36, 28, 27, 29, 30, 26, 0, 11, 12, 14, 13, 15, 16, 20, 17, 19, 18, 0]
Elapsed time: 31.068610668182373

i:0	73274.25505489075
i:50	63061.71929012947
i:100	63061.71929012947
i:150	63061.71929012947
i:200	63061.71929012947
i:250	63061.71929012947
i:300	63061.71929012947
i:350	63061.71929012947
i:400	63061.71929012947
i:450	63061.71929012947
i:500	63061.71929012947
i:550	63061.71929012947
i:600	63061.71929012947
i:650	63061.71929012947
best: 63061.71929012947
routes: [0, 3, 5, 1, 2, 4, 45, 41, 42, 44, 43, 21, 22, 24, 25, 23, 7, 9, 8, 10, 6, 0, 46, 48, 47, 49, 50, 34, 35, 33, 32, 31, 40, 38, 37, 39, 36, 29, 30, 28, 27, 26, 0, 11, 12, 14, 13, 15, 16, 20, 17, 19, 18, 0]
Elapsed time: 28.889111280441284

i:0	87527.59169138836
i:50	65887.5884807278
i:100	65526.60801820956
i:150	65526.60801820956
i:200	65526.60801820956
i:250	65233.68144422698
i:300	65233.68144422698
i:350	65233.68144422698
i:400	65233.68144422698
i:450	65233.68144422698
i:500	65233.68144422698
i:550	65233.68144422698
i:600	65233.68144422698
i:650	65233.68144422698
best: 65233.68144422698
routes: [0, 5, 1, 2, 4, 3, 43, 42, 44, 45, 41, 27, 29, 30, 26, 28, 39, 40, 38, 37, 36, 0, 23, 24, 21, 22, 25, 7, 9, 8, 10, 6, 12, 14, 15, 13, 11, 17, 16, 20, 19, 18, 0, 34, 33, 31, 32, 35, 50, 48, 47, 49, 46, 0]
Elapsed time: 33.922746419906616

i:0	88460.58130610768
i:50	64943.60523311663
i:100	64584.572692301714
i:150	64584.572692301714
i:200	64584.572692301714
i:250	64584.572692301714
i:300	64584.572692301714
i:350	64584.572692301714
i:400	64584.572692301714
i:450	64584.572692301714
i:500	64584.572692301714
i:550	64584.572692301714
i:600	64584.572692301714
i:650	64584.572692301714
best: 64584.572692301714
routes: [0, 46, 48, 47, 49, 50, 31, 32, 34, 35, 33, 40, 38, 37, 39, 36, 29, 30, 28, 27, 26, 0, 3, 5, 1, 2, 4, 45, 43, 44, 41, 42, 23, 24, 21, 22, 25, 7, 9, 8, 10, 6, 0, 11, 12, 14, 13, 15, 16, 20, 17, 19, 18, 0]
Elapsed time: 28.297425031661987

i:0	300281.10028036346
i:50	63500.30401774967
i:100	62312.89765769569
i:150	62167.28383290985
i:200	62167.28383290985
i:250	62167.28383290985
i:300	62167.28383290985
i:350	62167.28383290985
i:400	62167.28383290985
i:450	62167.28383290985
i:500	62167.28383290985
i:550	62167.28383290985
i:600	62167.28383290985
i:650	62167.28383290985
best: 62167.28383290985
routes: [0, 46, 48, 47, 49, 50, 34, 35, 33, 32, 31, 40, 38, 37, 39, 36, 28, 27, 29, 30, 26, 0, 5, 1, 2, 4, 3, 45, 43, 44, 41, 42, 24, 21, 22, 25, 23, 7, 9, 8, 10, 6, 0, 11, 12, 14, 13, 15, 16, 20, 17, 19, 18, 0]
Elapsed time: 27.005417585372925

i:0	307368.24102137756
i:50	64546.507649419895
i:100	64546.507649419895
i:150	64546.507649419895
i:200	62851.47084410921
i:250	62851.47084410921
i:300	62851.47084410921
i:350	62851.47084410921
i:400	62851.47084410921
i:450	62851.47084410921
i:500	62851.47084410921
i:550	62851.47084410921
i:600	62851.47084410921
i:650	62851.47084410921
best: 62851.47084410921
routes: [0, 6, 10, 9, 8, 7, 24, 25, 23, 22, 21, 43, 44, 45, 41, 42, 3, 2, 4, 5, 1, 0, 46, 48, 47, 49, 50, 34, 35, 33, 32, 31, 40, 38, 37, 39, 36, 29, 30, 28, 27, 26, 0, 19, 18, 17, 20, 16, 15, 13, 11, 12, 14, 0]
Elapsed time: 29.60776710510254

i:0	84941.52387449381
i:50	63365.184130434725
i:100	63365.184130434725
i:150	63365.184130434725
i:200	63365.184130434725
i:250	63365.184130434725
i:300	63365.184130434725
i:350	63365.184130434725
i:400	63365.184130434725
i:450	63365.184130434725
i:500	63365.184130434725
i:550	63365.184130434725
i:600	63365.184130434725
i:650	63365.184130434725
best: 63365.184130434725
routes: [0, 46, 48, 47, 49, 50, 34, 35, 33, 32, 31, 40, 38, 37, 39, 36, 29, 30, 28, 27, 26, 0, 3, 4, 5, 1, 2, 45, 43, 44, 41, 42, 24, 21, 22, 25, 23, 7, 9, 8, 10, 6, 0, 13, 11, 12, 14, 15, 17, 16, 20, 19, 18, 0]
Elapsed time: 25.117679357528687

i:0	100143.3822984098
i:50	67846.67869122207
i:100	67846.67869122207
i:150	67342.36728887829
i:200	67342.36728887829
i:250	67342.36728887829
i:300	67342.36728887829
i:350	67342.36728887829
i:400	67342.36728887829
i:450	67342.36728887829
i:500	67342.36728887829
i:550	67342.36728887829
i:600	67342.36728887829
i:650	67342.36728887829
best: 67342.36728887829
routes: [0, 3, 5, 1, 2, 4, 45, 43, 41, 42, 44, 27, 29, 30, 26, 28, 39, 40, 38, 37, 36, 0, 19, 20, 18, 17, 16, 11, 12, 15, 13, 14, 6, 10, 8, 7, 9, 24, 21, 22, 25, 23, 0, 34, 33, 31, 32, 35, 50, 48, 47, 49, 46, 0]
Elapsed time: 27.04636526107788

mean: 65012.515244971495
std: 1524.0250179999668
mean-time: 29.175801408290862
std-time: 2.897136734621242