i:0	73152.69711066861
i:50	48300.24597535566
i:100	47566.94729652135
i:150	47104.82023594565
i:200	46761.74675833959
i:250	46539.35834570641
i:300	46539.35834570641
i:350	46539.35834570641
i:400	46539.35834570641
i:450	46539.35834570641
i:500	46539.35834570641
i:550	46539.35834570641
i:600	46539.35834570641
i:650	46539.35834570641
best: 46539.35834570641
routes: [0, 21, 22, 23, 26, 24, 25, 27, 29, 30, 28, 39, 40, 37, 36, 34, 31, 32, 33, 35, 38, 0, 6, 3, 1, 2, 4, 5, 8, 10, 7, 9, 13, 12, 17, 16, 15, 20, 19, 18, 14, 11, 50, 49, 48, 47, 46, 45, 44, 43, 41, 42, 0]
Elapsed time: 171.1078815460205

i:0	68470.30822573019
i:50	49233.211976636565
i:100	48222.84786831302
i:150	47859.37078454887
i:200	47574.55329335539
i:250	47467.78540079536
i:300	47105.05953784466
i:350	47020.57754563789
i:400	46248.01687835094
i:450	46141.69700425686
i:500	46141.69700425686
i:550	46141.69700425686
i:600	45832.29072771706
i:650	45832.29072771706
best: 45822.14910749928
routes: [0, 46, 49, 50, 47, 48, 45, 44, 43, 41, 42, 38, 35, 33, 32, 31, 34, 36, 37, 39, 40, 28, 30, 29, 27, 26, 23, 21, 22, 25, 24, 0, 11, 14, 13, 18, 19, 20, 16, 15, 17, 12, 3, 1, 2, 4, 5, 7, 9, 10, 8, 6, 0]
Elapsed time: 174.5289204120636

i:0	66470.3419939859
i:50	49105.39565324888
i:100	48791.37637670664
i:150	48691.744218282634
i:200	48301.75697276395
i:250	48222.255586145344
i:300	48061.26474693086
i:350	47703.51436962338
i:400	47436.28089823123
i:450	47436.28089823123
i:500	47429.2192446065
i:550	47225.919339792104
i:600	47225.919339792104
i:650	47225.919339792104
best: 47225.919339792104
routes: [0, 41, 42, 43, 44, 45, 46, 47, 48, 49, 50, 11, 13, 14, 18, 19, 20, 15, 16, 17, 12, 6, 5, 4, 7, 9, 10, 8, 3, 1, 2, 0, 39, 40, 37, 38, 35, 33, 32, 31, 34, 36, 28, 30, 29, 27, 26, 25, 24, 23, 21, 22, 0]
Elapsed time: 188.80196285247803

i:0	65547.99532092901
i:50	48668.49834732622
i:100	48020.89620273952
i:150	47748.2505528895
i:200	47372.14549675991
i:250	47342.66232015594
i:300	47303.84397374861
i:350	47263.66882227568
i:400	47263.66882227568
i:450	47258.417082998596
i:500	47224.13669534634
i:550	47224.13669534634
i:600	47176.68040850177
i:650	47096.94203179087
best: 46845.35752170579
routes: [0, 21, 23, 22, 24, 25, 27, 26, 29, 30, 28, 36, 37, 34, 31, 32, 33, 35, 38, 39, 40, 0, 3, 1, 2, 4, 5, 7, 8, 6, 10, 9, 12, 13, 17, 16, 15, 20, 19, 18, 14, 11, 50, 49, 48, 47, 46, 45, 44, 43, 41, 42, 0]
Elapsed time: 197.68561720848083

i:0	64512.289721306835
i:50	47926.07672855066
i:100	47402.93120811279
i:150	47247.67195284739
i:200	47247.67195284739
i:250	47240.223263517226
i:300	47240.223263517226
i:350	47240.223263517226
i:400	47240.223263517226
i:450	47240.223263517226
i:500	47240.223263517226
i:550	47240.223263517226
i:600	47240.223263517226
i:650	47240.223263517226
best: 47240.223263517226
routes: [0, 21, 23, 22, 24, 25, 27, 26, 29, 30, 28, 40, 39, 37, 36, 34, 31, 32, 33, 35, 38, 0, 6, 10, 8, 9, 7, 4, 2, 1, 3, 5, 13, 14, 12, 17, 16, 15, 20, 19, 18, 11, 50, 49, 48, 47, 46, 45, 44, 43, 41, 42, 0]
Elapsed time: 161.92723536491394

i:0	70519.05350815352
i:50	49901.16483936888
i:100	49186.17260071964
i:150	49185.210097385185
i:200	48810.81057111468
i:250	48810.81057111468
i:300	48810.81057111468
i:350	48792.95979897564
i:400	48779.304111798316
i:450	48779.304111798316
i:500	48690.30049526465
i:550	48690.30049526465
i:600	48090.06605334151
i:650	47055.198842038226
best: 46263.94271324204
routes: [0, 21, 23, 22, 24, 25, 27, 26, 29, 30, 28, 39, 37, 36, 34, 31, 32, 33, 35, 38, 40, 41, 42, 43, 44, 45, 47, 48, 49, 50, 46, 0, 11, 19, 20, 15, 16, 17, 18, 14, 13, 12, 3, 1, 2, 4, 5, 7, 9, 10, 8, 6, 0]
Elapsed time: 188.79929947853088

i:0	71358.93056026487
i:50	48217.91315687764
i:100	47304.933524444736
i:150	47067.11290067299
i:200	47067.11290067299
i:250	47067.11290067299
i:300	46897.61003497275
i:350	46714.16045744984
i:400	46714.16045744984
i:450	46714.16045744984
i:500	46683.86801581365
i:550	46683.86801581365
i:600	46683.86801581365
i:650	46683.86801581365
best: 46683.86801581365
routes: [0, 21, 23, 22, 24, 25, 27, 26, 29, 30, 28, 36, 37, 34, 31, 32, 33, 35, 38, 39, 40, 0, 3, 1, 2, 4, 5, 6, 10, 8, 7, 9, 12, 17, 16, 15, 20, 19, 18, 13, 14, 11, 50, 49, 48, 47, 46, 45, 44, 43, 41, 42, 0]
Elapsed time: 172.9910762310028

i:0	64140.837385757615
i:50	47196.315887937795
i:100	46890.5984475227
i:150	46589.40025732619
i:200	46579.47534040298
i:250	46403.18097600139
i:300	45818.93666601358
i:350	45555.315578419344
i:400	45537.46480628031
i:450	45525.96656387453
i:500	45525.96656387453
i:550	45525.96656387453
i:600	45525.96656387453
i:650	45525.96656387453
best: 45525.96656387453
routes: [0, 3, 1, 2, 4, 5, 7, 9, 10, 8, 6, 12, 17, 16, 15, 20, 19, 18, 13, 14, 11, 50, 49, 48, 47, 46, 45, 44, 43, 41, 42, 0, 21, 22, 23, 26, 24, 25, 27, 29, 30, 28, 39, 37, 36, 34, 31, 32, 33, 35, 38, 40, 0]
Elapsed time: 179.8013002872467

i:0	70153.75178196459
i:50	48555.94117090721
i:100	47189.30120198902
i:150	46784.803061493956
i:200	46703.0295694999
i:250	46703.0295694999
i:300	46703.0295694999
i:350	46703.0295694999
i:400	46687.67553408119
i:450	46687.67553408119
i:500	46687.67553408119
i:550	46687.67553408119
i:600	46687.67553408119
i:650	46687.67553408119
best: 46687.67553408119
routes: [0, 21, 22, 23, 26, 24, 25, 27, 29, 30, 28, 39, 37, 34, 36, 31, 32, 33, 35, 38, 40, 0, 6, 3, 1, 2, 4, 5, 8, 10, 7, 9, 13, 12, 17, 16, 15, 20, 19, 18, 14, 11, 50, 49, 48, 47, 46, 45, 44, 43, 41, 42, 0]
Elapsed time: 145.04610013961792

i:0	73545.53613843846
i:50	50371.49780205486
i:100	49129.26091747689
i:150	48455.93494997792
i:200	47750.96292792646
i:250	47444.72828225364
i:300	47113.921678396495
i:350	46805.163789767896
i:400	46229.84684686866
i:450	46125.12072191815
i:500	45864.788340770865
i:550	45850.36984817487
i:600	45850.36984817487
i:650	45850.36984817487
best: 45850.36984817487
routes: [0, 43, 44, 45, 47, 48, 49, 50, 46, 41, 42, 40, 39, 37, 38, 35, 33, 32, 31, 34, 36, 28, 30, 29, 27, 26, 23, 21, 22, 25, 24, 0, 11, 14, 13, 18, 19, 20, 16, 15, 17, 12, 3, 1, 2, 4, 5, 7, 9, 10, 8, 6, 0]
Elapsed time: 175.39622902870178

i:0	72270.55591743645
i:50	50245.256598905806
i:100	50130.54099059716
i:150	47632.8955287625
i:200	47174.99165289999
i:250	47085.69363718693
i:300	46430.014631855614
i:350	46008.0507667204
i:400	45498.854940515
i:450	45498.854940515
i:500	45498.854940515
i:550	45498.854940515
i:600	45498.854940515
i:650	45498.854940515
best: 45498.854940515
routes: [0, 46, 49, 50, 47, 48, 45, 44, 43, 41, 42, 21, 22, 23, 26, 24, 25, 27, 29, 30, 28, 36, 34, 31, 32, 33, 35, 38, 37, 39, 40, 0, 11, 14, 13, 18, 19, 20, 16, 15, 17, 12, 3, 1, 2, 4, 5, 7, 9, 10, 8, 6, 0]
Elapsed time: 170.9891538619995

i:0	70408.53176614607
i:50	49581.58257742047
i:100	49346.20008378109
i:150	49313.506813247324
i:200	49257.91344626139
i:250	49257.91344626139
i:300	48949.12850411293
i:350	47523.5173534886
i:400	46937.85098922132
i:450	46876.78484923432
i:500	46876.78484923432
i:550	46876.78484923432
i:600	46876.78484923432
i:650	46876.78484923432
best: 45936.38294644054
routes: [0, 41, 42, 43, 44, 45, 47, 48, 49, 50, 46, 39, 37, 36, 34, 31, 32, 33, 35, 38, 40, 28, 30, 29, 27, 26, 23, 21, 22, 25, 24, 0, 11, 19, 20, 15, 16, 17, 18, 14, 13, 12, 3, 1, 2, 4, 5, 7, 9, 10, 8, 6, 0]
Elapsed time: 176.71326661109924

i:0	68343.78413513945
i:50	49243.843705566076
i:100	48550.36162753778
i:150	47475.0983049969
i:200	47012.041242652565
i:250	46840.9768742334
i:300	46675.647159991204
i:350	46675.647159991204
i:400	46675.647159991204
i:450	46675.647159991204
i:500	46675.647159991204
i:550	46675.647159991204
i:600	46126.20959106619
i:650	46126.20959106619
best: 46126.20959106619
routes: [0, 41, 42, 43, 45, 44, 47, 48, 49, 50, 46, 11, 13, 14, 19, 20, 16, 15, 17, 18, 12, 6, 5, 4, 7, 9, 10, 8, 3, 1, 2, 0, 21, 22, 23, 26, 24, 25, 27, 29, 30, 28, 36, 34, 31, 32, 33, 35, 38, 37, 39, 40, 0]
Elapsed time: 182.93842005729675

i:0	65903.56941023303
i:50	48616.662959704336
i:100	47475.12145789785
i:150	47357.73455888561
i:200	47328.82229990569
i:250	47096.48569195376
i:300	47083.483335967234
i:350	47083.483335967234
i:400	47083.483335967234
i:450	47083.483335967234
i:500	46458.62805697143
i:550	46070.61540272653
i:600	45364.095946506866
i:650	45364.095946506866
best: 45364.095946506866
routes: [0, 42, 41, 43, 44, 45, 46, 47, 48, 49, 50, 11, 19, 20, 16, 15, 17, 18, 14, 13, 12, 10, 9, 7, 8, 5, 4, 2, 1, 3, 6, 0, 21, 22, 23, 26, 24, 25, 27, 29, 30, 28, 36, 34, 31, 32, 33, 35, 38, 37, 39, 40, 0]
Elapsed time: 167.75005984306335

i:0	67389.64589896449
i:50	48917.95192994697
i:100	48411.80263164188
i:150	48358.248274574216
i:200	48354.93045982511
i:250	47944.48905501992
i:300	47125.56165974577
i:350	47117.94726400616
i:400	47117.94726400616
i:450	47117.94726400616
i:500	47117.94726400616
i:550	47059.96509006174
i:600	47016.696416120394
i:650	47016.696416120394
best: 47016.696416120394
routes: [0, 21, 22, 23, 26, 24, 25, 27, 29, 30, 28, 39, 40, 36, 37, 38, 35, 33, 32, 31, 34, 0, 3, 1, 2, 4, 5, 6, 10, 8, 7, 9, 12, 17, 16, 15, 20, 19, 18, 13, 14, 11, 50, 49, 48, 47, 46, 45, 44, 43, 41, 42, 0]
Elapsed time: 177.44548177719116

i:0	71945.90891431886
i:50	48387.29219319887
i:100	46916.047527984105
i:150	46710.191449522965
i:200	46464.414770773365
i:250	46044.60249176358
i:300	46044.60249176358
i:350	45947.71831572245
i:400	45947.71831572245
i:450	45947.71831572245
i:500	45882.017917837235
i:550	45882.017917837235
i:600	45882.017917837235
i:650	45836.47003242999
best: 45836.47003242999
routes: [0, 46, 49, 50, 47, 48, 45, 44, 43, 41, 42, 36, 34, 31, 32, 33, 35, 38, 37, 39, 40, 28, 30, 29, 27, 26, 25, 24, 23, 21, 22, 0, 11, 19, 18, 17, 20, 15, 16, 14, 13, 12, 6, 10, 9, 7, 8, 5, 4, 3, 1, 2, 0]
Elapsed time: 168.83265924453735

i:0	69308.78227597587
i:50	49225.88495554612
i:100	47377.277861455244
i:150	46174.216524477226
i:200	46174.216524477226
i:250	46174.216524477226
i:300	46174.216524477226
i:350	46174.216524477226
i:400	46174.216524477226
i:450	46174.216524477226
i:500	46174.216524477226
i:550	46174.216524477226
i:600	46174.216524477226
i:650	46018.63819797426
best: 46018.63819797426
routes: [0, 1, 2, 4, 3, 7, 9, 8, 5, 10, 6, 12, 17, 16, 15, 20, 19, 18, 13, 14, 11, 50, 49, 47, 48, 46, 45, 44, 43, 41, 42, 0, 21, 22, 23, 26, 24, 25, 27, 29, 30, 28, 39, 37, 36, 34, 31, 32, 33, 35, 38, 40, 0]
Elapsed time: 214.95310139656067

i:0	64272.33261967666
i:50	48922.84074240367
i:100	48618.151018898905
i:150	48151.45702215704
i:200	48143.842626417434
i:250	47790.8006705529
i:300	47762.91089542721
i:350	47519.45891457767
i:400	47519.45891457767
i:450	47519.45891457767
i:500	47519.45891457767
i:550	47519.45891457767
i:600	47519.45891457767
i:650	47519.45891457767
best: 47519.45891457767
routes: [0, 39, 37, 36, 34, 31, 32, 33, 35, 38, 40, 28, 30, 29, 27, 26, 23, 21, 22, 25, 24, 0, 1, 2, 3, 6, 10, 8, 5, 4, 7, 9, 15, 16, 17, 20, 19, 18, 12, 13, 14, 11, 50, 49, 48, 47, 46, 45, 44, 43, 41, 42, 0]
Elapsed time: 184.5741467475891

i:0	71399.18996515629
i:50	47548.84509043113
i:100	46104.348627644315
i:150	45969.41205440185
i:200	45510.29605703918
i:250	45510.29605703918
i:300	45496.99939921594
i:350	45496.99939921594
i:400	45496.99939921594
i:450	45368.804992811114
i:500	45328.32483091608
i:550	45328.32483091608
i:600	45328.32483091608
i:650	45328.32483091608
best: 45328.32483091608
routes: [0, 41, 42, 43, 44, 45, 46, 47, 48, 49, 50, 11, 13, 14, 18, 19, 20, 15, 16, 17, 12, 10, 9, 7, 4, 2, 1, 3, 5, 8, 6, 0, 21, 22, 23, 26, 24, 25, 27, 29, 30, 28, 39, 40, 38, 35, 33, 32, 31, 34, 37, 36, 0]
Elapsed time: 167.97440481185913

i:0	69787.24601598916
i:50	47642.5972834783
i:100	46652.97047246971
i:150	46528.95488896787
i:200	46080.49913856842
i:250	46080.49913856842
i:300	46062.64836642938
i:350	45747.211099871405
i:400	45533.58095961414
i:450	45525.96656387453
i:500	45525.96656387453
i:550	45525.96656387453
i:600	45394.016112612684
i:650	45394.016112612684
best: 45394.016112612684
routes: [0, 3, 1, 2, 4, 5, 7, 9, 10, 8, 6, 15, 16, 17, 20, 19, 18, 12, 13, 14, 11, 50, 49, 48, 47, 46, 45, 44, 43, 41, 42, 0, 21, 22, 23, 26, 24, 25, 27, 29, 30, 28, 39, 37, 36, 34, 31, 32, 33, 35, 38, 40, 0]
Elapsed time: 178.37509322166443

mean: 46236.19890912834
std: 673.9107389447207
mean-time: 177.3315705060959
std-time: 13.829064194254906