i:0	113712.48573442615
i:50	86364.48795495051
i:100	83707.66326141986
i:150	82602.7513630812
i:200	82585.4126091249
i:250	81547.89331878225
i:300	80962.95751680776
i:350	80656.13342949106
i:400	80329.76719289819
i:450	80278.35867651386
i:500	80278.35867651386
i:550	79555.28684313834
i:600	77476.6797396089
i:650	77120.79868747882
best: 77101.81211376682
routes: [0, 79, 80, 78, 75, 73, 72, 71, 74, 77, 76, 58, 60, 59, 57, 56, 53, 51, 52, 55, 54, 0, 33, 34, 39, 38, 37, 40, 35, 36, 32, 31, 69, 70, 66, 67, 68, 65, 64, 63, 61, 62, 0, 43, 42, 41, 44, 45, 47, 46, 49, 50, 48, 14, 12, 11, 13, 15, 17, 19, 20, 18, 16, 22, 23, 25, 27, 29, 30, 28, 26, 24, 21, 0, 1, 2, 8, 7, 9, 10, 5, 6, 3, 4, 0]
Elapsed time: 263.25751185417175

i:0	121194.20199898294
i:50	83795.61966282301
i:100	80213.2041067961
i:150	79150.9156394474
i:200	75086.97353970063
i:250	74997.2075666794
i:300	73925.86132313675
i:350	73301.74980806792
i:400	72754.7850180865
i:450	72465.53101807434
i:500	72398.24170333541
i:550	72398.24170333541
i:600	72362.36366161569
i:650	72362.36366161569
best: 72362.36366161569
routes: [0, 31, 34, 33, 38, 39, 40, 36, 35, 37, 32, 30, 28, 26, 29, 25, 27, 22, 23, 21, 24, 0, 51, 52, 53, 56, 54, 55, 57, 59, 60, 58, 76, 77, 74, 71, 72, 73, 75, 78, 79, 80, 61, 62, 63, 64, 65, 68, 67, 66, 69, 70, 0, 13, 15, 18, 16, 20, 19, 17, 14, 12, 11, 43, 45, 47, 48, 49, 50, 46, 44, 41, 42, 9, 10, 6, 7, 8, 2, 1, 3, 5, 4, 0]
Elapsed time: 266.46002888679504

i:0	118514.3756074507
i:50	79355.39674850112
i:100	73214.06803976241
i:150	72519.26396627855
i:200	72206.20741596096
i:250	71839.49449733806
i:300	71566.06124062111
i:350	71111.47364291816
i:400	70866.09413366503
i:450	70575.65804215049
i:500	70506.97176246243
i:550	70506.97176246243
i:600	70506.97176246243
i:650	70506.97176246243
best: 70506.97176246243
routes: [0, 51, 52, 53, 56, 54, 55, 57, 59, 60, 58, 79, 80, 78, 75, 73, 72, 71, 74, 77, 76, 61, 62, 63, 64, 65, 68, 67, 66, 69, 70, 0, 4, 1, 2, 3, 6, 5, 10, 7, 8, 9, 43, 45, 42, 41, 44, 46, 49, 50, 47, 48, 11, 12, 14, 17, 19, 20, 18, 15, 13, 16, 0, 31, 39, 38, 37, 40, 35, 36, 34, 33, 32, 24, 21, 23, 22, 25, 27, 29, 30, 28, 26, 0]
Elapsed time: 244.27803301811218

i:0	122628.36580210223
i:50	81782.78287852029
i:100	76517.53718918274
i:150	75795.13168370933
i:200	75097.93966544428
i:250	74913.98541838754
i:300	74415.07003642104
i:350	74149.41257331536
i:400	73890.18518575974
i:450	73799.36730836458
i:500	73044.52874896437
i:550	72800.27713772244
i:600	72800.27713772244
i:650	72773.30063373274
best: 72642.20775290512
routes: [0, 4, 3, 6, 5, 10, 9, 7, 8, 2, 1, 31, 39, 40, 35, 36, 37, 38, 34, 33, 32, 0, 51, 52, 53, 54, 55, 57, 56, 59, 60, 58, 76, 74, 71, 72, 73, 75, 78, 77, 79, 80, 61, 62, 63, 64, 65, 68, 67, 66, 69, 70, 0, 21, 23, 25, 27, 29, 30, 28, 26, 24, 22, 16, 13, 15, 17, 19, 20, 18, 14, 12, 11, 43, 45, 47, 49, 50, 48, 46, 44, 41, 42, 0]
Elapsed time: 262.2618408203125

i:0	123505.63239614014
i:50	84062.48326472161
i:100	81838.8575374986
i:150	80441.85140065994
i:200	80282.9702976673
i:250	79708.38708772675
i:300	79511.84283039349
i:350	79360.05801670103
i:400	78095.98600428212
i:450	76238.47860819144
i:500	75675.83788256772
i:550	75161.2624975604
i:600	75004.28315957892
i:650	75004.28315957892
best: 74998.39597339457
routes: [0, 33, 32, 38, 39, 40, 35, 36, 37, 34, 31, 69, 70, 66, 67, 68, 65, 64, 63, 61, 62, 0, 76, 77, 74, 71, 72, 73, 75, 78, 80, 79, 58, 60, 59, 57, 56, 53, 51, 52, 55, 54, 2, 1, 3, 6, 7, 8, 9, 10, 5, 4, 0, 43, 42, 41, 44, 45, 47, 46, 49, 50, 48, 14, 12, 11, 13, 15, 18, 17, 19, 20, 16, 25, 27, 29, 30, 28, 26, 24, 21, 23, 22, 0]
Elapsed time: 269.7659504413605

i:0	120143.95612346828
i:50	81796.25530831286
i:100	78873.9888625093
i:150	77471.19066586607
i:200	77278.46135111839
i:250	77178.28267565054
i:300	77151.20485534101
i:350	77139.52124420027
i:400	76639.09601678226
i:450	76377.47695648897
i:500	76349.45302507514
i:550	76146.45593893497
i:600	75924.29881824256
i:650	75924.29881824256
best: 75924.29881824256
routes: [0, 61, 62, 63, 64, 65, 68, 67, 66, 69, 70, 31, 34, 33, 38, 39, 40, 35, 36, 37, 32, 0, 79, 80, 78, 75, 73, 72, 71, 74, 77, 76, 58, 60, 59, 57, 56, 53, 51, 52, 55, 54, 9, 7, 8, 2, 1, 3, 6, 10, 5, 4, 0, 43, 45, 47, 49, 50, 48, 46, 44, 41, 42, 11, 13, 12, 14, 15, 17, 19, 20, 18, 16, 25, 27, 29, 30, 28, 26, 24, 21, 23, 22, 0]
Elapsed time: 249.51373744010925

i:0	111785.05591684965
i:50	82203.22942830775
i:100	78668.13528427001
i:150	74118.45896728845
i:200	72303.37090555353
i:250	71472.53370257904
i:300	71423.82869654134
i:350	71313.6795356397
i:400	71029.9787173639
i:450	70683.11994262438
i:500	70461.12267540916
i:550	70461.12267540916
i:600	70461.12267540916
i:650	70461.12267540916
best: 70461.12267540916
routes: [0, 4, 3, 1, 2, 8, 6, 5, 10, 7, 9, 43, 45, 42, 41, 44, 46, 49, 50, 47, 48, 14, 12, 11, 13, 15, 17, 19, 20, 18, 16, 0, 31, 39, 38, 37, 40, 35, 36, 34, 33, 32, 28, 30, 29, 27, 25, 22, 23, 21, 24, 26, 0, 51, 52, 53, 54, 55, 57, 56, 59, 60, 58, 76, 74, 71, 72, 73, 75, 78, 77, 79, 80, 61, 62, 63, 64, 65, 68, 67, 66, 69, 70, 0]
Elapsed time: 257.36658692359924

i:0	109830.51695383979
i:50	89374.22983516715
i:100	79686.10286628958
i:150	78580.4525879078
i:200	78513.24701791468
i:250	78124.30036510063
i:300	77841.88184108485
i:350	77659.09241791492
i:400	77412.4022587443
i:450	77412.4022587443
i:500	77328.97556088076
i:550	77172.13644442687
i:600	77005.06024876852
i:650	75157.46731712359
best: 70616.792029808
routes: [0, 51, 52, 53, 56, 54, 55, 57, 59, 60, 58, 76, 74, 71, 72, 73, 75, 78, 77, 79, 80, 61, 62, 63, 64, 65, 68, 67, 66, 69, 70, 0, 4, 2, 1, 3, 6, 5, 10, 7, 8, 9, 43, 48, 47, 45, 42, 41, 44, 46, 49, 50, 17, 19, 20, 18, 15, 14, 12, 11, 13, 16, 0, 31, 39, 40, 35, 36, 37, 38, 34, 33, 32, 24, 26, 21, 23, 25, 27, 29, 30, 28, 22, 0]
Elapsed time: 257.80952978134155

i:0	124122.63485116135
i:50	88772.93367635779
i:100	76368.11117065593
i:150	75083.18223069944
i:200	74606.56813226436
i:250	74606.56813226436
i:300	74526.29014075312
i:350	74465.64843547264
i:400	74056.21569615512
i:450	73958.00323449627
i:500	73313.40796599853
i:550	73286.41163943225
i:600	73286.41163943225
i:650	73268.5608672932
best: 73268.5608672932
routes: [0, 4, 3, 1, 2, 8, 6, 5, 10, 7, 9, 43, 42, 41, 44, 45, 47, 46, 49, 50, 48, 14, 12, 11, 13, 15, 17, 19, 20, 18, 16, 0, 21, 22, 23, 24, 26, 25, 29, 27, 28, 30, 35, 36, 37, 40, 39, 38, 32, 33, 34, 31, 69, 70, 66, 67, 68, 65, 64, 63, 61, 62, 0, 79, 80, 78, 75, 73, 72, 71, 74, 77, 76, 58, 60, 59, 57, 56, 55, 54, 53, 51, 52, 0]
Elapsed time: 242.16021943092346

i:0	119624.48536096838
i:50	80335.15278327616
i:100	77794.85388441946
i:150	77168.97789560744
i:200	76791.26700601293
i:250	75679.22991005157
i:300	75512.60062710627
i:350	74723.51147803395
i:400	74024.78927621616
i:450	73960.16966920279
i:500	73950.028048985
i:550	73950.028048985
i:600	73950.028048985
i:650	73950.028048985
best: 73855.79904940489
routes: [0, 4, 5, 6, 3, 1, 2, 8, 7, 9, 10, 43, 42, 41, 44, 45, 47, 46, 49, 50, 48, 14, 15, 17, 19, 20, 18, 16, 13, 11, 12, 0, 21, 22, 23, 24, 26, 25, 29, 27, 28, 30, 35, 36, 37, 40, 39, 38, 32, 33, 34, 31, 69, 70, 66, 67, 68, 65, 64, 63, 61, 62, 0, 76, 74, 71, 72, 73, 75, 78, 77, 79, 80, 58, 60, 59, 57, 56, 53, 51, 52, 55, 54, 0]
Elapsed time: 244.75113344192505

i:0	124583.03938087204
i:50	87477.22672857247
i:100	82426.64100609657
i:150	81776.52339942817
i:200	81499.82884846015
i:250	81407.98001310567
i:300	81142.7842556445
i:350	79940.00446959336
i:400	78918.39101172822
i:450	77431.79997432201
i:500	76266.79810624105
i:550	75767.21289094428
i:600	75389.97904036008
i:650	74857.14003731716
best: 73675.57003589219
routes: [0, 43, 42, 41, 44, 45, 47, 46, 49, 50, 48, 14, 12, 11, 13, 15, 18, 17, 19, 20, 16, 22, 21, 23, 25, 27, 29, 30, 28, 26, 24, 0, 3, 1, 2, 8, 7, 9, 10, 5, 6, 4, 31, 39, 38, 37, 40, 35, 36, 32, 33, 34, 0, 54, 55, 57, 56, 52, 51, 53, 59, 60, 58, 79, 80, 77, 78, 75, 73, 72, 71, 74, 76, 61, 62, 63, 64, 65, 68, 67, 66, 69, 70, 0]
Elapsed time: 279.4473035335541

i:0	116121.06874502647
i:50	91854.78359095495
i:100	87111.60306260805
i:150	86334.70731370967
i:200	85752.6487036445
i:250	85662.24409436365
i:300	85414.93526966643
i:350	85329.92771585287
i:400	84726.97267215417
i:450	84268.17513223636
i:500	81381.02294410797
i:550	80366.0463790874
i:600	80310.87937654102
i:650	78394.74013926214
best: 77986.47140671437
routes: [0, 21, 22, 23, 24, 26, 25, 29, 27, 28, 30, 35, 36, 37, 40, 39, 38, 31, 34, 33, 32, 5, 6, 10, 9, 7, 8, 2, 1, 3, 4, 0, 76, 77, 78, 75, 73, 72, 71, 74, 79, 80, 61, 62, 63, 64, 65, 68, 67, 66, 69, 70, 0, 51, 52, 53, 58, 60, 59, 57, 56, 55, 54, 43, 42, 41, 44, 45, 47, 46, 49, 50, 48, 17, 14, 12, 11, 13, 15, 18, 19, 20, 16, 0]
Elapsed time: 276.96342968940735

i:0	120222.87116154583
i:50	80710.45237263119
i:100	78401.92559699032
i:150	76740.29015257416
i:200	76540.75125235162
i:250	76237.83237889432
i:300	75711.9740940233
i:350	75621.15621662815
i:400	75621.15621662815
i:450	75621.15621662815
i:500	75621.15621662815
i:550	75619.59210912666
i:600	75619.59210912666
i:650	75613.70492294233
best: 75613.70492294233
routes: [0, 61, 62, 63, 64, 65, 68, 67, 66, 69, 70, 31, 39, 38, 37, 40, 35, 36, 32, 33, 34, 0, 79, 80, 78, 75, 73, 72, 71, 74, 77, 76, 58, 60, 59, 57, 55, 56, 53, 51, 52, 54, 2, 1, 3, 6, 7, 8, 9, 10, 5, 4, 0, 21, 23, 25, 27, 29, 30, 28, 26, 24, 22, 16, 20, 19, 17, 18, 15, 14, 12, 13, 11, 43, 48, 47, 45, 42, 41, 44, 46, 49, 50, 0]
Elapsed time: 221.95864391326904

i:0	116111.36626908655
i:50	82169.11257376055
i:100	80284.76524138339
i:150	78524.25653003671
i:200	78104.04571216684
i:250	77050.37683917834
i:300	77006.99537244206
i:350	76528.76132787328
i:400	75364.53413454037
i:450	74733.57911036954
i:500	72950.10467736106
i:550	72504.65205284796
i:600	71625.28672442338
i:650	71414.47585190083
best: 71351.66579856953
routes: [0, 51, 52, 53, 56, 54, 55, 57, 59, 60, 58, 79, 77, 76, 74, 71, 72, 73, 75, 78, 80, 69, 70, 66, 67, 68, 65, 64, 63, 61, 62, 0, 4, 1, 2, 8, 6, 3, 5, 10, 7, 9, 43, 42, 41, 44, 45, 47, 46, 49, 50, 48, 17, 19, 20, 18, 15, 14, 12, 11, 13, 16, 0, 31, 39, 40, 35, 36, 37, 38, 34, 33, 32, 30, 28, 27, 29, 25, 26, 24, 21, 23, 22, 0]
Elapsed time: 278.437686920166

i:0	112569.08127893478
i:50	84106.51748914963
i:100	77810.4718311058
i:150	75081.74453646966
i:200	74370.20311009244
i:250	74357.65124234892
i:300	74286.72277785398
i:350	73821.12140968513
i:400	73460.4224900784
i:450	73398.2275776894
i:500	73138.61378528074
i:550	73035.08106844255
i:600	73026.43333102146
i:650	73026.43333102146
best: 72956.44667781232
routes: [0, 31, 33, 34, 39, 38, 37, 40, 35, 36, 32, 21, 23, 25, 27, 29, 30, 28, 26, 24, 22, 16, 15, 18, 20, 19, 17, 14, 13, 11, 12, 0, 4, 6, 9, 7, 8, 2, 1, 3, 5, 10, 43, 42, 45, 44, 41, 47, 46, 49, 50, 48, 0, 51, 53, 52, 55, 54, 57, 56, 59, 60, 58, 79, 77, 76, 74, 71, 72, 73, 75, 78, 80, 61, 62, 63, 64, 65, 68, 67, 66, 69, 70, 0]
Elapsed time: 262.857684135437

i:0	120143.15815600334
i:50	84126.94770758267
i:100	79155.48683156229
i:150	77715.32296546438
i:200	76310.8893208474
i:250	75745.21506531487
i:300	75594.58286435503
i:350	75201.20212114454
i:400	75025.96960800944
i:450	74784.11961332572
i:500	74599.31024604966
i:550	74599.31024604966
i:600	74599.31024604966
i:650	74599.31024604966
best: 74591.10957971944
routes: [0, 21, 23, 25, 27, 29, 30, 28, 26, 24, 22, 16, 13, 18, 20, 19, 17, 15, 14, 12, 11, 43, 42, 41, 44, 45, 47, 46, 49, 50, 48, 0, 4, 1, 2, 3, 6, 5, 10, 9, 7, 8, 76, 77, 74, 71, 72, 73, 75, 78, 80, 79, 58, 60, 59, 57, 56, 53, 51, 52, 55, 54, 0, 61, 62, 63, 64, 65, 68, 67, 66, 69, 70, 31, 39, 40, 35, 36, 37, 38, 34, 33, 32, 0]
Elapsed time: 248.29384756088257

i:0	114941.21825522142
i:50	82591.34199829628
i:100	80716.2848346254
i:150	79654.9328211389
i:200	79112.73305128612
i:250	78624.29200093646
i:300	77791.4598629658
i:350	77363.52988741107
i:400	77363.52988741107
i:450	77308.83686754739
i:500	75986.2090843464
i:550	74959.48789849067
i:600	74959.48789849067
i:650	74841.4713463702
best: 74675.26275647517
routes: [0, 33, 34, 32, 37, 36, 35, 40, 39, 38, 31, 69, 70, 66, 67, 68, 63, 65, 64, 61, 62, 0, 21, 24, 23, 25, 26, 27, 29, 30, 28, 22, 16, 15, 18, 20, 19, 17, 14, 12, 13, 11, 43, 45, 42, 41, 44, 46, 49, 50, 47, 48, 0, 51, 52, 53, 56, 54, 55, 57, 59, 60, 58, 79, 80, 77, 76, 74, 71, 72, 73, 75, 78, 8, 7, 9, 10, 5, 6, 2, 1, 3, 4, 0]
Elapsed time: 265.1374444961548

i:0	130515.81497495444
i:50	85136.0132036421
i:100	80395.04738463154
i:150	78053.05907513847
i:200	77620.61067113714
i:250	77503.80097564885
i:300	77490.79861966231
i:350	77363.01626861826
i:400	76580.21469317752
i:450	76317.26525887146
i:500	76244.8911884054
i:550	76209.14356955061
i:600	76202.08191592588
i:650	76195.84691172738
best: 76195.84691172738
routes: [0, 76, 77, 74, 71, 72, 73, 75, 78, 80, 79, 58, 60, 59, 57, 56, 53, 51, 52, 55, 54, 0, 61, 62, 63, 64, 65, 68, 67, 66, 69, 70, 31, 39, 40, 35, 36, 37, 38, 34, 33, 32, 21, 23, 25, 27, 29, 30, 28, 26, 24, 22, 0, 11, 13, 15, 18, 16, 20, 19, 17, 14, 12, 48, 47, 49, 50, 46, 44, 45, 42, 41, 43, 9, 8, 7, 10, 5, 6, 2, 1, 3, 4, 0]
Elapsed time: 259.30808091163635

i:0	119510.90998157626
i:50	86980.9273755845
i:100	83638.53443405752
i:150	83175.69869497941
i:200	82112.10036019303
i:250	82112.10036019303
i:300	82112.10036019303
i:350	82014.05628414999
i:400	81984.12816965692
i:450	80710.77765607659
i:500	80395.0508924317
i:550	76083.0540385673
i:600	75612.07338510753
i:650	75510.63077931946
best: 75468.09108241336
routes: [0, 76, 74, 71, 72, 73, 75, 78, 77, 79, 80, 58, 60, 59, 57, 56, 53, 51, 52, 55, 54, 8, 2, 1, 3, 6, 7, 9, 10, 5, 4, 0, 43, 42, 41, 44, 45, 47, 46, 49, 50, 48, 12, 11, 13, 15, 14, 17, 19, 20, 18, 16, 22, 25, 27, 29, 30, 28, 26, 23, 21, 24, 0, 61, 62, 63, 64, 65, 68, 67, 66, 69, 70, 31, 34, 33, 38, 39, 40, 35, 36, 37, 32, 0]
Elapsed time: 269.41435956954956

i:0	127784.93983008747
i:50	86345.25586617374
i:100	80350.48781578768
i:150	77930.34156922769
i:200	77281.87379551699
i:250	77071.24422394235
i:300	76452.7059774409
i:350	76096.25856375432
i:400	75812.35106770619
i:450	75680.637956958
i:500	75376.05185728821
i:550	75336.68007121905
i:600	75336.68007121905
i:650	74892.28154884919
best: 74892.28154884919
routes: [0, 61, 62, 63, 64, 65, 68, 67, 66, 69, 70, 31, 39, 40, 35, 36, 37, 38, 34, 33, 32, 0, 43, 45, 42, 41, 44, 46, 49, 50, 47, 48, 14, 12, 11, 13, 15, 18, 17, 19, 20, 16, 22, 21, 23, 25, 27, 29, 30, 28, 26, 24, 0, 76, 77, 74, 71, 72, 73, 75, 78, 80, 79, 58, 60, 59, 57, 56, 53, 51, 52, 55, 54, 8, 7, 9, 10, 5, 6, 2, 1, 3, 4, 0]
Elapsed time: 259.4436593055725

mean: 73957.23877127089
std: 2130.9523134571964
mean-time: 258.94433560371397
std-time: 13.719085178722993