i:0	121390.78229671704
i:50	87489.61254599958
i:100	86115.57021183125
i:150	85357.39686329695
i:200	85005.45011713105
i:250	84778.27641595781
i:300	84600.43475324857
i:350	84236.10027654542
i:400	84013.1975236462
i:450	83884.54110258535
i:500	82744.44527500588
i:550	82477.51042404247
i:600	82450.74617216596
i:650	82450.74617216596
best: 82450.74617216596
routes: [0, 4, 3, 6, 5, 10, 9, 7, 8, 2, 1, 69, 70, 66, 67, 68, 65, 64, 63, 61, 62, 0, 43, 45, 47, 49, 50, 48, 46, 44, 41, 42, 11, 12, 13, 15, 14, 17, 19, 20, 18, 16, 0, 31, 34, 33, 38, 39, 40, 36, 35, 37, 32, 28, 30, 29, 27, 25, 26, 24, 21, 23, 22, 0, 76, 77, 74, 71, 72, 73, 75, 78, 80, 79, 58, 60, 59, 57, 52, 51, 53, 56, 55, 54, 0]
Elapsed time: 240.03905868530273

i:0	120688.18510083457
i:50	85817.64399483945
i:100	84139.53354706656
i:150	83110.52700912858
i:200	82848.11421849146
i:250	82848.11421849146
i:300	82603.03923426541
i:350	82129.77812125877
i:400	81676.12683504424
i:450	81676.12683504424
i:500	81676.12683504424
i:550	81676.12683504424
i:600	81676.12683504424
i:650	81676.12683504424
best: 81676.12683504424
routes: [0, 31, 39, 40, 35, 36, 37, 38, 34, 33, 32, 30, 28, 27, 29, 25, 26, 24, 21, 23, 22, 0, 13, 15, 14, 17, 19, 20, 18, 16, 12, 11, 43, 45, 46, 49, 50, 48, 47, 44, 41, 42, 0, 76, 77, 79, 80, 74, 71, 72, 73, 75, 78, 61, 62, 63, 64, 65, 68, 66, 67, 69, 70, 0, 4, 1, 3, 6, 5, 10, 9, 7, 8, 2, 54, 55, 56, 57, 59, 60, 58, 53, 51, 52, 0]
Elapsed time: 217.54340863227844

i:0	125771.36099337248
i:50	86775.60586710088
i:100	84128.38859852623
i:150	82763.9517970038
i:200	82528.82358003651
i:250	82461.75922232043
i:300	82105.52933071894
i:350	82105.52933071894
i:400	82105.52933071894
i:450	81967.45060565355
i:500	81827.59976868822
i:550	81827.59976868822
i:600	81827.59976868822
i:650	81827.59976868822
best: 81827.59976868822
routes: [0, 80, 76, 77, 74, 71, 72, 73, 75, 78, 79, 58, 60, 59, 57, 54, 55, 56, 53, 51, 52, 0, 31, 39, 38, 37, 40, 35, 36, 34, 33, 32, 21, 23, 22, 25, 27, 29, 30, 28, 26, 24, 0, 43, 45, 42, 41, 44, 46, 49, 50, 47, 48, 14, 17, 19, 20, 18, 15, 12, 11, 13, 16, 0, 4, 5, 10, 9, 7, 8, 6, 3, 2, 1, 61, 62, 63, 64, 65, 67, 68, 66, 69, 70, 0]
Elapsed time: 228.46673440933228

i:0	122691.69071710648
i:50	86403.4059000526
i:100	85037.54076620104
i:150	84594.32350072582
i:200	84318.17613651199
i:250	83812.6342270541
i:300	83731.74317374121
i:350	83322.31608695824
i:400	83180.34931552845
i:450	83096.92752881057
i:500	83034.06174483307
i:550	82975.05072781266
i:600	82975.05072781266
i:650	82975.05072781266
best: 82480.68433142154
routes: [0, 43, 45, 42, 41, 44, 46, 49, 50, 47, 48, 14, 12, 11, 13, 15, 18, 17, 19, 20, 16, 0, 4, 5, 6, 10, 9, 7, 8, 2, 3, 1, 61, 63, 65, 68, 67, 69, 70, 66, 64, 62, 0, 31, 39, 40, 35, 36, 37, 38, 34, 33, 32, 21, 23, 22, 25, 27, 29, 30, 28, 26, 24, 0, 76, 74, 71, 72, 73, 75, 78, 77, 79, 80, 58, 59, 60, 56, 57, 55, 54, 53, 51, 52, 0]
Elapsed time: 234.5886104106903

i:0	128286.21076486328
i:50	88768.82451003548
i:100	87184.68077080691
i:150	86873.09283165779
i:200	86604.12258328422
i:250	86379.08475342652
i:300	86169.54039693344
i:350	85269.92766558987
i:400	82693.86675051285
i:450	82174.78480438495
i:500	81924.26708193784
i:550	81356.5928629997
i:600	81276.72077440433
i:650	81276.72077440433
best: 81276.72077440433
routes: [0, 51, 52, 53, 56, 54, 55, 57, 59, 60, 58, 79, 80, 76, 77, 74, 71, 72, 73, 75, 78, 0, 4, 3, 6, 5, 10, 9, 7, 8, 2, 1, 61, 62, 63, 64, 65, 68, 66, 67, 69, 70, 0, 31, 39, 38, 34, 33, 32, 37, 40, 35, 36, 30, 28, 27, 29, 25, 26, 24, 21, 23, 22, 0, 11, 12, 13, 14, 15, 18, 16, 20, 19, 17, 48, 50, 49, 47, 45, 46, 44, 41, 43, 42, 0]
Elapsed time: 240.58519840240479

i:0	118242.71479919823
i:50	82967.65836092763
i:100	81760.46265971428
i:150	81115.17467184456
i:200	80924.53073123735
i:250	80373.82917052522
i:300	80168.10797205658
i:350	80168.10797205658
i:400	80168.10797205658
i:450	80168.10797205658
i:500	80168.10797205658
i:550	80168.10797205658
i:600	80168.10797205658
i:650	80010.77137442875
best: 80010.77137442875
routes: [0, 31, 34, 33, 38, 39, 40, 36, 35, 37, 32, 21, 23, 22, 25, 27, 29, 30, 28, 26, 24, 0, 4, 5, 6, 10, 9, 7, 8, 2, 3, 1, 69, 70, 66, 67, 68, 65, 64, 63, 61, 62, 0, 51, 52, 53, 56, 54, 55, 57, 59, 60, 58, 76, 77, 74, 71, 72, 73, 75, 78, 79, 80, 0, 43, 45, 42, 41, 44, 46, 49, 50, 47, 48, 12, 11, 13, 15, 14, 17, 19, 20, 18, 16, 0]
Elapsed time: 213.6148340702057

i:0	120230.08994614461
i:50	86757.93114231466
i:100	85398.66423340306
i:150	83352.54143265319
i:200	82657.17733008674
i:250	82130.9921383243
i:300	82130.9921383243
i:350	82130.9921383243
i:400	82000.21834537607
i:450	81847.44256884145
i:500	81847.44256884145
i:550	81841.20756464294
i:600	81841.20756464294
i:650	80655.64416907803
best: 80655.64416907803
routes: [0, 13, 15, 18, 16, 20, 19, 17, 14, 12, 11, 43, 41, 44, 46, 49, 50, 48, 47, 45, 42, 0, 51, 52, 53, 56, 54, 55, 57, 59, 60, 58, 76, 77, 74, 71, 72, 73, 75, 78, 79, 80, 0, 4, 5, 10, 9, 7, 8, 6, 3, 2, 1, 61, 62, 63, 64, 65, 67, 68, 66, 69, 70, 0, 21, 22, 23, 24, 26, 25, 29, 27, 28, 30, 35, 36, 37, 40, 39, 38, 31, 34, 33, 32, 0]
Elapsed time: 207.52222275733948

i:0	122422.85992592887
i:50	89966.98899235678
i:100	85632.67193786737
i:150	85149.29817087663
i:200	84151.20278521054
i:250	83871.61868073234
i:300	83286.5535683562
i:350	82787.03324955891
i:400	82537.6482431615
i:450	82376.94583280137
i:500	82099.7873788137
i:550	82044.85637462365
i:600	81985.84535760325
i:650	81985.84535760325
best: 81740.34076273435
routes: [0, 31, 39, 40, 35, 36, 37, 38, 34, 33, 32, 28, 30, 29, 27, 25, 26, 23, 22, 21, 24, 0, 76, 74, 71, 72, 73, 75, 78, 77, 79, 80, 58, 60, 59, 57, 52, 51, 53, 56, 55, 54, 0, 43, 45, 42, 41, 44, 46, 49, 50, 47, 48, 14, 17, 19, 20, 18, 15, 12, 11, 13, 16, 0, 4, 3, 6, 5, 10, 9, 7, 8, 2, 1, 69, 70, 66, 67, 68, 65, 64, 63, 61, 62, 0]
Elapsed time: 238.30984807014465

i:0	123434.32997576638
i:50	86739.16360012686
i:100	83531.37777923311
i:150	83121.7925406494
i:200	81636.57688198677
i:250	81163.79747656653
i:300	80354.54021300995
i:350	80215.24623135237
i:400	80051.15245597332
i:450	80051.15245597332
i:500	79562.71774493119
i:550	79163.95747241119
i:600	79163.95747241119
i:650	79163.95747241119
best: 79163.95747241119
routes: [0, 11, 12, 13, 15, 14, 17, 19, 20, 18, 16, 25, 27, 29, 30, 28, 26, 24, 21, 23, 22, 0, 51, 52, 53, 56, 54, 55, 57, 59, 60, 58, 79, 80, 76, 77, 74, 71, 72, 73, 75, 78, 0, 4, 3, 1, 2, 8, 6, 5, 10, 7, 9, 43, 45, 42, 41, 44, 46, 49, 50, 47, 48, 0, 61, 62, 63, 64, 65, 68, 66, 67, 69, 70, 31, 39, 40, 35, 36, 37, 38, 34, 33, 32, 0]
Elapsed time: 222.6419141292572

i:0	124088.75947024874
i:50	87923.41117767306
i:100	84735.9889591966
i:150	84101.61748780572
i:200	83720.00687209467
i:250	83539.69267531627
i:300	82997.4399356762
i:350	82588.18308389359
i:400	82453.54490664297
i:450	82372.51403447635
i:500	82014.15381451396
i:550	79814.77231144463
i:600	79814.77231144463
i:650	79512.82501164272
best: 79512.82501164272
routes: [0, 51, 52, 53, 56, 54, 55, 57, 59, 60, 58, 79, 80, 76, 77, 74, 71, 72, 73, 75, 78, 0, 61, 62, 63, 64, 65, 68, 66, 67, 69, 70, 31, 39, 40, 35, 36, 37, 38, 34, 33, 32, 0, 21, 24, 23, 25, 27, 29, 30, 28, 26, 22, 13, 11, 12, 15, 14, 17, 19, 20, 18, 16, 0, 4, 5, 10, 8, 2, 1, 3, 6, 7, 9, 43, 46, 49, 50, 48, 47, 45, 44, 41, 42, 0]
Elapsed time: 241.79512524604797

i:0	122591.23327280731
i:50	87437.02240340982
i:100	84807.46251588297
i:150	82551.73017403932
i:200	82133.89545742782
i:250	82128.89346432914
i:300	82128.89346432914
i:350	82128.89346432914
i:400	82127.36376128442
i:450	81768.73804589675
i:500	81710.24254506739
i:550	81710.24254506739
i:600	81710.24254506739
i:650	81710.24254506739
best: 81710.24254506739
routes: [0, 61, 62, 63, 64, 65, 66, 67, 68, 69, 70, 31, 34, 33, 38, 39, 40, 35, 36, 37, 32, 0, 21, 23, 25, 27, 29, 30, 28, 26, 24, 22, 16, 20, 19, 17, 18, 15, 14, 13, 11, 12, 0, 71, 72, 73, 75, 78, 77, 74, 76, 79, 80, 58, 60, 59, 57, 54, 55, 56, 53, 51, 52, 0, 4, 1, 2, 3, 6, 5, 10, 7, 8, 9, 43, 45, 42, 41, 44, 46, 49, 50, 47, 48, 0]
Elapsed time: 209.12566876411438

i:0	126858.63216289079
i:50	88292.17462842834
i:100	84777.43922311845
i:150	82516.23929126415
i:200	82372.41265416103
i:250	82039.00569963886
i:300	80957.99931584347
i:350	80758.66713341836
i:400	79839.66024307055
i:450	79629.05067156309
i:500	79629.05067156309
i:550	79629.05067156309
i:600	79629.05067156309
i:650	79629.05067156309
best: 79629.05067156309
routes: [0, 4, 5, 6, 3, 1, 2, 8, 7, 9, 10, 43, 45, 42, 41, 44, 46, 49, 50, 47, 48, 0, 21, 22, 23, 24, 26, 25, 27, 29, 30, 28, 16, 15, 18, 20, 19, 17, 14, 13, 11, 12, 0, 61, 62, 63, 64, 65, 67, 68, 66, 69, 70, 31, 39, 38, 37, 40, 35, 36, 32, 33, 34, 0, 51, 52, 53, 56, 54, 55, 57, 59, 60, 58, 79, 80, 76, 77, 74, 71, 72, 73, 75, 78, 0]
Elapsed time: 227.2583978176117

i:0	130487.52991436422
i:50	88155.8654184284
i:100	85112.96910295522
i:150	83894.50663342659
i:200	83454.01965262143
i:250	83415.16432112672
i:300	82924.30677630547
i:350	82811.63968476083
i:400	82610.85410917712
i:450	82610.85410917712
i:500	82443.89645250146
i:550	82443.89645250146
i:600	82443.89645250146
i:650	82443.89645250146
best: 82443.89645250146
routes: [0, 4, 1, 2, 8, 7, 9, 10, 5, 6, 3, 61, 62, 63, 64, 65, 68, 66, 67, 69, 70, 0, 31, 39, 40, 36, 35, 37, 38, 34, 33, 32, 28, 30, 29, 27, 25, 26, 24, 21, 23, 22, 0, 13, 15, 18, 16, 20, 19, 17, 14, 12, 11, 43, 42, 41, 45, 44, 46, 49, 50, 47, 48, 0, 79, 80, 76, 77, 74, 71, 72, 73, 75, 78, 58, 59, 60, 56, 57, 55, 54, 53, 51, 52, 0]
Elapsed time: 221.38414931297302

i:0	112968.07163770276
i:50	90460.62328981402
i:100	85547.26160435128
i:150	85043.41390453387
i:200	84158.42907630408
i:250	83225.3364539961
i:300	82908.34206428059
i:350	82823.31476825455
i:400	82713.02995615447
i:450	82396.41968323081
i:500	82396.41968323081
i:550	82396.41968323081
i:600	82396.41968323081
i:650	82396.41968323081
best: 82396.41968323081
routes: [0, 13, 15, 18, 16, 20, 19, 17, 14, 12, 11, 43, 41, 44, 46, 49, 50, 48, 47, 45, 42, 0, 31, 39, 38, 34, 33, 32, 37, 40, 35, 36, 30, 28, 27, 29, 25, 26, 24, 21, 23, 22, 0, 80, 76, 77, 74, 71, 72, 73, 75, 78, 79, 58, 60, 59, 57, 54, 55, 56, 53, 51, 52, 0, 4, 5, 10, 9, 7, 8, 6, 3, 2, 1, 69, 70, 66, 67, 68, 65, 64, 63, 61, 62, 0]
Elapsed time: 217.36318731307983

i:0	127494.34433093785
i:50	89704.98965704559
i:100	88336.89382275596
i:150	87059.61014112161
i:200	86472.55734764712
i:250	85973.5018582878
i:300	85434.97662926749
i:350	84890.360633107
i:400	84408.52022119607
i:450	84183.85229201044
i:500	83701.35929701164
i:550	83701.35929701164
i:600	83701.35929701164
i:650	83397.96075390273
best: 83397.96075390273
routes: [0, 21, 22, 23, 24, 26, 25, 27, 29, 30, 28, 32, 33, 31, 39, 40, 35, 36, 37, 38, 34, 0, 76, 74, 71, 72, 73, 75, 78, 77, 79, 80, 58, 60, 59, 57, 54, 55, 56, 53, 51, 52, 0, 11, 12, 13, 14, 15, 18, 16, 20, 19, 17, 48, 50, 49, 47, 45, 46, 44, 41, 43, 42, 0, 4, 3, 5, 6, 10, 9, 7, 8, 2, 1, 61, 62, 63, 64, 65, 67, 68, 66, 69, 70, 0]
Elapsed time: 234.56229782104492

i:0	118941.02970520912
i:50	87275.68071092435
i:100	85383.69356409539
i:150	84118.47365578442
i:200	84034.10068984862
i:250	83658.34391942085
i:300	83658.34391942085
i:350	83547.7396262355
i:400	83426.42479726976
i:450	83375.20562297608
i:500	82234.19950999029
i:550	82234.19950999029
i:600	81866.92616520108
i:650	81866.92616520108
best: 81805.10685062896
routes: [0, 31, 33, 34, 39, 38, 37, 40, 35, 36, 32, 28, 30, 29, 27, 25, 26, 24, 21, 23, 22, 0, 43, 45, 42, 41, 44, 46, 49, 50, 47, 48, 14, 12, 11, 13, 15, 18, 17, 19, 20, 16, 0, 4, 5, 6, 10, 9, 7, 8, 2, 3, 1, 69, 70, 66, 67, 68, 65, 64, 63, 61, 62, 0, 80, 76, 77, 74, 71, 72, 73, 75, 78, 79, 58, 60, 59, 57, 54, 55, 56, 53, 51, 52, 0]
Elapsed time: 216.614173412323

i:0	123757.2130856617
i:50	87712.72478134502
i:100	85596.60480295474
i:150	85230.90912186913
i:200	85177.65362712042
i:250	85134.84435464093
i:300	84738.62396015496
i:350	84738.62396015496
i:400	84732.38895595646
i:450	84732.38895595646
i:500	84697.78038486501
i:550	84566.65707412109
i:600	84566.65707412109
i:650	84566.65707412109
best: 84225.7594391952
routes: [0, 13, 15, 18, 16, 20, 19, 17, 14, 12, 11, 48, 47, 49, 50, 46, 44, 41, 43, 45, 42, 0, 4, 5, 10, 9, 7, 8, 6, 3, 2, 1, 61, 63, 65, 68, 67, 69, 70, 66, 64, 62, 0, 80, 76, 77, 74, 71, 72, 73, 75, 78, 79, 58, 60, 59, 57, 52, 51, 53, 56, 55, 54, 0, 31, 34, 33, 38, 39, 40, 36, 35, 37, 32, 28, 30, 29, 27, 25, 26, 24, 21, 23, 22, 0]
Elapsed time: 215.9366044998169

i:0	119448.64038689228
i:50	87198.759660312
i:100	85951.81360718764
i:150	85250.7592595933
i:200	84635.550914876
i:250	84303.68141019958
i:300	83642.52019167271
i:350	83010.64352536078
i:400	82526.53334064379
i:450	82526.53334064379
i:500	82476.96381936144
i:550	82121.53041975408
i:600	82121.53041975407
i:650	82121.53041975407
best: 81667.87913353955
routes: [0, 76, 77, 79, 80, 74, 71, 72, 73, 75, 78, 61, 62, 63, 64, 65, 68, 66, 67, 69, 70, 0, 43, 45, 42, 41, 44, 46, 49, 50, 47, 48, 12, 11, 13, 15, 14, 17, 19, 20, 18, 16, 0, 21, 23, 22, 25, 27, 29, 30, 28, 26, 24, 33, 32, 37, 35, 36, 40, 39, 38, 31, 34, 0, 4, 5, 10, 7, 9, 8, 6, 3, 1, 2, 54, 55, 57, 59, 60, 58, 56, 53, 51, 52, 0]
Elapsed time: 242.47493958473206

i:0	119459.38199129028
i:50	89621.65962153702
i:100	84772.6553926257
i:150	84462.88834914575
i:200	84033.59629877875
i:250	83476.23980196855
i:300	83275.74756752045
i:350	82882.17809143581
i:400	82882.17809143581
i:450	82553.29822719711
i:500	82475.67364854625
i:550	82475.67364854625
i:600	82247.67343856409
i:650	82236.64224139045
best: 81924.30758801237
routes: [0, 79, 80, 76, 77, 74, 71, 72, 73, 75, 78, 58, 60, 59, 57, 54, 55, 56, 53, 51, 52, 0, 43, 48, 47, 45, 42, 41, 44, 46, 49, 50, 14, 12, 11, 13, 15, 17, 19, 20, 18, 16, 0, 31, 39, 40, 35, 36, 37, 38, 34, 33, 32, 21, 23, 22, 25, 27, 29, 30, 28, 26, 24, 0, 4, 3, 6, 5, 10, 9, 7, 8, 2, 1, 61, 62, 63, 64, 65, 68, 66, 67, 69, 70, 0]
Elapsed time: 220.4970235824585

i:0	123281.16007899809
i:50	85262.76438806966
i:100	84383.87584546939
i:150	84011.09718298024
i:200	83307.04117399204
i:250	82842.70172913761
i:300	81748.05999170909
i:350	81555.07146637802
i:400	80751.52708880005
i:450	80485.25060758277
i:500	79827.79004546686
i:550	79713.8480242564
i:600	79713.8480242564
i:650	79713.8480242564
best: 79713.8480242564
routes: [0, 51, 52, 53, 56, 54, 55, 57, 59, 60, 58, 76, 74, 71, 72, 73, 75, 78, 77, 79, 80, 0, 43, 45, 42, 41, 44, 46, 49, 50, 47, 48, 14, 12, 11, 13, 15, 18, 17, 19, 20, 16, 0, 4, 3, 6, 5, 10, 9, 7, 8, 2, 1, 69, 70, 67, 68, 66, 65, 64, 63, 61, 62, 0, 31, 39, 38, 37, 40, 35, 36, 34, 33, 32, 21, 23, 22, 25, 27, 29, 30, 28, 26, 24, 0]
Elapsed time: 222.10313367843628

mean: 81485.49439069587
std: 1307.8023583971974
mean-time: 225.6213265299797
std-time: 11.016423462829554