i:0	110072.57841134322
i:50	88093.54598260573
i:100	84154.19118044601
i:150	78880.26603720136
i:200	78022.16587806129
i:250	77239.82578509007
i:300	76852.77510093915
i:350	76760.58141606541
i:400	76760.58141606541
i:450	76760.58141606541
i:500	76760.58141606541
i:550	76760.58141606541
i:600	76760.58141606541
i:650	76760.58141606541
best: 76760.58141606541
routes: [0, 9, 10, 12, 11, 14, 16, 13, 15, 40, 39, 38, 36, 37, 35, 34, 33, 72, 71, 65, 66, 69, 67, 68, 70, 7, 8, 2, 1, 3, 6, 5, 4, 0, 17, 19, 18, 23, 21, 22, 24, 20, 27, 30, 29, 31, 32, 26, 28, 25, 80, 76, 74, 73, 75, 77, 79, 78, 0, 41, 42, 43, 46, 47, 45, 44, 48, 63, 62, 60, 58, 57, 59, 61, 64, 50, 49, 51, 52, 53, 55, 56, 54, 0]
Elapsed time: 205.197279214859

i:0	119601.00454961877
i:50	92746.7941931076
i:100	85331.58869537033
i:150	80779.91527843566
i:200	80516.27540125827
i:250	80516.27540125827
i:300	80254.69831172432
i:350	80254.69831172432
i:400	80254.69831172432
i:450	79735.64370153214
i:500	79735.64370153214
i:550	79665.9874966395
i:600	79665.9874966395
i:650	79665.9874966395
best: 79665.9874966395
routes: [0, 4, 1, 2, 3, 5, 6, 7, 8, 60, 63, 64, 61, 59, 58, 57, 62, 48, 42, 41, 43, 46, 47, 45, 44, 0, 73, 80, 77, 75, 76, 79, 78, 74, 54, 55, 56, 53, 50, 49, 51, 52, 25, 28, 27, 32, 30, 29, 31, 26, 0, 70, 68, 67, 66, 69, 65, 71, 72, 33, 36, 38, 39, 37, 34, 35, 40, 12, 10, 9, 11, 13, 15, 16, 14, 21, 23, 24, 22, 20, 17, 19, 18, 0]
Elapsed time: 208.65578603744507

i:0	114778.2761213451
i:50	86970.63489921654
i:100	81252.13765418259
i:150	78870.98310820668
i:200	78718.68761818009
i:250	77706.69909202187
i:300	77568.58933997086
i:350	77568.58933997086
i:400	77432.00887225838
i:450	77432.00887225838
i:500	77432.00887225838
i:550	77418.71221443513
i:600	77418.71221443513
i:650	77418.71221443513
best: 77418.71221443513
routes: [0, 4, 5, 6, 3, 1, 2, 8, 7, 35, 34, 33, 36, 38, 39, 37, 40, 15, 12, 10, 9, 11, 13, 16, 14, 21, 23, 24, 22, 20, 17, 19, 18, 0, 70, 68, 67, 69, 71, 72, 65, 66, 60, 63, 64, 61, 59, 58, 57, 62, 48, 46, 47, 45, 44, 43, 41, 42, 0, 54, 55, 56, 53, 52, 51, 50, 49, 73, 74, 75, 76, 77, 80, 79, 78, 25, 27, 26, 30, 29, 31, 32, 28, 0]
Elapsed time: 196.25604438781738

i:0	125706.31359418733
i:50	91247.73410192224
i:100	87143.40964949588
i:150	83994.80986634511
i:200	79366.82674550981
i:250	78289.98163413479
i:300	77476.66468279703
i:350	76974.98888891505
i:400	76139.09488945926
i:450	75864.88118482518
i:500	75405.86237440673
i:550	75405.86237440673
i:600	75405.86237440673
i:650	75405.86237440673
best: 75405.86237440673
routes: [0, 35, 34, 37, 40, 39, 38, 36, 33, 72, 71, 65, 66, 69, 67, 68, 70, 7, 8, 2, 1, 3, 6, 5, 4, 0, 54, 55, 56, 53, 52, 51, 50, 49, 64, 61, 59, 58, 57, 63, 60, 62, 48, 46, 47, 45, 44, 43, 41, 42, 0, 73, 74, 75, 76, 77, 80, 79, 78, 25, 27, 28, 32, 30, 29, 31, 26, 20, 17, 19, 21, 23, 24, 22, 18, 14, 11, 9, 10, 12, 13, 15, 16, 0]
Elapsed time: 229.92594408988953

i:0	125851.74208667781
i:50	85336.35401408088
i:100	77736.29021969937
i:150	76367.61608629294
i:200	76367.61608629294
i:250	76367.61608629294
i:300	76318.79200272485
i:350	76318.79200272485
i:400	76318.79200272485
i:450	76318.79200272485
i:500	76318.79200272485
i:550	76318.79200272485
i:600	76318.79200272485
i:650	76318.79200272485
best: 76318.79200272485
routes: [0, 73, 74, 75, 76, 77, 79, 78, 80, 54, 55, 56, 53, 52, 51, 50, 49, 64, 61, 59, 58, 57, 63, 60, 62, 0, 41, 42, 43, 48, 46, 47, 45, 44, 68, 70, 67, 66, 69, 65, 71, 72, 33, 35, 40, 39, 38, 36, 37, 34, 7, 8, 2, 1, 3, 6, 5, 4, 0, 11, 9, 10, 12, 13, 15, 16, 14, 18, 17, 19, 20, 22, 21, 23, 24, 30, 29, 31, 32, 25, 28, 27, 26, 0]
Elapsed time: 185.88389825820923

i:0	126408.44986745389
i:50	85194.38252315039
i:100	80811.57554269694
i:150	80081.15137820892
i:200	79819.495290062
i:250	79819.495290062
i:300	79819.495290062
i:350	79819.495290062
i:400	79674.64335560621
i:450	79392.67429731236
i:500	79388.48174014357
i:550	79388.48174014357
i:600	79372.34793069615
i:650	79372.34793069615
best: 79372.34793069615
routes: [0, 4, 7, 8, 2, 1, 3, 6, 5, 35, 40, 39, 38, 36, 37, 34, 33, 69, 65, 66, 68, 70, 67, 71, 72, 0, 75, 74, 73, 76, 77, 79, 78, 80, 25, 27, 28, 32, 30, 29, 31, 26, 24, 23, 21, 22, 20, 17, 19, 18, 11, 9, 10, 12, 13, 15, 16, 14, 0, 49, 51, 52, 54, 55, 56, 53, 50, 64, 61, 59, 58, 57, 63, 60, 62, 48, 46, 47, 45, 44, 43, 41, 42, 0]
Elapsed time: 202.25984048843384

i:0	118388.52042089138
i:50	90699.98372898618
i:100	85468.86772079807
i:150	81023.97673563601
i:200	79635.94475466231
i:250	78798.09549384819
i:300	78685.02881498636
i:350	78685.02881498636
i:400	78663.7932464945
i:450	78663.7932464945
i:500	78663.7932464945
i:550	78316.00442195687
i:600	78316.00442195687
i:650	78316.00442195687
best: 78316.00442195687
routes: [0, 27, 28, 26, 31, 30, 29, 32, 25, 75, 74, 73, 76, 77, 80, 79, 78, 54, 55, 56, 53, 51, 52, 49, 50, 0, 17, 19, 21, 23, 24, 20, 22, 18, 14, 11, 13, 15, 16, 12, 10, 9, 35, 40, 39, 38, 36, 37, 34, 33, 72, 71, 65, 66, 69, 67, 70, 68, 0, 60, 58, 57, 59, 61, 64, 63, 62, 48, 42, 41, 43, 46, 47, 45, 44, 7, 8, 2, 1, 3, 6, 5, 4, 0]
Elapsed time: 211.203271150589

i:0	120594.6745588855
i:50	89389.91502316679
i:100	78703.87137453578
i:150	78285.0686657107
i:200	78285.0686657107
i:250	78285.0686657107
i:300	78285.0686657107
i:350	78285.0686657107
i:400	78285.0686657107
i:450	78285.0686657107
i:500	78285.0686657107
i:550	78285.0686657107
i:600	78285.0686657107
i:650	78285.0686657107
best: 78285.0686657107
routes: [0, 9, 11, 14, 16, 13, 15, 12, 10, 40, 39, 38, 36, 37, 35, 34, 33, 72, 71, 65, 66, 69, 67, 68, 70, 7, 8, 2, 1, 3, 6, 5, 4, 0, 17, 18, 20, 19, 21, 23, 24, 22, 30, 29, 31, 26, 32, 27, 28, 25, 80, 79, 77, 76, 78, 75, 73, 74, 0, 49, 50, 53, 55, 56, 54, 52, 51, 64, 61, 59, 58, 57, 63, 60, 62, 48, 46, 47, 45, 44, 43, 41, 42, 0]
Elapsed time: 183.8700454235077

i:0	116952.62750643636
i:50	87319.12867079907
i:100	77502.59723920756
i:150	76299.06866753561
i:200	75543.89009702859
i:250	75358.17724449954
i:300	75358.17724449954
i:350	74919.04860783229
i:400	74919.04860783229
i:450	74773.6017137466
i:500	74320.11241528475
i:550	74320.11241528475
i:600	74320.11241528475
i:650	74320.11241528475
best: 74320.11241528475
routes: [0, 73, 74, 75, 76, 77, 80, 79, 78, 25, 28, 27, 26, 32, 31, 30, 29, 24, 23, 21, 22, 20, 17, 19, 18, 0, 41, 42, 43, 46, 44, 45, 47, 48, 63, 62, 60, 58, 57, 59, 61, 64, 50, 49, 51, 52, 53, 55, 56, 54, 0, 11, 14, 16, 13, 15, 12, 10, 9, 35, 34, 37, 40, 39, 38, 36, 33, 72, 71, 65, 66, 69, 67, 68, 70, 7, 8, 2, 1, 3, 6, 5, 4, 0]
Elapsed time: 195.96831369400024

i:0	114119.65841782201
i:50	81397.90480494483
i:100	79377.71812531202
i:150	78736.88495688335
i:200	78363.12817139858
i:250	78363.12817139858
i:300	78358.08908576691
i:350	78358.08908576691
i:400	78358.08908576691
i:450	78358.08908576691
i:500	78358.08908576691
i:550	78358.08908576691
i:600	78358.08908576691
i:650	78358.08908576691
best: 78358.08908576691
routes: [0, 42, 41, 43, 46, 44, 45, 47, 48, 63, 60, 58, 57, 59, 61, 64, 62, 0, 11, 14, 12, 16, 13, 10, 9, 15, 40, 39, 38, 36, 37, 35, 34, 33, 72, 71, 65, 66, 69, 67, 70, 68, 8, 7, 5, 6, 2, 1, 3, 4, 0, 54, 55, 56, 53, 52, 51, 50, 49, 73, 74, 75, 76, 77, 80, 79, 78, 25, 28, 27, 32, 30, 29, 31, 26, 24, 23, 21, 22, 20, 17, 19, 18, 0]
Elapsed time: 193.9704294204712

i:0	120268.35079104509
i:50	89926.71806065374
i:100	83390.86433096141
i:150	76955.52505767166
i:200	76166.45861221474
i:250	76164.55755735887
i:300	75792.85635511426
i:350	75349.02349804682
i:400	74790.21356413829
i:450	74790.21356413829
i:500	74255.83570468926
i:550	73750.38883147546
i:600	73750.38883147546
i:650	73713.05971922415
best: 73713.05971922415
routes: [0, 9, 11, 14, 16, 13, 15, 12, 10, 40, 39, 38, 36, 37, 35, 34, 33, 72, 71, 65, 66, 69, 67, 68, 70, 7, 8, 2, 1, 3, 6, 5, 4, 0, 41, 42, 43, 46, 44, 45, 47, 48, 63, 62, 60, 58, 57, 59, 61, 64, 50, 49, 51, 52, 53, 56, 54, 55, 80, 79, 78, 76, 77, 75, 73, 74, 0, 25, 28, 27, 26, 32, 29, 31, 30, 24, 23, 21, 22, 20, 17, 19, 18, 0]
Elapsed time: 215.74419355392456

i:0	123452.3874444474
i:50	87528.62627568138
i:100	86775.22090515136
i:150	80277.09085959248
i:200	79080.3752532184
i:250	78722.44937130829
i:300	78437.45089726274
i:350	78437.45089726274
i:400	78181.8018079222
i:450	78181.8018079222
i:500	78181.8018079222
i:550	78181.8018079222
i:600	78181.8018079222
i:650	78181.8018079222
best: 78181.8018079222
routes: [0, 35, 40, 39, 38, 36, 37, 34, 33, 72, 71, 65, 66, 69, 67, 70, 68, 57, 58, 60, 59, 61, 64, 63, 62, 0, 25, 28, 27, 26, 32, 31, 30, 29, 24, 23, 21, 22, 20, 17, 19, 18, 14, 16, 13, 15, 12, 11, 9, 10, 5, 6, 7, 8, 2, 1, 3, 4, 0, 44, 45, 47, 48, 46, 43, 42, 41, 73, 74, 75, 76, 77, 79, 78, 80, 54, 55, 56, 53, 52, 51, 49, 50, 0]
Elapsed time: 205.6252510547638

i:0	121549.86007479223
i:50	89056.10218677856
i:100	84082.9867406542
i:150	77145.21640496372
i:200	76592.78594133884
i:250	76050.58192530104
i:300	75621.53412694646
i:350	75554.50914134583
i:400	75550.86669567431
i:450	74963.8462307514
i:500	74963.8462307514
i:550	74963.8462307514
i:600	74963.8462307514
i:650	74963.8462307514
best: 74963.8462307514
routes: [0, 41, 42, 43, 46, 44, 45, 47, 48, 63, 62, 60, 58, 57, 59, 61, 64, 50, 49, 51, 52, 53, 55, 56, 54, 0, 11, 14, 16, 13, 15, 12, 10, 9, 35, 34, 37, 40, 39, 38, 36, 33, 72, 71, 65, 66, 69, 67, 70, 68, 8, 7, 5, 6, 2, 1, 3, 4, 0, 73, 74, 75, 76, 77, 80, 79, 78, 25, 27, 28, 32, 30, 29, 31, 26, 17, 19, 18, 21, 23, 24, 22, 20, 0]
Elapsed time: 226.68903470039368

i:0	113132.1551354349
i:50	90157.74010435796
i:100	85101.37645900136
i:150	80251.24255861665
i:200	79243.8071315075
i:250	79130.74045264568
i:300	78447.50777826695
i:350	78135.0570950136
i:400	78135.0570950136
i:450	78070.75509047479
i:500	77974.65669289064
i:550	77974.65669289064
i:600	77974.65669289064
i:650	77974.65669289064
best: 77974.65669289064
routes: [0, 60, 58, 57, 59, 61, 64, 63, 62, 48, 42, 41, 43, 46, 47, 45, 44, 7, 8, 2, 1, 3, 6, 5, 4, 0, 70, 68, 67, 66, 69, 65, 71, 72, 33, 36, 38, 39, 37, 34, 35, 40, 12, 10, 9, 11, 13, 15, 16, 14, 21, 23, 24, 22, 20, 17, 19, 18, 0, 27, 28, 26, 30, 29, 31, 32, 25, 54, 55, 56, 53, 52, 51, 50, 49, 73, 74, 75, 76, 77, 80, 79, 78, 0]
Elapsed time: 209.14572668075562

i:0	112111.76685041677
i:50	88196.62028441057
i:100	79810.3714499725
i:150	76862.36484635071
i:200	76862.36484635071
i:250	76862.36484635071
i:300	76862.36484635071
i:350	76862.36484635071
i:400	76862.36484635071
i:450	76862.36484635071
i:500	76821.61841444124
i:550	76821.61841444124
i:600	76821.61841444124
i:650	76821.61841444124
best: 76821.61841444124
routes: [0, 73, 74, 75, 76, 77, 79, 78, 80, 54, 55, 56, 53, 52, 51, 50, 49, 64, 61, 59, 58, 57, 63, 60, 62, 0, 25, 28, 27, 26, 32, 31, 30, 29, 24, 23, 21, 22, 20, 17, 19, 18, 14, 16, 13, 15, 12, 11, 9, 10, 5, 6, 7, 8, 2, 1, 3, 4, 0, 41, 42, 43, 48, 46, 47, 45, 44, 68, 70, 67, 66, 69, 65, 71, 72, 33, 35, 40, 39, 38, 36, 37, 34, 0]
Elapsed time: 177.25410652160645

i:0	117568.2576448862
i:50	81951.65065380826
i:100	80159.40171575075
i:150	80054.62704852733
i:200	80054.62704852733
i:250	80054.62704852733
i:300	80054.37934575003
i:350	80054.37934575003
i:400	80054.37934575003
i:450	80054.37934575003
i:500	80054.37934575003
i:550	80054.37934575003
i:600	80054.37934575003
i:650	80054.37934575003
best: 80054.37934575003
routes: [0, 4, 1, 3, 5, 6, 7, 8, 2, 63, 62, 60, 57, 59, 58, 61, 64, 48, 46, 47, 45, 44, 43, 41, 42, 0, 77, 79, 74, 73, 75, 76, 78, 80, 50, 49, 51, 53, 52, 54, 55, 56, 25, 27, 26, 30, 29, 31, 32, 28, 0, 17, 19, 18, 20, 22, 24, 23, 21, 14, 16, 13, 11, 9, 10, 12, 15, 40, 39, 38, 36, 37, 35, 34, 33, 72, 71, 65, 66, 69, 67, 70, 68, 0]
Elapsed time: 180.29027771949768

i:0	112492.7012780164
i:50	87525.9697964501
i:100	79574.9183080932
i:150	79059.22112043836
i:200	78901.71591469584
i:250	78867.52181167898
i:300	78867.52181167898
i:350	78721.94889790736
i:400	78721.94889790736
i:450	78721.94889790736
i:500	78721.94889790736
i:550	78581.21431471632
i:600	78581.21431471632
i:650	78564.0466081512
best: 78401.93127747001
routes: [0, 4, 1, 3, 5, 6, 7, 8, 2, 63, 64, 61, 59, 58, 57, 62, 60, 48, 46, 47, 45, 44, 43, 41, 42, 0, 70, 68, 67, 66, 69, 65, 71, 72, 33, 36, 38, 39, 37, 34, 35, 40, 15, 12, 10, 9, 11, 13, 16, 14, 18, 21, 23, 24, 22, 17, 19, 20, 0, 27, 28, 26, 30, 29, 31, 32, 25, 80, 79, 77, 76, 78, 75, 73, 74, 50, 49, 51, 52, 53, 55, 56, 54, 0]
Elapsed time: 205.87193298339844

i:0	115031.56064608903
i:50	92088.92093430634
i:100	85313.60325153347
i:150	81766.08846109656
i:200	79526.3766282844
i:250	78076.59092986853
i:300	77862.00969368283
i:350	77748.943014821
i:400	77748.943014821
i:450	77748.36286140843
i:500	77748.36286140843
i:550	77748.36286140843
i:600	77748.36286140843
i:650	77496.02014476073
best: 76952.88114302167
routes: [0, 11, 9, 10, 12, 13, 15, 16, 14, 18, 21, 23, 24, 22, 20, 19, 17, 27, 28, 25, 32, 30, 29, 31, 26, 0, 35, 40, 39, 38, 36, 37, 34, 33, 72, 71, 65, 66, 69, 67, 70, 68, 57, 58, 60, 59, 61, 64, 63, 62, 0, 73, 74, 75, 76, 77, 79, 78, 80, 54, 55, 56, 53, 52, 51, 49, 50, 41, 42, 43, 48, 46, 47, 45, 44, 7, 8, 2, 1, 3, 6, 5, 4, 0]
Elapsed time: 220.89162373542786

i:0	114253.1716354778
i:50	90735.31877556095
i:100	88792.65348013803
i:150	76988.9426451555
i:200	75714.80095093332
i:250	75660.13654409346
i:300	75633.16127404312
i:350	74972.93768133532
i:400	74336.318297504
i:450	74244.12461263026
i:500	74244.12461263026
i:550	74244.12461263026
i:600	74244.12461263026
i:650	74244.12461263026
best: 74244.12461263026
routes: [0, 11, 14, 16, 13, 15, 12, 10, 9, 40, 39, 38, 36, 37, 35, 34, 33, 72, 71, 65, 66, 69, 67, 70, 68, 8, 7, 5, 6, 2, 1, 3, 4, 0, 73, 74, 75, 76, 77, 80, 79, 78, 25, 28, 27, 26, 32, 31, 30, 29, 24, 23, 21, 22, 20, 17, 19, 18, 0, 41, 42, 43, 46, 44, 45, 47, 48, 63, 62, 60, 58, 57, 59, 61, 64, 50, 49, 51, 52, 53, 55, 56, 54, 0]
Elapsed time: 218.74493217468262

i:0	113981.68671341267
i:50	91051.41654960635
i:100	89219.24634793658
i:150	81529.62220954201
i:200	80309.87638538389
i:250	79978.8656269666
i:300	79429.4564471796
i:350	79295.86936205026
i:400	78842.86445235036
i:450	78436.9095354998
i:500	78114.92492643741
i:550	77880.99396715609
i:600	77479.85063211563
i:650	77479.85063211563
best: 77479.85063211563
routes: [0, 35, 40, 39, 38, 36, 37, 34, 33, 72, 71, 65, 66, 69, 67, 70, 68, 44, 45, 47, 48, 46, 43, 41, 42, 2, 1, 3, 6, 7, 8, 5, 4, 0, 11, 9, 10, 12, 13, 15, 16, 14, 18, 17, 19, 20, 22, 21, 23, 24, 30, 29, 31, 32, 25, 28, 27, 26, 0, 63, 62, 57, 58, 60, 59, 61, 64, 50, 49, 51, 52, 53, 56, 54, 55, 80, 79, 78, 76, 77, 75, 73, 74, 0]
Elapsed time: 229.12913513183594

mean: 77150.48539499522
std: 1794.161921296631
mean-time: 205.12885332107544
std-time: 15.459981271713621