i:0	130181.00858427542
i:50	92140.48265349175
i:100	89459.90719246991
i:150	88722.90476153907
i:200	88352.12291361878
i:250	88352.12291361878
i:300	88352.12291361878
i:350	88352.12291361878
i:400	88352.12291361878
i:450	88352.12291361878
i:500	88352.12291361878
i:550	88187.45690178582
i:600	88187.45690178582
i:650	88105.5616515423
best: 88105.5616515423
routes: [0, 4, 3, 1, 2, 7, 8, 6, 5, 9, 11, 10, 12, 13, 15, 16, 14, 0, 70, 68, 67, 69, 65, 66, 71, 72, 33, 35, 40, 39, 38, 36, 37, 34, 0, 73, 74, 75, 76, 77, 80, 79, 78, 54, 55, 56, 53, 50, 49, 51, 52, 0, 41, 42, 43, 46, 44, 45, 47, 48, 63, 64, 61, 59, 58, 57, 62, 60, 0, 25, 28, 27, 32, 31, 30, 29, 26, 24, 23, 22, 21, 20, 17, 19, 18, 0]
Elapsed time: 158.5742712020874

i:0	135492.90265531064
i:50	93340.64101549204
i:100	88893.8765201163
i:150	88103.99431633137
i:200	88103.99431633137
i:250	88103.99431633137
i:300	88103.99431633137
i:350	88043.40374412277
i:400	87447.67117222707
i:450	87447.67117222707
i:500	87447.67117222707
i:550	87447.67117222707
i:600	87447.67117222707
i:650	87447.67117222707
best: 87447.67117222707
routes: [0, 73, 74, 75, 76, 77, 80, 79, 78, 54, 55, 56, 53, 50, 49, 51, 52, 0, 4, 3, 1, 2, 7, 8, 6, 5, 9, 11, 10, 12, 13, 15, 16, 14, 0, 17, 19, 18, 21, 24, 23, 22, 20, 26, 30, 29, 31, 32, 27, 28, 25, 0, 35, 40, 39, 38, 36, 37, 34, 33, 71, 72, 69, 67, 65, 66, 70, 68, 0, 41, 42, 43, 46, 44, 45, 47, 48, 64, 61, 59, 58, 57, 63, 60, 62, 0]
Elapsed time: 159.288507938385

i:0	129392.84776336025
i:50	94042.93739355562
i:100	93388.2939959933
i:150	90140.25284028875
i:200	88541.39783737711
i:250	88541.39783737711
i:300	88541.39783737711
i:350	88541.39783737711
i:400	88541.39783737711
i:450	88178.00298045023
i:500	87727.19925053566
i:550	87727.19925053566
i:600	87727.19925053566
i:650	87727.19925053566
best: 87597.38843739874
routes: [0, 25, 28, 27, 26, 32, 31, 30, 29, 24, 23, 21, 22, 20, 17, 19, 18, 0, 4, 3, 1, 2, 7, 8, 6, 5, 9, 11, 10, 12, 13, 15, 16, 14, 0, 73, 74, 75, 76, 77, 80, 79, 78, 54, 55, 56, 53, 50, 49, 51, 52, 0, 70, 68, 67, 69, 65, 66, 71, 72, 33, 35, 40, 39, 38, 36, 37, 34, 0, 41, 42, 43, 46, 44, 45, 47, 48, 63, 62, 60, 58, 57, 59, 61, 64, 0]
Elapsed time: 173.0914580821991

i:0	125034.57988741179
i:50	92210.89946707568
i:100	89913.01316504959
i:150	88630.318448612
i:200	88307.04601638901
i:250	88307.04601638901
i:300	88307.04601638901
i:350	88207.67050290828
i:400	88207.67050290828
i:450	88207.67050290828
i:500	88207.67050290828
i:550	88077.85968977136
i:600	88065.90225023331
i:650	88065.90225023331
best: 88065.90225023331
routes: [0, 73, 74, 75, 76, 77, 80, 79, 78, 54, 55, 56, 53, 50, 49, 51, 52, 0, 17, 19, 18, 21, 24, 23, 22, 20, 26, 30, 29, 31, 32, 27, 28, 25, 0, 4, 3, 1, 2, 7, 8, 6, 5, 9, 11, 10, 12, 13, 15, 16, 14, 0, 60, 58, 57, 59, 61, 64, 63, 62, 48, 46, 47, 45, 44, 43, 41, 42, 0, 35, 34, 37, 40, 39, 38, 36, 33, 71, 72, 69, 67, 65, 66, 70, 68, 0]
Elapsed time: 163.63626074790955

i:0	132397.6586027803
i:50	95733.94167178049
i:100	88337.53743022853
i:150	88314.25393744485
i:200	88208.77215028674
i:250	88208.77215028674
i:300	88208.77215028674
i:350	88208.77215028674
i:400	88044.09679619069
i:450	88044.09679619069
i:500	88044.09679619069
i:550	88044.09679619069
i:600	88044.09679619069
i:650	88044.09679619069
best: 88044.09679619069
routes: [0, 4, 5, 6, 3, 1, 2, 8, 7, 9, 11, 10, 12, 13, 15, 16, 14, 0, 35, 40, 39, 38, 36, 37, 34, 33, 71, 72, 69, 67, 65, 66, 70, 68, 0, 75, 77, 80, 79, 78, 76, 73, 74, 49, 54, 55, 56, 53, 52, 51, 50, 0, 41, 42, 43, 46, 44, 45, 47, 48, 63, 64, 61, 59, 58, 57, 62, 60, 0, 25, 27, 28, 26, 32, 31, 30, 29, 24, 23, 22, 21, 18, 17, 19, 20, 0]
Elapsed time: 153.3223419189453

i:0	123416.71262107376
i:50	93056.68737955458
i:100	91911.45531605871
i:150	91897.55830255913
i:200	91818.66591884955
i:250	91812.21631537745
i:300	91800.01807100847
i:350	91800.01807100847
i:400	91800.01807100847
i:450	91800.01807100847
i:500	91800.01807100847
i:550	91800.01807100847
i:600	91800.01807100847
i:650	91800.01807100847
best: 91800.01807100847
routes: [0, 4, 5, 6, 3, 1, 2, 8, 7, 68, 67, 69, 72, 71, 65, 66, 70, 0, 17, 19, 18, 21, 24, 23, 22, 20, 26, 30, 29, 31, 32, 27, 28, 25, 0, 11, 14, 13, 15, 16, 12, 10, 9, 40, 39, 37, 38, 36, 33, 35, 34, 0, 64, 61, 59, 58, 57, 63, 60, 62, 48, 46, 47, 45, 44, 43, 41, 42, 0, 73, 75, 76, 77, 80, 79, 78, 74, 51, 50, 49, 53, 55, 56, 54, 52, 0]
Elapsed time: 158.75450778007507

i:0	123428.77701728737
i:50	93252.85047000778
i:100	89495.2372021057
i:150	88912.91471237194
i:200	88566.42127370232
i:250	88566.42127370232
i:300	88566.42127370232
i:350	88566.42127370232
i:400	88566.42127370232
i:450	88566.42127370232
i:500	88566.42127370232
i:550	88566.42127370232
i:600	88566.42127370232
i:650	87535.39526754705
best: 87262.93512787436
routes: [0, 73, 74, 75, 76, 77, 80, 79, 78, 54, 55, 56, 53, 50, 49, 51, 52, 0, 35, 40, 39, 38, 36, 37, 34, 33, 71, 72, 69, 67, 65, 66, 70, 68, 0, 1, 2, 7, 8, 6, 3, 4, 5, 9, 11, 10, 12, 13, 15, 16, 14, 0, 25, 28, 27, 32, 31, 30, 29, 26, 24, 23, 21, 22, 20, 17, 19, 18, 0, 41, 42, 43, 46, 44, 45, 47, 48, 64, 61, 59, 58, 57, 63, 60, 62, 0]
Elapsed time: 165.35368990898132

i:0	131489.58270333093
i:50	93013.02618277063
i:100	88694.28431610197
i:150	88326.80945014708
i:200	87622.61324264493
i:250	87478.8488428708
i:300	87478.8488428708
i:350	87478.8488428708
i:400	87478.8488428708
i:450	87478.8488428708
i:500	87305.41236370304
i:550	87293.45492416501
i:600	87293.45492416501
i:650	87293.45492416501
best: 87293.45492416501
routes: [0, 4, 5, 6, 3, 1, 2, 8, 7, 9, 11, 10, 12, 13, 15, 16, 14, 0, 41, 42, 43, 46, 44, 45, 47, 48, 64, 61, 59, 58, 57, 63, 60, 62, 0, 73, 74, 75, 76, 77, 80, 79, 78, 54, 55, 56, 53, 50, 49, 51, 52, 0, 35, 34, 37, 40, 39, 38, 36, 33, 71, 72, 69, 67, 65, 66, 70, 68, 0, 25, 28, 27, 32, 31, 30, 29, 26, 24, 23, 22, 21, 20, 17, 19, 18, 0]
Elapsed time: 167.5579469203949

i:0	131081.07368747838
i:50	90172.85429262661
i:100	88512.61726724615
i:150	88009.99706792124
i:200	88006.02411978474
i:250	87845.32171382521
i:300	87845.32171382521
i:350	87845.32171382521
i:400	87845.32171382521
i:450	87845.32171382521
i:500	87845.32171382521
i:550	87845.32171382521
i:600	87845.32171382521
i:650	87845.32171382521
best: 87845.32171382521
routes: [0, 75, 77, 80, 79, 78, 76, 73, 74, 50, 49, 51, 52, 53, 55, 56, 54, 0, 64, 61, 59, 58, 57, 63, 60, 62, 48, 46, 47, 45, 44, 43, 41, 42, 0, 25, 28, 27, 26, 32, 31, 30, 29, 24, 23, 21, 22, 20, 17, 19, 18, 0, 4, 5, 6, 3, 1, 2, 8, 7, 9, 11, 10, 12, 13, 15, 16, 14, 0, 35, 40, 39, 38, 36, 37, 34, 33, 71, 72, 69, 67, 65, 66, 70, 68, 0]
Elapsed time: 157.40196704864502

i:0	131526.199912727
i:50	95793.52437146196
i:100	91528.58031010644
i:150	90585.72969107304
i:200	89665.79628084545
i:250	89342.52384862246
i:300	89342.52384862246
i:350	88787.79023941746
i:400	88787.79023941746
i:450	88787.79023941746
i:500	88787.79023941746
i:550	88787.79023941746
i:600	88787.79023941746
i:650	88787.79023941746
best: 88787.79023941746
routes: [0, 4, 3, 1, 2, 7, 8, 6, 5, 9, 11, 10, 12, 13, 15, 16, 14, 0, 60, 58, 57, 59, 61, 64, 63, 62, 48, 46, 47, 45, 44, 43, 41, 42, 0, 73, 74, 75, 76, 77, 80, 79, 78, 54, 55, 56, 53, 50, 49, 51, 52, 0, 70, 68, 67, 69, 65, 66, 71, 72, 33, 36, 38, 39, 37, 34, 35, 40, 0, 25, 28, 31, 30, 29, 32, 27, 26, 24, 23, 21, 22, 20, 17, 19, 18, 0]
Elapsed time: 173.4333803653717

i:0	120994.591975961
i:50	92334.83992107291
i:100	90141.5848097943
i:150	89750.60616951028
i:200	89585.94015767734
i:250	89585.94015767734
i:300	89258.44616713922
i:350	88581.32598969911
i:400	88581.32598969911
i:450	88304.33984386857
i:500	88304.33984386857
i:550	88152.28858925452
i:600	88152.28858925452
i:650	88152.28858925452
best: 88152.28858925452
routes: [0, 73, 74, 75, 76, 77, 80, 79, 78, 54, 55, 56, 53, 50, 49, 51, 52, 0, 25, 28, 27, 26, 32, 31, 30, 29, 24, 23, 21, 22, 20, 17, 19, 18, 0, 35, 40, 39, 38, 36, 37, 34, 33, 71, 72, 69, 67, 65, 66, 70, 68, 0, 9, 11, 14, 13, 15, 16, 12, 10, 5, 7, 8, 6, 2, 1, 3, 4, 0, 60, 58, 57, 59, 61, 64, 63, 62, 48, 43, 41, 42, 46, 47, 45, 44, 0]
Elapsed time: 162.049880027771

i:0	128857.12297156664
i:50	91717.88518415061
i:100	90072.15569512796
i:150	89881.36852091111
i:200	89426.24341227592
i:250	88953.4996854915
i:300	88778.73702169608
i:350	88778.73702169608
i:400	88778.73702169608
i:450	88778.73702169608
i:500	88614.07100986312
i:550	88242.15587028577
i:600	88242.15587028577
i:650	88242.15587028577
best: 88052.24112594654
routes: [0, 73, 74, 75, 77, 80, 79, 78, 76, 54, 55, 56, 53, 50, 49, 51, 52, 0, 4, 5, 6, 3, 1, 2, 8, 7, 9, 11, 10, 12, 13, 15, 16, 14, 0, 35, 37, 40, 39, 38, 36, 34, 33, 70, 68, 67, 69, 65, 66, 71, 72, 0, 17, 19, 18, 21, 22, 20, 23, 24, 30, 29, 31, 32, 25, 28, 27, 26, 0, 41, 42, 43, 46, 44, 45, 47, 48, 63, 64, 61, 59, 58, 57, 62, 60, 0]
Elapsed time: 153.34891986846924

i:0	127151.16651948224
i:50	93324.52574838985
i:100	89001.30020847009
i:150	87807.46517944406
i:200	87379.75894645862
i:250	87379.75894645862
i:300	86652.03828576056
i:350	86610.02153278101
i:400	86610.02153278101
i:450	86610.02153278101
i:500	86610.02153278101
i:550	86610.02153278101
i:600	86610.02153278101
i:650	86610.02153278101
best: 86610.02153278101
routes: [0, 4, 3, 1, 2, 7, 8, 6, 5, 9, 11, 10, 12, 13, 15, 16, 14, 0, 73, 74, 75, 76, 77, 80, 79, 78, 54, 55, 56, 53, 50, 49, 51, 52, 0, 41, 42, 43, 46, 44, 45, 47, 48, 64, 61, 59, 58, 57, 63, 60, 62, 0, 25, 28, 27, 26, 32, 31, 30, 29, 24, 23, 21, 22, 20, 17, 19, 18, 0, 35, 40, 39, 38, 36, 37, 34, 33, 71, 72, 69, 67, 65, 66, 70, 68, 0]
Elapsed time: 161.9296522140503

i:0	115171.86756691519
i:50	90597.13382966789
i:100	88324.59879771344
i:150	88301.7018258491
i:200	88289.1683880005
i:250	88289.1683880005
i:300	88289.1683880005
i:350	88272.21334689838
i:400	88204.30214661382
i:450	88204.30214661382
i:500	88204.30214661382
i:550	88204.30214661382
i:600	88204.30214661382
i:650	88204.30214661382
best: 88204.30214661382
routes: [0, 73, 74, 75, 76, 77, 80, 79, 78, 54, 55, 56, 53, 50, 49, 51, 52, 0, 4, 5, 6, 3, 1, 2, 8, 7, 68, 67, 69, 72, 71, 65, 66, 70, 0, 11, 14, 13, 15, 16, 12, 10, 9, 40, 39, 37, 38, 36, 33, 35, 34, 0, 25, 28, 27, 26, 32, 31, 30, 29, 24, 23, 21, 22, 20, 17, 19, 18, 0, 41, 42, 43, 46, 44, 45, 47, 48, 63, 64, 61, 59, 58, 57, 62, 60, 0]
Elapsed time: 154.50104880332947

i:0	116448.1328060037
i:50	92375.99721275631
i:100	89660.4100569044
i:150	88573.46630356158
i:200	88573.46630356158
i:250	88485.9252478474
i:300	88340.04864089427
i:350	88261.68452721008
i:400	88231.06130436083
i:450	87973.04831143079
i:500	87973.04831143079
i:550	87973.04831143079
i:600	87973.04831143079
i:650	87973.04831143079
best: 87973.04831143079
routes: [0, 41, 42, 43, 46, 44, 45, 47, 48, 64, 61, 59, 58, 57, 63, 60, 62, 0, 73, 74, 75, 76, 77, 80, 79, 78, 54, 55, 56, 53, 50, 49, 51, 52, 0, 25, 28, 27, 32, 31, 30, 29, 26, 24, 23, 21, 22, 20, 17, 19, 18, 0, 4, 5, 6, 3, 1, 2, 8, 7, 70, 68, 67, 69, 72, 71, 65, 66, 0, 35, 34, 33, 36, 38, 39, 37, 40, 15, 16, 13, 12, 10, 9, 11, 14, 0]
Elapsed time: 157.30857348442078

i:0	134203.21628731632
i:50	91930.646654337
i:100	88533.71918186183
i:150	87922.2370319435
i:200	87922.2370319435
i:250	87922.2370319435
i:300	87922.2370319435
i:350	87788.16802059876
i:400	87788.16802059876
i:450	87788.16802059876
i:500	87464.89558837577
i:550	87464.89558837577
i:600	87464.89558837577
i:650	87464.89558837577
best: 87464.89558837577
routes: [0, 25, 28, 27, 26, 32, 31, 30, 29, 24, 23, 21, 22, 20, 17, 19, 18, 0, 41, 42, 43, 46, 44, 45, 47, 48, 64, 61, 59, 58, 57, 63, 60, 62, 0, 73, 74, 75, 76, 77, 80, 79, 78, 54, 55, 56, 53, 50, 49, 51, 52, 0, 4, 3, 1, 2, 7, 8, 6, 5, 9, 11, 10, 12, 13, 15, 16, 14, 0, 70, 68, 67, 69, 65, 66, 71, 72, 33, 36, 38, 39, 37, 34, 35, 40, 0]
Elapsed time: 160.7776620388031

i:0	120820.22746075856
i:50	89997.79019403909
i:100	89192.2907407505
i:150	88753.47474426936
i:200	88586.42803239438
i:250	88092.87000354909
i:300	88092.87000354909
i:350	87820.40986387641
i:400	87820.40986387641
i:450	87820.40986387641
i:500	87777.47615990517
i:550	87777.47615990517
i:600	87777.47615990517
i:650	87777.47615990517
best: 87777.47615990517
routes: [0, 73, 74, 75, 76, 77, 80, 79, 78, 54, 55, 56, 53, 50, 49, 51, 52, 0, 4, 5, 6, 3, 1, 2, 8, 7, 70, 68, 67, 69, 72, 71, 65, 66, 0, 41, 42, 43, 46, 44, 45, 47, 48, 64, 61, 59, 58, 57, 63, 60, 62, 0, 25, 28, 27, 26, 32, 31, 30, 29, 24, 23, 21, 22, 20, 17, 19, 18, 0, 35, 34, 33, 36, 38, 39, 37, 40, 15, 16, 13, 12, 10, 9, 11, 14, 0]
Elapsed time: 161.29358386993408

i:0	122717.2229582472
i:50	90278.67234794478
i:100	88383.1494361081
i:150	88319.33000664714
i:200	88319.33000664714
i:250	88319.33000664714
i:300	88319.33000664714
i:350	87881.70384165963
i:400	87721.0014357001
i:450	87721.0014357001
i:500	87695.53687724266
i:550	87695.53687724266
i:600	87695.53687724266
i:650	87695.53687724266
best: 87695.53687724266
routes: [0, 35, 34, 37, 40, 39, 38, 36, 33, 71, 72, 69, 67, 65, 66, 70, 68, 0, 41, 42, 43, 46, 44, 45, 47, 48, 63, 64, 61, 59, 58, 57, 62, 60, 0, 73, 74, 75, 77, 80, 79, 78, 76, 50, 49, 51, 52, 53, 55, 56, 54, 0, 4, 5, 6, 3, 1, 2, 8, 7, 9, 11, 10, 12, 13, 15, 16, 14, 0, 25, 28, 27, 26, 32, 30, 29, 31, 24, 23, 21, 22, 20, 19, 17, 18, 0]
Elapsed time: 156.7719316482544

i:0	120818.56080740478
i:50	93313.11332998042
i:100	92358.18246059619
i:150	88479.14903834109
i:200	87846.63439689984
i:250	87846.63439689984
i:300	87846.63439689984
i:350	87846.63439689984
i:400	87846.63439689984
i:450	87846.63439689984
i:500	87681.96838506688
i:550	87681.96838506688
i:600	87681.96838506688
i:650	87681.96838506688
best: 87681.96838506688
routes: [0, 41, 42, 43, 46, 44, 45, 47, 48, 63, 62, 60, 58, 57, 59, 61, 64, 0, 25, 28, 27, 26, 32, 31, 30, 29, 24, 23, 21, 22, 20, 17, 19, 18, 0, 4, 5, 6, 3, 1, 2, 8, 7, 9, 11, 10, 12, 13, 15, 16, 14, 0, 73, 74, 75, 76, 77, 80, 79, 78, 54, 55, 56, 53, 50, 49, 51, 52, 0, 70, 68, 67, 69, 65, 66, 71, 72, 33, 35, 40, 39, 38, 36, 37, 34, 0]
Elapsed time: 167.90151500701904

i:0	118914.73152798729
i:50	94483.63188342082
i:100	89199.69579174437
i:150	88453.53983039194
i:200	87760.46007577475
i:250	87760.46007577475
i:300	87760.46007577475
i:350	87760.46007577475
i:400	87760.46007577475
i:450	87760.46007577475
i:500	87760.46007577475
i:550	87760.46007577475
i:600	87760.46007577475
i:650	87760.46007577475
best: 87760.46007577475
routes: [0, 35, 34, 37, 40, 39, 38, 36, 33, 71, 72, 69, 67, 65, 66, 70, 68, 0, 4, 3, 1, 2, 7, 8, 6, 5, 9, 11, 10, 12, 13, 15, 16, 14, 0, 64, 61, 59, 58, 57, 63, 60, 62, 48, 46, 47, 45, 44, 43, 41, 42, 0, 73, 74, 75, 76, 77, 80, 79, 78, 54, 55, 56, 53, 50, 49, 51, 52, 0, 25, 28, 27, 32, 31, 30, 29, 26, 24, 23, 22, 21, 20, 17, 19, 18, 0]
Elapsed time: 162.06108856201172

mean: 87981.11895881372
std: 979.5946275530605
mean-time: 161.4179093718529
std-time: 5.635139312937744