i:0	168345.03156248663
i:50	118588.22936044232
i:100	115976.79088971329
i:150	111782.94710980562
i:200	110939.23413651527
i:250	109726.1917981832
i:300	108928.36341589654
i:350	108041.6964138993
i:400	107294.64628263417
i:450	106487.81111001663
i:500	105465.86388699824
i:550	105465.86388699821
i:600	105448.01311485918
i:650	105448.01311485918
best: 105448.01311485918
routes: [0, 90, 89, 88, 87, 81, 82, 83, 85, 86, 84, 0, 91, 92, 93, 94, 95, 96, 97, 98, 99, 100, 31, 39, 38, 40, 35, 36, 37, 32, 33, 34, 0, 69, 70, 66, 67, 68, 65, 64, 63, 61, 62, 0, 21, 25, 27, 29, 30, 28, 26, 24, 23, 22, 0, 13, 11, 12, 14, 15, 17, 19, 20, 18, 16, 0, 43, 45, 42, 41, 44, 46, 49, 50, 47, 48, 0, 5, 6, 10, 9, 7, 8, 2, 1, 3, 4, 0, 76, 77, 74, 71, 72, 73, 75, 78, 80, 79, 58, 60, 59, 57, 56, 53, 51, 52, 55, 54, 0]
Elapsed time: 278.89773869514465

i:0	145249.76800177008
i:50	116963.66702761932
i:100	114084.28526922408
i:150	112887.68126804433
i:200	112570.4846864059
i:250	112415.46870103624
i:300	111023.06550698068
i:350	110703.60121638852
i:400	110607.84455973572
i:450	109527.05418067145
i:500	108437.75659206054
i:550	107274.0561595741
i:600	106613.66554100678
i:650	106492.06355036225
best: 106290.4886306595
routes: [0, 51, 52, 53, 56, 54, 55, 57, 59, 60, 58, 76, 74, 71, 72, 73, 75, 78, 77, 79, 80, 0, 43, 45, 47, 49, 50, 48, 46, 44, 41, 42, 0, 91, 92, 93, 94, 95, 96, 97, 98, 99, 100, 31, 39, 38, 40, 35, 36, 37, 32, 33, 34, 0, 84, 86, 85, 83, 82, 81, 87, 88, 89, 90, 0, 11, 15, 18, 20, 19, 17, 14, 12, 13, 16, 0, 61, 63, 64, 66, 69, 70, 67, 68, 65, 62, 0, 1, 2, 8, 7, 9, 10, 5, 6, 3, 4, 0, 21, 25, 27, 29, 30, 28, 26, 24, 23, 22, 0]
Elapsed time: 324.60407400131226

i:0	158081.78898040013
i:50	116773.33888344324
i:100	113533.5607505722
i:150	111805.76312906467
i:200	111311.73354311335
i:250	111142.84214672478
i:300	110512.67641185451
i:350	107831.54034530233
i:400	107559.35245028624
i:450	106228.03755955276
i:500	105876.78438349912
i:550	104758.79232824969
i:600	103880.59995576034
i:650	103515.60713394276
best: 103515.60713394276
routes: [0, 13, 11, 12, 14, 15, 17, 19, 20, 18, 16, 0, 43, 42, 41, 44, 45, 47, 46, 49, 50, 48, 0, 21, 23, 25, 27, 29, 30, 28, 26, 24, 22, 0, 51, 52, 53, 56, 54, 55, 57, 59, 60, 58, 79, 77, 76, 74, 71, 72, 73, 75, 78, 80, 0, 61, 62, 63, 64, 65, 68, 67, 66, 69, 70, 0, 90, 86, 89, 88, 87, 81, 82, 85, 83, 84, 0, 91, 92, 93, 94, 95, 96, 97, 98, 99, 100, 31, 33, 34, 38, 39, 40, 35, 36, 37, 32, 0, 5, 6, 10, 9, 7, 8, 2, 1, 3, 4, 0]
Elapsed time: 317.2368800640106

i:0	160135.9064266262
i:50	118112.96431757041
i:100	113609.22504645566
i:150	111564.91058040138
i:200	110425.20384090258
i:250	110395.49529645506
i:300	110175.32011016819
i:350	109448.9716951666
i:400	108774.98255020966
i:450	105406.47271519207
i:500	104252.4304065682
i:550	103986.25895576485
i:600	103974.76071335905
i:650	103974.76071335905
best: 103974.76071335905
routes: [0, 51, 52, 53, 56, 54, 55, 57, 59, 60, 58, 79, 77, 76, 74, 71, 72, 73, 75, 78, 80, 0, 43, 41, 44, 46, 49, 50, 48, 47, 45, 42, 0, 21, 23, 22, 25, 27, 29, 30, 28, 26, 24, 0, 61, 62, 63, 64, 65, 68, 67, 66, 69, 70, 0, 90, 84, 86, 89, 85, 83, 82, 81, 87, 88, 0, 13, 11, 12, 14, 15, 17, 19, 20, 18, 16, 0, 4, 3, 6, 5, 10, 9, 7, 8, 2, 1, 0, 33, 32, 37, 36, 35, 40, 39, 38, 34, 31, 100, 99, 98, 97, 96, 95, 94, 93, 91, 92, 0]
Elapsed time: 281.82091522216797

i:0	160803.53202005842
i:50	116375.00423862907
i:100	113743.57470640837
i:150	111219.46528374506
i:200	110253.60875907764
i:250	107865.59479317011
i:300	106978.98271139487
i:350	106233.52040691409
i:400	106179.06427910403
i:450	104851.21401057912
i:500	104231.02243432912
i:550	103054.86436208003
i:600	103054.86436208003
i:650	103054.86436208003
best: 103054.86436208003
routes: [0, 91, 92, 93, 94, 95, 96, 97, 98, 99, 100, 31, 39, 40, 35, 36, 37, 38, 34, 33, 32, 0, 69, 70, 66, 67, 68, 65, 64, 63, 61, 62, 0, 21, 23, 22, 25, 27, 29, 30, 28, 26, 24, 0, 43, 45, 42, 41, 44, 46, 49, 50, 47, 48, 0, 13, 11, 12, 14, 15, 17, 19, 20, 18, 16, 0, 90, 89, 88, 87, 81, 82, 83, 85, 86, 84, 0, 1, 2, 8, 7, 9, 10, 5, 6, 3, 4, 0, 51, 52, 53, 56, 54, 55, 57, 59, 60, 58, 76, 74, 71, 72, 73, 75, 78, 77, 79, 80, 0]
Elapsed time: 278.7899091243744

i:0	151298.1914126598
i:50	118013.85568849425
i:100	115258.20521169985
i:150	113548.00749084007
i:200	113138.98954526262
i:250	110308.12385882434
i:300	108622.29580043216
i:350	106306.8449209139
i:400	105707.37348259054
i:450	104929.27600702754
i:500	104892.77997645561
i:550	104802.10409964505
i:600	104488.93785025825
i:650	104488.93785025825
best: 104488.93785025825
routes: [0, 1, 3, 6, 2, 8, 7, 9, 10, 5, 4, 0, 61, 62, 63, 64, 65, 68, 67, 66, 69, 70, 0, 91, 92, 93, 94, 95, 96, 97, 98, 99, 100, 31, 33, 34, 38, 39, 40, 35, 36, 37, 32, 0, 43, 45, 47, 49, 50, 48, 46, 44, 41, 42, 0, 13, 11, 12, 14, 15, 17, 19, 20, 18, 16, 0, 21, 23, 22, 25, 27, 29, 30, 28, 26, 24, 0, 90, 86, 89, 88, 87, 81, 82, 85, 83, 84, 0, 51, 52, 53, 56, 54, 55, 57, 59, 60, 58, 78, 75, 73, 72, 71, 74, 76, 77, 79, 80, 0]
Elapsed time: 278.685941696167

i:0	155611.9694695596
i:50	116554.77970796311
i:100	114568.32321491625
i:150	113541.84599277296
i:200	112905.76590359869
i:250	112580.87146443813
i:300	112408.03454336397
i:350	111568.82925275555
i:400	110307.22695288876
i:450	108765.92725616437
i:500	107974.54312025577
i:550	107123.78306154946
i:600	106612.65135003958
i:650	105699.02152896865
best: 105488.41660385783
routes: [0, 54, 55, 57, 59, 60, 56, 52, 51, 53, 58, 76, 74, 71, 72, 73, 75, 78, 77, 79, 80, 0, 91, 92, 93, 94, 95, 96, 97, 98, 99, 100, 31, 39, 40, 35, 36, 37, 38, 34, 33, 32, 0, 4, 1, 3, 6, 5, 10, 9, 7, 8, 2, 0, 11, 13, 15, 17, 19, 20, 18, 16, 14, 12, 0, 43, 45, 42, 41, 44, 46, 49, 50, 47, 48, 0, 90, 86, 89, 88, 87, 81, 82, 85, 83, 84, 0, 61, 62, 63, 64, 65, 68, 67, 66, 69, 70, 0, 21, 27, 29, 30, 28, 26, 25, 22, 23, 24, 0]
Elapsed time: 330.790479183197

i:0	162371.45314683113
i:50	117396.4047224538
i:100	115035.20016148817
i:150	114507.64895639537
i:200	114015.05488495817
i:250	114015.05488495814
i:300	112579.67261502586
i:350	109399.88673648323
i:400	108889.4530715654
i:450	106705.15353786122
i:500	105688.65499599239
i:550	104994.89464682416
i:600	104475.95202995179
i:650	104407.28863325372
best: 104407.28863325372
routes: [0, 90, 86, 89, 88, 87, 81, 82, 85, 83, 84, 0, 43, 45, 47, 49, 50, 48, 46, 44, 41, 42, 0, 21, 23, 25, 27, 29, 30, 28, 26, 24, 22, 0, 13, 11, 12, 14, 15, 17, 19, 20, 18, 16, 0, 3, 6, 5, 10, 9, 7, 8, 2, 1, 4, 0, 51, 52, 53, 56, 54, 55, 57, 59, 60, 58, 76, 74, 71, 72, 73, 75, 78, 77, 79, 80, 0, 61, 62, 63, 64, 65, 68, 67, 66, 69, 70, 0, 33, 34, 32, 37, 36, 35, 40, 39, 38, 31, 100, 99, 98, 97, 96, 95, 94, 93, 91, 92, 0]
Elapsed time: 286.20094776153564

i:0	151910.0121903855
i:50	118387.1676265439
i:100	115738.08847462555
i:150	115139.34748729518
i:200	114273.37853178233
i:250	114060.30284912838
i:300	111931.57505883384
i:350	111078.68402389687
i:400	110112.57500811922
i:450	109399.67846123978
i:500	108079.19604218245
i:550	107746.23959979854
i:600	107104.14444409158
i:650	106733.66252067307
best: 106676.14559267744
routes: [0, 51, 52, 53, 58, 56, 54, 55, 57, 59, 60, 79, 80, 77, 78, 75, 73, 72, 71, 74, 76, 0, 21, 23, 22, 25, 26, 27, 29, 30, 28, 24, 0, 43, 42, 41, 44, 45, 47, 46, 49, 50, 48, 0, 91, 92, 93, 94, 95, 96, 97, 98, 99, 100, 31, 39, 38, 40, 35, 36, 37, 32, 33, 34, 0, 61, 62, 63, 69, 70, 66, 67, 68, 65, 64, 0, 13, 11, 12, 14, 15, 17, 19, 20, 18, 16, 0, 84, 86, 85, 83, 82, 81, 87, 88, 89, 90, 0, 3, 6, 5, 10, 9, 7, 8, 2, 1, 4, 0]
Elapsed time: 308.86888432502747

i:0	156411.5443508218
i:50	114952.02168880556
i:100	112510.1668779955
i:150	110814.51036871196
i:200	110814.51036871196
i:250	110151.24816920789
i:300	109555.9515945194
i:350	109139.42402483083
i:400	106798.93180335358
i:450	105519.97550647923
i:500	105131.40028383123
i:550	104255.52715577612
i:600	104211.20006656431
i:650	104211.20006656431
best: 104211.20006656431
routes: [0, 3, 6, 5, 10, 9, 7, 8, 2, 1, 4, 0, 33, 32, 37, 36, 35, 40, 39, 38, 34, 31, 100, 99, 98, 97, 96, 95, 94, 93, 91, 92, 0, 21, 23, 22, 25, 26, 27, 29, 30, 28, 24, 0, 51, 52, 53, 56, 54, 55, 57, 59, 60, 58, 79, 77, 76, 74, 71, 72, 73, 75, 78, 80, 0, 69, 70, 66, 67, 68, 65, 64, 63, 61, 62, 0, 90, 86, 89, 88, 87, 81, 82, 85, 83, 84, 0, 43, 45, 42, 41, 44, 46, 49, 50, 47, 48, 0, 11, 13, 15, 18, 16, 20, 19, 17, 14, 12, 0]
Elapsed time: 300.41802501678467

i:0	157139.4498179225
i:50	115811.08113962431
i:100	113113.49077919753
i:150	111732.37547730742
i:200	111397.89182951034
i:250	109590.82972515118
i:300	108788.38495192667
i:350	108054.38958762602
i:400	107046.6245633811
i:450	106551.72360230748
i:500	106413.55663585778
i:550	105176.99231324728
i:600	104520.24957665075
i:650	104387.45901669942
best: 103789.64359878199
routes: [0, 13, 11, 12, 14, 15, 17, 19, 20, 18, 16, 0, 90, 89, 88, 87, 81, 82, 83, 85, 86, 84, 0, 51, 52, 53, 56, 54, 55, 57, 59, 60, 58, 76, 77, 74, 71, 72, 73, 75, 78, 79, 80, 0, 1, 2, 3, 6, 7, 8, 9, 10, 5, 4, 0, 91, 92, 93, 94, 95, 96, 97, 98, 99, 100, 31, 39, 40, 35, 36, 37, 38, 34, 33, 32, 0, 43, 45, 42, 41, 44, 46, 49, 50, 47, 48, 0, 61, 62, 63, 64, 65, 68, 67, 66, 69, 70, 0, 21, 23, 25, 27, 29, 30, 28, 26, 24, 22, 0]
Elapsed time: 327.2464647293091

i:0	151877.48078936082
i:50	119178.3779909845
i:100	116066.11817052956
i:150	114796.00257458484
i:200	114362.1017982629
i:250	113400.19024484658
i:300	110335.06250741557
i:350	109911.708070741
i:400	109701.98466786022
i:450	108421.31096817102
i:500	107394.96832223615
i:550	106380.9697099164
i:600	105860.8176116602
i:650	105007.59191206514
best: 104892.27357545232
routes: [0, 61, 62, 63, 64, 65, 68, 67, 66, 69, 70, 0, 78, 75, 73, 72, 71, 74, 77, 76, 79, 80, 58, 60, 59, 57, 56, 55, 54, 53, 51, 52, 0, 21, 25, 27, 29, 30, 28, 26, 24, 23, 22, 0, 43, 42, 41, 44, 45, 47, 46, 49, 50, 48, 0, 91, 92, 93, 94, 95, 96, 97, 98, 99, 100, 31, 39, 40, 35, 36, 37, 38, 34, 33, 32, 0, 90, 89, 88, 87, 81, 82, 83, 85, 86, 84, 0, 1, 2, 8, 7, 9, 10, 5, 6, 3, 4, 0, 13, 11, 12, 14, 15, 17, 19, 20, 18, 16, 0]
Elapsed time: 303.03226041793823

i:0	151636.79979813646
i:50	115509.75520642627
i:100	114230.31799244357
i:150	111828.01921295887
i:200	111113.01468042756
i:250	110766.05739558302
i:300	110178.16880781394
i:350	108942.03423271429
i:400	108013.2176390242
i:450	107309.79988994377
i:500	106634.38026232844
i:550	106228.25316591798
i:600	106166.76874226549
i:650	105887.87920498943
best: 105887.87920498943
routes: [0, 74, 71, 72, 73, 75, 78, 77, 76, 79, 80, 58, 60, 59, 57, 56, 53, 51, 52, 55, 54, 0, 43, 45, 47, 49, 50, 48, 46, 44, 41, 42, 0, 5, 6, 10, 9, 7, 8, 2, 1, 3, 4, 0, 21, 23, 25, 27, 29, 30, 28, 26, 24, 22, 0, 91, 92, 93, 94, 95, 96, 97, 98, 99, 100, 31, 39, 38, 40, 35, 36, 37, 32, 33, 34, 0, 61, 62, 63, 64, 65, 68, 67, 66, 69, 70, 0, 90, 84, 86, 89, 85, 83, 82, 81, 87, 88, 0, 13, 11, 12, 14, 15, 17, 19, 20, 18, 16, 0]
Elapsed time: 309.0281903743744

i:0	149905.6848889545
i:50	115200.88311187134
i:100	112833.36203544769
i:150	112122.81537060956
i:200	111052.03955563347
i:250	110642.45175036181
i:300	110573.17914705619
i:350	109238.81363275449
i:400	109178.07190407389
i:450	108586.66328565966
i:500	108174.44249290599
i:550	107473.77478023755
i:600	106846.33409632399
i:650	105025.05681788837
best: 105000.67238667699
routes: [0, 13, 11, 12, 14, 15, 17, 19, 20, 18, 16, 0, 21, 23, 22, 25, 27, 29, 30, 28, 26, 24, 0, 43, 47, 49, 50, 46, 44, 41, 42, 45, 48, 0, 91, 92, 93, 94, 95, 96, 97, 98, 99, 100, 31, 33, 34, 38, 39, 40, 35, 36, 37, 32, 0, 90, 84, 86, 89, 85, 83, 82, 81, 87, 88, 0, 61, 62, 63, 64, 65, 68, 67, 66, 69, 70, 0, 51, 52, 53, 56, 54, 55, 57, 59, 60, 58, 76, 71, 72, 73, 75, 78, 74, 77, 79, 80, 0, 5, 6, 10, 9, 7, 8, 2, 1, 3, 4, 0]
Elapsed time: 318.8322217464447

i:0	151237.50372938387
i:50	116521.17827195663
i:100	114470.9354133987
i:150	111330.29561364214
i:200	110711.19111105613
i:250	110679.08015703634
i:300	109954.3546256393
i:350	108527.15863001748
i:400	108015.6259143909
i:450	106963.65438176692
i:500	106245.2912118402
i:550	106132.31318965738
i:600	105691.07929397756
i:650	105650.08454563418
best: 105393.6299389535
routes: [0, 79, 80, 78, 75, 73, 72, 71, 74, 77, 76, 58, 60, 59, 57, 56, 53, 51, 52, 55, 54, 0, 21, 23, 22, 25, 26, 27, 29, 30, 28, 24, 0, 13, 11, 12, 14, 15, 17, 19, 20, 18, 16, 0, 43, 42, 41, 44, 45, 47, 46, 49, 50, 48, 0, 69, 70, 66, 67, 68, 65, 64, 63, 61, 62, 0, 33, 34, 32, 37, 36, 35, 40, 39, 38, 31, 100, 99, 98, 97, 96, 95, 94, 93, 91, 92, 0, 90, 86, 89, 84, 83, 85, 82, 81, 87, 88, 0, 4, 3, 6, 5, 10, 9, 7, 8, 2, 1, 0]
Elapsed time: 324.1764814853668

i:0	157943.22460174432
i:50	120100.05698836023
i:100	117719.31965652033
i:150	116625.99701939462
i:200	114362.2891081481
i:250	112426.84738676497
i:300	112383.484033815
i:350	111212.29994944725
i:400	110202.81249816722
i:450	108763.07268714682
i:500	108071.25817766317
i:550	106068.86242259078
i:600	104946.04669744035
i:650	104571.92873078295
best: 104571.92873078295
routes: [0, 91, 92, 93, 94, 95, 96, 97, 98, 99, 100, 31, 39, 38, 40, 35, 36, 37, 32, 33, 34, 0, 61, 62, 63, 64, 65, 68, 67, 66, 69, 70, 0, 84, 86, 85, 83, 82, 81, 87, 88, 89, 90, 0, 13, 11, 12, 14, 17, 19, 20, 18, 15, 16, 0, 43, 45, 47, 49, 50, 48, 46, 44, 41, 42, 0, 1, 3, 2, 8, 7, 9, 10, 5, 6, 4, 0, 54, 55, 57, 56, 52, 51, 53, 59, 60, 58, 76, 77, 74, 71, 72, 73, 75, 78, 79, 80, 0, 21, 23, 22, 25, 27, 29, 30, 28, 26, 24, 0]
Elapsed time: 312.47700214385986

i:0	159946.50660615097
i:50	118274.15000791913
i:100	116122.72940240405
i:150	114568.61066785465
i:200	113163.24047284665
i:250	112462.41306295266
i:300	112251.16966500816
i:350	110821.59594284714
i:400	110253.28138618979
i:450	109501.93326900176
i:500	109444.71857587357
i:550	109175.09311579652
i:600	108889.10718359023
i:650	107574.50651755407
best: 107574.50651755407
routes: [0, 90, 84, 86, 89, 85, 83, 82, 81, 87, 88, 0, 80, 76, 79, 77, 78, 75, 73, 72, 71, 74, 58, 60, 59, 57, 56, 55, 54, 53, 51, 52, 0, 13, 11, 12, 14, 15, 17, 19, 20, 18, 16, 0, 1, 3, 2, 8, 7, 9, 10, 5, 6, 4, 0, 69, 70, 61, 62, 63, 64, 65, 68, 67, 66, 0, 91, 92, 93, 94, 95, 96, 97, 98, 99, 100, 31, 33, 34, 38, 39, 40, 35, 36, 37, 32, 0, 43, 42, 41, 44, 45, 47, 46, 49, 50, 48, 0, 21, 23, 22, 25, 27, 29, 30, 28, 26, 24, 0]
Elapsed time: 315.9385964870453

i:0	152239.46635501375
i:50	116298.14699405036
i:100	114121.63966249597
i:150	111611.87352962384
i:200	110144.40599205294
i:250	109492.09188604687
i:300	108441.77798239014
i:350	106139.61640970626
i:400	105905.66531882038
i:450	105336.87984380734
i:500	104819.97498056335
i:550	104214.64541669283
i:600	104214.64541669282
i:650	104214.64541669282
best: 104214.64541669282
routes: [0, 91, 92, 93, 94, 95, 96, 97, 98, 99, 100, 31, 39, 40, 35, 36, 37, 38, 34, 33, 32, 0, 69, 70, 66, 67, 68, 65, 64, 63, 61, 62, 0, 51, 52, 53, 56, 54, 55, 57, 59, 60, 58, 76, 74, 71, 72, 73, 75, 78, 77, 79, 80, 0, 11, 12, 14, 15, 17, 19, 20, 18, 13, 16, 0, 43, 48, 47, 45, 42, 41, 44, 46, 49, 50, 0, 1, 2, 8, 7, 9, 10, 5, 6, 3, 4, 0, 90, 86, 89, 85, 88, 87, 81, 82, 83, 84, 0, 21, 23, 22, 25, 26, 27, 29, 30, 28, 24, 0]
Elapsed time: 325.2973074913025

i:0	160995.37924689948
i:50	120571.60382506129
i:100	115333.65447050559
i:150	114355.87640933192
i:200	113715.13125507915
i:250	111954.95062708306
i:300	111577.86416722328
i:350	110820.6269111969
i:400	108820.80043860186
i:450	107961.83748598355
i:500	107097.55778812035
i:550	105102.53502416261
i:600	104668.15343322234
i:650	103803.84254129797
best: 103803.84254129797
routes: [0, 43, 48, 47, 45, 42, 41, 44, 46, 49, 50, 0, 91, 92, 93, 94, 95, 96, 97, 98, 99, 100, 31, 39, 38, 40, 35, 36, 37, 32, 33, 34, 0, 84, 83, 82, 81, 87, 88, 85, 86, 89, 90, 0, 51, 52, 53, 56, 54, 55, 57, 59, 60, 58, 79, 77, 76, 74, 71, 72, 73, 75, 78, 80, 0, 13, 11, 12, 14, 15, 17, 19, 20, 18, 16, 0, 21, 23, 22, 25, 27, 29, 30, 28, 26, 24, 0, 69, 70, 66, 67, 68, 65, 64, 63, 61, 62, 0, 1, 3, 2, 8, 7, 9, 10, 5, 6, 4, 0]
Elapsed time: 319.3116979598999

i:0	158746.0464166147
i:50	117581.52615939552
i:100	111264.99531276675
i:150	109751.78655124454
i:200	109488.66689999342
i:250	107875.61613079757
i:300	107118.69004016698
i:350	106450.00225079677
i:400	106235.53674660399
i:450	105417.9554966244
i:500	104894.85869311843
i:550	104735.50424348493
i:600	103899.27829043844
i:650	103756.8005479874
best: 103402.8040863552
routes: [0, 91, 92, 93, 94, 95, 96, 97, 98, 99, 100, 31, 33, 32, 37, 36, 35, 40, 39, 38, 34, 0, 69, 70, 66, 67, 68, 65, 64, 63, 61, 62, 0, 21, 23, 22, 25, 27, 29, 30, 28, 26, 24, 0, 43, 42, 41, 44, 45, 47, 46, 49, 50, 48, 0, 51, 52, 53, 56, 54, 55, 57, 59, 60, 58, 79, 77, 76, 74, 71, 72, 73, 75, 78, 80, 0, 84, 83, 82, 81, 87, 88, 85, 86, 89, 90, 0, 4, 3, 6, 5, 10, 9, 7, 8, 2, 1, 0, 13, 11, 12, 14, 15, 17, 19, 20, 18, 16, 0]
Elapsed time: 328.1384656429291

mean: 104804.37743495248
std: 1145.6721810580948
mean-time: 308.4896241784096
std-time: 17.811299287834323