i:0	159382.12888156474
i:50	109375.22590231313
i:100	106077.93904074625
i:150	105312.72635057221
i:200	105312.72635057221
i:250	105312.72635057221
i:300	105143.55277542872
i:350	100150.43004844135
i:400	96306.35221034677
i:450	94351.64088557626
i:500	93620.510875896
i:550	93620.510875896
i:600	93620.510875896
i:650	93620.510875896
best: 93620.510875896
routes: [0, 96, 99, 100, 97, 98, 95, 94, 93, 91, 92, 51, 52, 53, 56, 59, 60, 58, 57, 55, 54, 0, 69, 70, 67, 68, 66, 65, 64, 63, 62, 61, 79, 77, 74, 71, 72, 73, 75, 78, 80, 76, 0, 31, 39, 38, 37, 40, 35, 36, 34, 33, 32, 24, 21, 23, 22, 26, 25, 27, 29, 30, 28, 20, 19, 17, 14, 12, 11, 13, 15, 18, 16, 0, 4, 3, 1, 2, 8, 6, 5, 10, 7, 9, 89, 88, 87, 81, 82, 83, 85, 84, 86, 90, 41, 42, 43, 45, 44, 46, 49, 50, 47, 48, 0]
Elapsed time: 312.0539848804474

i:0	141025.3966445323
i:50	110296.59957245804
i:100	105111.86980464472
i:150	102776.81330315596
i:200	100997.0180837431
i:250	100276.18042008883
i:300	92331.95736903607
i:350	90601.35098110916
i:400	90030.2290066446
i:450	88646.95058123888
i:500	88629.09980909983
i:550	88629.09980909983
i:600	88629.09980909983
i:650	88629.09980909983
best: 88332.30664951165
routes: [0, 91, 92, 93, 94, 96, 99, 98, 97, 95, 100, 31, 34, 39, 38, 35, 36, 37, 40, 33, 32, 0, 51, 52, 53, 56, 55, 54, 57, 59, 60, 58, 76, 77, 74, 71, 72, 73, 75, 78, 79, 80, 61, 62, 63, 64, 65, 68, 66, 67, 69, 70, 0, 4, 1, 2, 3, 6, 5, 10, 7, 8, 9, 90, 86, 89, 84, 83, 85, 82, 81, 87, 88, 41, 42, 43, 45, 44, 46, 49, 50, 47, 48, 0, 13, 11, 12, 14, 15, 17, 19, 20, 18, 16, 25, 27, 29, 30, 28, 26, 24, 21, 23, 22, 0]
Elapsed time: 306.5740923881531

i:0	143330.90160749323
i:50	99545.07590968243
i:100	96530.3238184734
i:150	93913.5252372305
i:200	91538.93571133289
i:250	88519.67472738073
i:300	87862.86512502501
i:350	87321.11439761311
i:400	87033.42019695832
i:450	86281.30184576976
i:500	86040.3195054608
i:550	85908.18981162444
i:600	85908.18981162444
i:650	85908.18981162444
best: 85908.18981162444
routes: [0, 51, 52, 53, 56, 54, 55, 57, 59, 60, 58, 76, 71, 72, 73, 75, 78, 74, 77, 79, 80, 61, 62, 63, 64, 65, 68, 66, 67, 69, 70, 0, 13, 11, 12, 14, 15, 17, 19, 20, 18, 16, 22, 21, 23, 24, 26, 25, 29, 27, 28, 30, 35, 36, 37, 40, 39, 38, 31, 34, 33, 32, 0, 4, 1, 2, 3, 6, 5, 10, 7, 8, 9, 90, 84, 86, 89, 87, 81, 82, 83, 85, 88, 41, 45, 44, 46, 49, 50, 47, 48, 43, 42, 0, 96, 99, 100, 97, 98, 95, 94, 93, 91, 92, 0]
Elapsed time: 275.83999037742615

i:0	146964.99108501486
i:50	106011.61611558405
i:100	95486.37194839299
i:150	94155.37357461455
i:200	93495.99133059908
i:250	93207.48731661392
i:300	92985.06135982333
i:350	91581.38681806637
i:400	91310.354561984
i:450	91167.96104692611
i:500	90828.0577450826
i:550	90191.43702771745
i:600	90093.68093613995
i:650	90093.68093613995
best: 90093.68093613995
routes: [0, 62, 61, 63, 64, 65, 66, 67, 68, 70, 69, 98, 94, 92, 91, 93, 95, 97, 99, 100, 96, 0, 54, 55, 56, 53, 52, 51, 57, 59, 60, 58, 76, 79, 77, 74, 71, 72, 73, 75, 78, 80, 0, 31, 39, 40, 35, 36, 37, 38, 34, 33, 32, 24, 21, 23, 25, 27, 29, 30, 28, 26, 22, 16, 15, 14, 17, 19, 20, 18, 13, 11, 12, 0, 43, 42, 45, 47, 49, 50, 48, 46, 44, 41, 88, 87, 81, 82, 83, 85, 86, 89, 90, 84, 8, 7, 9, 10, 5, 6, 2, 1, 3, 4, 0]
Elapsed time: 293.70010232925415

i:0	143682.44212899104
i:50	114693.11661154717
i:100	98939.12808497451
i:150	97205.04992408225
i:200	94155.35574215587
i:250	93324.25566099661
i:300	92249.1635618104
i:350	92093.65629344241
i:400	92062.57012554542
i:450	91950.32652021036
i:500	91950.32652021036
i:550	91907.15345087872
i:600	91901.0846065566
i:650	91802.87214489774
best: 91802.87214489774
routes: [0, 96, 99, 100, 98, 97, 95, 94, 93, 91, 92, 61, 62, 63, 64, 65, 66, 67, 68, 69, 70, 0, 80, 76, 77, 74, 71, 72, 73, 75, 78, 79, 58, 59, 60, 56, 52, 51, 53, 57, 55, 54, 2, 1, 3, 6, 7, 8, 9, 10, 5, 4, 0, 84, 83, 82, 81, 87, 88, 85, 86, 89, 90, 41, 44, 46, 49, 50, 47, 45, 42, 43, 48, 14, 12, 11, 13, 15, 17, 19, 20, 18, 16, 0, 21, 22, 23, 24, 26, 25, 27, 29, 30, 28, 32, 37, 36, 35, 40, 39, 38, 33, 34, 31, 0]
Elapsed time: 262.6669247150421

i:0	149780.1470613685
i:50	104583.55623132364
i:100	97664.1292861453
i:150	96196.01364158798
i:200	95083.65099648802
i:250	93953.34385814946
i:300	93261.94284524958
i:350	92912.59442665693
i:400	92864.89197228765
i:450	92841.39472742769
i:500	92841.39472742769
i:550	92841.39472742769
i:600	92841.39472742769
i:650	92841.39472742769
best: 92841.39472742769
routes: [0, 54, 55, 56, 52, 51, 53, 58, 57, 59, 60, 79, 77, 74, 71, 72, 73, 75, 78, 80, 76, 0, 100, 96, 93, 95, 97, 99, 98, 94, 91, 92, 63, 65, 68, 67, 69, 70, 66, 64, 61, 62, 0, 43, 44, 46, 49, 50, 48, 47, 45, 42, 41, 89, 90, 86, 84, 83, 85, 82, 81, 87, 88, 9, 10, 5, 6, 7, 8, 2, 1, 3, 4, 0, 13, 11, 12, 14, 15, 17, 19, 20, 18, 16, 22, 21, 23, 24, 26, 25, 29, 27, 28, 30, 35, 36, 37, 40, 39, 38, 31, 34, 33, 32, 0]
Elapsed time: 268.06882667541504

i:0	148773.98301145184
i:50	110255.63268180411
i:100	108400.09284728445
i:150	108185.60360956058
i:200	98683.81146520174
i:250	95261.18075268617
i:300	94538.38352806475
i:350	93776.47552380484
i:400	93298.49158139707
i:450	92717.1930068465
i:500	92526.01018060927
i:550	92427.0926048251
i:600	92427.0926048251
i:650	92427.0926048251
best: 91798.572603164
routes: [0, 91, 92, 93, 94, 95, 96, 99, 100, 97, 98, 61, 62, 63, 64, 65, 67, 68, 66, 69, 70, 0, 51, 52, 56, 54, 55, 57, 53, 58, 60, 59, 79, 77, 74, 71, 72, 73, 75, 78, 80, 76, 0, 4, 1, 3, 2, 8, 6, 5, 10, 7, 9, 90, 86, 89, 84, 83, 85, 82, 81, 87, 88, 41, 44, 46, 49, 50, 48, 47, 45, 43, 42, 0, 31, 34, 33, 32, 38, 39, 40, 37, 35, 36, 30, 28, 27, 29, 25, 26, 24, 21, 23, 22, 20, 19, 17, 18, 15, 14, 12, 11, 13, 16, 0]
Elapsed time: 303.649423122406

i:0	154100.49256291272
i:50	108043.05169015362
i:100	103568.16446483097
i:150	98485.77465842491
i:200	96834.76272557557
i:250	95843.90186987503
i:300	95311.65813716585
i:350	95074.0944671341
i:400	94878.34589004877
i:450	93550.68207647013
i:500	92559.36287369566
i:550	92041.12875952813
i:600	91459.55540078304
i:650	91459.55540078304
best: 91459.55540078304
routes: [0, 96, 99, 100, 97, 98, 95, 94, 93, 91, 92, 61, 62, 63, 64, 65, 68, 67, 69, 70, 66, 0, 54, 55, 52, 51, 53, 56, 57, 58, 60, 59, 76, 77, 74, 71, 72, 73, 75, 78, 80, 79, 84, 83, 82, 81, 87, 88, 85, 86, 89, 90, 0, 11, 13, 15, 18, 16, 20, 19, 17, 14, 12, 48, 47, 46, 49, 50, 45, 44, 41, 42, 43, 9, 10, 5, 6, 7, 8, 2, 1, 3, 4, 0, 21, 23, 22, 25, 27, 29, 30, 28, 26, 24, 32, 31, 39, 40, 35, 36, 37, 38, 33, 34, 0]
Elapsed time: 310.0140335559845

i:0	156614.42165057364
i:50	108559.87384365936
i:100	104430.78587726672
i:150	97464.87874034279
i:200	95736.58415756335
i:250	94031.64898284218
i:300	92666.64182795063
i:350	92506.7612731943
i:400	91655.4622637617
i:450	91540.29408083114
i:500	91540.29408083114
i:550	91540.29408083114
i:600	90620.65137488676
i:650	90619.69438967145
best: 90619.69438967145
routes: [0, 54, 55, 57, 59, 60, 56, 52, 51, 53, 58, 76, 77, 74, 71, 72, 73, 75, 78, 79, 80, 0, 31, 34, 33, 38, 39, 40, 36, 35, 37, 32, 24, 21, 23, 25, 27, 29, 30, 28, 26, 22, 20, 19, 17, 18, 15, 14, 12, 11, 13, 16, 0, 92, 91, 93, 96, 94, 95, 97, 99, 98, 100, 69, 70, 67, 68, 66, 65, 64, 63, 61, 62, 0, 89, 90, 86, 84, 83, 82, 81, 85, 88, 87, 41, 42, 45, 44, 46, 49, 50, 47, 48, 43, 9, 10, 5, 6, 7, 8, 2, 1, 3, 4, 0]
Elapsed time: 281.18223690986633

i:0	152124.69931024435
i:50	110351.89407386872
i:100	98049.19474184456
i:150	96914.19103013827
i:200	96373.47561952591
i:250	95259.22024638983
i:300	94684.85974317032
i:350	94671.90050742225
i:400	94653.3610111308
i:450	94557.65697854603
i:500	94557.65697854603
i:550	94544.24373290114
i:600	94544.24373290114
i:650	93679.14816880843
best: 93679.14816880843
routes: [0, 92, 91, 93, 94, 96, 95, 99, 100, 97, 98, 69, 70, 66, 67, 68, 61, 62, 63, 65, 64, 0, 76, 71, 72, 73, 75, 78, 74, 77, 79, 80, 53, 51, 52, 57, 59, 60, 58, 56, 55, 54, 0, 4, 1, 3, 2, 6, 5, 10, 8, 7, 9, 43, 47, 45, 44, 46, 49, 50, 48, 42, 41, 88, 87, 81, 82, 83, 85, 86, 89, 90, 84, 0, 11, 12, 13, 15, 18, 14, 17, 19, 20, 16, 22, 23, 25, 27, 29, 30, 28, 26, 21, 24, 33, 34, 31, 39, 38, 37, 40, 35, 36, 32, 0]
Elapsed time: 274.69531750679016

i:0	140980.11003644575
i:50	107285.72314139424
i:100	99963.88597833263
i:150	99172.89777343214
i:200	96938.68531700065
i:250	96523.09804687192
i:300	96319.56480788477
i:350	94677.81536392047
i:400	93798.57962853104
i:450	91703.72992342703
i:500	91491.37494008377
i:550	91296.02213151418
i:600	91296.02213151418
i:650	91296.02213151418
best: 91261.59019313155
routes: [0, 91, 92, 93, 94, 95, 96, 99, 100, 97, 98, 61, 62, 63, 64, 65, 67, 68, 66, 69, 70, 31, 39, 38, 37, 40, 35, 36, 32, 33, 34, 0, 21, 23, 25, 27, 29, 30, 28, 26, 24, 22, 16, 13, 11, 12, 14, 15, 17, 19, 20, 18, 0, 76, 71, 72, 73, 75, 78, 74, 77, 79, 80, 58, 59, 60, 56, 57, 55, 54, 53, 51, 52, 0, 4, 1, 3, 2, 7, 8, 5, 6, 10, 9, 90, 84, 86, 89, 85, 82, 83, 81, 87, 88, 41, 42, 43, 45, 44, 46, 49, 50, 47, 48, 0]
Elapsed time: 285.39047598838806

i:0	150034.57153255233
i:50	111154.03499644824
i:100	110527.66947641231
i:150	110394.65619737506
i:200	104814.83782761746
i:250	101502.96170069269
i:300	100253.79266090687
i:350	94163.08372410772
i:400	92266.9899390136
i:450	91544.59261114283
i:500	91544.59261114283
i:550	91544.59261114283
i:600	91544.59261114283
i:650	90804.68589930414
best: 90638.91859355017
routes: [0, 93, 95, 97, 98, 99, 100, 96, 94, 91, 92, 61, 62, 63, 64, 65, 67, 68, 66, 69, 70, 0, 90, 86, 84, 83, 85, 82, 81, 87, 89, 88, 41, 42, 45, 44, 46, 49, 50, 47, 48, 43, 11, 13, 12, 14, 15, 17, 19, 20, 18, 16, 0, 51, 52, 53, 56, 54, 55, 57, 59, 60, 58, 79, 80, 77, 75, 78, 73, 72, 71, 74, 76, 8, 7, 9, 10, 5, 6, 2, 1, 3, 4, 0, 31, 34, 33, 38, 39, 40, 36, 35, 37, 32, 21, 23, 25, 27, 29, 30, 28, 26, 24, 22, 0]
Elapsed time: 362.47045850753784

i:0	148614.69173660505
i:50	109563.34611183968
i:100	100140.98361373985
i:150	97894.4592236668
i:200	96698.10097764047
i:250	96091.30164408039
i:300	94684.22835710493
i:350	94056.91728649013
i:400	94007.37940913797
i:450	93049.5214612213
i:500	93049.5214612213
i:550	92055.78859572767
i:600	92055.78859572767
i:650	92055.78859572767
best: 92055.78859572767
routes: [0, 96, 99, 100, 97, 98, 95, 94, 93, 91, 92, 61, 69, 70, 66, 67, 68, 65, 64, 63, 62, 51, 52, 53, 56, 59, 60, 58, 57, 55, 54, 0, 90, 86, 89, 85, 88, 87, 81, 82, 83, 84, 79, 77, 74, 71, 72, 73, 75, 78, 80, 76, 0, 4, 5, 10, 6, 3, 1, 2, 8, 7, 9, 43, 42, 41, 44, 45, 47, 46, 49, 50, 48, 14, 12, 11, 13, 15, 17, 19, 20, 18, 16, 0, 21, 22, 23, 24, 26, 25, 29, 27, 28, 30, 35, 36, 37, 40, 39, 38, 31, 34, 33, 32, 0]
Elapsed time: 273.7722849845886

i:0	143860.6238847892
i:50	107460.28998031048
i:100	104916.28235654917
i:150	104708.85649423889
i:200	102126.71641508384
i:250	102126.71641508384
i:300	101054.38383989829
i:350	94844.27963426363
i:400	92303.4316759477
i:450	90780.15939512441
i:500	90598.5974260602
i:550	90595.19113254441
i:600	90546.64322341865
i:650	90546.64322341865
best: 90546.64322341865
routes: [0, 91, 92, 93, 96, 94, 95, 97, 99, 100, 98, 69, 70, 67, 68, 66, 65, 62, 61, 63, 64, 0, 90, 84, 86, 89, 88, 81, 82, 83, 85, 87, 41, 42, 43, 48, 47, 45, 44, 46, 49, 50, 14, 17, 19, 20, 18, 15, 12, 11, 13, 16, 0, 31, 39, 38, 37, 40, 35, 36, 34, 33, 32, 28, 30, 29, 27, 25, 26, 24, 21, 23, 22, 0, 52, 51, 53, 56, 55, 54, 57, 60, 59, 58, 79, 80, 77, 74, 71, 72, 73, 75, 78, 76, 2, 1, 3, 6, 7, 8, 9, 10, 5, 4, 0]
Elapsed time: 322.22854256629944

i:0	149133.22385483902
i:50	109629.08713864039
i:100	102697.0821163799
i:150	98908.82760252108
i:200	97044.75361590166
i:250	95792.31966578454
i:300	94737.5731968568
i:350	94033.13150889837
i:400	93238.12286712026
i:450	92248.42357148773
i:500	92010.54150147786
i:550	91720.89517779881
i:600	91586.95701931519
i:650	91583.33989550069
best: 91583.33989550069
routes: [0, 31, 34, 33, 38, 39, 40, 36, 35, 37, 32, 21, 23, 25, 27, 29, 30, 28, 26, 24, 22, 16, 15, 14, 17, 19, 20, 18, 13, 11, 12, 0, 4, 5, 6, 10, 9, 7, 8, 2, 3, 1, 61, 62, 63, 64, 65, 68, 66, 67, 70, 69, 98, 97, 99, 100, 96, 95, 94, 93, 91, 92, 0, 43, 45, 47, 49, 50, 48, 46, 44, 42, 41, 88, 87, 81, 82, 83, 85, 86, 89, 90, 84, 0, 76, 74, 71, 72, 73, 75, 78, 77, 80, 79, 58, 59, 60, 56, 52, 51, 53, 57, 55, 54, 0]
Elapsed time: 300.97423672676086

i:0	152676.3687289457
i:50	108473.0681777655
i:100	102497.20866942439
i:150	100897.25265284146
i:200	100897.25265284146
i:250	97467.3615369651
i:300	96029.83646934874
i:350	93794.33631812509
i:400	93470.03152197455
i:450	92633.6376991919
i:500	92260.11902694387
i:550	91479.78569031635
i:600	91464.53380640852
i:650	91133.12687020312
best: 91133.12687020312
routes: [0, 51, 53, 56, 55, 54, 52, 57, 59, 60, 58, 76, 79, 77, 74, 71, 72, 73, 75, 78, 80, 0, 4, 1, 7, 8, 10, 6, 5, 3, 2, 9, 90, 86, 89, 84, 83, 85, 82, 81, 87, 88, 41, 42, 43, 48, 47, 45, 44, 46, 49, 50, 0, 96, 99, 100, 98, 97, 95, 94, 93, 91, 92, 61, 62, 63, 64, 65, 66, 67, 68, 69, 70, 31, 33, 34, 39, 38, 37, 40, 35, 36, 32, 0, 21, 24, 23, 25, 27, 29, 30, 28, 26, 22, 16, 20, 19, 17, 18, 15, 14, 13, 11, 12, 0]
Elapsed time: 313.182341337204

i:0	151387.19684796463
i:50	104846.02831747849
i:100	97104.99224096356
i:150	95732.7199118996
i:200	94678.79782152614
i:250	93948.76243450475
i:300	93429.27278080564
i:350	92319.83511012577
i:400	91648.24536062607
i:450	91539.98200438225
i:500	91491.64319635036
i:550	91491.64319635036
i:600	91417.84723391534
i:650	91417.84723391534
best: 91417.84723391534
routes: [0, 31, 34, 33, 37, 36, 35, 40, 39, 38, 32, 30, 28, 27, 29, 25, 26, 24, 21, 23, 22, 16, 13, 15, 18, 20, 19, 17, 14, 11, 12, 0, 52, 51, 53, 56, 54, 55, 57, 59, 60, 58, 79, 80, 77, 78, 76, 71, 72, 73, 75, 74, 0, 96, 94, 95, 99, 97, 100, 98, 93, 91, 92, 61, 62, 63, 64, 65, 68, 66, 67, 69, 70, 0, 43, 45, 47, 49, 50, 48, 46, 44, 42, 41, 88, 87, 81, 82, 83, 85, 86, 89, 90, 84, 8, 7, 9, 10, 5, 6, 2, 1, 3, 4, 0]
Elapsed time: 286.9545087814331

i:0	146210.00648006445
i:50	111241.6488041466
i:100	100438.78616495883
i:150	95876.597255145
i:200	95546.5241221647
i:250	95459.08782647265
i:300	95367.7312689973
i:350	94959.43635307593
i:400	94959.43635307593
i:450	94959.43635307593
i:500	94651.99995485661
i:550	94651.99995485661
i:600	94651.99995485661
i:650	93903.68419556483
best: 93846.90668474414
routes: [0, 61, 64, 63, 62, 65, 66, 67, 68, 70, 69, 100, 99, 97, 98, 94, 91, 92, 93, 95, 96, 0, 51, 52, 53, 54, 57, 55, 56, 59, 60, 58, 76, 79, 77, 74, 71, 72, 73, 75, 78, 80, 0, 4, 3, 1, 7, 10, 6, 5, 8, 2, 9, 90, 86, 89, 84, 83, 85, 82, 81, 87, 88, 41, 44, 46, 49, 50, 48, 47, 45, 43, 42, 0, 11, 12, 14, 17, 19, 20, 18, 15, 13, 16, 22, 23, 25, 27, 29, 30, 28, 26, 24, 21, 32, 33, 34, 31, 39, 40, 35, 36, 37, 38, 0]
Elapsed time: 275.31491565704346

i:0	145901.77923184523
i:50	111280.04861861082
i:100	106533.47381243773
i:150	102258.3410243832
i:200	96396.89323942148
i:250	94958.16066634806
i:300	94270.42393844301
i:350	93993.11459479632
i:400	93920.47957976349
i:450	93620.68191060603
i:500	93594.5358393883
i:550	92417.30348993638
i:600	92315.51442034049
i:650	92315.51442034049
best: 92315.51442034049
routes: [0, 96, 99, 100, 98, 97, 95, 94, 93, 91, 92, 61, 62, 63, 64, 65, 66, 67, 68, 69, 70, 0, 76, 74, 71, 72, 73, 75, 78, 77, 79, 80, 58, 60, 59, 57, 55, 56, 54, 53, 51, 52, 0, 4, 3, 2, 1, 8, 7, 5, 6, 10, 9, 86, 90, 84, 83, 82, 81, 87, 85, 89, 88, 41, 44, 46, 49, 50, 48, 47, 45, 43, 42, 0, 31, 33, 34, 39, 40, 36, 35, 37, 38, 32, 24, 21, 23, 22, 25, 27, 29, 30, 28, 26, 20, 19, 17, 14, 12, 11, 13, 15, 18, 16, 0]
Elapsed time: 298.3840477466583

i:0	130746.50153203942
i:50	98070.86538097786
i:100	95769.33409513994
i:150	94121.74951107048
i:200	93012.90753086394
i:250	92165.54098593636
i:300	91941.12189528305
i:350	91291.35105892544
i:400	90399.74166870529
i:450	90127.64803367958
i:500	90050.02345502874
i:550	90046.40633121424
i:600	90046.40633121424
i:650	90046.40633121424
best: 90046.40633121424
routes: [0, 76, 71, 72, 73, 75, 78, 74, 77, 79, 80, 58, 60, 59, 57, 54, 55, 56, 53, 51, 52, 0, 31, 39, 40, 35, 36, 37, 38, 34, 33, 32, 24, 21, 25, 27, 29, 30, 28, 26, 23, 22, 16, 15, 14, 17, 19, 20, 18, 13, 11, 12, 0, 43, 42, 45, 47, 49, 50, 48, 46, 44, 41, 88, 87, 81, 82, 83, 85, 86, 89, 90, 84, 8, 7, 9, 10, 5, 6, 2, 1, 3, 4, 0, 91, 92, 93, 95, 94, 96, 99, 100, 97, 98, 70, 69, 67, 68, 66, 65, 64, 63, 61, 62, 0]
Elapsed time: 273.2702667713165

mean: 91250.10038748352
std: 1795.602315079357
mean-time: 294.01935057640077
std-time: 23.00792284907199