i:0	154980.21976283265
i:50	109309.51356824243
i:100	106672.44223782665
i:150	106672.44223782665
i:200	106305.30513430967
i:250	104659.70287851461
i:300	104659.70287851461
i:350	99024.57546244343
i:400	94874.86185791012
i:450	91384.88736083968
i:500	88190.99476235587
i:550	87545.54350111393
i:600	87188.45350265598
i:650	87086.66443306008
best: 86960.21900623357
routes: [0, 4, 1, 2, 3, 6, 5, 10, 7, 8, 9, 90, 86, 84, 83, 82, 81, 87, 85, 89, 88, 41, 42, 45, 44, 46, 49, 50, 47, 48, 43, 11, 13, 15, 18, 16, 20, 19, 17, 14, 12, 0, 21, 23, 22, 25, 27, 29, 30, 28, 26, 24, 76, 77, 74, 71, 72, 73, 75, 78, 80, 79, 58, 59, 60, 56, 52, 51, 53, 57, 55, 54, 0, 91, 92, 93, 95, 97, 98, 99, 100, 96, 94, 61, 62, 63, 64, 65, 67, 68, 66, 69, 70, 31, 39, 38, 37, 40, 35, 36, 32, 33, 34, 0]
Elapsed time: 345.9592034816742

i:0	150824.1456795179
i:50	110402.42064662075
i:100	104673.67195007124
i:150	103494.99952425419
i:200	98229.38065108788
i:250	97390.0952578514
i:300	96175.455745467
i:350	95541.60876459704
i:400	95430.1064754443
i:450	95335.27267982642
i:500	95333.68158266068
i:550	95234.49155417699
i:600	95234.49155417699
i:650	95234.49155417699
best: 95234.49155417699
routes: [0, 91, 92, 93, 94, 95, 99, 97, 98, 96, 100, 61, 63, 64, 69, 70, 66, 67, 68, 65, 62, 0, 33, 34, 31, 40, 36, 35, 37, 38, 39, 32, 24, 21, 23, 22, 25, 27, 29, 30, 28, 26, 13, 11, 12, 14, 15, 17, 19, 20, 18, 16, 0, 74, 71, 72, 73, 75, 78, 77, 79, 80, 76, 58, 59, 60, 57, 54, 55, 56, 53, 51, 52, 0, 4, 1, 3, 5, 10, 6, 2, 8, 7, 9, 43, 45, 44, 46, 49, 50, 48, 47, 42, 41, 86, 84, 83, 82, 81, 87, 88, 85, 89, 90, 0]
Elapsed time: 300.61828565597534

i:0	143970.5318194703
i:50	108961.37189256234
i:100	99937.8092897736
i:150	99843.82562135105
i:200	98547.81334998646
i:250	98211.77142294555
i:300	97824.56868792766
i:350	97747.93145840749
i:400	97183.9929611009
i:450	97181.99244452042
i:500	94935.51155702292
i:550	93679.86500293677
i:600	93511.76715373585
i:650	93511.76715373585
best: 93511.76715373585
routes: [0, 51, 52, 53, 56, 54, 55, 57, 59, 60, 58, 80, 79, 71, 72, 73, 75, 78, 77, 74, 76, 0, 96, 93, 94, 91, 92, 95, 99, 97, 100, 98, 69, 70, 66, 67, 68, 65, 64, 63, 61, 62, 0, 33, 32, 40, 35, 36, 34, 31, 39, 38, 37, 24, 21, 23, 22, 25, 27, 29, 30, 28, 26, 20, 19, 17, 18, 15, 14, 12, 11, 13, 16, 0, 1, 3, 4, 10, 5, 6, 2, 8, 7, 9, 43, 44, 46, 49, 50, 48, 47, 45, 42, 41, 88, 87, 81, 82, 83, 85, 86, 89, 90, 84, 0]
Elapsed time: 311.20431900024414

i:0	144878.55130334804
i:50	104409.45623900153
i:100	97277.57127146407
i:150	96584.26943296491
i:200	94940.65380167044
i:250	94549.03048688112
i:300	93660.65897334878
i:350	93459.0950199511
i:400	93456.62919940052
i:450	93456.62919940052
i:500	93456.62919940052
i:550	93450.32658521054
i:600	93068.90792219157
i:650	93068.90792219157
best: 92344.02516385852
routes: [0, 4, 5, 6, 3, 1, 2, 8, 7, 9, 10, 43, 46, 49, 50, 48, 47, 45, 44, 42, 41, 88, 87, 81, 82, 83, 85, 86, 89, 90, 84, 0, 76, 77, 74, 71, 72, 73, 75, 78, 80, 79, 58, 59, 60, 56, 57, 55, 54, 53, 51, 52, 0, 15, 13, 12, 11, 14, 17, 19, 20, 18, 16, 23, 22, 21, 24, 26, 25, 29, 27, 28, 30, 36, 35, 37, 40, 39, 38, 31, 33, 34, 32, 0, 91, 93, 92, 95, 96, 99, 100, 94, 97, 98, 69, 70, 66, 67, 68, 65, 64, 63, 61, 62, 0]
Elapsed time: 290.8505651950836

i:0	150936.27949353136
i:50	106312.00118967952
i:100	106312.00118967952
i:150	104515.8813637111
i:200	104515.8813637111
i:250	103816.87686790104
i:300	102638.7344969894
i:350	99948.7726988291
i:400	92161.58737114485
i:450	90735.70463867162
i:500	90351.02412141551
i:550	90127.34891489592
i:600	89905.0095415438
i:650	89894.75063723038
best: 89894.75063723038
routes: [0, 31, 39, 40, 35, 36, 37, 38, 34, 33, 32, 24, 21, 23, 25, 27, 29, 30, 28, 26, 22, 20, 19, 17, 18, 15, 14, 12, 11, 13, 16, 0, 51, 52, 53, 56, 54, 55, 57, 59, 60, 58, 76, 79, 80, 77, 74, 71, 72, 73, 75, 78, 0, 89, 90, 84, 86, 83, 85, 82, 81, 87, 88, 41, 45, 44, 46, 49, 50, 47, 48, 43, 42, 9, 10, 5, 6, 7, 8, 2, 1, 3, 4, 0, 91, 92, 93, 94, 95, 96, 99, 100, 97, 98, 69, 70, 66, 67, 68, 63, 65, 64, 61, 62, 0]
Elapsed time: 334.51337337493896

i:0	155114.61780589842
i:50	107520.68646165417
i:100	106581.67337927897
i:150	106232.1285176289
i:200	106165.74252955386
i:250	104041.74272110725
i:300	102744.50056644002
i:350	102498.29853448767
i:400	99021.30054147654
i:450	95026.55854431738
i:500	94720.68754961659
i:550	94103.21344765223
i:600	94103.21344765223
i:650	94103.21344765223
best: 94103.21344765223
routes: [0, 43, 45, 47, 48, 42, 41, 44, 46, 49, 50, 12, 11, 13, 14, 17, 19, 20, 18, 15, 16, 22, 21, 23, 27, 28, 30, 29, 25, 26, 24, 0, 4, 8, 7, 10, 5, 6, 3, 1, 2, 9, 89, 84, 83, 82, 81, 87, 88, 85, 86, 90, 54, 55, 57, 59, 60, 58, 56, 53, 52, 51, 91, 92, 93, 94, 95, 97, 98, 99, 100, 96, 0, 31, 34, 33, 38, 39, 40, 36, 35, 37, 32, 0, 76, 74, 71, 72, 73, 75, 78, 79, 77, 80, 61, 63, 65, 68, 67, 69, 70, 66, 64, 62, 0]
Elapsed time: 336.5314795970917

i:0	151664.10419022533
i:50	108672.06732204935
i:100	96448.27710753532
i:150	95394.7867202583
i:200	94859.58579531037
i:250	94529.42521859329
i:300	94009.50297753936
i:350	93966.16749098581
i:400	93375.66727984381
i:450	93346.28783672686
i:500	93278.65338028067
i:550	93181.6175136332
i:600	93110.66831298391
i:650	93110.66831298391
best: 93110.09819140742
routes: [0, 91, 92, 93, 94, 95, 96, 99, 100, 97, 98, 61, 62, 63, 64, 65, 67, 68, 66, 69, 70, 0, 80, 76, 77, 74, 71, 72, 73, 75, 78, 79, 58, 60, 59, 57, 54, 55, 56, 53, 51, 52, 0, 31, 33, 34, 37, 35, 36, 40, 39, 38, 32, 30, 28, 27, 29, 25, 26, 23, 21, 24, 22, 18, 14, 12, 11, 13, 15, 17, 19, 20, 16, 0, 1, 4, 10, 5, 3, 6, 7, 2, 8, 9, 90, 86, 89, 84, 83, 85, 82, 81, 87, 88, 41, 42, 43, 45, 44, 46, 49, 50, 47, 48, 0]
Elapsed time: 287.6192624568939

i:0	149936.42133422924
i:50	111683.37887730915
i:100	109090.52273859517
i:150	104718.30334792062
i:200	98101.2127298314
i:250	90411.38510548566
i:300	88023.44133359253
i:350	87242.02525851385
i:400	86587.4517176442
i:450	86587.4517176442
i:500	86495.40025352278
i:550	84555.06658763242
i:600	84495.32429067783
i:650	83883.21171837559
best: 83813.55551348296
routes: [0, 4, 1, 2, 3, 6, 5, 10, 7, 8, 9, 90, 86, 89, 84, 83, 85, 82, 81, 87, 88, 41, 42, 43, 45, 44, 46, 49, 50, 47, 48, 14, 12, 11, 13, 15, 17, 19, 20, 18, 16, 0, 61, 62, 63, 64, 65, 68, 66, 67, 69, 70, 31, 39, 40, 35, 36, 37, 38, 34, 33, 32, 24, 21, 23, 22, 25, 27, 29, 30, 28, 26, 0, 96, 99, 100, 97, 98, 95, 94, 93, 91, 92, 76, 74, 71, 72, 73, 75, 78, 77, 79, 80, 58, 60, 59, 57, 54, 55, 56, 53, 51, 52, 0]
Elapsed time: 335.32328367233276

i:0	159461.1064711245
i:50	109765.02020622422
i:100	100949.1962349744
i:150	98743.89739574789
i:200	97538.29333170036
i:250	97460.04326443862
i:300	97387.86251877798
i:350	96223.95461972347
i:400	96146.47199814716
i:450	96090.08947819578
i:500	95557.26058172673
i:550	95196.12802538718
i:600	94797.87424153354
i:650	82581.71123799514
best: 82252.59519017028
routes: [0, 51, 52, 53, 56, 54, 55, 57, 59, 60, 58, 79, 80, 76, 77, 74, 71, 72, 73, 75, 78, 61, 62, 63, 64, 65, 68, 66, 67, 69, 70, 0, 91, 92, 96, 93, 95, 94, 97, 98, 99, 100, 31, 34, 37, 36, 35, 40, 39, 38, 33, 32, 28, 30, 29, 27, 25, 26, 24, 21, 23, 22, 13, 11, 12, 14, 15, 17, 19, 20, 18, 16, 0, 4, 1, 2, 3, 6, 5, 10, 8, 7, 9, 43, 44, 46, 49, 50, 48, 47, 45, 42, 41, 88, 87, 81, 82, 83, 85, 86, 89, 90, 84, 0]
Elapsed time: 321.4378573894501

i:0	145891.19762080198
i:50	105289.44761564155
i:100	105255.29297950106
i:150	105255.29297950106
i:200	103572.99510207634
i:250	103572.99510207634
i:300	101314.47058128366
i:350	101080.92313160883
i:400	97924.49957715758
i:450	92937.29865293081
i:500	92692.86253070322
i:550	92451.3703059894
i:600	92451.3703059894
i:650	92154.57714640122
best: 86221.02392536712
routes: [0, 80, 76, 77, 74, 71, 72, 73, 75, 78, 79, 58, 60, 59, 57, 54, 55, 56, 53, 51, 52, 1, 3, 6, 2, 8, 7, 9, 10, 5, 4, 0, 86, 89, 90, 84, 83, 85, 82, 81, 87, 88, 41, 42, 43, 45, 44, 46, 49, 50, 47, 48, 11, 13, 12, 14, 15, 18, 17, 19, 20, 16, 21, 23, 22, 25, 27, 29, 30, 28, 26, 24, 0, 96, 94, 91, 92, 93, 95, 99, 97, 98, 100, 69, 70, 66, 67, 68, 65, 64, 63, 61, 62, 31, 39, 38, 37, 40, 35, 36, 32, 33, 34, 0]
Elapsed time: 350.537211894989

i:0	158256.10514530135
i:50	110341.98416577556
i:100	108446.3198224049
i:150	108446.3198224049
i:200	106379.08554281393
i:250	103124.94036220823
i:300	97374.0712273995
i:350	96628.96294972545
i:400	95975.06310864142
i:450	95504.23152729112
i:500	94768.95477074567
i:550	94340.28167577324
i:600	94208.28884422651
i:650	94064.52646540134
best: 94044.86467425959
routes: [0, 31, 34, 33, 32, 38, 39, 40, 37, 35, 36, 30, 28, 27, 29, 25, 26, 24, 21, 23, 22, 0, 51, 52, 56, 53, 55, 54, 57, 59, 60, 58, 76, 79, 74, 71, 72, 73, 75, 78, 77, 80, 0, 4, 5, 6, 1, 3, 10, 2, 8, 7, 9, 63, 65, 68, 67, 69, 70, 66, 64, 62, 61, 91, 92, 93, 94, 95, 97, 98, 99, 100, 96, 0, 13, 15, 18, 16, 20, 19, 17, 14, 12, 11, 43, 42, 45, 46, 49, 50, 48, 47, 44, 41, 88, 87, 81, 82, 83, 85, 86, 89, 90, 84, 0]
Elapsed time: 338.3026957511902

i:0	151033.7505490538
i:50	106114.8077934712
i:100	103056.38374125611
i:150	99759.08171502432
i:200	96246.76711408905
i:250	95300.01128321735
i:300	94674.92220783791
i:350	94539.32747322865
i:400	94352.26741053483
i:450	91210.3673685182
i:500	89124.2610439949
i:550	87781.41037613085
i:600	87460.6857748324
i:650	87460.6857748324
best: 87460.6857748324
routes: [0, 51, 52, 53, 56, 57, 55, 54, 59, 60, 58, 76, 79, 80, 77, 74, 71, 72, 73, 75, 78, 0, 90, 84, 86, 89, 87, 81, 82, 83, 85, 88, 41, 42, 45, 44, 46, 49, 50, 47, 48, 43, 11, 15, 18, 20, 19, 17, 14, 12, 13, 16, 0, 91, 92, 93, 94, 95, 96, 99, 100, 97, 98, 61, 62, 63, 64, 65, 67, 68, 66, 69, 70, 31, 39, 40, 35, 36, 37, 38, 34, 33, 32, 24, 21, 23, 22, 25, 27, 29, 30, 28, 26, 0, 5, 6, 10, 9, 7, 8, 2, 1, 3, 4, 0]
Elapsed time: 321.4668755531311

i:0	148178.936390697
i:50	106656.1584568643
i:100	95657.88891718979
i:150	94804.54937259009
i:200	94273.88196398922
i:250	93235.16230045937
i:300	92903.74691701183
i:350	92593.22146842758
i:400	92483.40970273472
i:450	92483.40970273472
i:500	92483.40970273472
i:550	92483.40970273472
i:600	92288.05689416513
i:650	92288.05689416513
best: 92288.05689416513
routes: [0, 76, 77, 74, 71, 72, 73, 75, 78, 80, 79, 58, 59, 60, 56, 57, 55, 54, 53, 51, 52, 0, 16, 13, 11, 12, 14, 15, 18, 17, 19, 20, 29, 27, 25, 26, 23, 22, 21, 24, 28, 30, 35, 36, 37, 40, 39, 38, 31, 34, 33, 32, 0, 43, 45, 48, 47, 49, 50, 46, 44, 42, 41, 87, 81, 82, 83, 85, 88, 84, 86, 89, 90, 9, 7, 8, 6, 5, 10, 2, 1, 3, 4, 0, 93, 94, 95, 97, 98, 99, 100, 96, 91, 92, 61, 62, 63, 64, 65, 67, 68, 66, 69, 70, 0]
Elapsed time: 281.9752604961395

i:0	148371.29117892068
i:50	110626.7704480206
i:100	109193.74616255713
i:150	106287.03841692049
i:200	103538.70483087483
i:250	101553.37876534552
i:300	100313.5095083156
i:350	90304.38668907114
i:400	87197.28174986558
i:450	85865.43607596654
i:500	85198.47931346124
i:550	85154.52707757641
i:600	85154.52707757641
i:650	85154.52707757641
best: 85154.52707757641
routes: [0, 93, 96, 99, 100, 97, 98, 95, 94, 91, 92, 61, 62, 63, 64, 65, 67, 68, 66, 69, 70, 31, 34, 33, 38, 39, 40, 35, 36, 37, 32, 0, 76, 77, 74, 71, 72, 73, 75, 78, 80, 79, 58, 59, 60, 56, 52, 51, 53, 57, 55, 54, 8, 7, 9, 10, 5, 6, 2, 1, 3, 4, 0, 90, 86, 84, 83, 85, 82, 81, 87, 89, 88, 41, 42, 43, 45, 44, 46, 49, 50, 47, 48, 17, 19, 20, 18, 15, 14, 12, 11, 13, 16, 22, 25, 27, 29, 30, 28, 26, 23, 21, 24, 0]
Elapsed time: 327.16836977005005

i:0	150862.92294816292
i:50	113420.11843982725
i:100	106198.20242971051
i:150	101012.60074581052
i:200	95894.06870126998
i:250	94673.40452980458
i:300	94388.47133431905
i:350	93530.628385291
i:400	92262.49425832814
i:450	91372.84124705919
i:500	91038.54337052148
i:550	91014.73321895124
i:600	90896.42128963712
i:650	86643.27781842902
best: 83825.18070073609
routes: [0, 31, 34, 33, 32, 38, 39, 40, 37, 35, 36, 30, 28, 27, 29, 25, 26, 24, 21, 23, 22, 16, 13, 11, 14, 17, 19, 20, 18, 15, 12, 10, 9, 7, 8, 2, 1, 3, 6, 5, 4, 0, 76, 77, 74, 71, 72, 73, 75, 78, 79, 80, 61, 62, 63, 64, 65, 68, 66, 67, 70, 69, 98, 97, 99, 100, 96, 95, 94, 93, 91, 92, 0, 43, 44, 46, 49, 50, 48, 47, 45, 42, 41, 88, 87, 81, 82, 83, 85, 86, 89, 90, 84, 59, 60, 58, 52, 51, 53, 56, 57, 55, 54, 0]
Elapsed time: 325.84224700927734

i:0	142072.7108132083
i:50	107072.30110624418
i:100	104995.01682289844
i:150	98151.21071236023
i:200	96283.33291160151
i:250	96135.35874165202
i:300	95651.01375340016
i:350	94448.31707736093
i:400	94426.58966516246
i:450	94419.43323596372
i:500	94419.43323596372
i:550	94408.53095159326
i:600	94407.23532650656
i:650	94407.23532650656
best: 94407.23532650656
routes: [0, 91, 92, 93, 100, 96, 95, 94, 97, 99, 98, 61, 62, 63, 65, 64, 66, 67, 68, 69, 70, 0, 54, 55, 52, 51, 53, 56, 57, 59, 60, 58, 76, 79, 77, 74, 71, 72, 73, 75, 78, 80, 0, 31, 38, 39, 37, 40, 35, 36, 33, 34, 32, 24, 22, 21, 23, 25, 26, 27, 29, 30, 28, 20, 17, 19, 18, 15, 14, 12, 11, 13, 16, 0, 1, 4, 5, 6, 3, 10, 7, 2, 8, 9, 86, 89, 90, 84, 83, 82, 81, 85, 87, 88, 41, 42, 43, 45, 44, 46, 49, 50, 47, 48, 0]
Elapsed time: 292.2288181781769

i:0	155359.6115400195
i:50	110686.17383250012
i:100	99485.03381544436
i:150	98818.27577922688
i:200	98270.57373772303
i:250	98015.83440934174
i:300	97781.51820242332
i:350	96884.64128008645
i:400	95807.18239458087
i:450	95630.11606816434
i:500	95630.11606816434
i:550	95625.37459726172
i:600	95625.37459726172
i:650	95625.37459726172
best: 95085.75791193752
routes: [0, 92, 91, 93, 98, 99, 100, 97, 94, 95, 96, 70, 69, 67, 68, 66, 65, 64, 63, 62, 61, 0, 16, 13, 14, 11, 12, 15, 18, 20, 17, 19, 29, 27, 30, 28, 26, 25, 22, 23, 21, 24, 37, 36, 35, 40, 39, 38, 31, 34, 33, 32, 0, 52, 51, 53, 56, 54, 55, 57, 59, 60, 58, 76, 74, 71, 72, 73, 75, 78, 79, 77, 80, 0, 4, 3, 1, 8, 7, 2, 6, 10, 5, 9, 90, 86, 89, 84, 83, 85, 82, 81, 87, 88, 41, 42, 43, 45, 44, 46, 49, 50, 47, 48, 0]
Elapsed time: 302.2881660461426

i:0	138706.11620333334
i:50	109637.62490810028
i:100	106014.6203160198
i:150	104579.5333016442
i:200	94026.91130721908
i:250	92761.10172276139
i:300	91813.58196832592
i:350	88385.59729987512
i:400	87926.37878311668
i:450	86216.15752317122
i:500	85184.81118737195
i:550	84669.10512577699
i:600	84662.87012157848
i:650	84662.87012157848
best: 84662.87012157848
routes: [0, 13, 15, 18, 16, 20, 19, 17, 14, 12, 11, 43, 42, 45, 46, 49, 50, 48, 47, 44, 41, 88, 87, 81, 82, 83, 85, 86, 89, 90, 84, 0, 54, 55, 52, 51, 53, 56, 57, 59, 60, 58, 79, 80, 76, 77, 74, 71, 72, 73, 75, 78, 2, 1, 3, 6, 7, 8, 9, 10, 5, 4, 0, 91, 92, 93, 94, 95, 96, 99, 100, 97, 98, 62, 61, 63, 64, 65, 68, 66, 67, 69, 70, 31, 34, 33, 32, 37, 36, 35, 40, 39, 38, 21, 23, 22, 25, 27, 29, 30, 28, 26, 24, 0]
Elapsed time: 321.2479622364044

i:0	144011.1550949511
i:50	110521.5138922744
i:100	104858.07796677767
i:150	98587.48558800675
i:200	97091.92323502206
i:250	95503.3725779202
i:300	95298.4823258718
i:350	95017.51703462354
i:400	94941.89430339022
i:450	94387.63852439019
i:500	94055.58710301659
i:550	93860.234294447
i:600	93860.234294447
i:650	93860.234294447
best: 93850.90964440678
routes: [0, 91, 92, 93, 94, 95, 96, 99, 100, 97, 98, 61, 62, 63, 64, 65, 67, 68, 66, 69, 70, 0, 79, 80, 76, 77, 74, 71, 72, 73, 75, 78, 58, 59, 60, 56, 57, 55, 54, 53, 51, 52, 0, 31, 33, 34, 39, 38, 40, 35, 36, 37, 32, 24, 25, 29, 30, 28, 27, 26, 21, 23, 22, 11, 12, 14, 17, 19, 20, 13, 15, 18, 16, 0, 1, 2, 4, 8, 7, 6, 3, 5, 10, 9, 89, 90, 86, 84, 83, 82, 81, 85, 87, 88, 41, 42, 43, 45, 44, 46, 49, 50, 47, 48, 0]
Elapsed time: 310.34167766571045

i:0	147597.90859309596
i:50	108709.65152590701
i:100	106834.51908492687
i:150	106179.34559582375
i:200	106179.34559582375
i:250	98727.63398430182
i:300	95932.33520218806
i:350	94341.10430625781
i:400	92171.09300748531
i:450	91212.08586619564
i:500	91118.34202988504
i:550	91032.41369087962
i:600	91032.41369087962
i:650	91031.5589950464
best: 91031.5589950464
routes: [0, 31, 34, 33, 38, 39, 40, 36, 35, 37, 32, 30, 28, 29, 25, 27, 26, 23, 22, 21, 24, 0, 52, 51, 53, 56, 55, 54, 57, 59, 60, 58, 79, 80, 76, 77, 74, 71, 72, 73, 75, 78, 0, 13, 11, 12, 14, 15, 18, 16, 20, 19, 17, 48, 47, 49, 50, 46, 44, 45, 43, 42, 41, 89, 90, 86, 85, 88, 87, 81, 82, 83, 84, 8, 7, 9, 10, 5, 6, 2, 1, 3, 4, 0, 96, 99, 100, 97, 98, 95, 94, 93, 91, 92, 61, 63, 65, 68, 67, 69, 70, 66, 64, 62, 0]
Elapsed time: 319.21635818481445

mean: 89962.86934521803
std: 4317.714837972702
mean-time: 317.7336636304855
std-time: 19.525152593180465