i:0	86904.87749596372
i:50	66514.22215326213
i:100	66514.22215326213
i:150	66514.22215326213
i:200	66514.22215326213
i:250	66514.22215326213
i:300	66464.94791646158
i:350	66464.94791646158
i:400	66464.94791646158
i:450	66464.94791646158
i:500	66464.94791646158
i:550	66464.94791646158
i:600	66464.94791646158
i:650	66464.94791646158
best: 66464.94791646158
routes: [0, 1, 2, 4, 3, 5, 44, 43, 45, 41, 42, 24, 21, 22, 25, 23, 6, 8, 7, 9, 10, 0, 49, 50, 48, 47, 46, 34, 35, 33, 32, 31, 40, 38, 37, 39, 36, 28, 27, 29, 30, 26, 0, 14, 13, 12, 15, 11, 18, 17, 20, 19, 16, 0]
Elapsed time: 28.089210033416748

i:0	288246.3687720439
i:50	65211.09746696912
i:100	64497.04691810298
i:150	64497.04691810298
i:200	64497.04691810298
i:250	64497.04691810298
i:300	64497.04691810298
i:350	64497.04691810298
i:400	64497.04691810298
i:450	64497.04691810298
i:500	64497.04691810298
i:550	64497.04691810298
i:600	64497.04691810298
i:650	64497.04691810298
best: 64497.04691810298
routes: [0, 4, 5, 3, 1, 2, 44, 43, 45, 41, 42, 24, 25, 23, 21, 22, 9, 10, 8, 7, 6, 0, 26, 28, 27, 29, 30, 39, 36, 38, 37, 40, 31, 32, 34, 35, 33, 50, 49, 48, 47, 46, 0, 13, 14, 11, 12, 15, 20, 18, 17, 19, 16, 0]
Elapsed time: 26.80358624458313

i:0	97495.60008742115
i:50	66536.71535964297
i:100	66321.03992277363
i:150	65743.83310463575
i:200	65743.83310463575
i:250	65743.83310463575
i:300	65743.83310463575
i:350	65743.83310463575
i:400	65743.83310463575
i:450	65743.83310463575
i:500	65743.83310463575
i:550	65743.83310463575
i:600	65743.83310463575
i:650	65743.83310463575
best: 65743.83310463575
routes: [0, 8, 7, 9, 10, 6, 25, 23, 22, 24, 21, 41, 42, 45, 43, 44, 1, 2, 5, 3, 4, 0, 26, 28, 27, 29, 30, 39, 36, 38, 37, 40, 33, 31, 32, 34, 35, 50, 49, 48, 47, 46, 0, 16, 18, 17, 19, 20, 14, 15, 13, 12, 11, 0]
Elapsed time: 28.370213508605957

i:0	288578.4625742682
i:50	66022.65113644874
i:100	66022.65113644874
i:150	66022.65113644874
i:200	66022.65113644874
i:250	66022.65113644874
i:300	66022.65113644874
i:350	66022.65113644874
i:400	66022.65113644874
i:450	66022.65113644874
i:500	66022.65113644874
i:550	66022.65113644874
i:600	66022.65113644874
i:650	66022.65113644874
best: 66022.65113644874
routes: [0, 26, 28, 27, 29, 30, 39, 36, 38, 37, 40, 32, 34, 35, 33, 31, 50, 49, 48, 47, 46, 0, 8, 7, 9, 10, 6, 23, 24, 21, 22, 25, 41, 42, 45, 43, 44, 5, 3, 4, 1, 2, 0, 16, 20, 19, 18, 17, 14, 15, 13, 12, 11, 0]
Elapsed time: 21.9829261302948

i:0	84207.4512478407
i:50	67670.52206865723
i:100	67670.52206865723
i:150	67670.52206865723
i:200	67670.52206865723
i:250	67670.52206865723
i:300	67670.52206865723
i:350	67670.52206865723
i:400	67670.52206865723
i:450	67670.52206865723
i:500	67670.52206865723
i:550	67670.52206865723
i:600	67670.52206865723
i:650	67670.52206865723
best: 67670.52206865723
routes: [0, 49, 50, 48, 47, 46, 34, 35, 33, 32, 31, 40, 38, 37, 39, 36, 28, 27, 29, 30, 26, 0, 44, 43, 42, 45, 41, 24, 25, 23, 21, 22, 9, 10, 8, 7, 6, 5, 3, 1, 2, 4, 0, 12, 15, 13, 14, 11, 18, 17, 20, 19, 16, 0]
Elapsed time: 26.995302438735962

i:0	289058.1090180043
i:50	66005.24609721007
i:100	66005.24609721007
i:150	66005.24609721007
i:200	65842.61882613816
i:250	65842.61882613816
i:300	65842.61882613816
i:350	65842.61882613816
i:400	65842.61882613816
i:450	65842.61882613816
i:500	65842.61882613816
i:550	65842.61882613816
i:600	65842.61882613816
i:650	65842.61882613816
best: 65842.61882613816
routes: [0, 26, 28, 27, 29, 30, 39, 36, 38, 37, 40, 31, 32, 34, 35, 33, 50, 49, 48, 47, 46, 0, 4, 1, 2, 5, 3, 44, 43, 45, 41, 42, 24, 21, 22, 25, 23, 6, 8, 7, 9, 10, 0, 12, 15, 13, 14, 11, 18, 17, 20, 19, 16, 0]
Elapsed time: 23.6421639919281

i:0	84896.93321273447
i:50	64899.34448653179
i:100	64899.34448653179
i:150	64899.34448653179
i:200	64899.34448653179
i:250	64899.34448653179
i:300	64899.34448653179
i:350	64899.34448653179
i:400	64899.34448653179
i:450	64899.34448653179
i:500	64899.34448653179
i:550	64899.34448653179
i:600	64899.34448653179
i:650	64899.34448653179
best: 64899.34448653179
routes: [0, 4, 3, 1, 2, 5, 44, 43, 45, 41, 42, 24, 21, 22, 25, 23, 6, 8, 7, 9, 10, 0, 26, 28, 27, 29, 30, 39, 36, 38, 37, 40, 32, 34, 35, 33, 31, 50, 49, 48, 47, 46, 0, 13, 14, 11, 12, 15, 20, 18, 17, 19, 16, 0]
Elapsed time: 21.95156741142273

i:0	291286.86423142033
i:50	66801.09188889124
i:100	66801.09188889124
i:150	66801.09188889124
i:200	66801.09188889124
i:250	66801.09188889124
i:300	66801.09188889124
i:350	66801.09188889124
i:400	66801.09188889124
i:450	66801.09188889124
i:500	66801.09188889124
i:550	66801.09188889124
i:600	66801.09188889124
i:650	66801.09188889124
best: 66801.09188889124
routes: [0, 26, 28, 27, 29, 30, 39, 36, 38, 37, 40, 33, 34, 31, 32, 35, 50, 49, 48, 47, 46, 0, 1, 2, 4, 3, 5, 44, 43, 45, 41, 42, 24, 25, 23, 21, 22, 9, 10, 8, 7, 6, 0, 12, 15, 13, 14, 11, 18, 17, 20, 19, 16, 0]
Elapsed time: 30.3016095161438

i:0	90460.96620917162
i:50	64896.69514358636
i:100	64896.69514358636
i:150	64574.69171020339
i:200	64574.69171020339
i:250	64574.69171020339
i:300	64574.69171020339
i:350	64574.69171020339
i:400	64574.69171020339
i:450	64574.69171020339
i:500	64574.69171020339
i:550	64574.69171020339
i:600	64574.69171020339
i:650	64574.69171020339
best: 64574.69171020339
routes: [0, 8, 7, 9, 10, 6, 23, 22, 24, 25, 21, 41, 42, 45, 43, 44, 1, 2, 5, 3, 4, 0, 26, 28, 27, 29, 30, 39, 36, 38, 37, 40, 31, 32, 34, 35, 33, 50, 49, 48, 47, 46, 0, 14, 13, 12, 15, 11, 18, 17, 20, 19, 16, 0]
Elapsed time: 24.86756730079651

i:0	86804.11331890212
i:50	66110.65845156538
i:100	66110.65845156538
i:150	66110.65845156538
i:200	66110.65845156538
i:250	66110.65845156538
i:300	66110.65845156538
i:350	66110.65845156538
i:400	66110.65845156538
i:450	66110.65845156538
i:500	66110.65845156538
i:550	66110.65845156538
i:600	66110.65845156538
i:650	66110.65845156538
best: 66110.65845156538
routes: [0, 26, 28, 27, 29, 30, 39, 36, 38, 37, 40, 33, 31, 32, 34, 35, 50, 49, 48, 47, 46, 0, 8, 7, 9, 10, 6, 24, 25, 23, 22, 21, 45, 43, 41, 42, 44, 1, 2, 5, 3, 4, 0, 12, 15, 13, 14, 11, 18, 17, 20, 19, 16, 0]
Elapsed time: 27.13045072555542

i:0	294148.01169374347
i:50	67740.32141416689
i:100	65980.00951198996
i:150	65980.00951198996
i:200	65980.00951198996
i:250	65980.00951198996
i:300	65980.00951198996
i:350	65980.00951198996
i:400	65980.00951198996
i:450	65980.00951198996
i:500	65980.00951198996
i:550	65980.00951198996
i:600	65980.00951198996
i:650	65980.00951198996
best: 65980.00951198996
routes: [0, 1, 2, 4, 3, 5, 6, 8, 7, 10, 9, 25, 23, 22, 24, 21, 41, 42, 45, 43, 44, 0, 26, 28, 27, 29, 30, 39, 36, 38, 37, 40, 31, 32, 34, 35, 33, 50, 49, 48, 47, 46, 0, 16, 20, 19, 18, 17, 14, 15, 13, 12, 11, 0]
Elapsed time: 24.85041117668152

i:0	290142.2385516345
i:50	63125.87856788401
i:100	63125.87856788401
i:150	63125.87856788401
i:200	63125.87856788401
i:250	63125.87856788401
i:300	63125.87856788401
i:350	63125.87856788401
i:400	63125.87856788401
i:450	63125.87856788401
i:500	63125.87856788401
i:550	63125.87856788401
i:600	63125.87856788401
i:650	63125.87856788401
best: 63125.87856788401
routes: [0, 4, 5, 3, 1, 2, 44, 43, 45, 41, 42, 21, 22, 24, 25, 23, 6, 8, 7, 9, 10, 0, 26, 28, 27, 29, 30, 39, 36, 38, 37, 40, 32, 34, 35, 33, 31, 50, 49, 48, 47, 46, 0, 11, 12, 15, 13, 14, 20, 18, 17, 19, 16, 0]
Elapsed time: 22.130193948745728

i:0	94539.31980118484
i:50	64934.804030683226
i:100	64934.804030683226
i:150	64772.17675961132
i:200	64772.17675961132
i:250	64772.17675961132
i:300	64772.17675961132
i:350	64772.17675961132
i:400	64772.17675961132
i:450	64772.17675961132
i:500	64772.17675961132
i:550	64772.17675961132
i:600	64772.17675961132
i:650	64772.17675961132
best: 64772.17675961132
routes: [0, 6, 8, 7, 10, 9, 25, 23, 22, 24, 21, 41, 42, 45, 43, 44, 5, 3, 1, 2, 4, 0, 49, 50, 48, 47, 46, 34, 35, 33, 32, 31, 40, 38, 37, 39, 36, 29, 30, 28, 27, 26, 0, 12, 15, 13, 14, 11, 18, 17, 20, 19, 16, 0]
Elapsed time: 24.124316692352295

i:0	290272.10676224605
i:50	64977.67907763319
i:100	64413.00413140733
i:150	64413.00413140733
i:200	64413.00413140733
i:250	64413.00413140733
i:300	64413.00413140733
i:350	64413.00413140733
i:400	64413.00413140733
i:450	64413.00413140733
i:500	64413.00413140733
i:550	64413.00413140733
i:600	64413.00413140733
i:650	64413.00413140733
best: 64413.00413140733
routes: [0, 8, 7, 9, 10, 6, 24, 25, 23, 22, 21, 45, 43, 41, 42, 44, 1, 2, 5, 3, 4, 0, 26, 28, 27, 29, 30, 39, 36, 38, 37, 40, 31, 32, 34, 35, 33, 50, 49, 48, 47, 46, 0, 11, 12, 15, 13, 14, 20, 18, 17, 19, 16, 0]
Elapsed time: 25.486416816711426

i:0	299757.03838664346
i:50	66402.88696647975
i:100	65646.26954080959
i:150	65324.26610742662
i:200	65324.26610742662
i:250	65324.26610742662
i:300	65324.26610742662
i:350	65324.26610742662
i:400	65324.26610742662
i:450	65324.26610742662
i:500	65324.26610742662
i:550	65324.26610742662
i:600	65324.26610742662
i:650	65324.26610742662
best: 65324.26610742662
routes: [0, 26, 28, 27, 29, 30, 39, 36, 38, 37, 40, 31, 32, 34, 35, 33, 50, 49, 48, 47, 46, 0, 1, 2, 4, 5, 3, 44, 43, 45, 41, 42, 21, 22, 24, 25, 23, 6, 8, 7, 9, 10, 0, 14, 13, 12, 15, 11, 18, 17, 20, 19, 16, 0]
Elapsed time: 26.200934886932373

i:0	300952.14298849454
i:50	65664.01874678969
i:100	65406.410705870585
i:150	65406.410705870585
i:200	65406.410705870585
i:250	65406.410705870585
i:300	65406.410705870585
i:350	65406.410705870585
i:400	65406.410705870585
i:450	65406.410705870585
i:500	65406.410705870585
i:550	65406.410705870585
i:600	65406.410705870585
i:650	65406.410705870585
best: 65406.410705870585
routes: [0, 8, 7, 9, 10, 6, 23, 24, 21, 22, 25, 41, 42, 45, 43, 44, 1, 2, 5, 3, 4, 0, 26, 28, 27, 29, 30, 39, 36, 38, 37, 40, 32, 34, 35, 33, 31, 50, 49, 48, 47, 46, 0, 12, 15, 13, 14, 11, 18, 17, 20, 19, 16, 0]
Elapsed time: 24.5837459564209

i:0	84715.040237044
i:50	65953.07917257416
i:100	65849.05587200122
i:150	65849.05587200122
i:200	65849.05587200122
i:250	65849.05587200122
i:300	65849.05587200122
i:350	65849.05587200122
i:400	65849.05587200122
i:450	65849.05587200122
i:500	65849.05587200122
i:550	65849.05587200122
i:600	65849.05587200122
i:650	65849.05587200122
best: 65849.05587200122
routes: [0, 49, 50, 48, 47, 46, 34, 35, 33, 32, 31, 40, 38, 37, 39, 36, 28, 27, 29, 30, 26, 0, 1, 2, 4, 3, 5, 44, 43, 41, 42, 45, 24, 21, 22, 25, 23, 6, 8, 7, 9, 10, 0, 11, 12, 15, 13, 14, 20, 18, 17, 19, 16, 0]
Elapsed time: 26.88975763320923

i:0	97989.60384649187
i:50	66094.45424539418
i:100	66094.45424539418
i:150	65517.2474272563
i:200	65517.2474272563
i:250	65517.2474272563
i:300	65517.2474272563
i:350	65517.2474272563
i:400	65517.2474272563
i:450	65517.2474272563
i:500	65517.2474272563
i:550	65517.2474272563
i:600	65517.2474272563
i:650	65517.2474272563
best: 65517.2474272563
routes: [0, 8, 7, 9, 10, 6, 24, 25, 23, 22, 21, 44, 43, 45, 41, 42, 5, 3, 1, 2, 4, 0, 26, 28, 27, 29, 30, 39, 36, 38, 37, 40, 33, 34, 31, 32, 35, 50, 49, 48, 47, 46, 0, 11, 12, 15, 13, 14, 20, 18, 17, 19, 16, 0]
Elapsed time: 25.51448702812195

i:0	89010.80267705666
i:50	66060.70388368014
i:100	65898.07661260823
i:150	65898.07661260823
i:200	65898.07661260823
i:250	65898.07661260823
i:300	65898.07661260823
i:350	65898.07661260823
i:400	65898.07661260823
i:450	65898.07661260823
i:500	65898.07661260823
i:550	65898.07661260823
i:600	65898.07661260823
i:650	65898.07661260823
best: 65898.07661260823
routes: [0, 4, 5, 3, 1, 2, 44, 43, 45, 41, 42, 24, 25, 23, 21, 22, 9, 10, 8, 7, 6, 0, 49, 50, 48, 47, 46, 33, 34, 31, 32, 35, 40, 38, 37, 39, 36, 29, 30, 28, 27, 26, 0, 12, 15, 13, 14, 11, 18, 17, 20, 19, 16, 0]
Elapsed time: 27.684350728988647

i:0	97413.53367313446
i:50	66383.22968770325
i:100	66383.22968770325
i:150	66220.60241663134
i:200	66220.60241663134
i:250	66220.60241663134
i:300	66220.60241663134
i:350	66220.60241663134
i:400	66220.60241663134
i:450	66220.60241663134
i:500	66220.60241663134
i:550	66220.60241663134
i:600	66220.60241663134
i:650	66220.60241663134
best: 66220.60241663134
routes: [0, 26, 28, 27, 29, 30, 39, 36, 38, 37, 40, 31, 32, 34, 35, 33, 50, 49, 48, 47, 46, 0, 4, 3, 1, 2, 5, 44, 43, 42, 45, 41, 24, 25, 23, 21, 22, 9, 10, 8, 7, 6, 0, 12, 15, 13, 14, 11, 18, 17, 20, 19, 16, 0]
Elapsed time: 23.17991304397583

mean: 65556.70673101615
std: 967.8399967539484
mean-time: 25.538956260681154
std-time: 2.2412104656217062