i:0	81435.5835243336
i:50	58970.93184160687
i:100	58541.737781532174
i:150	58541.737781532174
i:200	58541.737781532174
i:250	58541.737781532174
i:300	58541.737781532174
i:350	58541.737781532174
i:400	58541.737781532174
i:450	58541.737781532174
i:500	58541.737781532174
i:550	58541.737781532174
i:600	58541.737781532174
i:650	58541.737781532174
best: 58541.737781532174
routes: [0, 26, 28, 27, 29, 30, 39, 36, 38, 37, 40, 33, 34, 35, 32, 31, 50, 49, 48, 47, 46, 0, 16, 18, 17, 19, 20, 15, 13, 14, 11, 12, 8, 7, 9, 10, 6, 23, 25, 22, 24, 21, 41, 42, 45, 43, 44, 5, 3, 2, 1, 4, 0]
Elapsed time: 30.9172625541687

i:0	84902.605740987
i:50	61705.731260543194
i:100	59779.09027319579
i:150	59770.445709251224
i:200	59770.445709251224
i:250	59770.445709251224
i:300	59770.445709251224
i:350	59770.445709251224
i:400	59770.445709251224
i:450	59770.445709251224
i:500	59770.445709251224
i:550	59770.445709251224
i:600	59770.445709251224
i:650	59770.445709251224
best: 59770.445709251224
routes: [0, 4, 5, 3, 1, 2, 29, 30, 27, 26, 28, 39, 36, 38, 37, 40, 33, 34, 35, 32, 31, 50, 49, 48, 47, 46, 0, 8, 7, 9, 10, 6, 23, 25, 22, 24, 21, 41, 42, 45, 43, 44, 11, 14, 13, 12, 15, 20, 18, 17, 19, 16, 0]
Elapsed time: 36.548558473587036

i:0	84265.1769101913
i:50	60120.87622612546
i:100	59597.97060556449
i:150	59541.67599600241
i:200	59541.67599600241
i:250	59541.67599600241
i:300	59541.67599600241
i:350	59541.67599600241
i:400	59541.67599600241
i:450	59541.67599600241
i:500	59541.67599600241
i:550	59541.67599600241
i:600	59541.67599600241
i:650	59541.67599600241
best: 59541.67599600241
routes: [0, 49, 50, 48, 47, 46, 33, 34, 35, 32, 31, 40, 38, 37, 39, 36, 29, 30, 28, 27, 26, 1, 2, 5, 3, 4, 0, 44, 43, 45, 42, 41, 21, 24, 23, 25, 22, 6, 8, 7, 9, 10, 12, 11, 14, 13, 15, 20, 18, 17, 19, 16, 0]
Elapsed time: 32.5733106136322

i:0	82487.54275253526
i:50	61419.595791527725
i:100	61419.595791527725
i:150	61419.595791527725
i:200	61419.595791527725
i:250	61419.595791527725
i:300	61419.595791527725
i:350	61419.595791527725
i:400	61419.595791527725
i:450	61419.595791527725
i:500	61419.595791527725
i:550	61419.595791527725
i:600	61419.595791527725
i:650	61419.595791527725
best: 61419.595791527725
routes: [0, 26, 28, 27, 29, 30, 39, 36, 38, 37, 40, 33, 34, 35, 32, 31, 50, 49, 48, 47, 46, 1, 2, 5, 3, 4, 0, 23, 25, 22, 24, 21, 41, 42, 45, 43, 44, 6, 8, 7, 9, 10, 12, 11, 14, 13, 15, 20, 18, 17, 19, 16, 0]
Elapsed time: 33.459187030792236

i:0	75681.54086095029
i:50	61475.89040108981
i:100	60656.74166439795
i:150	60656.74166439795
i:200	60656.74166439795
i:250	60656.74166439795
i:300	60656.74166439795
i:350	60656.74166439795
i:400	60656.74166439795
i:450	60656.74166439795
i:500	60656.74166439795
i:550	60656.74166439795
i:600	60656.74166439795
i:650	60656.74166439795
best: 60656.74166439795
routes: [0, 26, 28, 27, 29, 30, 39, 36, 38, 37, 40, 33, 34, 35, 32, 31, 50, 49, 48, 47, 46, 1, 2, 5, 3, 4, 0, 44, 43, 45, 42, 41, 21, 24, 23, 25, 22, 6, 8, 7, 9, 10, 12, 15, 13, 14, 11, 18, 17, 20, 19, 16, 0]
Elapsed time: 33.79994297027588

i:0	83360.01925639028
i:50	60917.919352437515
i:100	60917.919352437515
i:150	58528.924641529404
i:200	58528.924641529404
i:250	58528.924641529404
i:300	58528.924641529404
i:350	58528.924641529404
i:400	58528.924641529404
i:450	58528.924641529404
i:500	58528.924641529404
i:550	58528.924641529404
i:600	58528.924641529404
i:650	58528.924641529404
best: 58528.924641529404
routes: [0, 26, 28, 27, 29, 30, 39, 36, 38, 37, 40, 33, 34, 35, 32, 31, 50, 49, 48, 47, 46, 0, 16, 20, 17, 19, 18, 11, 14, 13, 15, 12, 8, 7, 9, 10, 6, 23, 25, 22, 24, 21, 41, 42, 45, 43, 44, 5, 3, 2, 1, 4, 0]
Elapsed time: 38.777446269989014

i:0	84279.74306645169
i:50	60417.11934225635
i:100	60417.11934225635
i:150	60417.11934225635
i:200	60417.11934225635
i:250	60417.11934225635
i:300	60417.11934225635
i:350	60417.11934225635
i:400	60417.11934225635
i:450	60417.11934225635
i:500	60417.11934225635
i:550	60417.11934225635
i:600	60417.11934225635
i:650	60417.11934225635
best: 60417.11934225635
routes: [0, 49, 50, 48, 47, 46, 33, 34, 35, 32, 31, 40, 38, 37, 39, 36, 29, 30, 28, 27, 26, 1, 2, 5, 3, 4, 0, 23, 25, 22, 24, 21, 41, 42, 45, 43, 44, 6, 8, 7, 9, 10, 12, 15, 13, 14, 11, 18, 17, 20, 19, 16, 0]
Elapsed time: 31.437201499938965

i:0	79856.80029859663
i:50	60194.38593403212
i:100	60194.38593403212
i:150	60194.38593403212
i:200	60194.38593403212
i:250	60194.38593403212
i:300	60194.38593403212
i:350	60194.38593403212
i:400	60194.38593403212
i:450	60194.38593403212
i:500	60194.38593403212
i:550	60194.38593403212
i:600	60194.38593403212
i:650	60194.38593403212
best: 60194.38593403212
routes: [0, 49, 50, 48, 47, 46, 33, 34, 35, 32, 31, 40, 38, 37, 39, 36, 29, 30, 28, 27, 26, 1, 2, 5, 3, 4, 0, 8, 7, 9, 10, 6, 23, 25, 22, 24, 21, 41, 42, 45, 43, 44, 11, 14, 13, 12, 15, 20, 18, 17, 19, 16, 0]
Elapsed time: 32.7569317817688

i:0	87055.87009063258
i:50	60067.38163894481
i:100	60067.38163894481
i:150	60067.38163894481
i:200	60005.21935189747
i:250	60005.21935189747
i:300	60005.21935189747
i:350	60005.21935189747
i:400	60005.21935189747
i:450	60005.21935189747
i:500	60005.21935189747
i:550	60005.21935189747
i:600	60005.21935189747
i:650	60005.21935189747
best: 60005.21935189747
routes: [0, 26, 28, 27, 29, 30, 36, 38, 37, 39, 40, 34, 33, 35, 32, 31, 50, 49, 48, 47, 46, 0, 4, 3, 5, 1, 2, 44, 43, 45, 41, 42, 21, 24, 25, 23, 22, 6, 8, 7, 9, 10, 12, 11, 14, 13, 15, 20, 18, 17, 19, 16, 0]
Elapsed time: 32.29205799102783

i:0	80044.54811420199
i:50	59541.67599600241
i:100	59541.67599600241
i:150	59541.67599600241
i:200	59541.67599600241
i:250	59541.67599600241
i:300	59541.67599600241
i:350	59541.67599600241
i:400	59541.67599600241
i:450	59541.67599600241
i:500	59541.67599600241
i:550	59541.67599600241
i:600	59541.67599600241
i:650	59541.67599600241
best: 59541.67599600241
routes: [0, 49, 50, 48, 47, 46, 33, 34, 35, 32, 31, 40, 38, 37, 39, 36, 29, 30, 28, 27, 26, 1, 2, 5, 3, 4, 0, 44, 43, 45, 42, 41, 21, 24, 23, 25, 22, 6, 8, 7, 9, 10, 12, 11, 14, 13, 15, 20, 18, 17, 19, 16, 0]
Elapsed time: 32.945048332214355

i:0	83069.61895352404
i:50	58232.42647951857
i:100	58173.611438460764
i:150	58173.611438460764
i:200	58173.611438460764
i:250	58173.611438460764
i:300	58173.611438460764
i:350	58173.611438460764
i:400	58173.611438460764
i:450	58173.611438460764
i:500	58173.611438460764
i:550	58173.611438460764
i:600	58173.611438460764
i:650	58173.611438460764
best: 58173.611438460764
routes: [0, 49, 50, 48, 47, 46, 33, 34, 35, 32, 31, 40, 38, 37, 39, 36, 29, 30, 28, 27, 26, 0, 16, 20, 17, 19, 18, 11, 14, 13, 15, 12, 8, 7, 9, 10, 6, 23, 25, 22, 24, 21, 41, 42, 45, 43, 44, 5, 3, 2, 1, 4, 0]
Elapsed time: 34.53691053390503

i:0	81873.33013169159
i:50	59597.97060556449
i:100	59597.97060556449
i:150	59597.97060556449
i:200	59597.97060556449
i:250	59597.97060556449
i:300	59597.97060556449
i:350	59597.97060556449
i:400	59597.97060556449
i:450	59597.97060556449
i:500	59597.97060556449
i:550	59597.97060556449
i:600	59597.97060556449
i:650	59597.97060556449
best: 59597.97060556449
routes: [0, 49, 50, 48, 47, 46, 33, 34, 35, 32, 31, 40, 38, 37, 39, 36, 29, 30, 28, 27, 26, 1, 2, 5, 3, 4, 0, 44, 43, 45, 42, 41, 21, 24, 23, 25, 22, 6, 8, 7, 9, 10, 12, 15, 13, 14, 11, 18, 17, 20, 19, 16, 0]
Elapsed time: 34.11139249801636

i:0	84211.98722628526
i:50	60417.11934225635
i:100	60417.11934225635
i:150	59597.97060556449
i:200	59541.67599600241
i:250	59541.67599600241
i:300	59541.67599600241
i:350	59541.67599600241
i:400	59541.67599600241
i:450	59541.67599600241
i:500	59541.67599600241
i:550	59541.67599600241
i:600	59541.67599600241
i:650	59541.67599600241
best: 59541.67599600241
routes: [0, 49, 50, 48, 47, 46, 33, 34, 35, 32, 31, 40, 38, 37, 39, 36, 29, 30, 28, 27, 26, 1, 2, 5, 3, 4, 0, 44, 43, 45, 42, 41, 21, 24, 23, 25, 22, 6, 8, 7, 9, 10, 12, 11, 14, 13, 15, 20, 18, 17, 19, 16, 0]
Elapsed time: 33.73569917678833

i:0	83588.36063393064
i:50	59583.790093857635
i:100	59541.67599600241
i:150	59541.67599600241
i:200	59541.67599600241
i:250	59541.67599600241
i:300	59541.67599600241
i:350	59541.67599600241
i:400	59541.67599600241
i:450	59541.67599600241
i:500	59541.67599600241
i:550	59541.67599600241
i:600	59541.67599600241
i:650	59541.67599600241
best: 59541.67599600241
routes: [0, 49, 50, 48, 47, 46, 33, 34, 35, 32, 31, 40, 38, 37, 39, 36, 29, 30, 28, 27, 26, 1, 2, 5, 3, 4, 0, 44, 43, 45, 42, 41, 21, 24, 23, 25, 22, 6, 8, 7, 9, 10, 12, 11, 14, 13, 15, 20, 18, 17, 19, 16, 0]
Elapsed time: 35.10743808746338

i:0	83154.95780180485
i:50	60849.07678682921
i:100	60285.97567909927
i:150	60091.135841596
i:200	59923.35307662264
i:250	59923.35307662264
i:300	59923.35307662264
i:350	59923.35307662264
i:400	59923.35307662264
i:450	59923.35307662264
i:500	59923.35307662264
i:550	59923.35307662264
i:600	59923.35307662264
i:650	59923.35307662264
best: 59923.35307662264
routes: [0, 26, 28, 27, 29, 30, 39, 36, 38, 37, 40, 33, 34, 35, 32, 31, 47, 46, 48, 50, 49, 0, 4, 5, 3, 1, 2, 44, 43, 45, 41, 42, 21, 24, 25, 23, 22, 6, 8, 7, 9, 10, 12, 11, 14, 13, 15, 20, 18, 17, 19, 16, 0]
Elapsed time: 39.48086142539978

i:0	82302.93310722875
i:50	58557.905210641366
i:100	58528.924641529404
i:150	58528.924641529404
i:200	58528.924641529404
i:250	58528.924641529404
i:300	58528.924641529404
i:350	58528.924641529404
i:400	58528.924641529404
i:450	58528.924641529404
i:500	58528.924641529404
i:550	58528.924641529404
i:600	58528.924641529404
i:650	58528.924641529404
best: 58528.924641529404
routes: [0, 26, 28, 27, 29, 30, 39, 36, 38, 37, 40, 33, 34, 35, 32, 31, 50, 49, 48, 47, 46, 0, 16, 20, 17, 19, 18, 11, 14, 13, 15, 12, 8, 7, 9, 10, 6, 23, 25, 22, 24, 21, 41, 42, 45, 43, 44, 5, 3, 2, 1, 4, 0]
Elapsed time: 38.57535195350647

i:0	89633.78431845512
i:50	59621.073832170965
i:100	59541.67599600241
i:150	59541.67599600241
i:200	59541.67599600241
i:250	59541.67599600241
i:300	59541.67599600241
i:350	59541.67599600241
i:400	59541.67599600241
i:450	59541.67599600241
i:500	59541.67599600241
i:550	59541.67599600241
i:600	59541.67599600241
i:650	59541.67599600241
best: 59541.67599600241
routes: [0, 49, 50, 48, 47, 46, 33, 34, 35, 32, 31, 40, 38, 37, 39, 36, 29, 30, 28, 27, 26, 1, 2, 5, 3, 4, 0, 44, 43, 45, 42, 41, 21, 24, 23, 25, 22, 6, 8, 7, 9, 10, 12, 11, 14, 13, 15, 20, 18, 17, 19, 16, 0]
Elapsed time: 32.13831424713135

i:0	79616.13033200527
i:50	59025.473567100096
i:100	59025.473567100096
i:150	59025.473567100096
i:200	59025.473567100096
i:250	59025.473567100096
i:300	59025.473567100096
i:350	59025.473567100096
i:400	59025.473567100096
i:450	59025.473567100096
i:500	59025.473567100096
i:550	59025.473567100096
i:600	59025.473567100096
i:650	59025.473567100096
best: 59025.473567100096
routes: [0, 4, 3, 1, 2, 5, 23, 22, 24, 25, 21, 41, 42, 45, 43, 44, 39, 40, 38, 37, 36, 29, 30, 28, 27, 26, 0, 50, 49, 48, 47, 46, 31, 32, 35, 33, 34, 16, 18, 17, 19, 20, 15, 13, 14, 11, 12, 8, 7, 9, 10, 6, 0]
Elapsed time: 29.677926778793335

i:0	86370.72550111273
i:50	60157.97420522681
i:100	59124.59029421798
i:150	59124.59029421798
i:200	59124.59029421798
i:250	59124.59029421798
i:300	59124.59029421798
i:350	59124.59029421798
i:400	59124.59029421798
i:450	59124.59029421798
i:500	59124.59029421798
i:550	59124.59029421798
i:600	59124.59029421798
i:650	59124.59029421798
best: 59124.59029421798
routes: [0, 49, 50, 48, 47, 46, 33, 34, 35, 32, 31, 40, 38, 37, 39, 36, 29, 30, 28, 27, 26, 1, 2, 5, 3, 4, 0, 16, 20, 17, 19, 18, 11, 14, 13, 15, 12, 8, 7, 9, 10, 6, 23, 22, 24, 25, 21, 41, 42, 45, 43, 44, 0]
Elapsed time: 40.86907339096069

i:0	82887.8829349899
i:50	60068.4777860103
i:100	59947.196054403896
i:150	59947.196054403896
i:200	59947.196054403896
i:250	59947.196054403896
i:300	59947.196054403896
i:350	59947.196054403896
i:400	59947.196054403896
i:450	59947.196054403896
i:500	59947.196054403896
i:550	59947.196054403896
i:600	59947.196054403896
i:650	59947.196054403896
best: 59947.196054403896
routes: [0, 29, 30, 27, 26, 28, 40, 38, 37, 39, 36, 32, 35, 33, 34, 31, 46, 48, 47, 49, 50, 0, 4, 5, 3, 1, 2, 44, 43, 45, 41, 42, 21, 24, 25, 23, 22, 6, 8, 7, 9, 10, 12, 11, 14, 13, 15, 20, 18, 17, 19, 16, 0]
Elapsed time: 36.634748220443726

mean: 59578.18349371678
std: 770.6965582816583
mean-time: 34.51873319149017
std-time: 2.9731693487111515