i:0	66594.88666909249
i:50	51425.18515623736
i:100	49790.39355847993
i:150	48984.42195014814
i:200	47207.26733417769
i:250	46915.2290935149
i:300	46783.5841288957
i:350	46783.5841288957
i:400	46783.5841288957
i:450	46783.5841288957
i:500	46428.334356104766
i:550	46428.334356104766
i:600	46428.334356104766
i:650	46428.334356104766
best: 46428.334356104766
routes: [0, 4, 5, 6, 3, 1, 2, 8, 7, 10, 9, 50, 44, 46, 49, 45, 43, 42, 41, 47, 48, 21, 22, 23, 25, 24, 26, 29, 30, 27, 28, 0, 12, 15, 17, 19, 20, 18, 16, 14, 13, 11, 39, 40, 36, 37, 38, 35, 34, 33, 31, 32, 0]
Elapsed time: 161.9994785785675

i:0	69254.09560589983
i:50	48438.619982208555
i:100	47655.854353973
i:150	47510.31335088088
i:200	47510.31335088088
i:250	46684.09208719137
i:300	46596.97400112433
i:350	46263.11815208664
i:400	46262.163706689986
i:450	46216.483741030504
i:500	46216.483741030504
i:550	46216.483741030504
i:600	46216.483741030504
i:650	46216.483741030504
best: 46216.483741030504
routes: [0, 23, 24, 26, 29, 30, 28, 27, 25, 22, 21, 48, 47, 41, 42, 43, 45, 46, 49, 50, 44, 8, 7, 9, 10, 5, 6, 2, 1, 3, 4, 0, 12, 13, 15, 17, 19, 20, 18, 16, 14, 11, 39, 40, 36, 37, 38, 35, 34, 33, 31, 32, 0]
Elapsed time: 160.10960626602173

i:0	67269.96237723803
i:50	48390.62739805845
i:100	47534.949884257934
i:150	47089.828255598855
i:200	46767.934936805716
i:250	46767.934936805716
i:300	46640.82278779031
i:350	46640.82278779031
i:400	46640.82278779031
i:450	46399.054481007624
i:500	46262.163706689986
i:550	46216.483741030504
i:600	46216.483741030504
i:650	46216.483741030504
best: 46216.483741030504
routes: [0, 23, 24, 26, 29, 30, 28, 27, 25, 22, 21, 48, 47, 41, 42, 43, 45, 46, 49, 50, 44, 8, 7, 9, 10, 5, 6, 2, 1, 3, 4, 0, 12, 13, 15, 17, 19, 20, 18, 16, 14, 11, 39, 40, 36, 37, 38, 35, 34, 33, 31, 32, 0]
Elapsed time: 157.88876700401306

i:0	65637.27377326919
i:50	51384.701039407024
i:100	48741.853442910215
i:150	48471.62732747036
i:200	48414.95635553046
i:250	47811.40098103201
i:300	47614.88407645291
i:350	47614.88407645291
i:400	47614.88407645291
i:450	47272.78116328197
i:500	47272.78116328197
i:550	47272.78116328197
i:600	47272.78116328197
i:650	47272.78116328197
best: 47272.78116328197
routes: [0, 4, 1, 2, 3, 6, 5, 10, 7, 8, 9, 50, 44, 46, 49, 45, 43, 42, 41, 47, 48, 21, 24, 26, 29, 30, 28, 27, 25, 23, 22, 0, 12, 13, 15, 17, 19, 20, 18, 16, 14, 11, 31, 32, 33, 34, 35, 38, 37, 36, 39, 40, 0]
Elapsed time: 153.04765391349792

i:0	64181.35466096965
i:50	50263.12149239365
i:100	48907.86661851806
i:150	48294.928763159274
i:200	48081.23126931525
i:250	48011.226248586885
i:300	47544.24284345005
i:350	47544.24284345005
i:400	47384.82839193975
i:450	47331.77230419435
i:500	47331.77230419435
i:550	47331.77230419435
i:600	47253.81703495141
i:650	47253.81703495141
best: 47253.81703495141
routes: [0, 23, 22, 25, 27, 29, 30, 28, 26, 24, 21, 46, 44, 43, 42, 41, 47, 48, 45, 49, 50, 9, 10, 7, 8, 2, 1, 3, 6, 5, 4, 0, 11, 12, 13, 15, 17, 19, 20, 18, 16, 14, 31, 32, 33, 34, 35, 38, 37, 36, 39, 40, 0]
Elapsed time: 165.27877140045166

i:0	64787.14397763834
i:50	50238.12780934923
i:100	48670.845992135284
i:150	47863.779367889016
i:200	47414.24782208304
i:250	47371.22998175732
i:300	47046.82016478923
i:350	47025.608746501064
i:400	46984.31638742896
i:450	46484.86476318856
i:500	46484.86476318856
i:550	46371.00171883422
i:600	46371.00171883422
i:650	46371.00171883422
best: 46371.00171883422
routes: [0, 4, 1, 2, 3, 6, 5, 10, 7, 8, 9, 50, 44, 46, 49, 45, 43, 42, 41, 47, 48, 21, 24, 26, 29, 30, 28, 27, 25, 23, 22, 0, 11, 13, 12, 15, 17, 19, 20, 18, 16, 14, 39, 40, 36, 37, 38, 35, 34, 33, 31, 32, 0]
Elapsed time: 166.27699947357178

i:0	66444.74220444729
i:50	50324.94667646778
i:100	49128.31859335757
i:150	49019.245493144655
i:200	48172.47309893413
i:250	47555.71726861384
i:300	46868.020121587644
i:350	46868.020121587644
i:400	46826.590578234216
i:450	46482.993306396966
i:500	46353.37451534814
i:550	46353.37451534814
i:600	46353.37451534814
i:650	46353.37451534814
best: 46353.37451534814
routes: [0, 12, 15, 17, 19, 20, 18, 16, 14, 13, 11, 39, 40, 36, 37, 38, 35, 34, 33, 31, 32, 0, 23, 24, 26, 29, 30, 28, 27, 25, 22, 21, 48, 47, 41, 42, 43, 45, 46, 49, 50, 44, 8, 7, 9, 10, 5, 6, 2, 1, 3, 4, 0]
Elapsed time: 169.73906922340393

i:0	65874.50618289562
i:50	48569.595440017
i:100	48178.244623969746
i:150	47565.88082826373
i:200	47540.017190001905
i:250	47206.06307138782
i:300	47006.40293978462
i:350	46863.93757513841
i:400	46863.93757513841
i:450	46863.93757513841
i:500	46863.93757513841
i:550	46528.423753098585
i:600	46528.423753098585
i:650	46528.423753098585
best: 46528.423753098585
routes: [0, 12, 15, 17, 19, 20, 18, 16, 14, 13, 11, 39, 40, 36, 37, 38, 35, 34, 33, 31, 32, 0, 23, 24, 26, 29, 30, 28, 27, 25, 22, 21, 48, 47, 41, 42, 43, 45, 46, 49, 50, 44, 9, 7, 8, 2, 1, 3, 6, 10, 5, 4, 0]
Elapsed time: 166.86633682250977

i:0	67921.26367334696
i:50	48826.477811084726
i:100	48002.78757383548
i:150	47786.31308794861
i:200	47583.31600180846
i:250	47286.011807610805
i:300	47286.011807610805
i:350	47286.011807610805
i:400	47286.011807610805
i:450	47216.89828310849
i:500	47011.669953611316
i:550	47011.669953611316
i:600	47011.669953611316
i:650	47011.669953611316
best: 46964.86084910833
routes: [0, 12, 13, 15, 17, 19, 20, 18, 16, 14, 11, 31, 32, 33, 34, 35, 38, 37, 36, 39, 40, 0, 23, 22, 25, 27, 29, 30, 28, 26, 24, 21, 48, 47, 41, 42, 43, 45, 46, 49, 50, 44, 9, 10, 7, 8, 2, 1, 3, 6, 5, 4, 0]
Elapsed time: 158.54069328308105

i:0	69204.05446104117
i:50	48668.77991342108
i:100	48548.19107796872
i:150	48511.826508463186
i:200	48506.82451536451
i:250	47930.97116088062
i:300	47858.86213234058
i:350	47858.86213234058
i:400	47858.86213234058
i:450	47858.86213234058
i:500	47858.86213234058
i:550	47858.86213234058
i:600	47220.51725003323
i:650	46785.09916333662
best: 46429.849390545685
routes: [0, 4, 1, 2, 3, 6, 5, 10, 7, 8, 9, 50, 44, 46, 49, 45, 43, 42, 41, 47, 48, 21, 22, 23, 25, 24, 26, 29, 30, 27, 28, 0, 12, 15, 17, 19, 20, 18, 16, 14, 13, 11, 39, 40, 36, 37, 38, 35, 34, 33, 31, 32, 0]
Elapsed time: 153.01613926887512

i:0	67324.03048274473
i:50	49883.155672001834
i:100	48154.498603122105
i:150	47013.484905502824
i:200	46495.12872431582
i:250	46352.431159937005
i:300	46311.19034058331
i:350	46301.14241314277
i:400	46301.14241314277
i:450	46301.14241314277
i:500	46301.14241314277
i:550	46301.14241314277
i:600	46301.14241314277
i:650	46301.14241314277
best: 46301.14241314277
routes: [0, 4, 3, 1, 2, 8, 6, 5, 10, 7, 9, 23, 24, 26, 29, 30, 28, 27, 25, 22, 21, 48, 47, 41, 42, 43, 45, 46, 49, 50, 44, 0, 11, 13, 12, 15, 17, 19, 20, 18, 16, 14, 39, 40, 36, 37, 38, 35, 34, 33, 31, 32, 0]
Elapsed time: 159.8090763092041

i:0	68498.29913259365
i:50	50049.646495709436
i:100	48625.43871825338
i:150	48040.16432466464
i:200	48040.16432466464
i:250	47933.29949947022
i:300	47893.64619497906
i:350	47772.239812553904
i:400	47772.239812553904
i:450	47656.180219657486
i:500	47656.180219657486
i:550	47656.180219657486
i:600	47524.050525821134
i:650	47524.050525821134
best: 47524.050525821134
routes: [0, 4, 1, 2, 3, 6, 5, 10, 7, 8, 9, 50, 44, 46, 49, 45, 43, 42, 41, 47, 48, 21, 25, 24, 26, 29, 30, 27, 28, 23, 22, 0, 12, 15, 17, 19, 20, 18, 16, 14, 13, 11, 31, 32, 33, 34, 35, 38, 37, 36, 39, 40, 0]
Elapsed time: 168.46835899353027

i:0	69315.24626979054
i:50	51352.02813445265
i:100	49799.66076419406
i:150	49540.599465409956
i:200	49335.70011805186
i:250	49304.5422331563
i:300	48298.39461169262
i:350	46962.552249957844
i:400	46949.405390337844
i:450	46883.042869862606
i:500	46883.042869862606
i:550	46058.652586581906
i:600	46058.652586581906
i:650	46058.652586581906
best: 46058.652586581906
routes: [0, 4, 1, 2, 3, 6, 5, 10, 7, 8, 9, 50, 44, 46, 49, 45, 43, 42, 41, 47, 48, 21, 22, 23, 25, 24, 26, 29, 30, 27, 28, 0, 11, 13, 12, 15, 17, 19, 20, 18, 16, 14, 39, 40, 36, 37, 38, 35, 34, 33, 31, 32, 0]
Elapsed time: 179.40598702430725

i:0	62784.711849276326
i:50	49962.27908916582
i:100	49566.24999543288
i:150	48829.791228700036
i:200	48659.18909088947
i:250	48502.29865436531
i:300	48502.29865436531
i:350	48502.29865436531
i:400	48502.29865436531
i:450	48502.29865436531
i:500	48374.7128314905
i:550	48118.30340420781
i:600	48118.30340420781
i:650	48118.30340420781
best: 48118.30340420781
routes: [0, 23, 24, 26, 29, 30, 28, 27, 25, 22, 21, 48, 47, 41, 42, 43, 45, 46, 49, 50, 44, 8, 7, 9, 10, 5, 6, 2, 1, 3, 4, 0, 11, 13, 12, 15, 17, 19, 20, 18, 16, 14, 31, 33, 35, 38, 37, 39, 40, 36, 34, 32, 0]
Elapsed time: 152.96256518363953

i:0	66578.93923074518
i:50	48134.007268409114
i:100	47224.954230126765
i:150	46393.280177750086
i:200	46341.448760097424
i:250	46308.553730668515
i:300	46308.553730668515
i:350	46308.553730668515
i:400	46308.553730668515
i:450	46308.553730668515
i:500	46308.553730668515
i:550	46123.059520146955
i:600	46123.059520146955
i:650	46123.059520146955
best: 46123.059520146955
routes: [0, 23, 22, 25, 27, 29, 30, 28, 26, 24, 21, 48, 47, 41, 42, 43, 45, 46, 49, 50, 44, 9, 7, 8, 2, 1, 3, 6, 10, 5, 4, 0, 11, 13, 12, 15, 17, 19, 20, 18, 16, 14, 39, 40, 36, 37, 38, 35, 34, 33, 31, 32, 0]
Elapsed time: 149.16896891593933

i:0	66560.58440197525
i:50	47829.47230076417
i:100	47149.83177422879
i:150	47005.62992277932
i:200	46581.190014531676
i:250	46581.190014531676
i:300	46581.190014531676
i:350	46375.96168503452
i:400	46058.765103396116
i:450	46058.765103396116
i:500	46058.765103396116
i:550	45982.17771138437
i:600	45982.17771138437
i:650	45982.17771138437
best: 45982.17771138437
routes: [0, 23, 24, 26, 29, 30, 28, 27, 25, 22, 21, 48, 47, 41, 42, 43, 45, 46, 49, 50, 44, 8, 7, 9, 10, 5, 6, 2, 1, 3, 4, 0, 11, 13, 12, 15, 17, 19, 20, 18, 16, 14, 39, 40, 36, 37, 38, 35, 34, 33, 31, 32, 0]
Elapsed time: 151.5588002204895

i:0	64662.66156589653
i:50	48632.91142979895
i:100	47567.172534784804
i:150	47327.18455506835
i:200	47255.075526528315
i:250	46930.66570956022
i:300	46883.042869862606
i:350	46355.4457461701
i:400	46355.4457461701
i:450	46058.652586581906
i:500	46058.652586581906
i:550	46058.652586581906
i:600	46058.652586581906
i:650	46058.652586581906
best: 46058.652586581906
routes: [0, 4, 1, 2, 3, 6, 5, 10, 7, 8, 9, 50, 44, 46, 49, 45, 43, 42, 41, 47, 48, 21, 22, 23, 25, 24, 26, 29, 30, 27, 28, 0, 11, 13, 12, 15, 17, 19, 20, 18, 16, 14, 39, 40, 36, 37, 38, 35, 34, 33, 31, 32, 0]
Elapsed time: 164.41905903816223

i:0	62969.377512032355
i:50	48956.17801521679
i:100	47809.17771610881
i:150	47665.58897503678
i:200	47598.42703244525
i:250	46910.844380980445
i:300	46797.45972224351
i:350	46797.45972224351
i:400	46593.222664254645
i:450	46593.222664254645
i:500	46516.6352722429
i:550	46516.6352722429
i:600	46516.6352722429
i:650	46516.6352722429
best: 46516.6352722429
routes: [0, 23, 24, 26, 29, 30, 28, 27, 25, 22, 21, 48, 47, 41, 42, 43, 45, 46, 49, 50, 44, 8, 7, 9, 10, 5, 6, 2, 1, 3, 4, 0, 15, 17, 19, 20, 18, 16, 14, 13, 12, 11, 39, 40, 36, 37, 38, 35, 34, 33, 31, 32, 0]
Elapsed time: 156.74703121185303

i:0	67706.30599136988
i:50	50624.6603775297
i:100	48271.7379762425
i:150	47857.32626843557
i:200	47668.66671043163
i:250	47497.24356095216
i:300	47437.973005075095
i:350	47110.02058822138
i:400	47110.02058822138
i:450	47110.02058822138
i:500	47110.02058822138
i:550	46986.680501161914
i:600	46986.680501161914
i:650	46986.680501161914
best: 46986.680501161914
routes: [0, 12, 15, 17, 19, 20, 18, 16, 14, 13, 11, 31, 32, 33, 34, 35, 38, 37, 36, 39, 40, 0, 23, 22, 25, 27, 29, 30, 28, 26, 24, 21, 48, 47, 41, 42, 43, 45, 46, 49, 50, 44, 8, 7, 9, 10, 5, 6, 2, 1, 3, 4, 0]
Elapsed time: 172.4035186767578

i:0	62464.219735801504
i:50	48655.290504234676
i:100	48287.125516869266
i:150	48287.125516869266
i:200	48268.243075063394
i:250	48029.327454847415
i:300	47893.680859118525
i:350	47893.680859118525
i:400	47690.113589148335
i:450	47690.113589148335
i:500	47690.113589148335
i:550	46902.47757512897
i:600	46902.47757512897
i:650	46902.47757512897
best: 46902.47757512897
routes: [0, 4, 5, 10, 6, 3, 1, 2, 8, 7, 9, 50, 44, 46, 49, 45, 43, 42, 41, 47, 48, 21, 22, 23, 25, 24, 26, 29, 30, 27, 28, 0, 12, 13, 15, 17, 19, 20, 18, 16, 14, 11, 31, 32, 33, 34, 35, 38, 37, 36, 39, 40, 0]
Elapsed time: 156.83543634414673

mean: 46630.36211798674
std: 554.8630473417501
mean-time: 161.22711585760118
std-time: 7.639555819490849