i:0	68011.13726205865
i:50	51589.36548735242
i:100	51356.09582742482
i:150	51153.211622630566
i:200	50808.92144917873
i:250	50773.6990225777
i:300	50773.6990225777
i:350	50743.52429135043
i:400	50743.52429135043
i:450	50743.52429135043
i:500	50743.52429135043
i:550	50743.52429135043
i:600	50743.52429135043
i:650	50743.52429135043
best: 50743.52429135043
routes: [0, 4, 3, 6, 5, 10, 9, 7, 8, 2, 1, 31, 32, 33, 34, 35, 38, 36, 37, 39, 40, 0, 50, 46, 44, 43, 45, 42, 41, 47, 49, 48, 21, 24, 26, 29, 30, 27, 25, 22, 23, 28, 0, 11, 13, 15, 17, 19, 20, 18, 16, 14, 12, 0]
Elapsed time: 139.99743247032166

i:0	68871.47057995203
i:50	52380.38937802119
i:100	52061.07965151276
i:150	51919.46841691265
i:200	51919.46841691265
i:250	51919.46841691265
i:300	51919.46841691265
i:350	51919.46841691265
i:400	51919.46841691265
i:450	51919.46841691265
i:500	51653.36555167595
i:550	51653.36555167595
i:600	51653.36555167595
i:650	51653.36555167595
best: 51653.36555167595
routes: [0, 4, 5, 6, 10, 9, 7, 8, 2, 3, 1, 31, 33, 35, 38, 37, 39, 40, 36, 34, 32, 0, 50, 44, 43, 42, 41, 47, 45, 46, 49, 48, 21, 25, 24, 26, 29, 30, 27, 28, 23, 22, 0, 11, 13, 12, 15, 17, 19, 20, 18, 16, 14, 0]
Elapsed time: 131.78801679611206

i:0	64206.6871306528
i:50	52107.11813738541
i:100	51249.504179906275
i:150	50760.81029544675
i:200	50760.81029544675
i:250	50760.81029544675
i:300	50760.81029544675
i:350	50760.81029544675
i:400	50760.81029544675
i:450	50482.27882511839
i:500	50296.75042940836
i:550	50296.75042940836
i:600	50296.75042940836
i:650	50296.75042940836
best: 50296.75042940836
routes: [0, 11, 13, 12, 15, 17, 19, 20, 18, 16, 14, 39, 40, 36, 37, 38, 35, 34, 33, 31, 32, 0, 50, 46, 49, 44, 43, 45, 42, 41, 47, 48, 21, 22, 23, 28, 27, 25, 24, 26, 29, 30, 0, 4, 3, 6, 5, 10, 9, 7, 8, 2, 1, 0]
Elapsed time: 134.85475134849548

i:0	67816.0845503729
i:50	54058.39881343923
i:100	53081.38954903568
i:150	51906.91880571982
i:200	51705.27492903249
i:250	51705.27492903249
i:300	51705.27492903249
i:350	51574.810421844115
i:400	51439.83086735134
i:450	51439.83086735134
i:500	51439.83086735134
i:550	51439.83086735134
i:600	51439.83086735134
i:650	51439.83086735134
best: 51439.83086735134
routes: [0, 4, 3, 6, 5, 10, 9, 7, 8, 2, 1, 31, 33, 35, 38, 37, 39, 40, 36, 34, 32, 0, 50, 46, 49, 44, 43, 45, 42, 41, 47, 48, 21, 25, 24, 26, 29, 30, 27, 28, 23, 22, 0, 11, 13, 15, 17, 19, 20, 18, 16, 14, 12, 0]
Elapsed time: 144.32324051856995

i:0	68011.83011864252
i:50	52230.25572319301
i:100	51493.1988764297
i:150	51056.74189250414
i:200	50760.23931509188
i:250	50760.23931509188
i:300	50713.34872339494
i:350	50447.904661713794
i:400	50447.904661713794
i:450	50447.904661713794
i:500	50096.53497745891
i:550	49565.13804550322
i:600	49565.13804550322
i:650	49565.13804550322
best: 49565.13804550322
routes: [0, 4, 3, 6, 5, 10, 9, 7, 8, 2, 1, 31, 32, 33, 34, 35, 38, 36, 37, 39, 40, 0, 23, 22, 25, 27, 29, 30, 28, 26, 24, 21, 48, 47, 41, 42, 43, 45, 46, 49, 50, 44, 0, 11, 13, 15, 17, 19, 20, 18, 16, 14, 12, 0]
Elapsed time: 145.90523505210876

i:0	67389.75999178532
i:50	53022.24406659307
i:100	51443.74298711303
i:150	50945.993329393976
i:200	50812.99663691418
i:250	50670.53127226796
i:300	50670.53127226796
i:350	50670.53127226796
i:400	50346.56323841789
i:450	50346.56323841789
i:500	50346.56323841789
i:550	50346.56323841789
i:600	50346.56323841789
i:650	50346.56323841789
best: 50346.56323841789
routes: [0, 23, 24, 26, 29, 30, 28, 27, 25, 22, 21, 48, 47, 41, 42, 43, 45, 46, 49, 50, 44, 0, 4, 3, 6, 5, 10, 9, 7, 8, 2, 1, 31, 33, 35, 38, 37, 39, 40, 36, 34, 32, 0, 11, 13, 12, 15, 17, 19, 20, 18, 16, 14, 0]
Elapsed time: 142.7432897090912

i:0	65773.39124026032
i:50	51989.8957792681
i:100	50899.629650260744
i:150	50443.87603598614
i:200	49976.66815010369
i:250	49870.35405699231
i:300	49515.47676782261
i:350	49338.95712503661
i:400	49338.95712503661
i:450	49338.95712503661
i:500	49338.95712503661
i:550	49338.95712503661
i:600	49338.95712503661
i:650	49338.95712503661
best: 49338.95712503661
routes: [0, 23, 24, 26, 29, 30, 28, 27, 25, 22, 21, 48, 47, 41, 42, 43, 45, 46, 49, 50, 44, 0, 4, 3, 6, 5, 10, 9, 7, 8, 2, 1, 31, 32, 33, 34, 35, 38, 36, 37, 39, 40, 0, 11, 13, 12, 15, 17, 19, 20, 18, 16, 14, 0]
Elapsed time: 147.72631001472473

i:0	70948.27791251549
i:50	50998.71329366581
i:100	50477.286969794884
i:150	49507.40776271505
i:200	49410.51776341395
i:250	49410.51776341395
i:300	49225.02355289238
i:350	49225.02355289238
i:400	49225.02355289238
i:450	49225.02355289238
i:500	49225.02355289238
i:550	49225.02355289238
i:600	49225.02355289238
i:650	49225.02355289238
best: 49225.02355289238
routes: [0, 11, 13, 12, 15, 17, 19, 20, 18, 16, 14, 39, 40, 36, 37, 38, 35, 34, 33, 31, 32, 0, 23, 24, 26, 29, 30, 28, 27, 25, 22, 21, 48, 47, 41, 42, 43, 45, 46, 49, 50, 44, 0, 4, 3, 6, 5, 10, 9, 7, 8, 2, 1, 0]
Elapsed time: 141.70837903022766

i:0	65219.414439355896
i:50	52246.57802379196
i:100	51049.29864155696
i:150	51049.29864155696
i:200	50919.679850508146
i:250	49774.85135000992
i:300	49736.30369128209
i:350	49639.41369198099
i:400	49639.41369198099
i:450	49639.41369198099
i:500	49639.41369198099
i:550	49455.80423001641
i:600	49455.80423001641
i:650	49228.471005182386
best: 49228.471005182386
routes: [0, 23, 24, 26, 29, 30, 28, 27, 25, 22, 21, 48, 47, 41, 42, 43, 45, 46, 49, 50, 44, 0, 11, 13, 12, 15, 17, 19, 20, 18, 16, 14, 39, 40, 36, 37, 38, 35, 34, 33, 31, 32, 0, 5, 6, 10, 9, 7, 8, 2, 1, 3, 4, 0]
Elapsed time: 145.61224818229675

i:0	65020.58991981376
i:50	52483.3367644027
i:100	51214.33063088718
i:150	50789.89072263954
i:200	50718.98442551362
i:250	50718.98442551362
i:300	50718.98442551362
i:350	50718.98442551362
i:400	50718.98442551362
i:450	50514.747367524746
i:500	50514.747367524746
i:550	50514.747367524746
i:600	50514.747367524746
i:650	50514.747367524746
best: 50514.747367524746
routes: [0, 12, 15, 17, 19, 20, 18, 16, 14, 13, 11, 39, 40, 36, 37, 38, 35, 34, 33, 31, 32, 0, 50, 46, 44, 43, 45, 42, 41, 47, 49, 48, 21, 24, 26, 29, 30, 27, 25, 22, 23, 28, 0, 1, 2, 8, 7, 9, 10, 5, 6, 3, 4, 0]
Elapsed time: 137.39898872375488

i:0	65603.68807733756
i:50	51712.71586041367
i:100	51382.94901831654
i:150	50796.94885100352
i:200	50156.03213178056
i:250	49601.042958256614
i:300	49601.042958256614
i:350	49350.46966170824
i:400	49304.789696048756
i:450	49304.789696048756
i:500	49304.789696048756
i:550	49304.789696048756
i:600	49304.789696048756
i:650	49304.789696048756
best: 49304.789696048756
routes: [0, 23, 22, 25, 27, 29, 30, 28, 26, 24, 21, 48, 47, 41, 42, 43, 45, 46, 49, 50, 44, 0, 4, 3, 6, 5, 10, 9, 7, 8, 2, 1, 31, 32, 33, 34, 35, 38, 36, 37, 39, 40, 0, 11, 13, 12, 15, 17, 19, 20, 18, 16, 14, 0]
Elapsed time: 147.75795435905457

i:0	67094.79244305532
i:50	53503.160011824904
i:100	51169.64141145009
i:150	50220.73209480034
i:200	50220.73209480034
i:250	50003.76490312721
i:300	50003.76490312721
i:350	50003.76490312721
i:400	50003.76490312721
i:450	50003.76490312721
i:500	49818.27069260564
i:550	49700.033355844316
i:600	49700.033355844316
i:650	49700.033355844316
best: 49700.033355844316
routes: [0, 50, 46, 49, 44, 43, 45, 42, 41, 47, 48, 21, 22, 23, 25, 24, 26, 29, 30, 27, 28, 0, 11, 13, 12, 15, 17, 19, 20, 18, 16, 14, 39, 40, 36, 37, 38, 35, 34, 33, 31, 32, 0, 4, 3, 6, 5, 10, 9, 7, 8, 2, 1, 0]
Elapsed time: 146.18958163261414

i:0	68489.29774071845
i:50	51571.47820505984
i:100	51336.879753314446
i:150	51335.31564581296
i:200	51226.02733405718
i:250	51226.02733405718
i:300	51195.852602829924
i:350	50822.86332970358
i:400	50496.21555165247
i:450	50496.21555165247
i:500	50496.21555165247
i:550	50084.03622350149
i:600	50084.03622350149
i:650	49813.96692798855
best: 49813.96692798855
routes: [0, 4, 3, 6, 5, 10, 9, 7, 8, 2, 1, 31, 32, 33, 34, 35, 38, 36, 37, 39, 40, 0, 50, 46, 49, 44, 43, 45, 42, 41, 47, 48, 21, 22, 23, 25, 24, 26, 29, 30, 27, 28, 0, 11, 13, 12, 15, 17, 19, 20, 18, 16, 14, 0]
Elapsed time: 139.91738533973694

i:0	66989.9596199299
i:50	50488.621635559524
i:100	49635.966239690984
i:150	49410.274433500206
i:200	49410.274433500206
i:250	49410.274433500206
i:300	49410.274433500206
i:350	49184.82595722317
i:400	49184.82595722317
i:450	48999.3317467016
i:500	48999.3317467016
i:550	48999.3317467016
i:600	48999.3317467016
i:650	48999.3317467016
best: 48999.3317467016
routes: [0, 11, 13, 12, 15, 17, 19, 20, 18, 16, 14, 39, 40, 36, 37, 38, 35, 34, 33, 31, 32, 0, 23, 24, 26, 29, 30, 28, 27, 25, 22, 21, 48, 47, 41, 42, 43, 45, 46, 49, 50, 44, 0, 1, 2, 8, 7, 9, 10, 5, 6, 3, 4, 0]
Elapsed time: 130.21979475021362

i:0	65954.37992554517
i:50	51088.486141802205
i:100	50510.5237825879
i:150	50381.751573684
i:200	50122.1112989361
i:250	49977.909447486636
i:300	49977.909447486636
i:350	49977.909447486636
i:400	49977.909447486636
i:450	49813.96692798855
i:500	49813.96692798855
i:550	49813.96692798855
i:600	49813.96692798855
i:650	49813.96692798855
best: 49813.96692798855
routes: [0, 50, 46, 49, 44, 43, 45, 42, 41, 47, 48, 21, 22, 23, 25, 24, 26, 29, 30, 27, 28, 0, 4, 3, 6, 5, 10, 9, 7, 8, 2, 1, 31, 32, 33, 34, 35, 38, 36, 37, 39, 40, 0, 11, 13, 12, 15, 17, 19, 20, 18, 16, 14, 0]
Elapsed time: 135.51575827598572

i:0	69957.69746140153
i:50	51601.631184993515
i:100	51178.7416992417
i:150	51178.7416992417
i:200	50993.21330353168
i:250	50649.19194564319
i:300	50432.22475397006
i:350	50432.22475397006
i:400	50432.22475397006
i:450	50432.22475397006
i:500	50432.22475397006
i:550	50432.22475397006
i:600	50432.22475397006
i:650	50432.22475397006
best: 50432.22475397006
routes: [0, 50, 46, 49, 44, 43, 45, 42, 41, 47, 48, 21, 25, 24, 26, 29, 30, 27, 28, 23, 22, 0, 4, 3, 6, 5, 10, 9, 7, 8, 2, 1, 31, 32, 33, 34, 35, 38, 36, 37, 39, 40, 0, 11, 13, 15, 17, 19, 20, 18, 16, 14, 12, 0]
Elapsed time: 130.7410695552826

i:0	66636.9744634772
i:50	52008.54852201907
i:100	50733.56294997714
i:150	50273.117849050555
i:200	50273.117849050555
i:250	50273.117849050555
i:300	50273.117849050555
i:350	50273.117849050555
i:400	50068.88079106168
i:450	50068.88079106168
i:500	50068.88079106168
i:550	50068.88079106168
i:600	50068.88079106168
i:650	50068.88079106168
best: 50068.88079106168
routes: [0, 50, 46, 49, 44, 43, 45, 42, 41, 47, 48, 21, 22, 23, 25, 24, 26, 29, 30, 27, 28, 0, 12, 15, 17, 19, 20, 18, 16, 14, 13, 11, 39, 40, 36, 37, 38, 35, 34, 33, 31, 32, 0, 3, 6, 5, 10, 9, 7, 8, 2, 1, 4, 0]
Elapsed time: 138.51225090026855

i:0	69722.37154167866
i:50	53087.96173225319
i:100	51937.149378289214
i:150	51438.63621056038
i:200	51197.339784077434
i:250	50591.20474147274
i:300	49826.558307410174
i:350	49727.91471429869
i:400	49727.91471429869
i:450	49505.75759360628
i:500	49505.75759360628
i:550	49505.75759360628
i:600	49505.75759360628
i:650	49505.75759360628
best: 49502.8996445347
routes: [0, 23, 24, 26, 29, 30, 28, 27, 25, 22, 21, 48, 47, 41, 42, 43, 45, 46, 49, 50, 44, 0, 4, 6, 5, 10, 9, 7, 8, 3, 2, 1, 31, 32, 33, 34, 35, 38, 36, 37, 39, 40, 0, 11, 13, 12, 15, 17, 19, 20, 18, 16, 14, 0]
Elapsed time: 145.86545968055725

i:0	66765.90777437066
i:50	51687.63552345286
i:100	50698.858765615834
i:150	49880.410795962096
i:200	49880.410795962096
i:250	49699.600687694496
i:300	49275.16077944685
i:350	48999.3317467016
i:400	48999.3317467016
i:450	48999.3317467016
i:500	48999.3317467016
i:550	48999.3317467016
i:600	48999.3317467016
i:650	48999.3317467016
best: 48999.3317467016
routes: [0, 23, 24, 26, 29, 30, 28, 27, 25, 22, 21, 48, 47, 41, 42, 43, 45, 46, 49, 50, 44, 0, 11, 13, 12, 15, 17, 19, 20, 18, 16, 14, 39, 40, 36, 37, 38, 35, 34, 33, 31, 32, 0, 1, 2, 8, 7, 9, 10, 5, 6, 3, 4, 0]
Elapsed time: 138.5483202934265

i:0	63830.84549911263
i:50	51641.64587799705
i:100	49644.700757461105
i:150	49304.789696048756
i:200	49304.789696048756
i:250	49304.789696048756
i:300	49304.789696048756
i:350	49304.789696048756
i:400	49304.789696048756
i:450	49304.789696048756
i:500	49304.789696048756
i:550	49304.789696048756
i:600	49304.789696048756
i:650	49304.789696048756
best: 49304.789696048756
routes: [0, 23, 22, 25, 27, 29, 30, 28, 26, 24, 21, 48, 47, 41, 42, 43, 45, 46, 49, 50, 44, 0, 4, 3, 6, 5, 10, 9, 7, 8, 2, 1, 31, 32, 33, 34, 35, 38, 36, 37, 39, 40, 0, 11, 13, 12, 15, 17, 19, 20, 18, 16, 14, 0]
Elapsed time: 130.99609851837158

mean: 49914.62933806159
std: 744.1784927256182
mean-time: 139.81607825756072
std-time: 5.8094123663174475