i:0	69406.91139287573
i:50	52900.37613365758
i:100	52133.418005317595
i:150	51800.995230814166
i:200	51545.41124792457
i:250	51545.41124792457
i:300	51545.41124792457
i:350	51518.64699604806
i:400	51518.64699604806
i:450	51518.64699604806
i:500	51518.64699604806
i:550	51518.64699604806
i:600	51518.64699604806
i:650	49325.68868081574
best: 49325.68868081574
routes: [0, 41, 42, 43, 44, 45, 46, 47, 48, 49, 50, 11, 19, 20, 15, 16, 17, 18, 14, 13, 12, 0, 36, 34, 31, 32, 33, 35, 38, 37, 39, 40, 28, 30, 29, 27, 22, 21, 23, 26, 25, 24, 0, 1, 2, 3, 5, 4, 7, 9, 10, 8, 6, 0]
Elapsed time: 148.59292268753052

i:0	68952.0891367832
i:50	51534.60568218141
i:100	49540.87772642551
i:150	49075.57728777022
i:200	48896.55216233834
i:250	48728.26832316926
i:300	48728.26832316926
i:350	48728.26832316926
i:400	48570.36707166125
i:450	48570.36707166125
i:500	48570.36707166125
i:550	48570.36707166125
i:600	48570.36707166125
i:650	48570.36707166125
best: 48570.36707166125
routes: [0, 13, 14, 12, 17, 15, 16, 20, 19, 18, 11, 50, 49, 47, 48, 46, 45, 44, 43, 41, 42, 0, 21, 22, 23, 26, 24, 25, 27, 29, 30, 28, 39, 37, 34, 36, 31, 32, 33, 35, 38, 40, 0, 1, 2, 3, 5, 4, 7, 9, 10, 8, 6, 0]
Elapsed time: 140.7559838294983

i:0	72743.72604804659
i:50	49536.30787636911
i:100	47806.5367643405
i:150	47416.23666547685
i:200	47416.23666547685
i:250	47416.23666547685
i:300	47416.23666547685
i:350	47416.23666547685
i:400	47416.23666547685
i:450	47416.23666547685
i:500	47416.23666547685
i:550	47416.23666547685
i:600	47416.23666547685
i:650	47416.23666547685
best: 47416.23666547685
routes: [0, 41, 42, 43, 44, 45, 46, 47, 48, 49, 50, 11, 19, 18, 20, 15, 16, 17, 12, 13, 14, 0, 21, 22, 23, 26, 24, 25, 27, 29, 30, 28, 36, 34, 31, 32, 33, 35, 38, 37, 39, 40, 0, 1, 2, 3, 5, 4, 7, 9, 10, 8, 6, 0]
Elapsed time: 134.32030534744263

i:0	65398.76006907491
i:50	49434.90066813797
i:100	48783.36684945561
i:150	48783.36684945561
i:200	48283.37735670416
i:250	47778.31112997508
i:300	47778.31112997508
i:350	47778.31112997508
i:400	47778.31112997508
i:450	47778.31112997508
i:500	47778.31112997508
i:550	47778.31112997508
i:600	47778.31112997508
i:650	47778.31112997508
best: 47778.31112997508
routes: [0, 41, 42, 43, 44, 45, 46, 47, 48, 49, 50, 11, 19, 20, 15, 16, 17, 18, 14, 13, 12, 0, 21, 22, 23, 26, 24, 25, 27, 29, 30, 28, 39, 40, 36, 37, 34, 31, 32, 33, 35, 38, 0, 1, 2, 3, 5, 4, 7, 9, 10, 8, 6, 0]
Elapsed time: 132.30139470100403

i:0	68232.8202206435
i:50	52548.36740286069
i:100	51899.50196183649
i:150	51599.793422670075
i:200	51461.63573799611
i:250	51288.19475856921
i:300	51178.29252230875
i:350	51178.29252230875
i:400	51178.29252230875
i:450	51178.29252230875
i:500	51178.29252230875
i:550	51178.29252230875
i:600	51178.29252230875
i:650	51178.29252230875
best: 51178.29252230875
routes: [0, 40, 36, 37, 34, 31, 32, 33, 35, 38, 39, 28, 30, 29, 27, 24, 25, 26, 23, 21, 22, 0, 1, 2, 3, 5, 4, 7, 9, 10, 8, 6, 15, 16, 17, 20, 19, 18, 11, 14, 13, 12, 0, 41, 42, 43, 44, 45, 47, 48, 49, 50, 46, 0]
Elapsed time: 144.29652953147888

i:0	67606.09474147364
i:50	49363.39547495701
i:100	48382.016226301464
i:150	48121.047144532306
i:200	47861.01460360129
i:250	47861.01460360129
i:300	47861.01460360129
i:350	47861.01460360129
i:400	47861.01460360129
i:450	47861.01460360129
i:500	47861.01460360129
i:550	47861.01460360129
i:600	47861.01460360129
i:650	47861.01460360129
best: 47600.6827661099
routes: [0, 41, 42, 43, 44, 45, 46, 47, 48, 49, 50, 11, 13, 14, 18, 19, 20, 15, 16, 17, 12, 0, 21, 22, 23, 26, 24, 25, 27, 29, 30, 28, 36, 34, 31, 32, 33, 35, 38, 37, 39, 40, 0, 1, 2, 3, 5, 4, 7, 9, 10, 8, 6, 0]
Elapsed time: 131.6681408882141

i:0	68883.21072139738
i:50	49804.92934666576
i:100	49016.435056002214
i:150	48232.435660876065
i:200	47967.25420990154
i:250	47853.65025737994
i:300	47853.65025737994
i:350	47718.71368413747
i:400	47718.71368413747
i:450	47678.21273394891
i:500	47678.21273394891
i:550	47678.21273394891
i:600	47678.21273394891
i:650	47678.21273394891
best: 47678.21273394891
routes: [0, 41, 42, 43, 44, 45, 46, 47, 48, 49, 50, 11, 19, 20, 15, 16, 17, 18, 14, 13, 12, 0, 21, 22, 23, 26, 25, 24, 27, 29, 30, 28, 36, 39, 37, 34, 31, 32, 33, 35, 38, 40, 0, 1, 2, 3, 5, 4, 7, 9, 10, 8, 6, 0]
Elapsed time: 149.33485174179077

i:0	64314.637964495254
i:50	52865.34235685004
i:100	51456.83194667244
i:150	51102.234014254755
i:200	50804.39597520416
i:250	50599.02404674191
i:300	50274.44834482493
i:350	50274.44834482493
i:400	50274.44834482493
i:450	49971.2694452074
i:500	49971.2694452074
i:550	49971.2694452074
i:600	49971.2694452074
i:650	49971.2694452074
best: 49971.2694452074
routes: [0, 1, 2, 3, 5, 4, 7, 9, 10, 8, 6, 15, 16, 17, 20, 19, 18, 11, 14, 13, 12, 0, 21, 22, 23, 26, 24, 25, 27, 29, 30, 28, 39, 40, 36, 37, 34, 31, 32, 33, 35, 38, 0, 46, 49, 50, 47, 48, 45, 44, 43, 41, 42, 0]
Elapsed time: 151.4907238483429

i:0	70100.1306715359
i:50	50440.822825482166
i:100	49500.8686208751
i:150	49243.755095718036
i:200	49243.755095718036
i:250	49133.85285945757
i:300	49133.85285945757
i:350	48998.91628621509
i:400	48998.91628621509
i:450	48998.91628621509
i:500	48998.91628621509
i:550	48998.91628621509
i:600	48958.41533602654
i:650	48958.41533602654
best: 48958.41533602654
routes: [0, 41, 42, 43, 44, 45, 46, 47, 48, 49, 50, 11, 19, 20, 15, 16, 17, 18, 14, 13, 12, 0, 36, 34, 31, 32, 33, 35, 38, 37, 39, 40, 28, 30, 29, 27, 24, 25, 26, 23, 21, 22, 0, 1, 2, 3, 5, 4, 7, 9, 10, 8, 6, 0]
Elapsed time: 139.72633028030396

i:0	65988.7218124143
i:50	49378.07252777903
i:100	48576.91365886353
i:150	48492.31864136354
i:200	48492.31864136354
i:250	48492.31864136354
i:300	48218.33231522839
i:350	47874.51737041521
i:400	47874.51737041521
i:450	47874.51737041521
i:500	47874.51737041521
i:550	47874.51737041521
i:600	47874.51737041521
i:650	47874.51737041521
best: 47874.51737041521
routes: [0, 41, 42, 43, 44, 45, 46, 47, 48, 49, 50, 11, 19, 18, 20, 15, 16, 17, 12, 13, 14, 0, 21, 22, 23, 26, 24, 25, 27, 29, 30, 28, 39, 40, 36, 37, 34, 31, 32, 33, 35, 38, 0, 1, 2, 3, 5, 4, 7, 9, 10, 8, 6, 0]
Elapsed time: 139.50795650482178

i:0	65481.17042323928
i:50	51893.28986768289
i:100	51170.08002416763
i:150	51170.08002416763
i:200	51060.17778790717
i:250	50925.25019618965
i:300	50745.46078253549
i:350	50166.718045316455
i:400	50152.46681784436
i:450	50035.40953414978
i:500	49866.89953232259
i:550	49866.89953232259
i:600	49866.89953232259
i:650	49866.89953232259
best: 49866.89953232259
routes: [0, 36, 37, 34, 31, 32, 33, 35, 38, 40, 39, 28, 30, 29, 27, 24, 25, 26, 23, 21, 22, 0, 13, 12, 17, 15, 16, 20, 19, 18, 14, 11, 50, 49, 47, 48, 46, 45, 44, 43, 41, 42, 0, 1, 2, 3, 5, 4, 7, 9, 10, 8, 6, 0]
Elapsed time: 140.6925220489502

i:0	65146.867227532915
i:50	50944.43405637161
i:100	50023.231053590265
i:150	49644.88192143113
i:200	49644.361908385035
i:250	49368.36258547751
i:300	49368.36258547751
i:350	49368.36258547751
i:400	49368.36258547751
i:450	49327.86163528895
i:500	49327.86163528895
i:550	49327.86163528895
i:600	49327.86163528895
i:650	49327.86163528895
best: 49327.86163528895
routes: [0, 41, 42, 43, 44, 45, 46, 47, 48, 49, 50, 11, 19, 18, 20, 15, 16, 17, 12, 13, 14, 0, 40, 36, 37, 34, 31, 32, 33, 35, 38, 39, 28, 30, 29, 27, 24, 25, 26, 23, 21, 22, 0, 1, 2, 3, 5, 4, 7, 9, 10, 8, 6, 0]
Elapsed time: 141.37511372566223

i:0	68351.89786806155
i:50	51791.6527981432
i:100	49661.28160387483
i:150	49362.42918787995
i:200	49269.253869722226
i:250	49269.253869722226
i:300	49159.35163346176
i:350	49159.35163346176
i:400	49159.35163346176
i:450	49159.35163346176
i:500	49159.35163346176
i:550	49159.35163346176
i:600	49159.35163346176
i:650	49159.35163346176
best: 49159.35163346176
routes: [0, 41, 42, 43, 44, 45, 46, 47, 48, 49, 50, 11, 19, 18, 20, 15, 16, 17, 12, 13, 14, 0, 36, 37, 34, 31, 32, 33, 35, 38, 40, 39, 28, 30, 29, 27, 24, 25, 26, 23, 21, 22, 0, 1, 2, 3, 5, 4, 7, 9, 10, 8, 6, 0]
Elapsed time: 143.74341487884521

i:0	69276.30666602994
i:50	48531.46051640096
i:100	47964.59159367663
i:150	47964.59159367663
i:200	47964.59159367663
i:250	47888.21336623555
i:300	47778.31112997508
i:350	47778.31112997508
i:400	47778.31112997508
i:450	47778.31112997508
i:500	47778.31112997508
i:550	47778.31112997508
i:600	47778.31112997508
i:650	47778.31112997508
best: 47778.31112997508
routes: [0, 21, 22, 23, 26, 24, 25, 27, 29, 30, 28, 39, 40, 36, 37, 34, 31, 32, 33, 35, 38, 0, 41, 42, 43, 44, 45, 46, 47, 48, 49, 50, 11, 19, 20, 15, 16, 17, 18, 14, 13, 12, 0, 1, 2, 3, 5, 4, 7, 9, 10, 8, 6, 0]
Elapsed time: 132.32298636436462

i:0	66128.43250005765
i:50	50382.13280835706
i:100	49367.43555213608
i:150	48831.49003926625
i:200	48457.40044447854
i:250	48457.40044447854
i:300	48084.76809625405
i:350	48044.26714606549
i:400	48044.26714606549
i:450	48044.26714606549
i:500	47830.58893720462
i:550	47830.58893720462
i:600	47830.58893720462
i:650	47830.58893720462
best: 47830.58893720462
routes: [0, 21, 22, 23, 26, 24, 25, 27, 29, 30, 28, 36, 37, 34, 31, 32, 33, 35, 38, 39, 40, 0, 41, 42, 43, 44, 45, 46, 47, 48, 49, 50, 11, 13, 14, 18, 19, 20, 15, 16, 17, 12, 0, 1, 2, 3, 5, 4, 7, 9, 10, 8, 6, 0]
Elapsed time: 139.1609947681427

i:0	71182.95386509644
i:50	51658.71210594728
i:100	50770.52204525396
i:150	50335.10260257434
i:200	50276.607101744965
i:250	50276.607101744965
i:300	50276.607101744965
i:350	50276.607101744965
i:400	50276.607101744965
i:450	50276.607101744965
i:500	50276.607101744965
i:550	50276.607101744965
i:600	50276.607101744965
i:650	50276.607101744965
best: 49841.00194075809
routes: [0, 36, 34, 31, 32, 33, 35, 38, 37, 39, 40, 28, 30, 29, 27, 24, 25, 26, 23, 21, 22, 0, 13, 14, 12, 17, 15, 16, 20, 19, 18, 11, 50, 49, 47, 48, 46, 45, 44, 43, 41, 42, 0, 1, 2, 3, 5, 4, 7, 9, 10, 8, 6, 0]
Elapsed time: 140.6069929599762

i:0	66861.35666750856
i:50	50403.49063349877
i:100	49883.7481205145
i:150	49367.18233266129
i:200	49290.8041052202
i:250	48574.018337371286
i:300	48481.96687324987
i:350	48481.96687324987
i:400	48481.96687324987
i:450	48481.96687324987
i:500	48481.96687324987
i:550	48481.96687324987
i:600	48481.96687324987
i:650	48481.96687324987
best: 48481.96687324987
routes: [0, 21, 22, 23, 26, 25, 24, 27, 29, 30, 28, 36, 39, 37, 34, 31, 32, 33, 35, 38, 40, 0, 13, 12, 17, 15, 16, 20, 19, 18, 14, 11, 50, 49, 47, 48, 46, 45, 44, 43, 41, 42, 0, 1, 2, 3, 5, 4, 7, 9, 10, 8, 6, 0]
Elapsed time: 145.78359293937683

i:0	69657.33487367959
i:50	51823.90775267263
i:100	50983.43990987787
i:150	50222.60183078942
i:200	50061.86553757809
i:250	50061.86553757809
i:300	50061.86553757809
i:350	50061.86553757809
i:400	49916.63453039444
i:450	49860.62400457254
i:500	48015.044811204694
i:550	47600.6827661099
i:600	47600.6827661099
i:650	47600.6827661099
best: 47600.6827661099
routes: [0, 21, 22, 23, 26, 24, 25, 27, 29, 30, 28, 36, 34, 31, 32, 33, 35, 38, 37, 39, 40, 0, 41, 42, 43, 44, 45, 46, 47, 48, 49, 50, 11, 13, 14, 18, 19, 20, 15, 16, 17, 12, 0, 1, 2, 3, 5, 4, 7, 9, 10, 8, 6, 0]
Elapsed time: 141.73709630966187

i:0	71177.70958720232
i:50	48332.49573243338
i:100	48146.51616070041
i:150	47988.47531018827
i:200	47429.932661297185
i:250	47429.932661297185
i:300	47429.932661297185
i:350	47320.03042503672
i:400	47320.03042503672
i:450	47320.03042503672
i:500	47320.03042503672
i:550	47320.03042503672
i:600	47320.03042503672
i:650	47320.03042503672
best: 47320.03042503672
routes: [0, 41, 42, 43, 44, 45, 46, 47, 48, 49, 50, 11, 19, 20, 15, 16, 17, 18, 14, 13, 12, 0, 21, 22, 23, 26, 24, 25, 27, 29, 30, 28, 36, 34, 31, 32, 33, 35, 38, 37, 39, 40, 0, 1, 2, 3, 5, 4, 7, 9, 10, 8, 6, 0]
Elapsed time: 140.0471751689911

i:0	65005.41364338512
i:50	48522.314616084346
i:100	47955.29283944129
i:150	47940.49117346509
i:200	47830.58893720462
i:250	47830.58893720462
i:300	47830.58893720462
i:350	47830.58893720462
i:400	47830.58893720462
i:450	47830.58893720462
i:500	47830.58893720462
i:550	47830.58893720462
i:600	47830.58893720462
i:650	47830.58893720462
best: 47830.58893720462
routes: [0, 21, 22, 23, 26, 24, 25, 27, 29, 30, 28, 36, 37, 34, 31, 32, 33, 35, 38, 39, 40, 0, 41, 42, 43, 44, 45, 46, 47, 48, 49, 50, 11, 13, 14, 18, 19, 20, 15, 16, 17, 12, 0, 1, 2, 3, 5, 4, 7, 9, 10, 8, 6, 0]
Elapsed time: 132.20145964622498

mean: 48569.46387662789
std: 1051.528223806375
mean-time: 140.4833244085312
std-time: 5.667089063146318