i:0	73002.22947680054
i:50	47457.60978645657
i:100	46823.1049751785
i:150	46497.93302968776
i:200	46115.57107601919
i:250	46115.57107601919
i:300	46115.57107601919
i:350	45573.5443249815
i:400	45573.5443249815
i:450	45514.57966057265
i:500	45514.57966057265
i:550	45514.57966057265
i:600	45514.57966057265
i:650	45514.57966057265
best: 45514.57966057265
routes: [0, 41, 42, 43, 44, 45, 46, 49, 47, 48, 50, 11, 19, 20, 15, 16, 17, 18, 14, 13, 12, 3, 1, 2, 4, 5, 7, 9, 10, 8, 6, 0, 21, 22, 23, 26, 24, 25, 27, 29, 30, 28, 39, 40, 37, 36, 34, 31, 32, 33, 35, 38, 0]
Elapsed time: 149.65937900543213

i:0	68373.75100297117
i:50	50579.941296082114
i:100	47913.32426084377
i:150	46918.35661715269
i:200	46743.26022013155
i:250	46646.05712475842
i:300	46633.968672998024
i:350	46633.968672998024
i:400	46633.968672998024
i:450	46411.91295419515
i:500	46411.91295419515
i:550	46401.77133397736
i:600	46401.77133397736
i:650	46401.77133397736
best: 46401.77133397736
routes: [0, 41, 42, 43, 45, 47, 48, 49, 50, 46, 44, 38, 35, 33, 32, 31, 34, 36, 37, 39, 40, 28, 30, 29, 27, 26, 23, 21, 22, 25, 24, 0, 11, 14, 13, 18, 19, 20, 16, 15, 17, 12, 6, 3, 5, 8, 10, 9, 7, 4, 1, 2, 0]
Elapsed time: 163.01342844963074

i:0	67321.23901820264
i:50	49051.07698308199
i:100	48021.27301768461
i:150	48013.658621945
i:200	47829.63450214629
i:250	47829.63450214629
i:300	47829.63450214629
i:350	47829.63450214629
i:400	47829.63450214629
i:450	47829.63450214629
i:500	47829.63450214629
i:550	47829.63450214629
i:600	47829.63450214629
i:650	47829.63450214629
best: 47829.63450214629
routes: [0, 38, 35, 33, 32, 31, 34, 37, 36, 39, 40, 28, 30, 29, 27, 26, 25, 24, 23, 21, 22, 0, 3, 1, 2, 4, 7, 9, 10, 8, 6, 5, 13, 14, 12, 17, 16, 15, 20, 19, 18, 11, 50, 49, 48, 47, 46, 45, 44, 43, 41, 42, 0]
Elapsed time: 155.5651400089264

i:0	66940.63367064163
i:50	49533.11553009107
i:100	47430.48879771624
i:150	47123.48513456023
i:200	46947.89753717316
i:250	46837.4447543803
i:300	46834.746289127004
i:350	46834.746289127004
i:400	46834.746289127004
i:450	46834.746289127004
i:500	46821.77005682185
i:550	46821.77005682185
i:600	46821.77005682185
i:650	46821.77005682185
best: 46821.77005682185
routes: [0, 21, 22, 23, 26, 25, 24, 27, 29, 30, 28, 39, 40, 37, 38, 35, 33, 32, 31, 34, 36, 0, 3, 1, 2, 4, 5, 8, 6, 10, 7, 9, 12, 17, 16, 15, 20, 19, 18, 13, 14, 11, 50, 49, 48, 47, 46, 45, 44, 43, 41, 42, 0]
Elapsed time: 172.25391721725464

i:0	62511.54157184235
i:50	48166.007633176945
i:100	47706.19257527599
i:150	47503.109635383655
i:200	47297.718844202995
i:250	47210.44821588217
i:300	46973.3822732388
i:350	46973.3822732388
i:400	46973.3822732388
i:450	46973.3822732388
i:500	46968.13053396172
i:550	46968.13053396172
i:600	46968.13053396172
i:650	46968.13053396172
best: 46968.13053396172
routes: [0, 21, 23, 22, 24, 25, 26, 27, 29, 30, 28, 36, 37, 34, 31, 32, 33, 35, 38, 39, 40, 0, 1, 2, 4, 5, 3, 6, 10, 8, 7, 9, 12, 13, 17, 16, 15, 20, 19, 18, 14, 11, 50, 49, 48, 47, 46, 45, 44, 43, 41, 42, 0]
Elapsed time: 163.34623336791992

i:0	64972.605194533164
i:50	51892.06020976103
i:100	51751.175995368794
i:150	50737.1773271283
i:200	50516.67190142618
i:250	50516.67190142618
i:300	50230.03399464531
i:350	48867.526860990394
i:400	46923.66433032731
i:450	46088.08212028754
i:500	46088.08212028754
i:550	46088.08212028754
i:600	46088.08212028754
i:650	46088.08212028754
best: 45641.16264103995
routes: [0, 46, 49, 50, 47, 48, 45, 44, 43, 41, 42, 36, 34, 31, 32, 33, 35, 38, 37, 39, 40, 28, 30, 29, 27, 26, 23, 21, 22, 25, 24, 0, 11, 19, 20, 15, 16, 17, 18, 14, 13, 12, 3, 1, 2, 4, 5, 7, 9, 10, 8, 6, 0]
Elapsed time: 189.7455015182495

i:0	62271.017666083295
i:50	50232.12695322989
i:100	49604.926076388525
i:150	47973.21795814487
i:200	47738.1434697302
i:250	47572.5205326343
i:300	47413.04231374974
i:350	47413.04231374974
i:400	47413.04231374974
i:450	47103.636037209944
i:500	47103.636037209944
i:550	47103.636037209944
i:600	47103.636037209944
i:650	47103.636037209944
best: 47103.636037209944
routes: [0, 36, 37, 34, 31, 32, 33, 35, 38, 40, 39, 28, 30, 29, 27, 26, 25, 24, 22, 23, 21, 41, 42, 43, 44, 45, 47, 48, 49, 50, 46, 0, 11, 14, 13, 18, 19, 20, 16, 15, 17, 12, 3, 1, 2, 4, 5, 7, 9, 10, 8, 6, 0]
Elapsed time: 164.24732851982117

i:0	67942.48600788065
i:50	50177.370939235436
i:100	49542.19714716721
i:150	49408.2589886836
i:200	48220.5324581452
i:250	47759.15858447371
i:300	47606.12355377669
i:350	47347.7822338517
i:400	47221.074356450146
i:450	47203.2235843111
i:500	47203.2235843111
i:550	47203.2235843111
i:600	47203.2235843111
i:650	47203.2235843111
best: 47203.2235843111
routes: [0, 3, 1, 2, 4, 5, 7, 9, 10, 8, 6, 15, 16, 17, 20, 19, 18, 12, 13, 14, 11, 50, 49, 48, 47, 46, 45, 44, 43, 41, 42, 0, 36, 37, 34, 31, 32, 33, 35, 38, 40, 39, 28, 30, 29, 27, 26, 25, 24, 23, 21, 22, 0]
Elapsed time: 174.0800175666809

i:0	71747.0911346731
i:50	50330.966345490655
i:100	50090.134252670774
i:150	47905.142419498254
i:200	46727.72269801155
i:250	46654.696854334004
i:300	46552.354279546664
i:350	46128.306044573575
i:400	46058.33471064316
i:450	46058.33471064316
i:500	46058.33471064316
i:550	46058.33471064316
i:600	46058.33471064316
i:650	46058.33471064316
best: 46058.33471064316
routes: [0, 41, 42, 43, 44, 45, 47, 48, 49, 50, 46, 39, 40, 38, 35, 33, 32, 31, 34, 37, 36, 28, 30, 29, 27, 26, 23, 21, 22, 25, 24, 0, 11, 19, 20, 15, 16, 17, 18, 14, 13, 12, 6, 5, 4, 7, 9, 10, 8, 3, 1, 2, 0]
Elapsed time: 172.38053607940674

i:0	66675.92121405572
i:50	48619.970903373774
i:100	48192.2137547151
i:150	47942.65769653675
i:200	47573.18313090369
i:250	47522.53299722602
i:300	47522.53299722602
i:350	47522.53299722602
i:400	47522.53299722602
i:450	47522.53299722602
i:500	47522.53299722602
i:550	47522.53299722602
i:600	47522.53299722602
i:650	47522.53299722602
best: 47522.53299722602
routes: [0, 36, 34, 31, 32, 33, 35, 38, 37, 39, 40, 28, 30, 29, 27, 26, 23, 21, 22, 25, 24, 0, 3, 1, 2, 4, 5, 6, 10, 8, 7, 9, 15, 16, 17, 20, 19, 18, 12, 13, 14, 11, 50, 49, 48, 47, 46, 45, 44, 43, 41, 42, 0]
Elapsed time: 162.40219855308533

i:0	63503.403322574304
i:50	47857.6354036502
i:100	47417.08822808683
i:150	47295.54684500761
i:200	47245.11805083741
i:250	47233.61980843163
i:300	47233.61980843163
i:350	47233.61980843163
i:400	47233.61980843163
i:450	47233.61980843163
i:500	47233.61980843163
i:550	47233.61980843163
i:600	47233.61980843163
i:650	47233.61980843163
best: 47233.61980843163
routes: [0, 3, 1, 2, 4, 5, 7, 9, 10, 8, 6, 12, 17, 16, 15, 20, 19, 18, 13, 14, 11, 50, 49, 48, 47, 46, 45, 44, 43, 41, 42, 0, 39, 37, 36, 34, 31, 32, 33, 35, 38, 40, 28, 30, 29, 27, 26, 23, 21, 22, 25, 24, 0]
Elapsed time: 153.6594021320343

i:0	74348.06496906438
i:50	48744.92379178191
i:100	48198.273354977806
i:150	47858.51812825735
i:200	47823.838310929
i:250	47574.091806768425
i:300	47488.405425444274
i:350	46927.18717316903
i:400	46927.18717316903
i:450	46681.848209230564
i:500	46593.0169792315
i:550	46593.0169792315
i:600	45895.234740454296
i:650	45885.09312023652
best: 45885.09312023652
routes: [0, 41, 42, 43, 44, 45, 47, 48, 49, 50, 46, 39, 40, 38, 35, 33, 32, 31, 34, 37, 36, 28, 30, 29, 27, 26, 23, 21, 22, 25, 24, 0, 11, 19, 20, 15, 16, 17, 18, 14, 13, 12, 3, 1, 2, 4, 5, 7, 9, 10, 8, 6, 0]
Elapsed time: 166.66002440452576

i:0	61444.75291517313
i:50	47544.19756784597
i:100	46534.78744267761
i:150	46246.52137057799
i:200	45913.906799868346
i:250	45696.88022380069
i:300	45696.88022380069
i:350	45696.88022380069
i:400	45696.88022380069
i:450	45696.88022380069
i:500	45696.88022380069
i:550	45696.88022380069
i:600	45696.88022380069
i:650	45696.88022380069
best: 45696.88022380069
routes: [0, 3, 1, 2, 4, 5, 7, 9, 10, 8, 6, 15, 16, 17, 20, 19, 18, 12, 13, 14, 11, 50, 49, 48, 47, 46, 45, 44, 43, 41, 42, 0, 21, 22, 23, 26, 24, 25, 27, 29, 30, 28, 39, 40, 37, 36, 34, 31, 32, 33, 35, 38, 0]
Elapsed time: 152.4780249595642

i:0	62409.44883485508
i:50	50936.49561827317
i:100	50170.28847240623
i:150	49190.71884164492
i:200	47150.52028644609
i:250	46529.42139658227
i:300	46128.437241135325
i:350	45969.32731998869
i:400	45948.50544668407
i:450	45948.50544668407
i:500	45948.50544668407
i:550	45948.50544668407
i:600	45948.50544668407
i:650	45948.50544668407
best: 45948.50544668407
routes: [0, 21, 22, 23, 26, 24, 25, 27, 29, 30, 28, 39, 37, 36, 34, 31, 32, 33, 35, 38, 40, 41, 42, 43, 44, 45, 47, 48, 49, 50, 46, 0, 11, 19, 20, 15, 16, 17, 18, 14, 13, 12, 3, 1, 2, 4, 5, 7, 9, 10, 8, 6, 0]
Elapsed time: 168.60864400863647

i:0	63552.82171992401
i:50	48908.59594214261
i:100	46836.12886102785
i:150	46607.66752275495
i:200	46416.81136925793
i:250	46416.81136925793
i:300	46416.81136925793
i:350	45997.29300647144
i:400	45771.9679989914
i:450	45758.96564300488
i:500	45758.96564300488
i:550	45758.96564300488
i:600	45748.82402278709
i:650	45748.82402278709
best: 45748.82402278709
routes: [0, 46, 50, 49, 47, 48, 45, 44, 43, 41, 42, 40, 39, 37, 38, 35, 33, 32, 31, 34, 36, 28, 30, 29, 27, 26, 23, 21, 22, 25, 24, 0, 11, 19, 18, 17, 20, 15, 16, 14, 13, 12, 6, 10, 9, 7, 4, 2, 1, 3, 5, 8, 0]
Elapsed time: 160.93604350090027

i:0	66557.5842305704
i:50	49367.548456752345
i:100	48724.05910216994
i:150	48181.47198648032
i:200	48090.21078849725
i:250	48045.02732184238
i:300	48024.26376048844
i:350	47675.0823559439
i:400	47599.37119992921
i:450	47272.2979123408
i:500	47101.27614852863
i:550	47101.27614852863
i:600	47101.27614852863
i:650	47101.27614852863
best: 47101.27614852863
routes: [0, 38, 35, 33, 32, 31, 34, 37, 36, 39, 40, 28, 30, 29, 27, 26, 25, 24, 22, 23, 21, 41, 42, 43, 44, 45, 47, 48, 49, 50, 46, 0, 11, 14, 13, 18, 19, 20, 16, 15, 17, 12, 3, 1, 2, 4, 5, 7, 9, 10, 8, 6, 0]
Elapsed time: 170.88669443130493

i:0	68001.40353652045
i:50	50282.34498656653
i:100	50070.85883610396
i:150	48744.110767224556
i:200	48438.76467838661
i:250	48362.930423600934
i:300	48362.930423600934
i:350	48362.930423600934
i:400	48362.930423600934
i:450	48362.930423600934
i:500	48362.930423600934
i:550	48362.930423600934
i:600	48362.930423600934
i:650	48362.930423600934
best: 48362.930423600934
routes: [0, 31, 32, 33, 35, 38, 40, 39, 37, 34, 36, 28, 30, 29, 27, 26, 25, 24, 23, 21, 22, 0, 3, 1, 2, 5, 4, 7, 9, 10, 8, 6, 12, 13, 14, 19, 20, 15, 16, 17, 18, 11, 50, 49, 48, 47, 46, 45, 44, 43, 41, 42, 0]
Elapsed time: 164.21454977989197

i:0	63191.76531510209
i:50	48954.89097841333
i:100	47999.205573335115
i:150	47999.205573335115
i:200	47999.205573335115
i:250	47999.205573335115
i:300	47978.38370003049
i:350	46888.44374073177
i:400	46670.61928097502
i:450	46660.47766075724
i:500	46449.76900649471
i:550	46128.07289381004
i:600	46128.07289381004
i:650	46128.07289381004
best: 46128.07289381004
routes: [0, 41, 42, 43, 44, 45, 47, 48, 49, 50, 46, 39, 40, 38, 35, 33, 32, 31, 34, 37, 36, 28, 30, 29, 27, 26, 23, 21, 22, 25, 24, 0, 11, 14, 13, 18, 19, 20, 16, 15, 17, 12, 6, 10, 9, 7, 8, 5, 4, 3, 1, 2, 0]
Elapsed time: 180.2150218486786

i:0	62657.915783570985
i:50	49732.479086685664
i:100	48322.478299746515
i:150	48314.86390400691
i:200	48247.2615508677
i:250	48247.2615508677
i:300	48141.447237154425
i:350	48141.447237154425
i:400	48141.447237154425
i:450	48141.447237154425
i:500	48141.447237154425
i:550	48024.3761772826
i:600	47708.52518664585
i:650	47708.52518664585
best: 47708.52518664585
routes: [0, 38, 35, 33, 32, 31, 34, 37, 36, 39, 40, 28, 30, 29, 27, 26, 23, 21, 22, 25, 24, 1, 3, 2, 4, 5, 7, 9, 10, 8, 6, 0, 13, 14, 12, 17, 16, 15, 20, 19, 18, 11, 50, 49, 48, 47, 46, 45, 44, 43, 41, 42, 0]
Elapsed time: 160.83340620994568

i:0	69367.4020295947
i:50	47089.19825358202
i:100	45746.76665416398
i:150	45607.46366456378
i:200	45607.46366456378
i:250	45472.5270913213
i:300	45337.79714155262
i:350	45337.79714155262
i:400	45337.79714155262
i:450	45337.79714155262
i:500	45337.79714155262
i:550	45337.79714155262
i:600	45337.79714155262
i:650	45337.79714155262
best: 45337.79714155262
routes: [0, 41, 42, 43, 44, 45, 46, 47, 48, 49, 50, 11, 17, 16, 15, 20, 19, 18, 14, 13, 12, 3, 1, 2, 4, 5, 7, 9, 10, 8, 6, 0, 21, 22, 23, 26, 24, 25, 27, 29, 30, 28, 39, 40, 38, 35, 33, 32, 31, 34, 37, 36, 0]
Elapsed time: 159.05608248710632

mean: 46610.815023699404
std: 862.3861912708804
mean-time: 165.2120787024498
std-time: 9.424666529771386