i:0	283740.51747237385
i:50	64508.56577197121
i:100	62813.528966660524
i:150	62813.528966660524
i:200	62813.528966660524
i:250	62813.528966660524
i:300	62813.528966660524
i:350	62813.528966660524
i:400	62813.528966660524
i:450	62813.528966660524
i:500	62813.528966660524
i:550	62813.528966660524
i:600	62813.528966660524
i:650	62813.528966660524
best: 62813.528966660524
routes: [0, 3, 5, 1, 2, 4, 45, 43, 44, 41, 42, 25, 23, 24, 21, 22, 7, 9, 8, 10, 6, 0, 46, 48, 47, 49, 50, 34, 35, 33, 32, 31, 40, 38, 37, 39, 36, 29, 30, 28, 27, 26, 0, 19, 18, 17, 20, 16, 15, 13, 11, 12, 14, 0]
Elapsed time: 26.356842279434204

i:0	93735.99007343521
i:50	64480.77431520447
i:100	64070.738165626135
i:150	64070.738165626135
i:200	64070.738165626135
i:250	64070.738165626135
i:300	64070.738165626135
i:350	64070.738165626135
i:400	64070.738165626135
i:450	64070.738165626135
i:500	64070.738165626135
i:550	64070.738165626135
i:600	64070.738165626135
i:650	64070.738165626135
best: 64070.738165626135
routes: [0, 6, 10, 8, 7, 9, 24, 25, 23, 22, 21, 43, 44, 45, 41, 42, 3, 2, 4, 5, 1, 0, 46, 48, 47, 49, 50, 34, 31, 32, 35, 33, 40, 38, 37, 39, 36, 29, 30, 28, 27, 26, 0, 11, 12, 14, 13, 15, 16, 20, 17, 19, 18, 0]
Elapsed time: 30.894636869430542

i:0	87193.51551802711
i:50	65560.57354329465
i:100	65371.123449659724
i:150	65371.123449659724
i:200	65371.123449659724
i:250	65371.123449659724
i:300	65371.123449659724
i:350	65371.123449659724
i:400	65371.123449659724
i:450	65371.123449659724
i:500	65371.123449659724
i:550	65371.123449659724
i:600	65371.123449659724
i:650	65371.123449659724
best: 65371.123449659724
routes: [0, 1, 2, 5, 3, 4, 43, 42, 44, 45, 41, 27, 29, 30, 26, 28, 39, 40, 38, 37, 36, 0, 25, 23, 24, 21, 22, 7, 9, 8, 10, 6, 14, 13, 11, 12, 15, 17, 16, 20, 19, 18, 0, 46, 48, 47, 49, 50, 35, 33, 31, 32, 34, 0]
Elapsed time: 29.849414348602295

i:0	289001.2356858059
i:50	65334.87229383112
i:100	65334.87229383112
i:150	65334.87229383112
i:200	65334.87229383112
i:250	65334.87229383112
i:300	65334.87229383112
i:350	65334.87229383112
i:400	65334.87229383112
i:450	65334.87229383112
i:500	65334.87229383112
i:550	65334.87229383112
i:600	65334.87229383112
i:650	65334.87229383112
best: 65334.87229383112
routes: [0, 3, 4, 5, 1, 2, 45, 43, 44, 41, 42, 25, 23, 24, 21, 22, 7, 9, 8, 10, 6, 0, 27, 29, 30, 26, 28, 39, 40, 38, 37, 36, 33, 31, 32, 34, 35, 50, 49, 48, 47, 46, 0, 13, 11, 12, 14, 15, 17, 16, 20, 19, 18, 0]
Elapsed time: 28.02550506591797

i:0	88931.05943210074
i:50	68196.23182727174
i:100	68196.23182727174
i:150	68196.23182727174
i:200	68196.23182727174
i:250	68196.23182727174
i:300	68196.23182727174
i:350	68196.23182727174
i:400	68196.23182727174
i:450	68196.23182727174
i:500	68196.23182727174
i:550	68196.23182727174
i:600	68196.23182727174
i:650	68196.23182727174
best: 68196.23182727174
routes: [0, 46, 48, 47, 49, 50, 31, 32, 35, 33, 34, 19, 18, 17, 20, 16, 15, 13, 14, 11, 12, 0, 40, 39, 38, 37, 36, 28, 27, 26, 30, 29, 45, 43, 44, 41, 42, 25, 23, 24, 21, 22, 0, 3, 4, 1, 2, 5, 8, 7, 9, 10, 6, 0]
Elapsed time: 22.49956703186035

i:0	105707.02773036716
i:50	66011.12901743587
i:100	64829.82930985853
i:150	64829.82930985853
i:200	64829.82930985853
i:250	64829.82930985853
i:300	64829.82930985853
i:350	64829.82930985853
i:400	64829.82930985853
i:450	64829.82930985853
i:500	64829.82930985853
i:550	64829.82930985853
i:600	64829.82930985853
i:650	64829.82930985853
best: 64829.82930985853
routes: [0, 19, 18, 17, 20, 16, 15, 13, 11, 12, 14, 6, 10, 8, 7, 9, 25, 23, 24, 21, 22, 0, 46, 48, 47, 49, 50, 34, 35, 33, 32, 31, 40, 38, 37, 39, 36, 28, 27, 29, 30, 26, 0, 43, 42, 44, 45, 41, 4, 5, 3, 1, 2, 0]
Elapsed time: 24.060356378555298

i:0	84982.20374310999
i:50	63555.01839609741
i:100	63290.59607130491
i:150	62960.879129767374
i:200	62960.879129767374
i:250	62960.879129767374
i:300	62960.879129767374
i:350	62960.879129767374
i:400	62960.879129767374
i:450	62960.879129767374
i:500	62960.879129767374
i:550	62960.879129767374
i:600	62960.879129767374
i:650	62960.879129767374
best: 62960.879129767374
routes: [0, 5, 1, 2, 4, 3, 45, 43, 44, 41, 42, 21, 22, 24, 25, 23, 7, 9, 8, 10, 6, 0, 46, 48, 47, 49, 50, 34, 31, 32, 35, 33, 40, 38, 37, 39, 36, 28, 27, 29, 30, 26, 0, 19, 18, 17, 20, 16, 15, 13, 11, 12, 14, 0]
Elapsed time: 29.979819297790527

i:0	83724.42743905638
i:50	64162.940604570314
i:100	64162.940604570314
i:150	64162.940604570314
i:200	64162.940604570314
i:250	64162.940604570314
i:300	64162.940604570314
i:350	64162.940604570314
i:400	64162.940604570314
i:450	64162.940604570314
i:500	64162.940604570314
i:550	64162.940604570314
i:600	64162.940604570314
i:650	64162.940604570314
best: 64162.940604570314
routes: [0, 46, 48, 47, 49, 50, 34, 35, 33, 32, 31, 40, 38, 37, 39, 36, 29, 30, 28, 27, 26, 0, 3, 4, 5, 1, 2, 45, 43, 41, 42, 44, 21, 22, 24, 25, 23, 7, 9, 8, 10, 6, 0, 13, 11, 12, 14, 15, 17, 16, 20, 19, 18, 0]
Elapsed time: 27.268863916397095

i:0	291515.0924575374
i:50	65688.1818268468
i:100	65141.776137911074
i:150	65141.776137911074
i:200	65141.776137911074
i:250	65141.776137911074
i:300	65141.776137911074
i:350	65141.776137911074
i:400	65141.776137911074
i:450	65141.776137911074
i:500	65141.776137911074
i:550	65141.776137911074
i:600	65141.776137911074
i:650	65141.776137911074
best: 65141.776137911074
routes: [0, 3, 4, 5, 1, 2, 45, 43, 41, 42, 44, 24, 21, 22, 25, 23, 7, 9, 8, 10, 6, 0, 46, 48, 47, 49, 50, 34, 35, 33, 32, 31, 40, 38, 37, 39, 36, 28, 27, 29, 30, 26, 0, 19, 18, 17, 20, 16, 11, 12, 15, 13, 14, 0]
Elapsed time: 28.541743516921997

i:0	287427.3876561816
i:50	63626.96198487027
i:100	63626.96198487027
i:150	63626.96198487027
i:200	63626.96198487027
i:250	63626.96198487027
i:300	63626.96198487027
i:350	63626.96198487027
i:400	63626.96198487027
i:450	63626.96198487027
i:500	63626.96198487027
i:550	63626.96198487027
i:600	63626.96198487027
i:650	63626.96198487027
best: 63626.96198487027
routes: [0, 46, 48, 47, 49, 50, 34, 35, 33, 32, 31, 40, 38, 37, 39, 36, 29, 30, 28, 27, 26, 0, 3, 5, 1, 2, 4, 45, 43, 44, 41, 42, 25, 23, 24, 21, 22, 8, 7, 9, 10, 6, 0, 19, 18, 17, 20, 16, 15, 13, 12, 14, 11, 0]
Elapsed time: 27.806246042251587

i:0	293999.53156626195
i:50	65263.98341692443
i:100	64795.561826966834
i:150	64795.561826966834
i:200	64795.561826966834
i:250	64795.561826966834
i:300	64795.561826966834
i:350	64795.561826966834
i:400	64410.93037013131
i:450	63968.608117214775
i:500	63968.608117214775
i:550	63968.608117214775
i:600	63968.608117214775
i:650	63968.608117214775
best: 63968.608117214775
routes: [0, 46, 48, 47, 49, 50, 34, 35, 33, 32, 31, 39, 40, 38, 37, 36, 28, 27, 29, 30, 26, 0, 3, 4, 5, 1, 2, 45, 43, 44, 41, 42, 25, 23, 24, 21, 22, 7, 9, 8, 10, 6, 0, 13, 11, 12, 14, 15, 17, 16, 20, 19, 18, 0]
Elapsed time: 73.94900369644165

i:0	82467.65823601374
i:50	65856.42024402038
i:100	65834.62925436303
i:150	65814.44675674161
i:200	65814.44675674161
i:250	65814.44675674161
i:300	65814.44675674161
i:350	65814.44675674161
i:400	65814.44675674161
i:450	65814.44675674161
i:500	65814.44675674161
i:550	65814.44675674161
i:600	65814.44675674161
i:650	65814.44675674161
best: 65814.44675674161
routes: [0, 19, 18, 17, 16, 20, 11, 12, 15, 13, 14, 6, 10, 9, 8, 7, 25, 23, 24, 21, 22, 0, 5, 1, 2, 4, 3, 45, 43, 42, 44, 41, 27, 29, 30, 26, 28, 39, 40, 38, 37, 36, 0, 33, 32, 34, 35, 31, 50, 49, 48, 47, 46, 0]
Elapsed time: 27.576807737350464

i:0	87779.4095662048
i:50	66405.2345316065
i:100	66379.34577451767
i:150	66165.9270584886
i:200	65901.50473369611
i:250	65901.50473369611
i:300	65901.50473369611
i:350	65901.50473369611
i:400	65901.50473369611
i:450	65901.50473369611
i:500	65901.50473369611
i:550	65901.50473369611
i:600	65901.50473369611
i:650	65901.50473369611
best: 65901.50473369611
routes: [0, 46, 48, 47, 49, 50, 31, 32, 34, 35, 33, 40, 38, 37, 39, 36, 28, 27, 29, 30, 26, 0, 3, 5, 1, 2, 4, 45, 43, 41, 42, 44, 25, 23, 24, 21, 22, 7, 9, 8, 10, 6, 0, 19, 18, 17, 20, 16, 15, 13, 14, 11, 12, 0]
Elapsed time: 34.67777490615845

i:0	84312.77779331771
i:50	65196.77649267022
i:100	64674.76886670453
i:150	64674.76886670453
i:200	64674.76886670453
i:250	64674.76886670453
i:300	64674.76886670453
i:350	64674.76886670453
i:400	64674.76886670453
i:450	64674.76886670453
i:500	64674.76886670453
i:550	64674.76886670453
i:600	64674.76886670453
i:650	64674.76886670453
best: 64674.76886670453
routes: [0, 5, 1, 2, 4, 3, 45, 43, 42, 44, 41, 27, 29, 30, 26, 28, 39, 40, 38, 37, 36, 0, 19, 18, 17, 20, 16, 15, 13, 11, 12, 14, 6, 10, 9, 8, 7, 25, 23, 24, 21, 22, 0, 33, 32, 34, 35, 31, 50, 49, 48, 47, 46, 0]
Elapsed time: 32.571181774139404

i:0	83156.33244809334
i:50	67049.26299145678
i:100	66474.4701132468
i:150	66188.03445528352
i:200	66188.03445528352
i:250	66188.03445528352
i:300	66188.03445528352
i:350	66188.03445528352
i:400	66188.03445528352
i:450	66188.03445528352
i:500	66188.03445528352
i:550	66188.03445528352
i:600	66188.03445528352
i:650	66188.03445528352
best: 66188.03445528352
routes: [0, 17, 16, 20, 19, 18, 34, 35, 33, 32, 31, 49, 50, 48, 47, 46, 0, 45, 43, 42, 44, 41, 39, 40, 38, 37, 36, 28, 27, 29, 30, 26, 3, 5, 1, 2, 4, 0, 23, 24, 21, 22, 25, 7, 9, 8, 10, 6, 14, 15, 13, 11, 12, 0]
Elapsed time: 26.89585018157959

i:0	85895.84199971166
i:50	65569.65479578535
i:100	64310.33526578949
i:150	64310.33526578949
i:200	64310.33526578949
i:250	64310.33526578949
i:300	64310.33526578949
i:350	64310.33526578949
i:400	64310.33526578949
i:450	64310.33526578949
i:500	64310.33526578949
i:550	64310.33526578949
i:600	64310.33526578949
i:650	64310.33526578949
best: 64310.33526578949
routes: [0, 1, 2, 4, 3, 5, 43, 42, 44, 45, 41, 27, 26, 30, 29, 28, 39, 40, 38, 37, 36, 0, 19, 18, 17, 20, 16, 15, 13, 11, 12, 14, 6, 10, 8, 7, 9, 25, 23, 24, 21, 22, 0, 33, 31, 32, 34, 35, 47, 49, 48, 50, 46, 0]
Elapsed time: 26.969090938568115

i:0	285178.4647374208
i:50	67126.61802819079
i:100	66857.47020927188
i:150	65848.27424499192
i:200	65848.27424499192
i:250	65848.27424499192
i:300	65848.27424499192
i:350	65848.27424499192
i:400	65848.27424499192
i:450	65848.27424499192
i:500	65848.27424499192
i:550	65848.27424499192
i:600	65848.27424499192
i:650	65848.27424499192
best: 65848.27424499192
routes: [0, 3, 5, 1, 2, 4, 43, 42, 44, 45, 41, 27, 26, 30, 29, 28, 39, 40, 38, 37, 36, 0, 19, 18, 17, 20, 16, 15, 13, 11, 12, 14, 24, 21, 22, 25, 23, 7, 9, 8, 10, 6, 0, 46, 48, 47, 49, 50, 35, 33, 31, 32, 34, 0]
Elapsed time: 33.04633355140686

i:0	82009.64475229358
i:50	65408.12499733921
i:100	65408.12499733921
i:150	65408.12499733921
i:200	65408.12499733921
i:250	65408.12499733921
i:300	65408.12499733921
i:350	65408.12499733921
i:400	65408.12499733921
i:450	65408.12499733921
i:500	65408.12499733921
i:550	65408.12499733921
i:600	65408.12499733921
i:650	65408.12499733921
best: 65408.12499733921
routes: [0, 3, 4, 5, 1, 2, 45, 43, 44, 41, 42, 23, 24, 21, 22, 25, 7, 9, 8, 10, 6, 0, 46, 48, 47, 49, 50, 31, 32, 34, 35, 33, 40, 38, 37, 39, 36, 28, 27, 29, 30, 26, 0, 19, 18, 17, 20, 16, 15, 13, 12, 14, 11, 0]
Elapsed time: 29.483706951141357

i:0	284118.3705443037
i:50	63572.25256785221
i:100	63572.25256785221
i:150	63572.25256785221
i:200	63572.25256785221
i:250	63572.25256785221
i:300	63572.25256785221
i:350	63572.25256785221
i:400	63572.25256785221
i:450	63572.25256785221
i:500	63572.25256785221
i:550	63572.25256785221
i:600	63572.25256785221
i:650	63572.25256785221
best: 63572.25256785221
routes: [0, 6, 10, 8, 7, 9, 24, 25, 23, 22, 21, 43, 45, 41, 42, 44, 3, 4, 5, 1, 2, 0, 46, 48, 47, 49, 50, 34, 35, 33, 32, 31, 40, 38, 37, 39, 36, 29, 30, 28, 27, 26, 0, 19, 18, 17, 20, 16, 15, 13, 12, 14, 11, 0]
Elapsed time: 29.725173950195312

i:0	289500.8364618691
i:50	67088.70892977365
i:100	66675.65905913449
i:150	66675.65905913449
i:200	66675.65905913449
i:250	66675.65905913449
i:300	66675.65905913449
i:350	66675.65905913449
i:400	66675.65905913449
i:450	66675.65905913449
i:500	66675.65905913449
i:550	66675.65905913449
i:600	66675.65905913449
i:650	66675.65905913449
best: 66675.65905913449
routes: [0, 3, 4, 5, 1, 2, 21, 22, 24, 25, 23, 7, 9, 8, 10, 6, 14, 15, 13, 11, 12, 0, 18, 17, 16, 20, 19, 34, 33, 31, 32, 35, 48, 47, 49, 50, 46, 0, 45, 43, 42, 44, 41, 39, 40, 38, 37, 36, 29, 30, 28, 27, 26, 0]
Elapsed time: 40.650352239608765

mean: 64943.54454673873
std: 1286.5507444451666
mean-time: 31.541413533687592
std-time: 10.450271149721967