i:0	79186.31270700188
i:50	55375.29322311704
i:100	54678.73610806599
i:150	54678.73610806599
i:200	54678.73610806599
i:250	54678.73610806599
i:300	54678.73610806599
i:350	54678.73610806599
i:400	54678.73610806599
i:450	54678.73610806599
i:500	54678.73610806599
i:550	54678.73610806599
i:600	54678.73610806599
i:650	54678.73610806599
best: 54678.73610806599
routes: [0, 45, 41, 44, 43, 42, 27, 26, 30, 29, 28, 39, 40, 38, 37, 36, 33, 32, 31, 34, 35, 48, 47, 49, 50, 46, 0, 1, 2, 4, 3, 5, 23, 25, 22, 21, 24, 7, 9, 8, 10, 6, 11, 12, 14, 13, 15, 17, 16, 20, 19, 18, 0]
Elapsed time: 29.20334482192993

i:0	84079.35928325313
i:50	59913.313098129925
i:100	55867.65651665795
i:150	55867.65651665795
i:200	55867.65651665795
i:250	55867.65651665795
i:300	55867.65651665795
i:350	55867.65651665795
i:400	55867.65651665795
i:450	55867.65651665795
i:500	55867.65651665795
i:550	55867.65651665795
i:600	55867.65651665795
i:650	55867.65651665795
best: 55867.65651665795
routes: [0, 45, 41, 44, 43, 42, 21, 24, 23, 25, 22, 7, 9, 8, 10, 6, 12, 11, 14, 15, 13, 17, 16, 20, 19, 18, 0, 46, 50, 47, 49, 48, 34, 35, 33, 32, 31, 40, 38, 37, 39, 36, 28, 30, 29, 27, 26, 3, 4, 5, 1, 2, 0]
Elapsed time: 42.34352350234985

i:0	74429.33591622903
i:50	55128.25864528566
i:100	55128.25864528566
i:150	55128.25864528566
i:200	55128.25864528566
i:250	55128.25864528566
i:300	55128.25864528566
i:350	55128.25864528566
i:400	55128.25864528566
i:450	55128.25864528566
i:500	55128.25864528566
i:550	55128.25864528566
i:600	55128.25864528566
i:650	55128.25864528566
best: 55128.25864528566
routes: [0, 1, 2, 4, 3, 5, 22, 21, 24, 25, 23, 7, 9, 10, 6, 8, 14, 13, 11, 12, 15, 17, 16, 20, 19, 18, 0, 45, 41, 44, 43, 42, 27, 26, 30, 29, 28, 39, 40, 38, 37, 36, 33, 32, 31, 34, 35, 48, 47, 49, 50, 46, 0]
Elapsed time: 31.594412565231323

i:0	83261.62673149238
i:50	57619.40237747322
i:100	57619.40237747322
i:150	57619.40237747322
i:200	56438.39514356859
i:250	56438.39514356859
i:300	56438.39514356859
i:350	56438.39514356859
i:400	56438.39514356859
i:450	56438.39514356859
i:500	56438.39514356859
i:550	56438.39514356859
i:600	56438.39514356859
i:650	56438.39514356859
best: 56438.39514356859
routes: [0, 46, 48, 47, 49, 50, 34, 35, 33, 31, 32, 19, 18, 17, 20, 16, 15, 13, 11, 12, 14, 8, 7, 9, 10, 6, 0, 39, 40, 38, 37, 36, 28, 30, 29, 27, 26, 45, 41, 44, 43, 42, 21, 24, 25, 23, 22, 5, 1, 4, 3, 2, 0]
Elapsed time: 43.18272376060486

i:0	73675.74609338146
i:50	55300.60673612371
i:100	54995.31114645394
i:150	54673.89895120451
i:200	54673.89895120451
i:250	54673.89895120451
i:300	54673.89895120451
i:350	54673.89895120451
i:400	54673.89895120451
i:450	54673.89895120451
i:500	54673.89895120451
i:550	54673.89895120451
i:600	54673.89895120451
i:650	54673.89895120451
best: 54673.89895120451
routes: [0, 46, 48, 47, 49, 50, 34, 35, 33, 32, 31, 40, 38, 37, 39, 36, 28, 30, 29, 27, 26, 3, 4, 5, 1, 2, 0, 45, 41, 44, 43, 42, 21, 24, 25, 23, 22, 7, 9, 8, 10, 6, 11, 12, 14, 13, 15, 17, 16, 20, 19, 18, 0]
Elapsed time: 36.439892530441284

i:0	78058.03097711314
i:50	54678.73610806599
i:100	54678.73610806599
i:150	54678.73610806599
i:200	54678.73610806599
i:250	54678.73610806599
i:300	54678.73610806599
i:350	54678.73610806599
i:400	54678.73610806599
i:450	54678.73610806599
i:500	54678.73610806599
i:550	54678.73610806599
i:600	54678.73610806599
i:650	54678.73610806599
best: 54678.73610806599
routes: [0, 45, 41, 44, 43, 42, 27, 26, 30, 29, 28, 39, 40, 38, 37, 36, 33, 32, 31, 34, 35, 48, 47, 49, 50, 46, 0, 1, 2, 4, 3, 5, 23, 25, 22, 21, 24, 7, 9, 8, 10, 6, 11, 12, 14, 13, 15, 17, 16, 20, 19, 18, 0]
Elapsed time: 25.998692274093628

i:0	78710.74539291851
i:50	56812.22009910144
i:100	56812.22009910144
i:150	56811.2808385704
i:200	56811.2808385704
i:250	56811.2808385704
i:300	56811.2808385704
i:350	56811.2808385704
i:400	56811.2808385704
i:450	56811.2808385704
i:500	56811.2808385704
i:550	56811.2808385704
i:600	56811.2808385704
i:650	56811.2808385704
best: 56811.2808385704
routes: [0, 19, 18, 20, 17, 16, 15, 13, 14, 11, 12, 6, 8, 10, 9, 7, 23, 25, 22, 21, 24, 4, 3, 5, 1, 2, 0, 50, 49, 47, 46, 48, 34, 35, 33, 32, 31, 40, 38, 37, 39, 36, 28, 30, 29, 27, 26, 45, 41, 44, 43, 42, 0]
Elapsed time: 37.97794318199158

i:0	80711.86954291476
i:50	54708.43299896906
i:100	54673.89895120451
i:150	54673.89895120451
i:200	54673.89895120451
i:250	54673.89895120451
i:300	54673.89895120451
i:350	54673.89895120451
i:400	54673.89895120451
i:450	54673.89895120451
i:500	54673.89895120451
i:550	54673.89895120451
i:600	54673.89895120451
i:650	54673.89895120451
best: 54673.89895120451
routes: [0, 46, 48, 47, 49, 50, 34, 35, 33, 32, 31, 40, 38, 37, 39, 36, 28, 30, 29, 27, 26, 3, 4, 5, 1, 2, 0, 45, 41, 44, 43, 42, 21, 24, 25, 23, 22, 7, 9, 8, 10, 6, 11, 12, 14, 13, 15, 17, 16, 20, 19, 18, 0]
Elapsed time: 37.504271268844604

i:0	84499.44436988722
i:50	54512.943893426534
i:100	54481.181572381785
i:150	54481.181572381785
i:200	54481.181572381785
i:250	54481.181572381785
i:300	54481.181572381785
i:350	54481.181572381785
i:400	54481.181572381785
i:450	54481.181572381785
i:500	54481.181572381785
i:550	54481.181572381785
i:600	54481.181572381785
i:650	54481.181572381785
best: 54481.181572381785
routes: [0, 45, 41, 44, 43, 42, 27, 26, 30, 29, 28, 39, 40, 38, 37, 36, 33, 32, 31, 34, 35, 48, 47, 49, 50, 46, 0, 19, 18, 17, 20, 16, 15, 13, 11, 12, 14, 6, 8, 10, 9, 7, 23, 25, 22, 21, 24, 5, 1, 4, 3, 2, 0]
Elapsed time: 33.919981718063354

i:0	80602.81574258547
i:50	56859.455970457464
i:100	56859.455970457464
i:150	56377.60915079496
i:200	56377.60915079496
i:250	56377.60915079496
i:300	56377.60915079496
i:350	56377.60915079496
i:400	56377.60915079496
i:450	56377.60915079496
i:500	56377.60915079496
i:550	56377.60915079496
i:600	56377.60915079496
i:650	56377.60915079496
best: 56377.60915079496
routes: [0, 27, 29, 30, 26, 28, 39, 37, 36, 38, 40, 33, 32, 31, 34, 35, 48, 47, 49, 50, 46, 0, 19, 18, 17, 20, 16, 15, 13, 11, 12, 14, 6, 8, 10, 9, 7, 23, 25, 22, 24, 21, 43, 42, 45, 41, 44, 4, 3, 2, 5, 1, 0]
Elapsed time: 31.316873788833618

i:0	83401.97874351378
i:50	55339.30203342144
i:100	55339.30203342144
i:150	55339.30203342144
i:200	55339.30203342144
i:250	55339.30203342144
i:300	55339.30203342144
i:350	55339.30203342144
i:400	55339.30203342144
i:450	55339.30203342144
i:500	55339.30203342144
i:550	55339.30203342144
i:600	55339.30203342144
i:650	55339.30203342144
best: 55339.30203342144
routes: [0, 46, 48, 47, 49, 50, 34, 35, 33, 32, 31, 40, 38, 37, 39, 36, 28, 30, 29, 27, 26, 45, 41, 44, 43, 42, 0, 19, 18, 17, 20, 16, 15, 13, 11, 12, 14, 6, 8, 10, 9, 7, 23, 25, 22, 21, 24, 5, 1, 4, 3, 2, 0]
Elapsed time: 31.241368770599365

i:0	77703.60610585206
i:50	54924.543613680085
i:100	54924.543613680085
i:150	54924.543613680085
i:200	54924.543613680085
i:250	54924.543613680085
i:300	54924.543613680085
i:350	54924.543613680085
i:400	54924.543613680085
i:450	54924.543613680085
i:500	54924.543613680085
i:550	54924.543613680085
i:600	54924.543613680085
i:650	54924.543613680085
best: 54924.543613680085
routes: [0, 1, 4, 3, 2, 5, 23, 22, 21, 24, 25, 7, 9, 10, 6, 8, 11, 12, 14, 13, 15, 17, 16, 20, 19, 18, 0, 45, 41, 44, 43, 42, 27, 26, 30, 29, 28, 39, 40, 38, 37, 36, 33, 32, 31, 34, 35, 48, 47, 49, 50, 46, 0]
Elapsed time: 29.388227701187134

i:0	82380.73282441919
i:50	54673.89895120451
i:100	54673.89895120451
i:150	54673.89895120451
i:200	54673.89895120451
i:250	54673.89895120451
i:300	54673.89895120451
i:350	54673.89895120451
i:400	54673.89895120451
i:450	54673.89895120451
i:500	54673.89895120451
i:550	54673.89895120451
i:600	54673.89895120451
i:650	54673.89895120451
best: 54673.89895120451
routes: [0, 46, 48, 47, 49, 50, 34, 35, 33, 32, 31, 40, 38, 37, 39, 36, 28, 30, 29, 27, 26, 3, 4, 5, 1, 2, 0, 45, 41, 44, 43, 42, 21, 24, 25, 23, 22, 7, 9, 8, 10, 6, 11, 12, 14, 13, 15, 17, 16, 20, 19, 18, 0]
Elapsed time: 32.23223924636841

i:0	82370.54752182137
i:50	54708.43299896906
i:100	54673.89895120451
i:150	54673.89895120451
i:200	54673.89895120451
i:250	54673.89895120451
i:300	54673.89895120451
i:350	54673.89895120451
i:400	54673.89895120451
i:450	54673.89895120451
i:500	54673.89895120451
i:550	54673.89895120451
i:600	54673.89895120451
i:650	54673.89895120451
best: 54673.89895120451
routes: [0, 46, 48, 47, 49, 50, 34, 35, 33, 32, 31, 40, 38, 37, 39, 36, 28, 30, 29, 27, 26, 3, 4, 5, 1, 2, 0, 45, 41, 44, 43, 42, 21, 24, 25, 23, 22, 7, 9, 8, 10, 6, 11, 12, 14, 13, 15, 17, 16, 20, 19, 18, 0]
Elapsed time: 36.970625162124634

i:0	82111.00533287783
i:50	56679.526239962026
i:100	56679.526239962026
i:150	56679.526239962026
i:200	56679.526239962026
i:250	56679.526239962026
i:300	56679.526239962026
i:350	56679.526239962026
i:400	56679.526239962026
i:450	56679.526239962026
i:500	56679.526239962026
i:550	56679.526239962026
i:600	56679.526239962026
i:650	56679.526239962026
best: 56679.526239962026
routes: [0, 5, 1, 2, 4, 3, 27, 29, 30, 26, 28, 39, 40, 38, 37, 36, 45, 41, 44, 43, 42, 21, 24, 25, 23, 22, 7, 9, 8, 10, 6, 0, 11, 12, 14, 13, 15, 16, 20, 17, 19, 18, 34, 35, 33, 32, 31, 48, 47, 49, 50, 46, 0]
Elapsed time: 32.74407720565796

i:0	74180.3214941698
i:50	57146.14007384883
i:100	56168.07622500499
i:150	56168.07622500499
i:200	56168.07622500499
i:250	56168.07622500499
i:300	56168.07622500499
i:350	56168.07622500499
i:400	56168.07622500499
i:450	56168.07622500499
i:500	56168.07622500499
i:550	56168.07622500499
i:600	56168.07622500499
i:650	56168.07622500499
best: 56168.07622500499
routes: [0, 1, 2, 4, 5, 3, 27, 26, 30, 29, 28, 39, 40, 38, 37, 36, 45, 41, 44, 43, 42, 21, 24, 25, 23, 22, 0, 46, 48, 47, 49, 50, 34, 35, 33, 31, 32, 19, 18, 17, 20, 16, 15, 13, 11, 12, 14, 8, 7, 9, 10, 6, 0]
Elapsed time: 33.696587800979614

i:0	86380.19466731008
i:50	58861.806413640195
i:100	58861.806413640195
i:150	58861.806413640195
i:200	58861.806413640195
i:250	58861.806413640195
i:300	58861.806413640195
i:350	58861.806413640195
i:400	57281.98407139741
i:450	57281.98407139741
i:500	57281.98407139741
i:550	57281.98407139741
i:600	57281.98407139741
i:650	57281.98407139741
best: 57281.98407139741
routes: [0, 46, 48, 47, 49, 50, 34, 35, 33, 31, 32, 19, 18, 17, 20, 16, 15, 13, 11, 12, 14, 7, 9, 8, 10, 6, 0, 27, 29, 30, 26, 28, 39, 40, 38, 37, 36, 45, 41, 44, 43, 42, 21, 24, 25, 23, 22, 5, 1, 4, 3, 2, 0]
Elapsed time: 52.29962158203125

i:0	81911.36991204822
i:50	54726.20129474638
i:100	54678.73610806599
i:150	54678.73610806599
i:200	54678.73610806599
i:250	54678.73610806599
i:300	54678.73610806599
i:350	54678.73610806599
i:400	54678.73610806599
i:450	54678.73610806599
i:500	54678.73610806599
i:550	54678.73610806599
i:600	54678.73610806599
i:650	54678.73610806599
best: 54678.73610806599
routes: [0, 1, 2, 4, 3, 5, 23, 25, 22, 21, 24, 7, 9, 8, 10, 6, 11, 12, 14, 13, 15, 17, 16, 20, 19, 18, 0, 45, 41, 44, 43, 42, 27, 26, 30, 29, 28, 39, 40, 38, 37, 36, 33, 32, 31, 34, 35, 48, 47, 49, 50, 46, 0]
Elapsed time: 34.818127155303955

i:0	81309.39149388153
i:50	54678.73610806599
i:100	54678.73610806599
i:150	54678.73610806599
i:200	54678.73610806599
i:250	54678.73610806599
i:300	54678.73610806599
i:350	54678.73610806599
i:400	54678.73610806599
i:450	54678.73610806599
i:500	54678.73610806599
i:550	54678.73610806599
i:600	54678.73610806599
i:650	54678.73610806599
best: 54678.73610806599
routes: [0, 45, 41, 44, 43, 42, 27, 26, 30, 29, 28, 39, 40, 38, 37, 36, 33, 32, 31, 34, 35, 48, 47, 49, 50, 46, 0, 1, 2, 4, 3, 5, 23, 25, 22, 21, 24, 7, 9, 8, 10, 6, 11, 12, 14, 13, 15, 17, 16, 20, 19, 18, 0]
Elapsed time: 29.279858589172363

i:0	80140.80191942591
i:50	55029.84519421849
i:100	54673.89895120451
i:150	54673.89895120451
i:200	54673.89895120451
i:250	54673.89895120451
i:300	54673.89895120451
i:350	54673.89895120451
i:400	54673.89895120451
i:450	54673.89895120451
i:500	54673.89895120451
i:550	54673.89895120451
i:600	54673.89895120451
i:650	54673.89895120451
best: 54673.89895120451
routes: [0, 46, 48, 47, 49, 50, 34, 35, 33, 32, 31, 40, 38, 37, 39, 36, 28, 30, 29, 27, 26, 3, 4, 5, 1, 2, 0, 45, 41, 44, 43, 42, 21, 24, 25, 23, 22, 7, 9, 8, 10, 6, 11, 12, 14, 13, 15, 17, 16, 20, 19, 18, 0]
Elapsed time: 33.94571352005005

mean: 55379.112661950596
std: 890.7716042822996
mean-time: 34.80490530729294
std-time: 5.8111241037985195