i:0	125314.5980548666
i:50	86133.28170031265
i:100	76119.34523255883
i:150	74084.66026541214
i:200	73410.92511177795
i:250	72838.79828553656
i:300	72444.30880197491
i:350	72073.95749392635
i:400	71876.03729476624
i:450	71872.42017095175
i:500	71872.42017095175
i:550	71872.42017095175
i:600	71872.42017095175
i:650	71872.42017095175
best: 71872.42017095175
routes: [0, 51, 52, 53, 56, 54, 55, 57, 59, 60, 58, 76, 77, 74, 71, 72, 73, 75, 78, 79, 80, 61, 62, 63, 64, 65, 68, 67, 66, 69, 70, 0, 31, 34, 33, 38, 39, 40, 36, 35, 37, 32, 24, 21, 23, 25, 27, 29, 30, 28, 26, 22, 16, 15, 14, 17, 19, 20, 18, 13, 11, 12, 0, 41, 42, 45, 44, 46, 49, 50, 47, 48, 43, 9, 7, 8, 2, 1, 3, 6, 10, 5, 4, 0]
Elapsed time: 239.32203602790833

i:0	113012.70648080338
i:50	88990.05327404483
i:100	87542.58822227956
i:150	81011.33984696586
i:200	74721.47230646653
i:250	72178.99713501772
i:300	72018.00442744473
i:350	71217.30046225092
i:400	70860.74708254893
i:450	70860.74708254893
i:500	70704.05130861781
i:550	69824.87714573334
i:600	69824.87714573334
i:650	69824.87714573334
best: 69824.87714573334
routes: [0, 4, 3, 1, 2, 8, 6, 5, 10, 7, 9, 43, 42, 41, 44, 45, 47, 46, 49, 50, 48, 17, 19, 20, 18, 15, 14, 12, 11, 13, 16, 0, 51, 52, 53, 56, 54, 55, 57, 59, 60, 58, 76, 77, 74, 71, 72, 73, 75, 78, 79, 80, 61, 62, 63, 64, 65, 68, 67, 66, 69, 70, 0, 31, 34, 33, 32, 38, 39, 40, 37, 35, 36, 30, 28, 27, 29, 25, 26, 24, 21, 23, 22, 0]
Elapsed time: 236.7262670993805

i:0	121195.21538533116
i:50	88498.17612544162
i:100	80436.71386707708
i:150	79070.19608772553
i:200	74453.89042955035
i:250	73417.49560267139
i:300	73410.755669849
i:350	73228.86398425688
i:400	73051.27957136655
i:450	72141.70447051444
i:500	71722.74610548478
i:550	71722.74610548478
i:600	71716.51110128626
i:650	71426.00950445015
best: 71399.31451964786
routes: [0, 13, 15, 18, 16, 20, 19, 17, 14, 12, 11, 48, 46, 49, 50, 47, 45, 44, 41, 42, 43, 9, 10, 5, 6, 7, 8, 2, 1, 3, 4, 0, 51, 52, 53, 56, 54, 55, 57, 59, 60, 58, 79, 78, 75, 73, 72, 71, 74, 76, 77, 80, 61, 62, 63, 64, 65, 68, 67, 66, 69, 70, 0, 31, 39, 40, 35, 36, 37, 38, 34, 33, 32, 24, 21, 23, 22, 25, 27, 29, 30, 28, 26, 0]
Elapsed time: 246.6528720855713

i:0	125737.25494672886
i:50	85608.64493211616
i:100	83046.34621321147
i:150	78346.97823999458
i:200	77742.73071562534
i:250	77125.9129778087
i:300	76584.84885347943
i:350	76290.20362070206
i:400	75977.52982982437
i:450	73598.94984681482
i:500	71828.06396666532
i:550	71527.55818283251
i:600	71521.323178634
i:650	71430.69620050698
best: 71430.69620050698
routes: [0, 51, 52, 53, 58, 56, 54, 55, 57, 59, 60, 76, 74, 71, 72, 73, 75, 78, 77, 79, 80, 61, 62, 63, 64, 65, 68, 67, 66, 69, 70, 0, 13, 15, 18, 16, 20, 19, 17, 14, 12, 11, 43, 42, 41, 44, 45, 47, 46, 49, 50, 48, 10, 5, 6, 7, 9, 8, 2, 1, 3, 4, 0, 31, 34, 33, 32, 38, 39, 40, 37, 35, 36, 30, 28, 27, 29, 25, 26, 24, 21, 23, 22, 0]
Elapsed time: 252.74357986450195

i:0	121363.97815202191
i:50	84362.21005168115
i:100	82921.69433671498
i:150	82437.17961221025
i:200	81786.55427055823
i:250	81293.80822391965
i:300	80792.79589923548
i:350	80759.53761572189
i:400	80266.71644360489
i:450	80161.1572266583
i:500	80161.1572266583
i:550	79620.81859467161
i:600	79351.75665050215
i:650	79351.75665050215
best: 79351.75665050215
routes: [0, 80, 77, 76, 79, 74, 71, 72, 73, 75, 78, 65, 68, 67, 69, 70, 66, 64, 63, 61, 62, 0, 31, 34, 33, 38, 39, 40, 36, 35, 37, 32, 24, 21, 23, 25, 27, 29, 30, 28, 26, 22, 13, 11, 12, 14, 15, 17, 19, 20, 18, 16, 0, 4, 5, 10, 9, 7, 8, 6, 3, 1, 2, 54, 55, 57, 56, 59, 60, 58, 53, 51, 52, 43, 42, 41, 44, 45, 47, 46, 49, 50, 48, 0]
Elapsed time: 248.13009524345398

i:0	118206.02815871069
i:50	85736.94540055402
i:100	75668.42832812722
i:150	75555.52651142226
i:200	75219.21628583113
i:250	75038.79020978327
i:300	75038.79020978327
i:350	74965.20247039618
i:400	74965.20247039618
i:450	74895.54626550354
i:500	74895.54626550354
i:550	74608.03644939509
i:600	74608.03644939509
i:650	74608.03644939509
best: 74608.03644939509
routes: [0, 80, 78, 75, 73, 72, 71, 74, 77, 76, 79, 58, 60, 59, 57, 56, 53, 51, 52, 55, 54, 0, 61, 62, 63, 64, 65, 68, 67, 66, 69, 70, 31, 34, 33, 38, 39, 40, 35, 36, 37, 32, 21, 23, 22, 25, 27, 29, 30, 28, 26, 24, 0, 4, 5, 10, 6, 3, 1, 2, 8, 7, 9, 43, 42, 41, 44, 45, 47, 46, 49, 50, 48, 14, 12, 11, 13, 15, 17, 19, 20, 18, 16, 0]
Elapsed time: 220.25382804870605

i:0	122604.96373780319
i:50	82423.6906908606
i:100	77663.0083013929
i:150	76368.39068908112
i:200	75438.03059349311
i:250	74786.88992839988
i:300	74779.09808567318
i:350	74777.78850520035
i:400	74768.94355170615
i:450	74768.94355170615
i:500	74768.94355170615
i:550	74204.0256233837
i:600	73739.16247323234
i:650	73739.16247323234
best: 73739.16247323234
routes: [0, 43, 45, 42, 41, 44, 46, 49, 50, 47, 48, 14, 17, 19, 20, 18, 15, 12, 11, 13, 16, 22, 25, 27, 29, 30, 28, 26, 23, 21, 24, 0, 51, 52, 53, 56, 54, 55, 57, 59, 60, 58, 79, 80, 77, 76, 74, 71, 72, 73, 75, 78, 8, 7, 9, 10, 5, 6, 2, 1, 3, 4, 0, 33, 32, 37, 36, 35, 40, 39, 38, 34, 31, 69, 70, 66, 67, 68, 65, 64, 63, 61, 62, 0]
Elapsed time: 231.84645795822144

i:0	116749.38566747282
i:50	81908.0522428493
i:100	79979.15744043696
i:150	78996.50099442979
i:200	78161.87792800847
i:250	77083.08693631749
i:300	76649.67240167149
i:350	76125.58311672878
i:400	75655.4966614448
i:450	75131.82378495338
i:500	75018.63844058929
i:550	74802.16395470242
i:600	74802.16395470242
i:650	74802.16395470242
best: 74802.16395470242
routes: [0, 21, 25, 27, 29, 30, 28, 26, 24, 23, 22, 16, 13, 15, 17, 19, 20, 18, 14, 12, 11, 48, 47, 49, 50, 46, 44, 41, 43, 45, 42, 0, 33, 32, 37, 36, 35, 40, 39, 38, 34, 31, 69, 70, 66, 67, 68, 65, 64, 63, 61, 62, 0, 76, 74, 71, 72, 73, 75, 78, 77, 79, 80, 58, 60, 59, 57, 56, 53, 51, 52, 55, 54, 8, 7, 9, 10, 5, 6, 2, 1, 3, 4, 0]
Elapsed time: 248.13986253738403

i:0	116183.16678521142
i:50	83200.02103655739
i:100	81085.24391873962
i:150	79103.5296845048
i:200	77977.93937482883
i:250	77751.36819702639
i:300	76794.1257119284
i:350	76271.15527761025
i:400	76200.3448346175
i:450	75784.39268129657
i:500	75590.76498110569
i:550	75406.05984055238
i:600	74984.54186971259
i:650	74984.54186971259
best: 74984.54186971259
routes: [0, 33, 34, 32, 37, 36, 35, 40, 39, 38, 31, 69, 70, 66, 67, 68, 65, 64, 63, 61, 62, 0, 76, 74, 71, 72, 73, 75, 78, 77, 79, 80, 58, 60, 59, 57, 56, 53, 51, 52, 55, 54, 2, 1, 3, 6, 7, 8, 9, 10, 5, 4, 0, 43, 42, 41, 44, 45, 47, 46, 49, 50, 48, 17, 19, 20, 18, 16, 15, 14, 12, 11, 13, 22, 21, 23, 26, 25, 27, 29, 30, 28, 24, 0]
Elapsed time: 243.56788229942322

i:0	124284.00379324224
i:50	83621.98568871015
i:100	80780.37188092154
i:150	79949.54207316038
i:200	79808.67301938945
i:250	79576.32840690528
i:300	79240.48959727904
i:350	78946.41870976734
i:400	77509.83538078451
i:450	76538.13465573755
i:500	76538.13465573755
i:550	76081.38248333726
i:600	76080.95665952218
i:650	76080.95665952218
best: 76080.95665952218
routes: [0, 76, 74, 71, 72, 73, 75, 78, 77, 79, 80, 58, 59, 60, 56, 57, 55, 54, 53, 51, 52, 0, 4, 5, 10, 6, 7, 8, 2, 3, 1, 9, 43, 42, 41, 45, 44, 46, 49, 50, 47, 48, 14, 15, 17, 19, 20, 18, 16, 13, 11, 12, 0, 61, 62, 63, 64, 65, 68, 67, 66, 69, 70, 31, 39, 40, 35, 36, 37, 38, 34, 33, 32, 28, 30, 29, 27, 25, 26, 24, 21, 23, 22, 0]
Elapsed time: 247.04875421524048

i:0	118704.92426365061
i:50	91224.28264250394
i:100	82517.20280652921
i:150	80428.93179098921
i:200	79193.9373696013
i:250	78849.75224370262
i:300	78031.0652348176
i:350	77188.12081177597
i:400	77099.5940020683
i:450	76133.87329823608
i:500	76133.87329823608
i:550	75837.0801386479
i:600	75837.0801386479
i:650	75837.0801386479
best: 75837.0801386479
routes: [0, 4, 5, 10, 9, 7, 8, 6, 3, 1, 2, 78, 75, 73, 72, 71, 74, 76, 77, 79, 80, 61, 62, 63, 64, 65, 68, 67, 66, 69, 70, 0, 51, 52, 53, 56, 59, 60, 58, 57, 55, 54, 41, 42, 43, 45, 44, 46, 49, 50, 47, 48, 0, 31, 39, 40, 35, 36, 37, 38, 34, 33, 32, 24, 21, 23, 25, 27, 29, 30, 28, 26, 22, 16, 13, 11, 12, 14, 15, 17, 19, 20, 18, 0]
Elapsed time: 255.25326871871948

i:0	122782.72680868272
i:50	84553.12735669904
i:100	81794.58795376531
i:150	79651.63541645417
i:200	79428.8169116535
i:250	78786.15855525807
i:300	78371.29383179982
i:350	77874.29076783813
i:400	77379.06500859579
i:450	77035.30163464267
i:500	76839.12486014207
i:550	76441.22980300241
i:600	76441.22980300241
i:650	76441.22980300241
best: 76441.22980300241
routes: [0, 61, 62, 63, 64, 65, 68, 67, 66, 69, 70, 31, 39, 40, 35, 36, 37, 38, 34, 33, 32, 0, 80, 76, 79, 77, 78, 75, 73, 72, 71, 74, 58, 60, 59, 57, 56, 53, 51, 52, 55, 54, 2, 1, 3, 6, 7, 8, 9, 10, 5, 4, 0, 21, 23, 25, 27, 29, 30, 28, 26, 24, 22, 20, 19, 17, 14, 15, 18, 16, 13, 12, 11, 43, 48, 47, 45, 42, 41, 44, 46, 49, 50, 0]
Elapsed time: 249.0891034603119

i:0	120926.10462719724
i:50	81022.58344617172
i:100	77993.17639769992
i:150	77791.0331243517
i:200	76797.95219187821
i:250	76474.39499834452
i:300	76474.39499834452
i:350	76384.09837872724
i:400	76378.72578941219
i:450	76309.49474039914
i:500	76309.49474039914
i:550	76309.49474039914
i:600	76309.49474039914
i:650	76309.49474039914
best: 76087.33761970673
routes: [0, 80, 78, 74, 71, 72, 73, 75, 76, 77, 79, 58, 60, 59, 57, 56, 55, 54, 51, 53, 52, 0, 4, 3, 1, 2, 6, 10, 5, 8, 7, 9, 43, 45, 42, 41, 44, 46, 49, 50, 47, 48, 14, 12, 11, 13, 15, 17, 19, 20, 18, 16, 0, 61, 62, 63, 64, 65, 68, 67, 66, 69, 70, 31, 34, 33, 38, 39, 40, 35, 36, 37, 32, 21, 23, 22, 25, 27, 29, 30, 28, 26, 24, 0]
Elapsed time: 223.33904480934143

i:0	112741.91995188894
i:50	82513.95834024776
i:100	81213.87128105114
i:150	79934.708180285
i:200	79196.67999735918
i:250	77952.4269552393
i:300	77464.108235371
i:350	76740.9329257502
i:400	76722.53408347833
i:450	76353.60739106999
i:500	76129.6503874526
i:550	75709.81529574309
i:600	75667.275598837
i:650	75667.275598837
best: 75667.275598837
routes: [0, 43, 42, 41, 44, 45, 47, 46, 49, 50, 48, 14, 12, 11, 13, 15, 18, 17, 19, 20, 16, 22, 21, 23, 26, 25, 27, 29, 30, 28, 24, 0, 77, 79, 80, 78, 75, 73, 72, 71, 74, 76, 59, 60, 58, 52, 51, 53, 56, 57, 55, 54, 8, 2, 1, 3, 6, 7, 9, 10, 5, 4, 0, 61, 62, 63, 64, 65, 68, 67, 66, 69, 70, 31, 39, 38, 37, 40, 35, 36, 32, 33, 34, 0]
Elapsed time: 255.5816774368286

i:0	116797.44419028389
i:50	80933.76433317558
i:100	73056.67411374985
i:150	72420.90142192044
i:200	71948.37591757326
i:250	71066.77589441919
i:300	71049.34589774754
i:350	70704.4355007008
i:400	69977.09423099295
i:450	69977.09423099295
i:500	69977.09423099295
i:550	69977.09423099295
i:600	69977.09423099295
i:650	69977.09423099295
best: 69977.09423099295
routes: [0, 51, 52, 53, 56, 54, 55, 57, 59, 60, 58, 79, 78, 75, 73, 72, 71, 74, 76, 77, 80, 61, 62, 63, 64, 65, 68, 67, 66, 69, 70, 0, 4, 1, 2, 3, 6, 5, 10, 7, 8, 9, 43, 45, 42, 41, 44, 46, 49, 50, 47, 48, 14, 12, 11, 13, 15, 17, 19, 20, 18, 16, 0, 31, 39, 40, 35, 36, 37, 38, 34, 33, 32, 21, 23, 22, 25, 27, 29, 30, 28, 26, 24, 0]
Elapsed time: 241.58500123023987

i:0	119425.02285893513
i:50	77141.61528178805
i:100	75505.89214640007
i:150	75276.14027574891
i:200	75276.14027574891
i:250	74561.30540019626
i:300	74330.48331800729
i:350	73751.59986122519
i:400	73633.3607718311
i:450	73593.98898576191
i:500	73576.35192693188
i:550	73354.19480623947
i:600	73354.19480623947
i:650	73354.19480623947
best: 73354.19480623947
routes: [0, 33, 32, 37, 36, 35, 40, 39, 38, 34, 31, 69, 70, 67, 68, 66, 65, 64, 63, 61, 62, 0, 51, 52, 53, 56, 55, 54, 57, 59, 60, 58, 79, 77, 76, 74, 71, 72, 73, 75, 78, 80, 8, 7, 9, 10, 5, 6, 2, 1, 3, 4, 0, 43, 42, 41, 44, 45, 47, 46, 49, 50, 48, 14, 12, 11, 13, 15, 18, 17, 19, 20, 16, 25, 27, 29, 30, 28, 26, 24, 21, 23, 22, 0]
Elapsed time: 243.3822045326233

i:0	128900.16398331897
i:50	85675.6958778254
i:100	83464.56339445424
i:150	82936.36655738838
i:200	82801.19369554504
i:250	82388.58091960303
i:300	81996.78170249339
i:350	81898.51689198104
i:400	81061.61795194303
i:450	80205.38449649523
i:500	80195.24287627745
i:550	80195.24287627745
i:600	80195.24287627745
i:650	80195.24287627745
best: 80195.24287627745
routes: [0, 61, 68, 69, 70, 67, 66, 65, 63, 64, 62, 43, 45, 42, 41, 44, 46, 49, 50, 47, 48, 0, 13, 11, 12, 14, 15, 17, 19, 20, 18, 16, 22, 21, 23, 24, 26, 25, 29, 27, 28, 30, 35, 36, 37, 40, 39, 38, 31, 34, 33, 32, 0, 4, 1, 3, 5, 6, 10, 9, 7, 8, 2, 76, 77, 74, 71, 72, 73, 75, 78, 80, 79, 58, 60, 59, 57, 56, 53, 51, 52, 55, 54, 0]
Elapsed time: 246.96843075752258

i:0	124819.81268876875
i:50	73822.69751690542
i:100	71708.36788599823
i:150	71535.73662689663
i:200	71047.29557654698
i:250	70820.45339954729
i:300	70701.01082717956
i:350	70509.2093999767
i:400	70362.04110451546
i:450	70263.8286428566
i:500	70263.8286428566
i:550	70263.8286428566
i:600	69942.96253865832
i:650	69818.77317974156
best: 69818.77317974156
routes: [0, 4, 5, 6, 3, 1, 2, 8, 7, 9, 10, 43, 45, 42, 41, 44, 46, 49, 50, 47, 48, 14, 12, 11, 13, 15, 17, 19, 20, 18, 16, 0, 51, 52, 53, 56, 54, 55, 57, 59, 60, 58, 79, 80, 77, 76, 74, 71, 72, 73, 75, 78, 61, 62, 63, 64, 65, 68, 67, 66, 69, 70, 0, 31, 34, 33, 38, 39, 40, 36, 35, 37, 32, 21, 23, 25, 27, 29, 30, 28, 26, 24, 22, 0]
Elapsed time: 236.30609560012817

i:0	113415.7465682847
i:50	79485.87249845426
i:100	77424.99008063375
i:150	75962.06012252395
i:200	75962.06012252395
i:250	75962.06012252395
i:300	75962.06012252395
i:350	75962.06012252395
i:400	75021.66242041755
i:450	75021.66242041755
i:500	75021.66242041755
i:550	73508.216171563
i:600	73508.216171563
i:650	72498.91152815326
best: 72498.91152815326
routes: [0, 4, 1, 2, 8, 7, 9, 10, 5, 3, 6, 43, 41, 42, 45, 44, 46, 49, 50, 47, 48, 13, 14, 11, 12, 17, 19, 20, 18, 15, 16, 0, 31, 33, 34, 32, 39, 38, 40, 37, 36, 35, 30, 28, 27, 29, 25, 26, 22, 23, 21, 24, 0, 51, 52, 53, 56, 55, 54, 57, 59, 60, 58, 79, 77, 76, 74, 71, 72, 73, 75, 78, 80, 61, 62, 63, 64, 65, 68, 67, 66, 69, 70, 0]
Elapsed time: 329.6247434616089

i:0	127524.66492522949
i:50	82223.87137024326
i:100	79916.92076364777
i:150	78094.53699465015
i:200	77719.31025562217
i:250	77269.0754761158
i:300	76593.7963286727
i:350	75802.7345794231
i:400	75160.26664969386
i:450	74515.52671062062
i:500	74458.5178657214
i:550	74458.5178657214
i:600	74458.5178657214
i:650	74458.5178657214
best: 74458.5178657214
routes: [0, 33, 34, 32, 37, 36, 35, 40, 39, 38, 31, 69, 70, 66, 67, 68, 65, 64, 63, 61, 62, 0, 79, 80, 77, 78, 75, 73, 72, 71, 74, 76, 58, 60, 59, 57, 56, 53, 51, 52, 55, 54, 8, 7, 9, 10, 5, 6, 2, 1, 3, 4, 0, 43, 42, 41, 44, 45, 47, 46, 49, 50, 48, 14, 12, 11, 13, 15, 18, 17, 19, 20, 16, 22, 23, 25, 27, 29, 30, 28, 26, 24, 21, 0]
Elapsed time: 241.52736949920654

mean: 74121.47918706136
std: 2841.2100334490847
mean-time: 246.8544287443161
std-time: 21.066641656465055