i:0	124245.74040930551
i:50	87924.47904839624
i:100	85987.12338306595
i:150	84011.12199199901
i:200	83409.4985275247
i:250	83002.57142044567
i:300	82947.64041625563
i:350	82939.8485735289
i:400	82797.53925510636
i:450	81880.82934722572
i:500	81880.82934722572
i:550	81714.79196054216
i:600	81714.79196054216
i:650	81714.79196054216
best: 81714.79196054216
routes: [0, 4, 3, 6, 5, 10, 9, 7, 8, 2, 1, 61, 62, 63, 64, 65, 68, 66, 67, 69, 70, 0, 43, 45, 42, 41, 44, 46, 49, 50, 47, 48, 14, 12, 11, 13, 15, 18, 17, 19, 20, 16, 0, 31, 39, 40, 35, 36, 37, 38, 34, 33, 32, 24, 21, 23, 22, 25, 27, 29, 30, 28, 26, 0, 80, 76, 77, 74, 71, 72, 73, 75, 78, 79, 58, 59, 60, 56, 57, 55, 54, 53, 51, 52, 0]
Elapsed time: 209.53374242782593

i:0	133873.88018151652
i:50	88514.99304887763
i:100	86663.5715928835
i:150	85681.70894230207
i:200	84891.33793750452
i:250	84618.06866726118
i:300	84155.79716501893
i:350	83154.99321387352
i:400	82701.34192765898
i:450	82701.34192765898
i:500	82701.34192765898
i:550	82701.34192765898
i:600	82701.34192765898
i:650	82701.34192765898
best: 82701.34192765898
routes: [0, 4, 1, 2, 3, 6, 5, 10, 9, 7, 8, 54, 51, 53, 55, 57, 59, 60, 58, 56, 52, 0, 79, 77, 74, 76, 71, 72, 73, 75, 78, 80, 61, 62, 63, 64, 65, 68, 66, 67, 69, 70, 0, 31, 34, 33, 32, 38, 39, 40, 37, 35, 36, 30, 28, 27, 29, 25, 26, 24, 21, 23, 22, 0, 13, 16, 15, 17, 19, 20, 18, 14, 12, 11, 43, 45, 47, 49, 50, 48, 46, 44, 41, 42, 0]
Elapsed time: 217.03666424751282

i:0	126548.81441150521
i:50	87726.98393210054
i:100	82960.43294140228
i:150	81737.28982724695
i:200	81274.27032544029
i:250	80586.79029278783
i:300	80498.5419281887
i:350	80453.82511407483
i:400	80453.82511407483
i:450	80453.82511407483
i:500	80453.82511407483
i:550	80432.54944929747
i:600	79876.49547332131
i:650	79876.49547332131
best: 79876.49547332131
routes: [0, 43, 42, 41, 45, 44, 46, 49, 50, 47, 48, 11, 13, 16, 20, 19, 17, 18, 15, 14, 12, 0, 51, 52, 53, 56, 54, 55, 57, 59, 60, 58, 76, 74, 71, 72, 73, 75, 78, 77, 79, 80, 0, 4, 5, 6, 7, 10, 9, 8, 2, 3, 1, 61, 62, 63, 64, 65, 68, 66, 67, 69, 70, 0, 31, 34, 33, 38, 39, 40, 36, 35, 37, 32, 28, 30, 29, 27, 25, 26, 24, 21, 23, 22, 0]
Elapsed time: 200.7055163383484

i:0	129620.7678699756
i:50	86218.3178844807
i:100	83185.93443462133
i:150	81839.10252490209
i:200	81823.28924900442
i:250	81613.98367773226
i:300	81563.7487724658
i:350	80526.1362625639
i:400	80003.56319013922
i:450	79854.93711311914
i:500	79803.71793882546
i:550	79800.31164530967
i:600	79800.31164530967
i:650	79800.31164530967
best: 79800.31164530967
routes: [0, 51, 52, 53, 56, 55, 54, 57, 59, 60, 58, 76, 79, 77, 74, 71, 72, 73, 75, 78, 80, 0, 43, 45, 42, 41, 44, 46, 49, 50, 47, 48, 14, 12, 11, 13, 15, 18, 17, 19, 20, 16, 0, 31, 39, 38, 37, 40, 35, 36, 34, 33, 32, 28, 30, 29, 27, 25, 26, 24, 21, 23, 22, 0, 4, 3, 6, 5, 10, 9, 7, 8, 2, 1, 69, 70, 66, 67, 68, 65, 64, 63, 61, 62, 0]
Elapsed time: 194.26874232292175

i:0	112589.69797086551
i:50	89506.63126192143
i:100	86427.93662699952
i:150	85554.90129786868
i:200	84356.93126962829
i:250	83920.85858355468
i:300	83087.97327711023
i:350	82647.20144971367
i:400	82622.71486775466
i:450	81934.69054449299
i:500	81934.69054449299
i:550	81934.69054449299
i:600	81866.74241909299
i:650	81776.06654228241
best: 81776.06654228241
routes: [0, 79, 80, 76, 77, 74, 71, 72, 73, 75, 78, 58, 60, 59, 57, 54, 55, 56, 53, 51, 52, 0, 4, 5, 10, 6, 3, 1, 2, 8, 7, 9, 43, 41, 44, 46, 49, 50, 48, 47, 45, 42, 0, 61, 62, 63, 64, 65, 68, 66, 67, 69, 70, 31, 39, 40, 35, 36, 37, 38, 34, 33, 32, 0, 21, 24, 23, 25, 27, 29, 30, 28, 26, 22, 13, 11, 12, 15, 14, 17, 19, 20, 18, 16, 0]
Elapsed time: 212.13147068023682

i:0	127455.894968969
i:50	84569.10950679985
i:100	82969.32337953255
i:150	82579.21744022153
i:200	82434.96063683038
i:250	81466.59086299206
i:300	80888.02211591801
i:350	80363.98552442463
i:400	80363.98552442463
i:450	79766.72048574284
i:500	79489.56203175517
i:550	79489.56203175517
i:600	79489.56203175517
i:650	79489.56203175517
best: 79489.56203175517
routes: [0, 43, 45, 42, 41, 44, 46, 49, 50, 47, 48, 17, 19, 20, 18, 15, 14, 12, 11, 13, 16, 0, 4, 3, 6, 5, 10, 9, 7, 8, 2, 1, 69, 70, 66, 67, 68, 65, 64, 63, 61, 62, 0, 51, 52, 53, 56, 54, 55, 57, 59, 60, 58, 76, 74, 71, 72, 73, 75, 78, 77, 79, 80, 0, 31, 34, 33, 38, 39, 40, 36, 35, 37, 32, 21, 23, 22, 25, 27, 29, 30, 28, 26, 24, 0]
Elapsed time: 206.31443428993225

i:0	124359.20645258098
i:50	87759.0272511075
i:100	85069.02280166929
i:150	83125.18191331494
i:200	82776.51331540043
i:250	81872.57961742749
i:300	81872.57961742749
i:350	81872.57961742749
i:400	81726.56886576104
i:450	81726.56886576104
i:500	81134.16524229274
i:550	81134.16524229274
i:600	81134.16524229274
i:650	81134.16524229274
best: 81134.16524229274
routes: [0, 43, 42, 41, 44, 46, 45, 47, 49, 50, 48, 11, 12, 13, 15, 14, 17, 19, 20, 18, 16, 0, 4, 3, 6, 5, 10, 9, 7, 8, 2, 1, 61, 62, 63, 64, 65, 68, 66, 67, 69, 70, 0, 31, 39, 40, 35, 36, 37, 38, 34, 33, 32, 30, 28, 27, 29, 25, 26, 24, 21, 23, 22, 0, 76, 74, 71, 72, 73, 75, 78, 77, 79, 80, 58, 60, 59, 57, 54, 55, 56, 53, 51, 52, 0]
Elapsed time: 204.81870770454407

i:0	131427.61111466106
i:50	89828.52853313154
i:100	87585.00055764116
i:150	87297.32427321353
i:200	86325.14266126984
i:250	85067.73795840077
i:300	83021.65504572212
i:350	81962.04782999361
i:400	81384.7732775036
i:450	81215.83346392305
i:500	80261.3667995196
i:550	80261.3667995196
i:600	80261.3667995196
i:650	80261.3667995196
best: 80261.3667995196
routes: [0, 21, 24, 23, 25, 27, 29, 30, 28, 26, 22, 16, 13, 11, 12, 15, 14, 17, 19, 20, 18, 0, 80, 76, 77, 74, 71, 72, 73, 75, 78, 79, 58, 60, 59, 57, 54, 55, 56, 53, 51, 52, 0, 4, 1, 2, 3, 6, 5, 10, 7, 8, 9, 43, 47, 45, 42, 41, 44, 46, 49, 50, 48, 0, 33, 32, 37, 35, 36, 40, 39, 38, 34, 31, 69, 70, 66, 67, 68, 65, 64, 63, 61, 62, 0]
Elapsed time: 210.72105741500854

i:0	108158.36701100833
i:50	82338.18369451643
i:100	81689.30043526531
i:150	81512.96416301998
i:200	81477.21654416519
i:250	81477.21654416519
i:300	81477.21654416519
i:350	81477.21654416519
i:400	81392.53031188963
i:450	81306.84251342741
i:500	81300.60750922891
i:550	81300.60750922891
i:600	80931.94080243452
i:650	80931.94080243452
best: 80931.94080243452
routes: [0, 51, 52, 53, 56, 55, 54, 57, 59, 60, 58, 76, 79, 77, 74, 71, 72, 73, 75, 78, 80, 0, 16, 13, 15, 18, 20, 19, 17, 14, 12, 11, 43, 45, 46, 49, 50, 48, 47, 44, 41, 42, 0, 31, 39, 40, 35, 36, 37, 38, 34, 33, 32, 24, 21, 23, 22, 25, 27, 29, 30, 28, 26, 0, 4, 3, 6, 5, 10, 9, 7, 8, 2, 1, 61, 62, 63, 64, 65, 68, 66, 67, 69, 70, 0]
Elapsed time: 186.1974332332611

i:0	123788.79406031551
i:50	87145.72546182698
i:100	83993.00225418985
i:150	82162.12021950445
i:200	82049.4531279598
i:250	81859.44549973129
i:300	81415.04830242161
i:350	81415.04830242161
i:400	81415.04830242161
i:450	81397.41124359157
i:500	81386.38004641794
i:550	81251.40049192516
i:600	81251.40049192516
i:650	81251.40049192516
best: 81251.40049192516
routes: [0, 43, 45, 42, 41, 44, 46, 49, 50, 47, 48, 14, 12, 11, 13, 15, 18, 17, 19, 20, 16, 0, 31, 39, 38, 37, 40, 35, 36, 34, 33, 32, 28, 30, 29, 27, 25, 26, 24, 21, 23, 22, 0, 4, 3, 6, 5, 10, 9, 7, 8, 2, 1, 61, 62, 63, 64, 65, 68, 66, 67, 69, 70, 0, 80, 76, 77, 74, 71, 72, 73, 75, 78, 79, 58, 60, 59, 57, 54, 55, 56, 53, 51, 52, 0]
Elapsed time: 197.6527063846588

i:0	124641.91836353594
i:50	87292.65191974644
i:100	85321.53369456486
i:150	84742.96083793943
i:200	84355.35433425446
i:250	83844.16400426527
i:300	83844.16400426527
i:350	81627.03635605643
i:400	81620.80135185792
i:450	81620.80135185792
i:500	81620.80135185792
i:550	81620.80135185792
i:600	81620.80135185792
i:650	81620.80135185792
best: 81620.80135185792
routes: [0, 13, 15, 18, 16, 20, 19, 17, 14, 12, 11, 43, 41, 44, 46, 49, 50, 48, 47, 45, 42, 0, 21, 22, 23, 24, 26, 25, 29, 27, 28, 30, 35, 36, 37, 40, 39, 38, 31, 34, 33, 32, 0, 51, 52, 53, 56, 54, 55, 57, 59, 60, 58, 76, 74, 71, 72, 73, 75, 78, 77, 79, 80, 0, 4, 5, 10, 9, 7, 8, 6, 3, 2, 1, 61, 65, 68, 67, 69, 70, 66, 64, 63, 62, 0]
Elapsed time: 195.39613032341003

i:0	120388.77774754344
i:50	88226.37081605122
i:100	85463.84317923177
i:150	84340.67618875895
i:200	84152.26342438823
i:250	83827.49233597692
i:300	82791.2089576612
i:350	82423.0917609807
i:400	82176.48847281752
i:450	80919.28470115789
i:500	80919.28470115789
i:550	80919.28470115789
i:600	80919.28470115789
i:650	80919.28470115789
best: 80919.28470115789
routes: [0, 11, 12, 13, 15, 14, 17, 19, 20, 18, 16, 25, 27, 29, 30, 28, 26, 24, 21, 23, 22, 0, 76, 74, 71, 72, 73, 75, 78, 77, 79, 80, 58, 60, 59, 57, 54, 55, 56, 53, 51, 52, 0, 43, 41, 44, 46, 49, 50, 48, 47, 45, 42, 9, 8, 7, 10, 5, 6, 2, 1, 3, 4, 0, 61, 62, 63, 64, 65, 68, 66, 67, 69, 70, 31, 34, 33, 38, 39, 40, 35, 36, 37, 32, 0]
Elapsed time: 217.45159578323364

i:0	116326.2557086407
i:50	86532.5364711394
i:100	83699.54766032421
i:150	82605.1018133242
i:200	82275.34860686671
i:250	81492.51250134691
i:300	81190.06309988338
i:350	81044.20017126793
i:400	81044.20017126793
i:450	80704.28910985558
i:500	80704.28910985558
i:550	80704.28910985558
i:600	80704.28910985558
i:650	80704.28910985558
best: 80704.28910985558
routes: [0, 13, 15, 14, 17, 19, 20, 18, 16, 12, 11, 43, 45, 46, 49, 50, 48, 47, 44, 41, 42, 0, 51, 52, 53, 56, 54, 55, 57, 59, 60, 58, 79, 77, 74, 76, 71, 72, 73, 75, 78, 80, 0, 4, 3, 6, 5, 10, 9, 7, 8, 2, 1, 61, 62, 63, 64, 65, 68, 66, 67, 69, 70, 0, 31, 39, 40, 35, 36, 37, 38, 34, 33, 32, 30, 28, 27, 29, 25, 26, 24, 21, 23, 22, 0]
Elapsed time: 205.4159004688263

i:0	124004.43788575706
i:50	86763.62345774652
i:100	85335.3587598113
i:150	84767.48865070511
i:200	84587.55453004298
i:250	83812.09026086208
i:300	83812.09026086208
i:350	83465.50854995725
i:400	83007.03826797703
i:450	82840.08061130137
i:500	82612.08040131921
i:550	82612.08040131921
i:600	82612.08040131921
i:650	82612.08040131921
best: 82612.08040131921
routes: [0, 43, 48, 47, 45, 42, 41, 44, 46, 49, 50, 17, 19, 20, 18, 15, 14, 12, 11, 13, 16, 0, 4, 5, 6, 10, 9, 7, 8, 2, 3, 1, 61, 63, 65, 68, 67, 69, 70, 66, 64, 62, 0, 76, 77, 74, 71, 72, 73, 75, 78, 80, 79, 58, 60, 59, 57, 54, 55, 56, 53, 51, 52, 0, 31, 39, 38, 37, 40, 35, 36, 34, 33, 32, 28, 30, 29, 27, 25, 26, 24, 21, 23, 22, 0]
Elapsed time: 186.03318858146667

i:0	124637.88023854975
i:50	88948.95434870868
i:100	86710.37474450585
i:150	86079.65494910112
i:200	85471.38966023349
i:250	85270.87947079318
i:300	85164.24629416734
i:350	83404.24523693397
i:400	83398.01023273547
i:450	83342.85851040704
i:500	82999.50778333121
i:550	82999.50778333121
i:600	82999.50778333121
i:650	82999.50778333121
best: 82999.50778333121
routes: [0, 13, 15, 18, 16, 20, 19, 17, 14, 12, 11, 43, 42, 41, 45, 44, 46, 49, 50, 47, 48, 0, 31, 39, 38, 34, 33, 32, 37, 40, 35, 36, 30, 28, 27, 29, 25, 26, 24, 21, 23, 22, 0, 71, 72, 73, 75, 78, 80, 79, 77, 74, 76, 59, 60, 58, 52, 51, 53, 56, 57, 55, 54, 0, 4, 3, 6, 5, 10, 9, 7, 8, 2, 1, 69, 70, 66, 67, 68, 65, 64, 63, 61, 62, 0]
Elapsed time: 199.4974844455719

i:0	122063.86996195067
i:50	87948.35763277521
i:100	84016.94983104219
i:150	83141.0918691336
i:200	83060.06099696699
i:250	82169.73165501651
i:300	82142.96740314
i:350	81775.69405835081
i:400	81775.69405835081
i:450	81772.28776483503
i:500	81772.28776483503
i:550	80321.14571399835
i:600	80140.13785804373
i:650	79988.81324718008
best: 79988.81324718008
routes: [0, 51, 52, 53, 56, 54, 55, 57, 59, 60, 58, 76, 74, 71, 72, 73, 75, 78, 77, 79, 80, 0, 31, 39, 38, 37, 40, 35, 36, 34, 33, 32, 28, 30, 29, 27, 25, 26, 24, 21, 23, 22, 0, 13, 15, 18, 16, 20, 19, 17, 14, 12, 11, 43, 42, 41, 45, 44, 46, 49, 50, 47, 48, 0, 4, 5, 10, 7, 9, 8, 2, 6, 3, 1, 61, 62, 63, 64, 65, 68, 66, 67, 69, 70, 0]
Elapsed time: 205.80192399024963

i:0	122429.77117254978
i:50	85878.28992579856
i:100	83558.35471866681
i:150	82476.60551493199
i:200	81786.83452157618
i:250	81196.9888118563
i:300	81196.9888118563
i:350	81000.54639693403
i:400	81000.54639693403
i:450	81000.54639693403
i:500	81000.54639693403
i:550	81000.54639693403
i:600	81000.54639693403
i:650	81000.54639693403
best: 81000.54639693403
routes: [0, 51, 52, 53, 56, 54, 55, 57, 59, 60, 58, 79, 80, 76, 77, 74, 71, 72, 73, 75, 78, 0, 31, 39, 38, 34, 33, 32, 37, 40, 35, 36, 30, 28, 27, 29, 25, 26, 24, 21, 23, 22, 0, 13, 15, 18, 16, 20, 19, 17, 14, 12, 11, 43, 48, 46, 49, 50, 47, 45, 44, 41, 42, 0, 4, 3, 6, 5, 10, 9, 7, 8, 2, 1, 61, 62, 63, 64, 65, 68, 66, 67, 69, 70, 0]
Elapsed time: 184.8036391735077

i:0	127440.71738802032
i:50	86709.89213459837
i:100	85432.32732467807
i:150	84872.68172118848
i:200	84652.30764986583
i:250	84353.75511058836
i:300	84124.4252690548
i:350	84092.2274572514
i:400	83842.42191779663
i:450	83121.35534354873
i:500	82952.45895821296
i:550	81807.44868107716
i:600	81807.44868107716
i:650	81038.4072771892
best: 80088.21051454113
routes: [0, 4, 5, 6, 7, 10, 9, 8, 2, 3, 1, 61, 62, 63, 64, 65, 68, 66, 67, 69, 70, 0, 31, 34, 33, 32, 38, 39, 40, 37, 35, 36, 30, 28, 27, 29, 25, 26, 24, 21, 23, 22, 0, 43, 42, 41, 45, 44, 46, 49, 50, 47, 48, 14, 12, 11, 13, 15, 18, 17, 19, 20, 16, 0, 51, 52, 53, 56, 54, 55, 57, 59, 60, 58, 79, 80, 76, 77, 74, 71, 72, 73, 75, 78, 0]
Elapsed time: 214.27649903297424

i:0	125590.78661679383
i:50	85612.99254222363
i:100	83318.58689679185
i:150	82628.15197798802
i:200	82418.49738765374
i:250	82068.6692431373
i:300	81628.02565692671
i:350	81628.02565692671
i:400	80731.9549621729
i:450	80575.24579377263
i:500	80289.25987263984
i:550	80289.25987263984
i:600	80179.58508235471
i:650	80179.58508235471
best: 80179.58508235471
routes: [0, 21, 22, 23, 24, 26, 25, 29, 27, 28, 30, 35, 36, 37, 40, 39, 38, 31, 34, 33, 32, 0, 43, 42, 41, 44, 46, 45, 47, 49, 50, 48, 11, 12, 13, 15, 14, 17, 19, 20, 18, 16, 0, 4, 5, 6, 7, 10, 9, 8, 2, 3, 1, 61, 62, 63, 64, 65, 68, 66, 67, 69, 70, 0, 51, 52, 53, 56, 54, 55, 57, 59, 60, 58, 79, 80, 76, 77, 74, 71, 72, 73, 75, 78, 0]
Elapsed time: 207.56465649604797

i:0	121474.66389323023
i:50	87491.55007576931
i:100	85758.06567096332
i:150	83926.77578630726
i:200	83686.11666046336
i:250	82779.01617565028
i:300	82459.33193935835
i:350	82184.4691092272
i:400	82121.74626231042
i:450	82100.47059753307
i:500	81872.47038755091
i:550	81872.47038755091
i:600	81872.47038755091
i:650	81872.47038755091
best: 81872.47038755091
routes: [0, 43, 42, 41, 45, 44, 46, 49, 50, 47, 48, 11, 13, 16, 20, 19, 17, 18, 15, 14, 12, 0, 79, 77, 74, 76, 71, 72, 73, 75, 78, 80, 58, 60, 59, 57, 54, 55, 56, 53, 51, 52, 0, 21, 22, 23, 24, 26, 25, 29, 27, 28, 30, 35, 36, 37, 40, 39, 38, 31, 34, 33, 32, 0, 1, 3, 4, 6, 5, 10, 9, 7, 8, 2, 61, 62, 63, 64, 65, 68, 66, 67, 69, 70, 0]
Elapsed time: 212.35205268859863

mean: 81046.15159465623
std: 998.5954091265538
mean-time: 203.39867730140685
std-time: 9.831858680052626