i:0	116899.17402009026
i:50	88179.98293103639
i:100	86815.07927528168
i:150	80481.73428704035
i:200	78160.65724721763
i:250	77961.98713263586
i:300	77961.98713263586
i:350	77961.98713263586
i:400	77515.55152068204
i:450	77515.55152068204
i:500	77515.55152068204
i:550	77515.55152068204
i:600	77515.55152068204
i:650	77515.55152068204
best: 77515.55152068204
routes: [0, 41, 42, 43, 48, 46, 47, 45, 44, 68, 70, 67, 66, 69, 65, 71, 72, 33, 34, 35, 40, 39, 37, 38, 36, 7, 8, 2, 1, 3, 6, 5, 4, 0, 25, 28, 27, 26, 32, 31, 30, 29, 24, 23, 21, 22, 20, 17, 19, 18, 11, 9, 10, 12, 13, 15, 16, 14, 0, 63, 62, 57, 58, 60, 59, 61, 64, 50, 49, 51, 52, 53, 56, 54, 55, 80, 79, 78, 76, 77, 75, 73, 74, 0]
Elapsed time: 175.23400926589966

i:0	116701.7571340896
i:50	90163.58825816444
i:100	79609.03520227084
i:150	78905.33012993896
i:200	78715.54861585142
i:250	78506.91596447575
i:300	78485.6791976585
i:350	78485.6791976585
i:400	78194.14329965267
i:450	78178.83658474343
i:500	78178.83658474343
i:550	78178.83658474343
i:600	78178.83658474343
i:650	78178.83658474343
best: 78178.83658474343
routes: [0, 27, 26, 31, 30, 29, 32, 28, 25, 78, 80, 79, 76, 77, 75, 73, 74, 51, 53, 55, 54, 56, 52, 49, 50, 0, 17, 19, 21, 23, 24, 22, 20, 18, 14, 13, 12, 15, 16, 11, 10, 9, 40, 39, 38, 36, 37, 35, 34, 33, 72, 71, 65, 66, 69, 67, 70, 68, 0, 4, 1, 3, 5, 6, 7, 8, 2, 63, 64, 61, 59, 58, 57, 62, 60, 48, 46, 47, 45, 44, 43, 41, 42, 0]
Elapsed time: 163.98522853851318

i:0	115620.58055517518
i:50	86843.20759716265
i:100	86792.97026832709
i:150	85882.58008913865
i:200	79063.89891557826
i:250	76301.39245334873
i:300	76229.88325984901
i:350	76211.14563905868
i:400	76211.14563905868
i:450	75677.94317097472
i:500	74453.32407597927
i:550	74453.32407597927
i:600	74453.32407597927
i:650	74453.32407597927
best: 74453.32407597927
routes: [0, 4, 1, 2, 3, 5, 6, 7, 8, 70, 68, 67, 66, 69, 65, 71, 72, 33, 34, 35, 39, 38, 36, 37, 40, 12, 10, 9, 11, 13, 15, 16, 14, 0, 41, 42, 43, 46, 44, 45, 47, 48, 63, 62, 60, 58, 57, 59, 61, 64, 50, 49, 51, 52, 53, 56, 54, 55, 74, 73, 75, 76, 77, 80, 79, 78, 0, 25, 28, 27, 32, 26, 31, 30, 29, 24, 23, 21, 22, 20, 17, 19, 18, 0]
Elapsed time: 184.36878609657288

i:0	112160.76454821092
i:50	89724.94780409006
i:100	80228.15407210996
i:150	78151.7728552244
i:200	77723.71307589448
i:250	77723.71307589448
i:300	77674.88899232639
i:350	77674.88899232639
i:400	77674.88899232639
i:450	77674.88899232639
i:500	77674.88899232639
i:550	77402.70502769608
i:600	77402.70502769608
i:650	77402.70502769608
best: 77402.70502769608
routes: [0, 73, 74, 75, 76, 77, 79, 78, 80, 54, 55, 56, 53, 52, 51, 50, 49, 64, 63, 60, 61, 59, 58, 57, 62, 0, 41, 42, 43, 48, 46, 47, 45, 44, 68, 70, 67, 66, 69, 65, 71, 72, 33, 35, 40, 39, 38, 36, 37, 34, 0, 25, 28, 27, 32, 30, 29, 31, 26, 24, 23, 21, 22, 20, 17, 19, 18, 14, 16, 13, 15, 12, 11, 9, 10, 5, 6, 7, 8, 2, 1, 3, 4, 0]
Elapsed time: 169.2151861190796

i:0	113132.01806948885
i:50	92245.65919000967
i:100	86917.65296906239
i:150	84012.13213013503
i:200	77575.0004581314
i:250	77575.0004581314
i:300	77572.86109946015
i:350	77572.86109946015
i:400	77572.03547868367
i:450	77572.03547868367
i:500	77572.03547868367
i:550	77572.03547868367
i:600	77572.03547868367
i:650	77572.03547868367
best: 77572.03547868367
routes: [0, 25, 28, 27, 30, 29, 31, 32, 26, 24, 23, 21, 20, 17, 19, 18, 22, 11, 13, 12, 9, 10, 15, 16, 14, 0, 35, 34, 37, 40, 39, 38, 36, 33, 72, 71, 65, 66, 69, 67, 70, 68, 60, 63, 64, 61, 59, 58, 57, 62, 0, 73, 74, 75, 76, 77, 79, 78, 80, 54, 55, 56, 53, 52, 51, 49, 50, 41, 42, 43, 48, 46, 47, 45, 44, 7, 8, 2, 1, 3, 6, 5, 4, 0]
Elapsed time: 177.7004749774933

i:0	117517.66582821871
i:50	89948.1314206227
i:100	89463.45525579734
i:150	77584.67709295228
i:200	76455.79113452717
i:250	76218.18644144139
i:300	76218.18644144139
i:350	75677.84626009602
i:400	75677.84626009602
i:450	75677.84626009602
i:500	75677.84626009602
i:550	75677.84626009602
i:600	75677.84626009602
i:650	75677.84626009602
best: 75677.84626009602
routes: [0, 54, 55, 56, 53, 52, 51, 50, 49, 64, 61, 59, 58, 57, 63, 60, 62, 48, 46, 47, 45, 44, 43, 41, 42, 0, 9, 11, 14, 16, 13, 15, 12, 10, 40, 39, 38, 36, 37, 35, 34, 33, 72, 71, 65, 66, 69, 67, 68, 70, 7, 8, 2, 1, 3, 6, 5, 4, 0, 17, 19, 18, 21, 23, 24, 22, 20, 27, 28, 26, 30, 29, 31, 32, 25, 80, 79, 78, 76, 77, 75, 73, 74, 0]
Elapsed time: 175.15329480171204

i:0	119722.40110315642
i:50	84190.64603337125
i:100	79097.89282244208
i:150	76930.5454333776
i:200	75402.15995170311
i:250	75164.94667606012
i:300	75164.94667606012
i:350	75152.98923652209
i:400	75152.98923652209
i:450	75152.98923652209
i:500	75152.98923652209
i:550	75152.98923652209
i:600	75152.98923652209
i:650	75152.98923652209
best: 75152.98923652209
routes: [0, 54, 55, 56, 53, 52, 51, 50, 49, 64, 61, 59, 58, 57, 63, 60, 62, 48, 42, 41, 43, 46, 47, 45, 44, 0, 73, 74, 75, 76, 77, 80, 79, 78, 25, 27, 28, 32, 30, 29, 31, 26, 24, 23, 21, 22, 20, 17, 19, 18, 14, 16, 13, 15, 12, 11, 9, 10, 0, 35, 34, 37, 40, 39, 38, 36, 33, 72, 71, 65, 66, 69, 67, 68, 70, 7, 8, 2, 1, 3, 6, 5, 4, 0]
Elapsed time: 169.637629032135

i:0	126000.88577048412
i:50	86509.15857089995
i:100	81264.13224045478
i:150	79799.23688109429
i:200	79619.86192762863
i:250	79619.86192762863
i:300	79619.86192762863
i:350	79321.2478761615
i:400	79011.69555562123
i:450	79011.69555562123
i:500	79011.69555562123
i:550	79011.69555562123
i:600	79011.69555562123
i:650	79011.69555562123
best: 79011.69555562123
routes: [0, 73, 74, 75, 77, 80, 79, 78, 76, 49, 54, 55, 56, 53, 52, 51, 50, 41, 42, 43, 48, 46, 47, 45, 44, 7, 8, 2, 1, 3, 6, 5, 4, 0, 25, 27, 28, 32, 30, 29, 31, 26, 24, 23, 21, 22, 17, 19, 20, 18, 11, 13, 12, 9, 10, 15, 16, 14, 0, 35, 34, 40, 39, 38, 36, 37, 33, 72, 71, 65, 66, 69, 67, 70, 68, 57, 58, 60, 59, 61, 64, 63, 62, 0]
Elapsed time: 166.02263069152832

i:0	113361.86393921988
i:50	90588.28817627892
i:100	83513.80080588306
i:150	82025.31536268517
i:200	81100.7613891991
i:250	80968.23418123568
i:300	80953.27520332715
i:350	80788.41051219316
i:400	75225.29752735935
i:450	75225.29752735935
i:500	75225.29752735935
i:550	75225.29752735935
i:600	75225.29752735935
i:650	75225.29752735935
best: 75225.29752735935
routes: [0, 41, 42, 43, 46, 44, 45, 47, 48, 64, 61, 59, 58, 57, 63, 60, 62, 50, 49, 51, 52, 53, 55, 56, 54, 0, 11, 14, 16, 13, 15, 12, 10, 9, 35, 34, 37, 40, 39, 38, 36, 33, 72, 71, 65, 66, 69, 67, 68, 70, 7, 8, 2, 1, 3, 6, 5, 4, 0, 73, 74, 75, 76, 77, 80, 79, 78, 25, 27, 28, 32, 30, 29, 31, 26, 24, 23, 21, 22, 20, 17, 19, 18, 0]
Elapsed time: 182.0963191986084

i:0	119078.32115924888
i:50	84685.69473192569
i:100	80535.02001130988
i:150	79401.23626977153
i:200	78534.68824750518
i:250	78528.96939249366
i:300	78460.8545712734
i:350	78460.8545712734
i:400	78300.45416915044
i:450	78300.45416915044
i:500	78300.45416915044
i:550	78300.45416915044
i:600	78300.45416915044
i:650	78300.45416915044
best: 78300.45416915044
routes: [0, 27, 28, 26, 30, 29, 31, 32, 25, 80, 79, 78, 74, 73, 75, 77, 76, 54, 55, 56, 53, 52, 51, 49, 50, 0, 60, 58, 57, 59, 61, 64, 63, 62, 48, 42, 41, 43, 46, 47, 45, 44, 8, 7, 5, 6, 2, 1, 3, 4, 0, 70, 68, 67, 66, 69, 65, 71, 72, 33, 36, 38, 39, 37, 34, 35, 40, 15, 12, 10, 9, 11, 13, 16, 14, 18, 17, 19, 21, 23, 24, 22, 20, 0]
Elapsed time: 169.70458364486694

i:0	115305.11026592829
i:50	89834.46184038077
i:100	79545.81610441454
i:150	78443.98200904683
i:200	78197.26279736047
i:250	78197.26279736047
i:300	78197.26279736047
i:350	78197.26279736047
i:400	78197.26279736047
i:450	78197.26279736047
i:500	78197.26279736047
i:550	78197.26279736047
i:600	78197.26279736047
i:650	78197.26279736047
best: 78197.26279736047
routes: [0, 11, 15, 16, 14, 13, 12, 10, 9, 35, 40, 39, 38, 36, 37, 34, 33, 72, 71, 65, 66, 69, 67, 68, 70, 0, 41, 42, 43, 46, 44, 45, 47, 48, 63, 64, 61, 59, 58, 57, 62, 60, 8, 7, 5, 6, 2, 1, 3, 4, 0, 54, 55, 56, 53, 52, 51, 50, 49, 73, 74, 75, 76, 77, 80, 79, 78, 25, 32, 30, 29, 31, 28, 27, 26, 24, 23, 21, 22, 20, 17, 19, 18, 0]
Elapsed time: 166.58026504516602

i:0	120752.64253603597
i:50	89084.60583076563
i:100	81234.00908986856
i:150	79781.61041970096
i:200	79138.33210309391
i:250	78120.0528566583
i:300	78102.07156936177
i:350	77878.99234620781
i:400	77776.85172782326
i:450	77776.85172782326
i:500	77776.85172782326
i:550	77776.85172782326
i:600	77776.85172782326
i:650	77776.85172782326
best: 77776.85172782326
routes: [0, 4, 5, 6, 3, 1, 2, 8, 7, 35, 34, 37, 40, 39, 38, 36, 33, 72, 71, 65, 66, 69, 67, 70, 68, 44, 45, 47, 48, 46, 43, 41, 42, 0, 62, 60, 58, 57, 59, 61, 63, 64, 50, 49, 51, 52, 53, 56, 54, 55, 74, 73, 75, 76, 77, 80, 79, 78, 0, 25, 30, 29, 31, 32, 28, 27, 26, 20, 17, 19, 18, 21, 23, 24, 22, 16, 13, 15, 12, 10, 9, 11, 14, 0]
Elapsed time: 170.40118098258972

i:0	111316.49472099997
i:50	90069.81098597634
i:100	90046.85399181307
i:150	80959.49137540658
i:200	80193.93758531805
i:250	78948.92043998133
i:300	78933.2461270418
i:350	78921.28868750377
i:400	78921.28868750377
i:450	78921.28868750377
i:500	78915.08213573664
i:550	78915.08213573664
i:600	78915.08213573664
i:650	78915.08213573664
best: 78915.08213573664
routes: [0, 74, 73, 75, 76, 78, 80, 79, 77, 49, 51, 54, 55, 56, 53, 52, 50, 64, 61, 59, 58, 57, 63, 60, 62, 0, 35, 34, 37, 40, 39, 38, 36, 33, 72, 71, 65, 66, 69, 67, 70, 68, 44, 45, 47, 48, 46, 43, 41, 42, 2, 1, 3, 6, 7, 8, 5, 4, 0, 9, 10, 12, 11, 13, 15, 16, 14, 18, 17, 19, 21, 23, 24, 22, 20, 27, 26, 30, 29, 31, 32, 25, 28, 0]
Elapsed time: 180.44628620147705

i:0	116674.73874141555
i:50	81823.41031336531
i:100	77065.53126732915
i:150	76010.64247070848
i:200	75560.98976779975
i:250	75284.3823678127
i:300	75284.3823678127
i:350	75284.3823678127
i:400	75284.3823678127
i:450	75284.3823678127
i:500	75284.3823678127
i:550	75284.3823678127
i:600	75284.3823678127
i:650	75284.3823678127
best: 75284.3823678127
routes: [0, 4, 3, 1, 5, 6, 2, 8, 7, 35, 37, 40, 39, 38, 36, 34, 33, 72, 71, 65, 66, 69, 67, 68, 70, 0, 41, 42, 43, 46, 44, 45, 47, 48, 63, 62, 60, 58, 57, 59, 61, 64, 50, 49, 51, 52, 53, 56, 54, 55, 80, 79, 78, 76, 77, 75, 73, 74, 0, 25, 27, 28, 32, 31, 30, 29, 26, 20, 17, 19, 21, 23, 24, 22, 18, 14, 16, 13, 15, 12, 11, 9, 10, 0]
Elapsed time: 168.2107117176056

i:0	119536.0946027378
i:50	92309.95618357422
i:100	86015.29667013907
i:150	79197.50350075071
i:200	78663.33104694472
i:250	77742.21847460873
i:300	77742.21847460873
i:350	77466.22456224724
i:400	77466.22456224724
i:450	77466.22456224724
i:500	77466.22456224724
i:550	77466.22456224724
i:600	77466.22456224724
i:650	77466.22456224724
best: 77466.22456224724
routes: [0, 11, 14, 16, 13, 15, 12, 10, 9, 40, 39, 38, 36, 37, 35, 34, 33, 72, 71, 65, 66, 69, 67, 70, 68, 8, 7, 5, 6, 2, 1, 3, 4, 0, 75, 76, 77, 80, 79, 78, 73, 74, 64, 61, 59, 58, 57, 63, 60, 62, 48, 46, 47, 45, 44, 43, 41, 42, 0, 49, 50, 52, 51, 53, 55, 56, 54, 25, 28, 27, 32, 30, 29, 31, 26, 24, 23, 21, 22, 20, 17, 19, 18, 0]
Elapsed time: 169.52922105789185

i:0	113884.0154478573
i:50	88245.63686761494
i:100	79776.12588067695
i:150	78599.33860260306
i:200	78248.59152357822
i:250	77863.14015349012
i:300	77863.14015349012
i:350	77813.20802381389
i:400	77754.55302494195
i:450	77754.55302494195
i:500	77754.55302494195
i:550	77738.64227974076
i:600	77738.64227974076
i:650	77738.64227974076
best: 77738.64227974076
routes: [0, 4, 5, 6, 3, 1, 2, 8, 7, 70, 68, 67, 66, 69, 65, 71, 72, 33, 34, 35, 39, 38, 36, 37, 40, 12, 10, 9, 11, 13, 15, 16, 14, 0, 17, 19, 18, 23, 24, 21, 22, 20, 26, 30, 29, 31, 32, 27, 28, 25, 78, 75, 77, 80, 79, 76, 74, 73, 0, 54, 55, 56, 53, 52, 51, 50, 49, 64, 61, 59, 58, 57, 63, 60, 62, 48, 42, 41, 43, 46, 47, 45, 44, 0]
Elapsed time: 170.2540831565857

i:0	128570.47074385305
i:50	91579.46169509627
i:100	78953.17267874983
i:150	78205.18511438582
i:200	77489.98020519609
i:250	77420.49208304528
i:300	77420.05709283035
i:350	77259.65669070739
i:400	77259.65669070739
i:450	77259.65669070739
i:500	77259.65669070739
i:550	77259.65669070739
i:600	77259.65669070739
i:650	77259.65669070739
best: 77259.65669070739
routes: [0, 70, 68, 67, 66, 69, 65, 71, 72, 33, 36, 38, 39, 37, 34, 35, 40, 15, 12, 10, 9, 11, 13, 16, 14, 0, 54, 55, 56, 53, 52, 51, 50, 49, 64, 61, 59, 58, 57, 63, 60, 62, 48, 46, 47, 45, 44, 43, 41, 42, 0, 4, 3, 6, 5, 7, 8, 2, 1, 73, 74, 75, 76, 77, 80, 79, 78, 25, 28, 27, 32, 30, 29, 31, 26, 17, 19, 18, 21, 23, 24, 22, 20, 0]
Elapsed time: 169.21155285835266

i:0	114075.20308658804
i:50	83214.30514332974
i:100	80289.90311243414
i:150	79957.4229027017
i:200	79693.03095974814
i:250	79364.00509968554
i:300	78931.54127220326
i:350	78888.69067346115
i:400	78813.2656458054
i:450	78813.2656458054
i:500	78813.2656458054
i:550	78813.2656458054
i:600	78813.2656458054
i:650	78813.2656458054
best: 78813.2656458054
routes: [0, 74, 75, 79, 78, 73, 76, 77, 80, 52, 50, 49, 51, 53, 55, 56, 54, 25, 28, 27, 32, 30, 29, 31, 26, 0, 41, 42, 43, 46, 44, 45, 47, 48, 64, 61, 59, 58, 57, 63, 60, 62, 68, 67, 66, 69, 65, 71, 72, 70, 7, 8, 2, 1, 3, 6, 5, 4, 0, 35, 34, 33, 36, 38, 39, 37, 40, 15, 12, 10, 9, 11, 13, 16, 14, 18, 17, 19, 21, 23, 24, 22, 20, 0]
Elapsed time: 172.762864112854

i:0	118661.36817824631
i:50	84906.35116742503
i:100	81210.58091798538
i:150	80946.87212673105
i:200	80544.33829774882
i:250	76691.94396234423
i:300	75546.43845020598
i:350	75015.11612866499
i:400	74137.49152114641
i:450	74057.24169752537
i:500	74057.24169752537
i:550	74057.24169752537
i:600	74057.24169752537
i:650	74057.24169752537
best: 74057.24169752537
routes: [0, 9, 10, 12, 11, 14, 16, 13, 15, 40, 39, 38, 36, 37, 35, 34, 33, 72, 71, 65, 66, 69, 67, 68, 70, 7, 8, 2, 1, 3, 6, 5, 4, 0, 41, 42, 43, 46, 44, 45, 47, 48, 63, 62, 60, 58, 57, 59, 61, 64, 50, 49, 51, 52, 53, 56, 54, 55, 74, 73, 75, 76, 77, 80, 79, 78, 0, 25, 28, 27, 32, 31, 30, 29, 26, 22, 21, 23, 24, 20, 17, 19, 18, 0]
Elapsed time: 179.6291606426239

i:0	121861.25608910502
i:50	89342.71783217399
i:100	85112.6899163705
i:150	76601.28800203234
i:200	75387.70595164977
i:250	74886.28607277664
i:300	74886.28607277664
i:350	74848.04637159339
i:400	74848.04637159339
i:450	74848.04637159339
i:500	74848.04637159339
i:550	74848.04637159339
i:600	74848.04637159339
i:650	74848.04637159339
best: 74848.04637159339
routes: [0, 73, 74, 75, 76, 77, 80, 79, 78, 25, 27, 28, 32, 30, 29, 31, 26, 24, 23, 21, 22, 20, 17, 19, 18, 0, 54, 55, 56, 53, 52, 51, 50, 49, 64, 61, 59, 58, 57, 63, 60, 62, 48, 42, 41, 43, 46, 47, 45, 44, 0, 11, 14, 16, 13, 15, 12, 10, 9, 35, 40, 39, 38, 36, 37, 34, 33, 72, 71, 65, 66, 69, 67, 68, 70, 7, 8, 2, 1, 3, 6, 5, 4, 0]
Elapsed time: 179.11040878295898

mean: 76942.36958564431
std: 1559.9366801016745
mean-time: 172.96269384622573
std-time: 5.708570099692287