i:0	131499.11712825522
i:50	92269.52682045155
i:100	89149.62106274474
i:150	88826.34863052175
i:200	88683.69930398598
i:250	88683.69930398598
i:300	88683.69930398598
i:350	88683.69930398598
i:400	88006.57912654588
i:450	87712.09295931291
i:500	87712.09295931291
i:550	87712.09295931291
i:600	87712.09295931291
i:650	87712.09295931291
best: 87712.09295931291
routes: [0, 17, 19, 18, 21, 24, 23, 22, 20, 26, 30, 29, 31, 32, 27, 28, 25, 0, 73, 74, 75, 76, 77, 80, 79, 78, 54, 55, 56, 53, 50, 49, 51, 52, 0, 35, 40, 39, 38, 36, 37, 34, 33, 71, 72, 69, 67, 65, 66, 70, 68, 0, 4, 3, 1, 2, 7, 8, 6, 5, 9, 11, 10, 12, 13, 15, 16, 14, 0, 41, 42, 43, 46, 44, 45, 47, 48, 63, 60, 57, 59, 58, 61, 64, 62, 0]
Elapsed time: 126.80257201194763

i:0	126648.3689533016
i:50	90926.80221174798
i:100	88840.46033349873
i:150	88728.30673192164
i:200	88702.56067448788
i:250	88702.56067448788
i:300	88702.56067448788
i:350	88438.19862813933
i:400	88438.19862813933
i:450	88438.19862813933
i:500	88438.19862813933
i:550	88438.19862813933
i:600	88438.19862813933
i:650	88438.19862813933
best: 88438.19862813933
routes: [0, 75, 77, 80, 79, 78, 76, 73, 74, 50, 49, 51, 52, 53, 55, 56, 54, 0, 35, 34, 37, 40, 39, 38, 36, 33, 71, 72, 69, 67, 65, 66, 70, 68, 0, 4, 3, 1, 2, 7, 8, 6, 5, 9, 11, 10, 12, 13, 15, 16, 14, 0, 60, 58, 57, 59, 61, 64, 63, 62, 48, 46, 47, 45, 44, 43, 41, 42, 0, 25, 28, 27, 32, 31, 30, 29, 26, 24, 23, 22, 21, 20, 17, 19, 18, 0]
Elapsed time: 123.6821973323822

i:0	133258.62779798158
i:50	94934.90492196882
i:100	89181.95244748153
i:150	88348.38775575292
i:200	88036.66645498754
i:250	87894.01712845179
i:300	87894.01712845179
i:350	87894.01712845179
i:400	87894.01712845179
i:450	87729.34177435574
i:500	87729.34177435574
i:550	87729.34177435574
i:600	87729.34177435574
i:650	87729.34177435574
best: 87729.34177435574
routes: [0, 35, 40, 39, 38, 36, 37, 34, 33, 71, 72, 69, 67, 65, 66, 70, 68, 0, 73, 74, 75, 77, 80, 79, 78, 76, 54, 55, 56, 53, 50, 49, 51, 52, 0, 4, 5, 6, 3, 1, 2, 8, 7, 9, 11, 10, 12, 13, 15, 16, 14, 0, 41, 42, 43, 46, 44, 45, 47, 48, 64, 61, 59, 58, 57, 63, 60, 62, 0, 17, 19, 18, 21, 24, 23, 22, 20, 30, 29, 31, 32, 25, 28, 27, 26, 0]
Elapsed time: 133.22829508781433

i:0	124383.2851439809
i:50	95873.41140345865
i:100	94430.27485805555
i:150	90966.8700995725
i:200	89707.35497354639
i:250	89309.5408867898
i:300	88871.53956666312
i:350	88871.53956666312
i:400	88871.53956666312
i:450	88871.53956666312
i:500	88258.1215632
i:550	87899.93322199007
i:600	87899.93322199007
i:650	87899.93322199007
best: 87899.93322199007
routes: [0, 17, 19, 18, 21, 22, 20, 23, 24, 30, 29, 31, 32, 25, 28, 27, 26, 0, 4, 5, 6, 3, 1, 2, 8, 7, 9, 11, 10, 12, 13, 15, 16, 14, 0, 73, 74, 75, 76, 77, 80, 79, 78, 54, 55, 56, 53, 50, 49, 51, 52, 0, 35, 40, 39, 38, 36, 37, 34, 33, 71, 72, 69, 67, 65, 66, 70, 68, 0, 60, 58, 57, 59, 61, 64, 63, 62, 48, 43, 41, 42, 46, 47, 45, 44, 0]
Elapsed time: 146.1947202682495

i:0	123205.34652864368
i:50	91624.51518413881
i:100	90439.34574422293
i:150	90116.07331199993
i:200	89946.02646672488
i:250	88939.3694092324
i:300	88939.3694092324
i:350	88666.90926955969
i:400	88666.90926955969
i:450	88666.90926955969
i:500	88666.90926955969
i:550	88666.90926955969
i:600	87809.53603790588
i:650	87809.53603790588
best: 87809.53603790588
routes: [0, 41, 42, 43, 46, 44, 45, 47, 48, 63, 62, 60, 58, 57, 59, 61, 64, 0, 35, 40, 39, 38, 36, 37, 34, 33, 71, 72, 69, 67, 65, 66, 70, 68, 0, 4, 3, 1, 2, 7, 8, 6, 5, 9, 11, 10, 12, 13, 15, 16, 14, 0, 25, 28, 27, 32, 31, 30, 29, 26, 24, 23, 21, 22, 20, 17, 19, 18, 0, 54, 55, 56, 53, 52, 51, 50, 49, 73, 74, 75, 76, 77, 80, 79, 78, 0]
Elapsed time: 129.31716203689575

i:0	133613.72953617465
i:50	94726.80966508943
i:100	89055.80322036945
i:150	88515.46487593191
i:200	87248.8382493524
i:250	86836.56994873982
i:300	86836.56994873982
i:350	86836.56994873982
i:400	86836.56994873982
i:450	86836.56994873982
i:500	86836.56994873982
i:550	86836.56994873982
i:600	86836.56994873982
i:650	86836.56994873982
best: 86836.56994873982
routes: [0, 25, 28, 27, 32, 31, 30, 29, 26, 24, 23, 21, 22, 20, 17, 19, 18, 0, 4, 3, 1, 2, 7, 8, 6, 5, 9, 11, 10, 12, 13, 15, 16, 14, 0, 73, 74, 75, 76, 77, 80, 79, 78, 54, 55, 56, 53, 50, 49, 51, 52, 0, 35, 34, 37, 40, 39, 38, 36, 33, 71, 72, 69, 67, 65, 66, 70, 68, 0, 41, 42, 43, 46, 44, 45, 47, 48, 63, 64, 61, 59, 58, 57, 62, 60, 0]
Elapsed time: 139.58503890037537

i:0	128979.13631124058
i:50	93396.46449258059
i:100	89846.03498843109
i:150	88184.80885549486
i:200	88184.80885549486
i:250	87513.25959518919
i:300	87384.19257694313
i:350	86739.83234591794
i:400	86598.06409324298
i:450	86598.06409324298
i:500	86598.06409324298
i:550	86598.06409324298
i:600	86598.06409324298
i:650	86598.06409324298
best: 86598.06409324298
routes: [0, 73, 74, 75, 76, 77, 80, 79, 78, 54, 55, 56, 53, 50, 49, 51, 52, 0, 41, 42, 43, 46, 44, 45, 47, 48, 64, 61, 59, 58, 57, 63, 60, 62, 0, 4, 3, 1, 2, 7, 8, 6, 5, 9, 11, 10, 12, 13, 15, 16, 14, 0, 25, 28, 27, 26, 32, 31, 30, 29, 24, 23, 21, 22, 20, 17, 19, 18, 0, 35, 34, 37, 40, 39, 38, 36, 33, 71, 72, 69, 67, 65, 66, 70, 68, 0]
Elapsed time: 137.81410789489746

i:0	127293.14446970602
i:50	92719.38712502629
i:100	89374.82086981945
i:150	88873.81575720846
i:200	88873.81575720846
i:250	88873.81575720846
i:300	88873.81575720846
i:350	88861.85831767043
i:400	88547.79830222408
i:450	87856.60041903831
i:500	87856.60041903831
i:550	87856.60041903831
i:600	87856.60041903831
i:650	87856.60041903831
best: 87856.60041903831
routes: [0, 4, 3, 1, 2, 7, 8, 6, 5, 9, 11, 10, 12, 13, 15, 16, 14, 0, 73, 74, 75, 77, 80, 79, 78, 76, 50, 49, 51, 52, 53, 55, 56, 54, 0, 35, 34, 37, 40, 39, 38, 36, 33, 71, 72, 69, 67, 65, 66, 70, 68, 0, 25, 32, 30, 29, 31, 28, 27, 26, 24, 23, 21, 22, 20, 17, 19, 18, 0, 60, 58, 57, 59, 61, 64, 63, 62, 48, 46, 47, 45, 44, 43, 41, 42, 0]
Elapsed time: 127.40987873077393

i:0	127518.65069237447
i:50	92860.14140971705
i:100	89959.13691089198
i:150	89959.13691089198
i:200	89171.71530075389
i:250	87955.43078355039
i:300	87382.1560297273
i:350	87365.12575529882
i:400	87365.12575529882
i:450	87365.12575529882
i:500	87365.12575529882
i:550	87365.12575529882
i:600	87365.12575529882
i:650	87365.12575529882
best: 87365.12575529882
routes: [0, 25, 28, 27, 26, 32, 31, 30, 29, 24, 23, 21, 22, 20, 17, 19, 18, 0, 75, 77, 80, 79, 78, 76, 73, 74, 49, 54, 55, 56, 53, 52, 51, 50, 0, 4, 5, 6, 3, 1, 2, 8, 7, 9, 11, 10, 12, 13, 15, 16, 14, 0, 35, 34, 37, 40, 39, 38, 36, 33, 71, 72, 69, 67, 65, 66, 70, 68, 0, 41, 42, 43, 46, 44, 45, 47, 48, 64, 61, 59, 58, 57, 63, 60, 62, 0]
Elapsed time: 133.3446924686432

i:0	122921.7313117729
i:50	93693.99699177608
i:100	87896.67563074428
i:150	87277.03513413484
i:200	87277.03513413484
i:250	87277.03513413484
i:300	87277.03513413484
i:350	87277.03513413484
i:400	87277.03513413484
i:450	87277.03513413484
i:500	87277.03513413484
i:550	87277.03513413484
i:600	87277.03513413484
i:650	87277.03513413484
best: 87277.03513413484
routes: [0, 41, 42, 43, 46, 44, 45, 47, 48, 63, 64, 61, 59, 58, 57, 62, 60, 0, 4, 3, 1, 2, 7, 8, 6, 5, 9, 11, 10, 12, 13, 15, 16, 14, 0, 35, 40, 39, 38, 36, 37, 34, 33, 71, 72, 69, 67, 65, 66, 70, 68, 0, 73, 74, 75, 76, 77, 80, 79, 78, 54, 55, 56, 53, 50, 49, 51, 52, 0, 25, 27, 28, 26, 32, 31, 30, 29, 24, 23, 22, 21, 18, 17, 19, 20, 0]
Elapsed time: 131.12725377082825

i:0	122697.06941620666
i:50	95414.18281669813
i:100	92031.74319896608
i:150	89776.90714068283
i:200	89035.06542344522
i:250	88756.6995803768
i:300	88528.98258873753
i:350	88528.98258873753
i:400	88350.33295293787
i:450	88350.33295293787
i:500	88350.33295293787
i:550	88350.33295293787
i:600	88350.33295293787
i:650	88350.33295293787
best: 88350.33295293787
routes: [0, 4, 3, 1, 2, 7, 8, 6, 5, 9, 11, 14, 13, 15, 16, 12, 10, 0, 35, 34, 37, 40, 39, 38, 36, 33, 71, 72, 69, 67, 65, 66, 70, 68, 0, 73, 74, 75, 77, 80, 79, 78, 76, 49, 54, 55, 56, 53, 52, 51, 50, 0, 25, 28, 27, 32, 31, 30, 29, 26, 24, 23, 21, 22, 20, 17, 19, 18, 0, 60, 58, 57, 59, 61, 64, 63, 62, 48, 43, 41, 42, 46, 47, 45, 44, 0]
Elapsed time: 135.55387830734253

i:0	126080.50700991752
i:50	95256.96846914325
i:100	89998.65077641269
i:150	89290.40833687373
i:200	87925.64230245049
i:250	87848.26177385307
i:300	87848.26177385307
i:350	87834.75465493365
i:400	87834.75465493365
i:450	87834.75465493365
i:500	87834.75465493365
i:550	87834.75465493365
i:600	87834.75465493365
i:650	87834.75465493365
best: 87834.75465493365
routes: [0, 73, 74, 75, 77, 80, 79, 78, 76, 50, 49, 51, 52, 53, 55, 56, 54, 0, 4, 3, 1, 2, 7, 8, 6, 5, 9, 11, 10, 12, 13, 15, 16, 14, 0, 41, 42, 43, 46, 44, 45, 47, 48, 60, 63, 64, 61, 59, 58, 57, 62, 0, 25, 28, 27, 26, 32, 31, 30, 29, 24, 23, 21, 22, 20, 17, 19, 18, 0, 70, 68, 67, 69, 65, 66, 71, 72, 33, 35, 40, 39, 38, 36, 37, 34, 0]
Elapsed time: 134.92374396324158

i:0	126618.83460443222
i:50	93946.60127179403
i:100	90552.33413633754
i:150	88255.51417680903
i:200	88255.51417680903
i:250	88078.88138317494
i:300	87913.31820659363
i:350	87761.26695197957
i:400	87761.26695197957
i:450	87761.26695197957
i:500	87761.26695197957
i:550	87761.26695197957
i:600	87761.26695197957
i:650	87761.26695197957
best: 87761.26695197957
routes: [0, 4, 3, 1, 2, 7, 8, 6, 5, 9, 11, 10, 12, 13, 15, 16, 14, 0, 17, 19, 18, 21, 22, 20, 23, 24, 30, 29, 31, 32, 25, 28, 27, 26, 0, 73, 74, 75, 76, 77, 80, 79, 78, 54, 55, 56, 53, 50, 49, 51, 52, 0, 60, 58, 57, 59, 61, 64, 63, 62, 48, 46, 47, 45, 44, 43, 41, 42, 0, 35, 34, 37, 40, 39, 38, 36, 33, 71, 72, 69, 67, 65, 66, 70, 68, 0]
Elapsed time: 134.49945616722107

i:0	122263.45521430013
i:50	92130.7650340473
i:100	89700.75415234274
i:150	89100.51485355722
i:200	88860.53232055937
i:250	88428.71522161468
i:300	88416.75778207662
i:350	88416.75778207662
i:400	88286.9469689397
i:450	88286.9469689397
i:500	88286.9469689397
i:550	88286.9469689397
i:600	88286.9469689397
i:650	88286.9469689397
best: 88286.9469689397
routes: [0, 60, 58, 57, 59, 61, 64, 63, 62, 48, 46, 47, 45, 44, 43, 41, 42, 0, 35, 34, 37, 40, 39, 38, 36, 33, 71, 72, 69, 67, 65, 66, 70, 68, 0, 73, 74, 75, 76, 77, 80, 79, 78, 54, 55, 56, 53, 50, 49, 51, 52, 0, 4, 5, 6, 3, 1, 2, 8, 7, 9, 11, 10, 12, 13, 15, 16, 14, 0, 17, 19, 18, 21, 24, 23, 22, 20, 26, 30, 29, 31, 32, 25, 27, 28, 0]
Elapsed time: 144.40802907943726

i:0	115420.86415925062
i:50	94394.14798131045
i:100	91450.44582318864
i:150	89305.75159945473
i:200	87914.45426685814
i:250	87914.45426685814
i:300	87914.45426685814
i:350	87902.49682732011
i:400	87538.80261712131
i:450	87538.80261712131
i:500	87538.80261712131
i:550	87538.80261712131
i:600	87538.80261712131
i:650	87538.80261712131
best: 87538.80261712131
routes: [0, 25, 28, 27, 26, 32, 31, 30, 29, 24, 23, 21, 22, 20, 17, 19, 18, 0, 64, 61, 59, 58, 57, 63, 60, 62, 48, 46, 47, 45, 44, 43, 41, 42, 0, 4, 5, 6, 3, 1, 2, 8, 7, 9, 11, 10, 12, 13, 15, 16, 14, 0, 73, 74, 75, 77, 80, 79, 78, 76, 50, 49, 51, 52, 53, 55, 56, 54, 0, 35, 34, 37, 40, 39, 38, 36, 33, 71, 72, 69, 67, 65, 66, 70, 68, 0]
Elapsed time: 140.8641815185547

i:0	119545.30308577367
i:50	93491.13684724586
i:100	88770.25858473475
i:150	88006.1768413413
i:200	87688.09624548955
i:250	87627.50567328095
i:300	87388.81318872608
i:350	87388.81318872608
i:400	87388.81318872608
i:450	87388.81318872608
i:500	87388.81318872608
i:550	87388.81318872608
i:600	87388.81318872608
i:650	87388.81318872608
best: 87388.81318872608
routes: [0, 4, 5, 6, 3, 1, 2, 8, 7, 9, 11, 10, 12, 13, 15, 16, 14, 0, 73, 74, 75, 76, 77, 80, 79, 78, 54, 55, 56, 53, 50, 49, 51, 52, 0, 35, 40, 39, 38, 36, 37, 34, 33, 71, 72, 69, 67, 65, 66, 70, 68, 0, 41, 42, 43, 46, 44, 45, 47, 48, 63, 64, 61, 59, 58, 57, 62, 60, 0, 25, 32, 30, 29, 31, 28, 27, 26, 24, 23, 21, 22, 20, 19, 17, 18, 0]
Elapsed time: 129.72948241233826

i:0	131627.22140966554
i:50	94218.26328354275
i:100	91005.85459070132
i:150	88792.01417471853
i:200	87909.81937104123
i:250	87909.81937104123
i:300	87767.17004450547
i:350	87588.59981881805
i:400	87486.98959672143
i:450	87486.98959672143
i:500	87357.1787835845
i:550	87357.1787835845
i:600	87357.1787835845
i:650	87357.1787835845
best: 87357.1787835845
routes: [0, 4, 3, 1, 2, 7, 8, 6, 5, 9, 11, 10, 12, 13, 15, 16, 14, 0, 64, 61, 59, 58, 57, 63, 60, 62, 48, 46, 47, 45, 44, 43, 41, 42, 0, 25, 28, 27, 32, 31, 30, 29, 26, 24, 23, 21, 22, 20, 17, 19, 18, 0, 73, 74, 75, 76, 77, 80, 79, 78, 54, 55, 56, 53, 50, 49, 51, 52, 0, 35, 40, 39, 38, 36, 37, 34, 33, 71, 72, 69, 67, 65, 66, 70, 68, 0]
Elapsed time: 140.9887502193451

i:0	131157.3016785076
i:50	93556.34663582493
i:100	89784.37739301875
i:150	87964.22725547403
i:200	86610.02153278101
i:250	86610.02153278101
i:300	86610.02153278101
i:350	86610.02153278101
i:400	86610.02153278101
i:450	86610.02153278101
i:500	86610.02153278101
i:550	86610.02153278101
i:600	86610.02153278101
i:650	86610.02153278101
best: 86610.02153278101
routes: [0, 73, 74, 75, 76, 77, 80, 79, 78, 54, 55, 56, 53, 50, 49, 51, 52, 0, 35, 40, 39, 38, 36, 37, 34, 33, 71, 72, 69, 67, 65, 66, 70, 68, 0, 4, 3, 1, 2, 7, 8, 6, 5, 9, 11, 10, 12, 13, 15, 16, 14, 0, 25, 28, 27, 26, 32, 31, 30, 29, 24, 23, 21, 22, 20, 17, 19, 18, 0, 41, 42, 43, 46, 44, 45, 47, 48, 64, 61, 59, 58, 57, 63, 60, 62, 0]
Elapsed time: 132.62617325782776

i:0	126396.66900956948
i:50	95121.19922575759
i:100	90983.5150924878
i:150	90531.09674939942
i:200	90232.74249864068
i:250	90077.23350351551
i:300	89767.68118297526
i:350	89767.68118297526
i:400	89767.68118297526
i:450	89257.04223949047
i:500	88761.21963960615
i:550	88761.21963960615
i:600	88761.21963960615
i:650	88761.21963960615
best: 88761.21963960615
routes: [0, 63, 60, 57, 59, 58, 61, 64, 62, 48, 46, 47, 45, 44, 43, 41, 42, 0, 35, 40, 39, 38, 36, 37, 34, 33, 71, 72, 69, 67, 65, 66, 70, 68, 0, 4, 3, 1, 2, 7, 8, 6, 5, 9, 11, 10, 12, 13, 15, 16, 14, 0, 75, 77, 80, 79, 78, 76, 73, 74, 49, 54, 55, 56, 53, 52, 51, 50, 0, 25, 28, 27, 32, 31, 30, 29, 26, 24, 23, 22, 21, 20, 17, 19, 18, 0]
Elapsed time: 136.59386110305786

i:0	124995.4296776196
i:50	91926.31632123202
i:100	89531.45213098775
i:150	88814.51737017265
i:200	88541.53297941286
i:250	88285.81022042953
i:300	88131.20345435571
i:350	87979.91448816622
i:400	87979.91448816622
i:450	87850.1036750293
i:500	87850.1036750293
i:550	87850.1036750293
i:600	87850.1036750293
i:650	87850.1036750293
best: 87850.1036750293
routes: [0, 64, 61, 59, 58, 57, 63, 60, 62, 48, 46, 47, 45, 44, 43, 41, 42, 0, 35, 34, 37, 40, 39, 38, 36, 33, 71, 72, 69, 67, 65, 66, 70, 68, 0, 73, 74, 75, 76, 77, 80, 79, 78, 54, 55, 56, 53, 50, 49, 51, 52, 0, 4, 5, 6, 3, 1, 2, 8, 7, 9, 11, 10, 12, 13, 15, 16, 14, 0, 25, 27, 28, 32, 31, 30, 29, 26, 24, 23, 21, 22, 18, 17, 19, 20, 0]
Elapsed time: 131.9565327167511

mean: 87663.09694688987
std: 557.3369137881364
mean-time: 134.53250036239623
std-time: 5.746777554523519