i:0	141164.02473569452
i:50	113551.27455233604
i:100	107345.53423375679
i:150	104860.14141944435
i:200	104151.90265012969
i:250	100144.79021465172
i:300	97671.49361596708
i:350	97242.46583820003
i:400	94144.49588513123
i:450	93455.09604401035
i:500	92975.73298894837
i:550	92535.91452185433
i:600	91666.31702136969
i:650	90901.99786117917
best: 90583.13229214012
routes: [0, 54, 55, 52, 51, 53, 56, 57, 58, 60, 59, 74, 77, 79, 80, 76, 71, 72, 73, 75, 78, 0, 96, 94, 95, 100, 99, 97, 98, 93, 91, 92, 61, 62, 63, 64, 65, 68, 66, 67, 69, 70, 31, 34, 33, 32, 37, 36, 35, 40, 39, 38, 21, 22, 25, 27, 29, 30, 28, 26, 23, 24, 0, 43, 45, 44, 46, 49, 50, 48, 47, 42, 41, 89, 90, 84, 83, 82, 81, 87, 88, 85, 86, 11, 13, 12, 14, 15, 17, 19, 20, 18, 16, 10, 3, 1, 2, 8, 9, 7, 6, 5, 4, 0]
Elapsed time: 380.9383645057678

i:0	156474.4243206955
i:50	107690.79386367604
i:100	107690.79386367604
i:150	107087.72672920916
i:200	106212.57215742691
i:250	104481.45896372569
i:300	99532.69695498463
i:350	98522.00367699322
i:400	97616.67168480266
i:450	96944.18874900328
i:500	96161.77375719024
i:550	96079.56828349445
i:600	95600.99396624058
i:650	94843.16618199341
best: 94294.40554296569
routes: [0, 91, 92, 93, 94, 95, 96, 97, 98, 99, 100, 69, 70, 67, 68, 64, 62, 61, 63, 65, 66, 31, 39, 38, 37, 36, 35, 40, 32, 33, 34, 0, 14, 13, 11, 12, 15, 17, 19, 18, 20, 16, 22, 25, 27, 29, 30, 28, 26, 21, 23, 24, 0, 51, 53, 57, 54, 55, 52, 56, 59, 60, 58, 76, 74, 71, 72, 73, 75, 78, 79, 77, 80, 0, 4, 5, 6, 2, 1, 3, 8, 7, 10, 9, 43, 45, 47, 49, 50, 48, 46, 44, 42, 41, 88, 87, 81, 82, 83, 85, 89, 90, 86, 84, 0]
Elapsed time: 386.7763440608978

i:0	145023.8489981351
i:50	110587.66489235658
i:100	107315.96031056429
i:150	107276.48845896474
i:200	106737.63647509881
i:250	106737.63647509881
i:300	106737.63647509881
i:350	99417.22546122546
i:400	96668.93092045684
i:450	95832.65063478221
i:500	94344.03946777644
i:550	93948.8708215711
i:600	93195.73498844527
i:650	91002.7241727907
best: 90606.09685071775
routes: [0, 91, 92, 93, 94, 96, 95, 97, 99, 100, 98, 69, 70, 67, 68, 66, 65, 64, 61, 63, 62, 0, 76, 74, 71, 72, 73, 75, 78, 77, 80, 79, 58, 60, 59, 57, 54, 55, 56, 53, 51, 52, 0, 31, 33, 34, 39, 40, 36, 35, 37, 38, 32, 30, 28, 29, 27, 25, 26, 24, 21, 23, 22, 18, 15, 14, 13, 11, 12, 17, 19, 20, 16, 0, 43, 42, 45, 47, 49, 50, 48, 46, 44, 41, 88, 87, 81, 82, 83, 85, 86, 89, 90, 84, 9, 7, 8, 2, 1, 3, 6, 10, 5, 4, 0]
Elapsed time: 382.7649075984955

i:0	151255.09716462943
i:50	110120.4373209701
i:100	100620.43249268849
i:150	100016.04354220045
i:200	95957.68357778268
i:250	95386.26666851432
i:300	95240.6041272552
i:350	94456.4914291339
i:400	93708.38102182231
i:450	93443.71555737063
i:500	93385.3558798946
i:550	93190.77007421773
i:600	93190.77007421773
i:650	90856.5621539033
best: 87497.51224842377
routes: [0, 95, 96, 99, 100, 98, 97, 94, 93, 91, 92, 61, 62, 63, 64, 65, 68, 66, 67, 69, 70, 31, 33, 34, 39, 40, 35, 36, 37, 38, 32, 21, 24, 23, 22, 25, 26, 27, 29, 30, 28, 0, 7, 9, 10, 2, 1, 4, 3, 6, 5, 8, 76, 77, 74, 71, 72, 73, 75, 78, 80, 79, 58, 60, 59, 57, 54, 55, 56, 53, 51, 52, 0, 90, 86, 89, 84, 83, 82, 81, 85, 87, 88, 41, 44, 46, 49, 50, 48, 47, 45, 43, 42, 11, 13, 14, 12, 15, 17, 19, 20, 18, 16, 0]
Elapsed time: 374.57210397720337

i:0	158087.775414439
i:50	108986.91300237192
i:100	107546.89892454032
i:150	107546.89892454032
i:200	107299.38562278084
i:250	105789.1580967426
i:300	101381.36707449605
i:350	96763.16334576576
i:400	96331.13291397665
i:450	96151.97985254774
i:500	95238.84903464757
i:550	94260.89670596324
i:600	93864.09014434824
i:650	93366.49640412687
best: 92881.9948482009
routes: [0, 51, 52, 53, 56, 54, 55, 57, 59, 60, 58, 77, 74, 71, 72, 73, 75, 78, 76, 79, 80, 0, 43, 46, 49, 50, 48, 47, 45, 44, 42, 41, 89, 85, 87, 88, 81, 82, 83, 86, 90, 84, 0, 100, 96, 92, 91, 93, 94, 97, 99, 98, 95, 61, 62, 63, 64, 65, 67, 68, 66, 69, 70, 31, 39, 38, 37, 40, 35, 36, 32, 33, 34, 0, 21, 24, 26, 27, 29, 30, 28, 25, 23, 22, 16, 13, 18, 20, 19, 17, 15, 14, 12, 11, 10, 5, 6, 9, 7, 8, 2, 1, 3, 4, 0]
Elapsed time: 389.3951721191406

i:0	157796.84792616247
i:50	110334.98666959633
i:100	102457.7677825556
i:150	98589.19944406117
i:200	97841.60379634897
i:250	96896.99451822319
i:300	96896.99451822319
i:350	96811.01274615256
i:400	96516.61067876354
i:450	96500.4568421981
i:500	95032.28815295527
i:550	95002.4244321087
i:600	94619.89844133036
i:650	94351.16812192535
best: 85763.94085068832
routes: [0, 51, 52, 53, 56, 55, 54, 57, 59, 60, 58, 79, 77, 74, 76, 71, 72, 73, 75, 78, 80, 61, 62, 63, 64, 65, 68, 66, 67, 69, 70, 0, 24, 21, 23, 22, 29, 27, 26, 25, 28, 30, 35, 36, 37, 40, 38, 39, 33, 32, 34, 31, 100, 96, 99, 97, 98, 93, 92, 91, 95, 94, 0, 16, 19, 20, 18, 17, 15, 14, 12, 13, 11, 90, 86, 84, 83, 82, 81, 87, 85, 89, 88, 41, 45, 44, 46, 49, 50, 47, 48, 43, 42, 9, 10, 5, 6, 7, 8, 2, 1, 3, 4, 0]
Elapsed time: 368.0797142982483

i:0	139804.93372589594
i:50	107664.58210401637
i:100	107664.58210401637
i:150	104010.91958038798
i:200	100107.12148481816
i:250	98093.41946761092
i:300	97561.46387667058
i:350	97299.44644950709
i:400	96547.51118738443
i:450	96080.85183821648
i:500	95595.8664839503
i:550	94837.2130653354
i:600	94375.19765177916
i:650	93885.80523054351
best: 91327.95440179868
routes: [0, 4, 3, 1, 2, 8, 7, 6, 5, 10, 9, 90, 84, 86, 89, 85, 82, 83, 81, 87, 88, 41, 43, 42, 45, 44, 46, 49, 50, 47, 48, 0, 79, 80, 71, 72, 73, 75, 78, 77, 74, 76, 59, 60, 58, 57, 54, 55, 56, 53, 51, 52, 0, 100, 96, 94, 95, 97, 99, 98, 93, 91, 92, 61, 62, 63, 64, 65, 67, 68, 66, 69, 70, 31, 34, 33, 32, 39, 38, 37, 40, 35, 36, 26, 25, 27, 29, 30, 28, 24, 21, 23, 22, 0, 16, 13, 11, 12, 14, 15, 18, 17, 19, 20, 0]
Elapsed time: 365.5198850631714

i:0	146756.71326660537
i:50	113981.59385047002
i:100	109087.08273978709
i:150	100900.33832361284
i:200	97134.34372879234
i:250	96353.50952634757
i:300	96234.49261620075
i:350	96234.49261620075
i:400	95897.63629273546
i:450	95770.5851146178
i:500	95566.89338824534
i:550	95349.064999453
i:600	94446.54110905238
i:650	93899.2405558006
best: 91986.01725098863
routes: [0, 4, 1, 3, 5, 7, 9, 10, 6, 2, 8, 87, 81, 82, 83, 85, 88, 89, 90, 84, 86, 41, 42, 43, 47, 45, 44, 46, 49, 50, 48, 11, 13, 12, 14, 17, 19, 20, 18, 15, 16, 0, 21, 23, 22, 25, 27, 29, 30, 28, 26, 24, 32, 37, 36, 35, 40, 39, 38, 33, 34, 31, 0, 76, 74, 71, 72, 73, 75, 77, 78, 80, 79, 58, 59, 60, 56, 52, 51, 53, 57, 55, 54, 0, 96, 94, 92, 91, 93, 95, 97, 98, 99, 100, 69, 70, 66, 67, 68, 65, 62, 61, 63, 64, 0]
Elapsed time: 368.79054403305054

i:0	152100.74414821994
i:50	111272.29876349622
i:100	107941.99046419794
i:150	105181.5640420127
i:200	102872.74990485683
i:250	97863.0029125807
i:300	96697.2084717958
i:350	96264.04292861097
i:400	95610.72331184939
i:450	95522.25992955946
i:500	94065.07960584876
i:550	94065.07960584876
i:600	93733.50469474793
i:650	93659.41035903413
best: 88703.1062941868
routes: [0, 51, 52, 53, 56, 54, 55, 57, 59, 60, 58, 79, 80, 77, 74, 76, 71, 72, 73, 75, 78, 61, 62, 63, 64, 65, 68, 66, 67, 69, 70, 0, 1, 2, 3, 4, 6, 5, 10, 8, 7, 9, 43, 44, 46, 49, 50, 47, 48, 45, 42, 41, 89, 85, 88, 87, 81, 82, 83, 84, 86, 90, 0, 96, 91, 93, 94, 95, 97, 99, 100, 98, 92, 11, 12, 14, 13, 15, 18, 16, 17, 19, 20, 29, 27, 30, 28, 25, 26, 22, 23, 24, 21, 33, 32, 37, 36, 35, 40, 38, 39, 31, 34, 0]
Elapsed time: 375.57968521118164

i:0	154247.01108967134
i:50	105841.30731540205
i:100	98269.30370743372
i:150	98070.20941342386
i:200	97229.14061532576
i:250	97229.14061532576
i:300	97020.65844934086
i:350	96666.54764511851
i:400	96094.3252539507
i:450	94197.33674267589
i:500	92693.88044199109
i:550	92252.76079800478
i:600	92138.99186788884
i:650	91625.32999827457
best: 91001.8505984334
routes: [0, 90, 84, 86, 89, 87, 81, 82, 83, 85, 88, 41, 44, 42, 43, 45, 47, 46, 49, 50, 48, 0, 51, 52, 53, 56, 54, 55, 57, 59, 60, 58, 76, 77, 74, 71, 72, 73, 75, 78, 79, 80, 0, 31, 39, 40, 36, 35, 37, 38, 34, 33, 32, 24, 23, 25, 27, 29, 30, 28, 26, 21, 22, 16, 15, 18, 20, 19, 17, 14, 13, 11, 12, 10, 9, 7, 8, 2, 1, 3, 6, 5, 4, 0, 62, 61, 63, 64, 65, 67, 68, 66, 70, 69, 98, 99, 100, 96, 97, 95, 94, 93, 91, 92, 0]
Elapsed time: 358.6713619232178

mean: 90464.60111785438
std: 2406.1727978571776
mean-time: 375.1088082790375
std-time: 9.406416206976793