i:0	155074.7422145304
i:50	109663.78294921438
i:100	109514.29967008036
i:150	107916.27804580073
i:200	99828.24637997293
i:250	98027.92806113728
i:300	97266.29472757406
i:350	97266.29472757406
i:400	95683.18156355327
i:450	95470.74383411612
i:500	95136.49360632553
i:550	94977.42871467989
i:600	94351.56009405371
i:650	93651.68112336274
best: 92424.97803700359
routes: [0, 91, 92, 93, 94, 95, 96, 99, 97, 100, 98, 69, 70, 68, 66, 67, 65, 62, 61, 63, 64, 0, 54, 57, 55, 56, 51, 52, 53, 58, 60, 59, 79, 80, 76, 77, 74, 71, 72, 73, 75, 78, 0, 4, 5, 6, 2, 1, 3, 8, 7, 10, 9, 86, 89, 90, 84, 83, 85, 82, 81, 87, 88, 41, 44, 46, 49, 50, 48, 47, 45, 43, 42, 0, 31, 39, 40, 35, 36, 37, 38, 34, 33, 32, 28, 30, 29, 27, 25, 26, 24, 23, 21, 22, 16, 13, 15, 17, 19, 20, 18, 14, 11, 12, 0]
Elapsed time: 381.77801728248596

i:0	143684.49698016126
i:50	109207.29831672861
i:100	103919.49258465983
i:150	98659.87837862656
i:200	97421.40189830703
i:250	96147.57979265544
i:300	95329.900042329
i:350	95055.19111795198
i:400	94785.94143922678
i:450	94551.65329978337
i:500	93312.18783848383
i:550	93257.88367887367
i:600	92430.03910073532
i:650	92356.34126443036
best: 92057.84338207153
routes: [0, 91, 92, 93, 94, 96, 95, 97, 99, 100, 98, 69, 70, 66, 67, 68, 64, 63, 65, 62, 61, 76, 74, 71, 72, 73, 75, 78, 77, 79, 80, 0, 51, 52, 53, 56, 59, 60, 58, 57, 55, 54, 9, 7, 8, 5, 10, 6, 2, 3, 1, 4, 0, 84, 86, 89, 90, 88, 81, 82, 83, 85, 87, 41, 42, 43, 45, 47, 44, 46, 49, 50, 48, 14, 12, 11, 13, 15, 17, 19, 20, 18, 16, 0, 21, 24, 23, 22, 25, 26, 27, 29, 28, 30, 35, 36, 37, 40, 39, 38, 31, 34, 33, 32, 0]
Elapsed time: 375.1239972114563

i:0	151111.36361510746
i:50	109273.21676883037
i:100	108804.56957414804
i:150	105168.80293743339
i:200	105168.80293743339
i:250	105042.68416735559
i:300	102616.66130913922
i:350	95845.4809952279
i:400	95077.68934706916
i:450	95010.56868283852
i:500	94562.55814291471
i:550	94534.7422781773
i:600	93963.18252039964
i:650	92223.85905228207
best: 91961.88071053714
routes: [0, 91, 92, 98, 96, 93, 94, 95, 97, 99, 100, 69, 70, 66, 67, 68, 65, 64, 63, 61, 62, 76, 74, 71, 72, 73, 75, 78, 77, 79, 80, 0, 4, 5, 6, 3, 1, 2, 8, 7, 10, 9, 90, 86, 89, 88, 87, 81, 82, 83, 85, 84, 54, 55, 57, 59, 60, 58, 56, 53, 51, 52, 0, 21, 22, 23, 26, 24, 25, 27, 29, 28, 30, 36, 35, 37, 40, 38, 39, 33, 32, 31, 34, 0, 43, 41, 44, 42, 45, 47, 46, 49, 50, 48, 14, 17, 19, 20, 18, 15, 16, 13, 11, 12, 0]
Elapsed time: 385.8605818748474

i:0	152497.79940381364
i:50	112486.8047785408
i:100	107849.25582410904
i:150	106654.55158400841
i:200	106615.26317130454
i:250	105512.9342682969
i:300	105231.87210021864
i:350	99625.02027481789
i:400	95815.90828379522
i:450	94045.61974332972
i:500	93828.77652877453
i:550	93477.21936359454
i:600	92966.23843626084
i:650	92494.39138251563
best: 92331.20489547699
routes: [0, 91, 92, 93, 95, 96, 100, 99, 98, 97, 94, 61, 62, 63, 64, 65, 68, 66, 67, 69, 70, 0, 43, 42, 45, 48, 47, 49, 50, 46, 44, 41, 89, 85, 88, 87, 81, 82, 83, 84, 86, 90, 8, 2, 1, 3, 7, 9, 10, 5, 6, 4, 0, 54, 55, 57, 59, 60, 56, 51, 52, 53, 58, 76, 79, 80, 77, 74, 71, 72, 73, 75, 78, 0, 31, 33, 34, 38, 39, 40, 35, 36, 37, 32, 21, 23, 24, 25, 27, 29, 30, 28, 26, 22, 16, 13, 11, 12, 15, 14, 17, 19, 20, 18, 0]
Elapsed time: 384.74094414711

i:0	137208.6973120661
i:50	110012.0119374816
i:100	107105.08769657384
i:150	102994.11849324836
i:200	102780.94056816158
i:250	102780.94056816158
i:300	102780.94056816158
i:350	102780.94056816158
i:400	102780.94056816158
i:450	102780.94056816158
i:500	100736.29665431
i:550	100736.29665431
i:600	100736.29665431
i:650	100111.61759312396
best: 98420.2836840123
routes: [0, 51, 53, 52, 56, 55, 54, 57, 58, 60, 59, 76, 71, 72, 73, 75, 78, 79, 80, 77, 74, 1, 3, 9, 7, 8, 6, 4, 5, 10, 2, 0, 92, 91, 93, 94, 95, 98, 97, 99, 100, 96, 65, 70, 69, 67, 68, 66, 64, 63, 61, 62, 31, 39, 38, 40, 37, 35, 36, 34, 33, 32, 0, 16, 20, 17, 19, 15, 18, 14, 12, 13, 11, 43, 44, 46, 49, 50, 48, 47, 45, 42, 41, 81, 82, 87, 88, 83, 84, 85, 86, 89, 90, 0, 21, 22, 25, 23, 27, 29, 30, 28, 26, 24, 0]
Elapsed time: 414.2754399776459

i:0	143986.36029826003
i:50	114790.40781672215
i:100	109524.98919769307
i:150	104889.43091371079
i:200	97335.22786843764
i:250	96463.08355426151
i:300	96010.28177611172
i:350	95510.26195869931
i:400	94803.21845279088
i:450	93947.85436349284
i:500	93766.39223358454
i:550	92203.24447740137
i:600	92167.42617725123
i:650	91595.28984674631
best: 91156.53911276991
routes: [0, 54, 55, 57, 59, 60, 56, 52, 51, 53, 58, 76, 74, 71, 72, 73, 75, 78, 77, 79, 80, 0, 31, 34, 33, 38, 39, 40, 35, 36, 37, 32, 24, 21, 23, 22, 25, 26, 27, 29, 30, 28, 20, 19, 17, 18, 14, 12, 11, 13, 15, 16, 0, 91, 92, 93, 94, 95, 97, 98, 99, 100, 96, 69, 70, 68, 66, 67, 65, 64, 63, 61, 62, 0, 90, 84, 86, 89, 88, 83, 85, 82, 81, 87, 41, 44, 46, 49, 50, 48, 47, 45, 42, 43, 9, 10, 5, 6, 7, 8, 2, 1, 3, 4, 0]
Elapsed time: 365.49123549461365

i:0	142490.78707030477
i:50	112153.7781587914
i:100	107791.4230067275
i:150	107791.4230067275
i:200	107791.4230067275
i:250	107791.4230067275
i:300	107791.4230067275
i:350	107493.78471636886
i:400	107493.78471636886
i:450	107493.78471636886
i:500	105513.00784753877
i:550	105338.3460228744
i:600	103855.13559929667
i:650	101481.87430369898
best: 97303.55120489787
routes: [0, 54, 55, 56, 52, 51, 53, 57, 59, 60, 58, 79, 80, 75, 78, 77, 74, 71, 72, 73, 76, 0, 31, 39, 38, 34, 33, 32, 37, 40, 36, 35, 30, 28, 29, 27, 25, 26, 23, 21, 24, 22, 16, 13, 18, 20, 15, 19, 17, 14, 11, 12, 0, 4, 5, 8, 7, 10, 6, 3, 2, 1, 9, 90, 86, 84, 83, 82, 81, 87, 85, 89, 88, 41, 44, 45, 42, 43, 48, 46, 49, 47, 50, 0, 96, 97, 98, 99, 100, 95, 94, 93, 91, 92, 64, 65, 66, 70, 69, 67, 68, 63, 61, 62, 0]
Elapsed time: 414.48579692840576

i:0	154124.23592780618
i:50	108870.41244593995
i:100	107417.06485625198
i:150	106353.1254006073
i:200	106016.9049503621
i:250	105826.6204810855
i:300	105826.6204810855
i:350	105826.6204810855
i:400	105826.6204810855
i:450	105826.6204810855
i:500	105826.6204810855
i:550	105093.55269433107
i:600	97288.85936195852
i:650	95646.73757848512
best: 94432.63096742872
routes: [0, 31, 33, 34, 39, 40, 36, 35, 37, 38, 32, 28, 30, 29, 27, 25, 26, 23, 24, 21, 22, 18, 17, 19, 20, 15, 14, 12, 11, 13, 16, 0, 92, 91, 93, 95, 96, 97, 100, 99, 98, 94, 61, 62, 63, 64, 65, 68, 66, 67, 69, 70, 0, 52, 51, 53, 56, 60, 58, 54, 55, 57, 59, 79, 78, 76, 77, 74, 71, 72, 73, 75, 80, 0, 4, 1, 2, 3, 6, 5, 8, 7, 10, 9, 89, 90, 84, 83, 82, 81, 87, 88, 85, 86, 41, 44, 46, 49, 50, 43, 42, 45, 47, 48, 0]
Elapsed time: 404.61084365844727

i:0	152872.77368488224
i:50	113328.60677748162
i:100	109643.33413645078
i:150	109415.60330675979
i:200	109415.60330675979
i:250	109380.74673518962
i:300	109380.74673518962
i:350	108124.29210742904
i:400	99287.96964648488
i:450	97925.36214516853
i:500	96289.72207632149
i:550	95720.67656679108
i:600	94866.76073987964
i:650	92923.34016819907
best: 91982.17712450454
routes: [0, 91, 92, 93, 94, 95, 97, 98, 99, 100, 96, 61, 62, 63, 64, 65, 66, 67, 68, 69, 70, 0, 79, 80, 76, 77, 74, 71, 72, 73, 75, 78, 58, 60, 59, 57, 54, 55, 56, 53, 51, 52, 0, 31, 39, 38, 37, 40, 35, 36, 33, 34, 32, 26, 25, 27, 29, 30, 28, 24, 21, 23, 22, 16, 13, 11, 15, 18, 20, 19, 17, 14, 12, 0, 4, 3, 1, 2, 8, 7, 6, 5, 10, 9, 90, 86, 89, 84, 83, 85, 82, 81, 87, 88, 41, 44, 46, 49, 50, 47, 48, 43, 45, 42, 0]
Elapsed time: 383.9489390850067

i:0	150680.08507018568
i:50	112021.72801979608
i:100	102295.3051367049
i:150	99693.50722758715
i:200	99030.3659864741
i:250	97321.958206403
i:300	96389.15235015644
i:350	95349.73905444682
i:400	94765.99465950014
i:450	94677.6755750664
i:500	88588.58609307818
i:550	86935.48688705446
i:600	86414.07554379602
i:650	84991.62876379075
best: 84967.61971701453
routes: [0, 51, 52, 53, 56, 54, 55, 57, 59, 60, 58, 79, 77, 74, 76, 71, 72, 73, 75, 78, 80, 61, 62, 63, 64, 65, 68, 66, 67, 69, 70, 0, 91, 92, 93, 94, 95, 96, 99, 98, 97, 100, 31, 40, 35, 36, 37, 38, 39, 34, 33, 32, 21, 23, 22, 25, 27, 29, 30, 28, 26, 24, 0, 11, 13, 15, 18, 16, 20, 19, 17, 14, 12, 43, 45, 46, 49, 50, 48, 47, 44, 42, 41, 88, 85, 86, 84, 83, 82, 81, 87, 89, 90, 0, 1, 2, 8, 9, 7, 10, 5, 6, 3, 4, 0]
Elapsed time: 361.3160285949707

mean: 92703.87088357171
std: 3475.2304600121684
mean-time: 387.163182425499
std-time: 17.65108113182171