i:0	157447.619270217
i:50	122308.58473601814
i:100	118926.75289647447
i:150	117422.22506844816
i:200	116025.89650447741
i:250	116007.36973321122
i:300	115708.85587816156
i:350	113556.85240947675
i:400	112930.47775065535
i:450	111283.53869701235
i:500	110786.41230289209
i:550	110368.10788721792
i:600	110358.0551149815
i:650	109670.15757278631
best: 108828.09931223773
routes: [0, 43, 45, 44, 41, 42, 46, 49, 50, 47, 48, 0, 90, 86, 83, 82, 81, 85, 87, 88, 89, 84, 0, 54, 55, 57, 56, 52, 51, 53, 59, 60, 58, 76, 79, 80, 77, 74, 72, 71, 73, 75, 78, 0, 61, 62, 63, 64, 65, 68, 67, 69, 70, 66, 0, 92, 91, 93, 95, 96, 94, 97, 98, 99, 100, 31, 39, 40, 35, 36, 37, 38, 32, 33, 34, 0, 1, 3, 2, 8, 6, 7, 9, 10, 5, 4, 0, 11, 13, 16, 15, 18, 20, 19, 17, 14, 12, 0, 21, 24, 28, 30, 29, 27, 25, 26, 23, 22, 0]
Elapsed time: 371.42187118530273

i:0	148527.33067947446
i:50	117937.51764484632
i:100	116901.12116294446
i:150	116490.00994484124
i:200	115501.78584459278
i:250	115099.13705426056
i:300	113800.07259769706
i:350	112439.94167171192
i:400	112170.45671587694
i:450	111692.07182001327
i:500	110594.35631871413
i:550	108849.58768025854
i:600	108788.84595157797
i:650	107407.50600397447
best: 106673.8676168515
routes: [0, 69, 70, 66, 67, 68, 65, 64, 61, 63, 62, 0, 11, 13, 12, 14, 15, 17, 19, 20, 18, 16, 0, 43, 44, 41, 42, 45, 47, 46, 49, 50, 48, 0, 21, 24, 23, 27, 29, 30, 28, 25, 26, 22, 0, 1, 2, 3, 5, 10, 9, 7, 8, 6, 4, 0, 91, 92, 93, 94, 95, 97, 98, 96, 99, 100, 31, 39, 38, 40, 35, 36, 37, 32, 33, 34, 0, 84, 86, 83, 82, 81, 87, 88, 85, 89, 90, 0, 54, 55, 57, 56, 52, 51, 53, 58, 59, 60, 79, 80, 78, 75, 73, 72, 71, 74, 77, 76, 0]
Elapsed time: 363.66313099861145

i:0	144821.09094906755
i:50	123690.180633859
i:100	121463.6780542758
i:150	118775.47804962378
i:200	118775.47804962378
i:250	117998.23301394083
i:300	117711.95034205992
i:350	116954.6800273283
i:400	114889.50439767403
i:450	114889.50439767403
i:500	113251.36597451835
i:550	112857.2899346824
i:600	112857.2899346824
i:650	111461.52644382318
best: 111043.85362147538
routes: [0, 21, 22, 26, 25, 27, 29, 30, 28, 23, 24, 0, 4, 3, 10, 5, 6, 9, 7, 8, 2, 1, 0, 90, 86, 89, 88, 81, 82, 87, 85, 83, 84, 0, 91, 92, 93, 94, 95, 97, 99, 98, 100, 96, 31, 34, 38, 39, 40, 35, 36, 37, 32, 33, 0, 69, 70, 67, 68, 66, 65, 63, 64, 61, 62, 0, 16, 20, 19, 17, 18, 11, 13, 15, 12, 14, 0, 43, 45, 42, 41, 44, 46, 49, 50, 47, 48, 0, 79, 80, 78, 75, 73, 72, 71, 74, 77, 76, 58, 59, 60, 54, 55, 57, 56, 51, 53, 52, 0]
Elapsed time: 369.2766091823578

i:0	149907.31160846286
i:50	122748.52223315104
i:100	118879.31357422084
i:150	118705.74799971556
i:200	118440.3793238076
i:250	116342.12697724301
i:300	116159.67672101897
i:350	115556.48853247306
i:400	115556.48853247306
i:450	114912.36773638101
i:500	113565.51269613211
i:550	113182.5584374833
i:600	113074.06539617025
i:650	112037.88535930822
best: 110186.99293226327
routes: [0, 69, 70, 66, 67, 68, 65, 64, 61, 63, 62, 0, 13, 11, 12, 15, 17, 19, 20, 16, 14, 18, 0, 21, 25, 27, 29, 30, 28, 26, 22, 23, 24, 0, 90, 86, 89, 85, 88, 87, 81, 82, 83, 84, 0, 41, 44, 45, 46, 49, 50, 47, 48, 43, 42, 0, 3, 2, 1, 8, 7, 9, 10, 5, 6, 4, 0, 76, 74, 71, 72, 73, 75, 78, 77, 80, 79, 58, 60, 59, 57, 55, 54, 56, 53, 51, 52, 0, 91, 92, 93, 95, 94, 97, 98, 96, 99, 100, 31, 33, 34, 32, 37, 36, 35, 40, 39, 38, 0]
Elapsed time: 362.891544342041

i:0	156814.48681832606
i:50	122090.73040411367
i:100	119819.14255978058
i:150	117904.39675138242
i:200	116807.15554013629
i:250	116050.3281788387
i:300	115642.76975695259
i:350	115563.56611553904
i:400	114469.42365008945
i:450	113540.2921065775
i:500	112309.61472766654
i:550	112191.51282407662
i:600	112164.93140861191
i:650	111698.16728510827
best: 111175.09220952984
routes: [0, 91, 92, 93, 94, 95, 96, 99, 98, 97, 100, 31, 38, 39, 40, 35, 36, 37, 32, 33, 34, 0, 13, 11, 12, 14, 15, 17, 19, 18, 20, 16, 0, 43, 42, 41, 45, 48, 47, 49, 50, 46, 44, 0, 1, 3, 4, 5, 6, 10, 7, 9, 8, 2, 0, 51, 53, 56, 55, 54, 52, 57, 59, 60, 58, 76, 74, 71, 72, 73, 75, 77, 79, 80, 78, 0, 89, 90, 84, 86, 83, 82, 81, 85, 87, 88, 0, 61, 62, 63, 65, 66, 67, 68, 69, 70, 64, 0, 21, 23, 25, 27, 29, 30, 28, 26, 24, 22, 0]
Elapsed time: 370.8444547653198

i:0	148889.71368412665
i:50	121817.12601192441
i:100	120428.00743179032
i:150	120215.40737207446
i:200	117664.9731654095
i:250	115982.05274021302
i:300	115161.75090734872
i:350	115161.75090734872
i:400	114336.76916829855
i:450	113713.1263015913
i:500	112190.14176342012
i:550	111906.02571498576
i:600	110527.54771030381
i:650	108373.67503530439
best: 107348.1291625666
routes: [0, 90, 84, 89, 88, 87, 81, 82, 85, 83, 86, 0, 51, 53, 56, 55, 54, 52, 57, 59, 60, 58, 79, 80, 77, 76, 74, 71, 72, 73, 75, 78, 0, 33, 32, 37, 36, 35, 40, 39, 38, 34, 31, 100, 99, 98, 97, 96, 95, 94, 93, 91, 92, 0, 43, 41, 44, 46, 49, 50, 48, 47, 45, 42, 0, 4, 1, 3, 8, 7, 9, 10, 5, 6, 2, 0, 24, 21, 23, 22, 25, 27, 29, 30, 28, 26, 0, 61, 62, 63, 64, 65, 68, 67, 66, 69, 70, 0, 13, 11, 12, 14, 15, 17, 19, 18, 20, 16, 0]
Elapsed time: 370.7759680747986

i:0	159845.36773720954
i:50	120647.48228342528
i:100	119238.17761978525
i:150	116915.0426615774
i:200	116871.3788814204
i:250	116386.98488270833
i:300	115640.27984980689
i:350	115407.93147165714
i:400	114996.34206685002
i:450	113601.87109672297
i:500	113470.18861348483
i:550	112822.08192087388
i:600	112822.08192087388
i:650	110521.54224657186
best: 110345.09587573321
routes: [0, 1, 3, 4, 5, 10, 9, 7, 8, 6, 2, 0, 61, 62, 63, 64, 65, 69, 70, 67, 68, 66, 0, 54, 55, 56, 53, 51, 52, 57, 59, 60, 58, 79, 80, 77, 76, 74, 71, 72, 73, 75, 78, 0, 91, 92, 93, 94, 95, 97, 99, 100, 98, 96, 31, 34, 32, 33, 38, 39, 40, 37, 35, 36, 0, 21, 25, 27, 29, 30, 28, 26, 22, 23, 24, 0, 43, 47, 49, 50, 48, 46, 45, 44, 41, 42, 0, 90, 86, 89, 87, 88, 81, 82, 83, 85, 84, 0, 11, 14, 15, 18, 20, 19, 17, 12, 13, 16, 0]
Elapsed time: 374.6221008300781

i:0	149100.67847063477
i:50	122403.62432151067
i:100	119286.44360195498
i:150	117648.3312525382
i:200	117193.60374367257
i:250	116340.46342464091
i:300	115096.09836398398
i:350	114474.47574717739
i:400	114186.85808046062
i:450	114060.29484436422
i:500	113515.81561725649
i:550	113515.81561725649
i:600	111111.01720858351
i:650	110751.97908890415
best: 110172.1269256842
routes: [0, 11, 12, 13, 14, 15, 18, 17, 19, 20, 16, 0, 21, 25, 29, 30, 28, 27, 26, 24, 23, 22, 0, 69, 70, 67, 68, 66, 65, 63, 64, 61, 62, 0, 90, 84, 83, 82, 81, 87, 88, 89, 85, 86, 0, 33, 34, 32, 37, 35, 36, 40, 39, 38, 31, 100, 97, 99, 98, 95, 92, 91, 93, 94, 96, 0, 51, 53, 52, 54, 55, 57, 56, 60, 58, 59, 76, 74, 71, 72, 73, 75, 77, 79, 80, 78, 0, 43, 45, 42, 41, 44, 46, 49, 47, 50, 48, 0, 1, 2, 8, 7, 9, 10, 6, 3, 5, 4, 0]
Elapsed time: 373.5739450454712

i:0	160370.32626155225
i:50	117874.7052472019
i:100	116135.61612742138
i:150	115244.48043209045
i:200	114048.19184960073
i:250	113528.01151834265
i:300	113036.08119927374
i:350	113036.08119927374
i:400	112197.65990311367
i:450	112024.86140556625
i:500	109973.3892653184
i:550	108867.86863099433
i:600	108517.0442058147
i:650	107006.12608082025
best: 106202.77718439906
routes: [0, 86, 84, 83, 85, 82, 81, 87, 88, 89, 90, 0, 11, 12, 13, 15, 14, 17, 19, 20, 18, 16, 0, 43, 41, 44, 46, 49, 50, 48, 47, 45, 42, 0, 61, 62, 63, 64, 65, 68, 67, 66, 69, 70, 0, 1, 2, 8, 7, 9, 10, 5, 6, 3, 4, 0, 91, 92, 93, 94, 95, 97, 98, 96, 99, 100, 31, 34, 33, 32, 37, 36, 35, 40, 39, 38, 0, 80, 71, 74, 72, 73, 75, 78, 77, 76, 79, 58, 60, 59, 57, 54, 55, 56, 53, 51, 52, 0, 21, 22, 23, 25, 27, 29, 30, 28, 26, 24, 0]
Elapsed time: 364.5177261829376

i:0	157560.06104430015
i:50	119012.63677631553
i:100	117828.18739010116
i:150	116865.9691113513
i:200	116849.46652932794
i:250	116481.08320146291
i:300	114984.42688665411
i:350	113159.00449408218
i:400	112417.6255005367
i:450	111964.52173294823
i:500	111964.52173294823
i:550	110981.66996393829
i:600	110227.61995289652
i:650	108523.91952514448
best: 107267.92870334067
routes: [0, 91, 92, 93, 94, 95, 97, 98, 96, 99, 100, 31, 39, 38, 40, 35, 36, 37, 32, 33, 34, 0, 79, 77, 76, 74, 71, 72, 73, 75, 78, 80, 58, 60, 59, 57, 56, 55, 54, 53, 51, 52, 0, 21, 24, 27, 29, 30, 28, 26, 25, 23, 22, 0, 11, 13, 15, 12, 14, 17, 19, 20, 18, 16, 0, 84, 83, 85, 82, 81, 87, 88, 86, 89, 90, 0, 43, 42, 41, 44, 45, 47, 48, 46, 49, 50, 0, 61, 62, 63, 64, 65, 68, 66, 67, 69, 70, 0, 2, 1, 3, 6, 10, 9, 7, 8, 5, 4, 0]
Elapsed time: 355.51263403892517

mean: 108924.39635440815
std: 1801.0265608967788
mean-time: 367.7099984645844
std-time: 5.6229993817632895