i:0	66914.48713158464
i:50	53358.345507789854
i:100	52136.70701484739
i:150	51491.665609607
i:200	51447.3385203952
i:250	51419.903395916095
i:300	51419.903395916095
i:350	50745.23616399455
i:400	50612.57602721244
i:450	50612.57602721244
i:500	50308.835432042884
i:550	50116.677374074054
i:600	50116.677374074054
i:650	49439.76925054153
best: 49304.789696048756
routes: [0, 23, 22, 25, 27, 29, 30, 28, 26, 24, 21, 48, 47, 41, 42, 43, 45, 46, 49, 50, 44, 0, 4, 3, 6, 5, 10, 9, 7, 8, 2, 1, 31, 32, 33, 34, 35, 38, 36, 37, 39, 40, 0, 11, 13, 12, 15, 17, 19, 20, 18, 16, 14, 0]
Elapsed time: 231.9514560699463

i:0	67483.11814939317
i:50	53943.63289409698
i:100	52579.059705577594
i:150	51497.377881783905
i:200	50946.34949014266
i:250	50935.32133375615
i:300	50844.503456360995
i:350	50787.187680763614
i:400	50787.187680763614
i:450	50609.84095551296
i:500	50119.34192331284
i:550	49784.55376041126
i:600	49784.55376041126
i:650	49599.30547449108
best: 49599.30547449108
routes: [0, 4, 3, 6, 5, 10, 9, 7, 8, 2, 1, 31, 32, 33, 34, 35, 38, 36, 37, 39, 40, 0, 23, 24, 26, 29, 30, 28, 27, 25, 22, 21, 48, 47, 41, 42, 43, 45, 46, 49, 50, 44, 0, 11, 13, 15, 17, 19, 20, 18, 16, 14, 12, 0]
Elapsed time: 235.81747961044312

i:0	65453.17898150846
i:50	53322.808398741516
i:100	52690.33561139862
i:150	52356.832668779636
i:200	52191.276633511035
i:250	51998.59852278161
i:300	51998.59852278161
i:350	51559.60445453991
i:400	51512.55435039978
i:450	51512.55435039978
i:500	51201.444474924036
i:550	50595.04148018331
i:600	50545.09105345918
i:650	50190.451391433766
best: 50190.451391433766
routes: [0, 50, 46, 49, 44, 43, 45, 42, 41, 47, 48, 21, 24, 26, 29, 30, 27, 25, 22, 23, 28, 0, 4, 3, 6, 5, 10, 9, 7, 8, 2, 1, 31, 32, 33, 34, 35, 38, 36, 37, 39, 40, 0, 11, 13, 12, 15, 17, 19, 20, 18, 16, 14, 0]
Elapsed time: 240.54841923713684

i:0	69089.0070972251
i:50	53775.31009058404
i:100	53077.66689171721
i:150	52637.87062778381
i:200	51986.26786918235
i:250	51796.388405136444
i:300	51796.388405136444
i:350	51454.449087327586
i:400	50966.60920115023
i:450	50749.62435036534
i:500	50320.06545558852
i:550	49891.261416636655
i:600	49891.261416636655
i:650	49781.58662635153
best: 49616.49056366764
routes: [0, 4, 5, 6, 7, 10, 9, 8, 2, 3, 1, 31, 32, 33, 34, 35, 38, 36, 37, 39, 40, 0, 23, 24, 26, 29, 30, 28, 27, 25, 22, 21, 47, 48, 45, 42, 41, 43, 44, 46, 49, 50, 0, 11, 13, 12, 15, 17, 19, 20, 18, 16, 14, 0]
Elapsed time: 230.98777031898499

i:0	67182.33543222817
i:50	53694.88648286174
i:100	53084.684738935706
i:150	52193.18820314038
i:200	52193.18820314038
i:250	52193.18820314038
i:300	50649.722034044535
i:350	50635.152034695166
i:400	50488.0778674939
i:450	50321.9022450967
i:500	49676.752691974674
i:550	49676.752691974674
i:600	49676.752691974674
i:650	49676.752691974674
best: 49676.752691974674
routes: [0, 11, 13, 12, 15, 17, 19, 20, 18, 16, 14, 39, 40, 36, 37, 38, 35, 34, 33, 31, 32, 0, 23, 25, 27, 28, 29, 30, 26, 24, 22, 21, 49, 44, 43, 42, 41, 47, 48, 45, 46, 50, 0, 1, 3, 2, 8, 7, 9, 10, 5, 6, 4, 0]
Elapsed time: 205.88791418075562

i:0	66375.84747080575
i:50	53129.23461907235
i:100	53129.23461907235
i:150	51045.255935750065
i:200	50691.29029565467
i:250	50424.20605883839
i:300	49987.11556397282
i:350	49987.11556397282
i:400	49842.913712523354
i:450	49842.913712523354
i:500	49797.23374686387
i:550	49797.23374686387
i:600	49797.23374686387
i:650	49716.96902419974
best: 49581.26495490355
routes: [0, 4, 5, 6, 10, 9, 7, 8, 2, 3, 1, 31, 32, 33, 34, 35, 37, 38, 36, 39, 40, 0, 23, 22, 25, 27, 29, 30, 28, 26, 24, 21, 48, 47, 41, 42, 43, 45, 46, 49, 50, 44, 0, 11, 13, 12, 15, 17, 19, 20, 18, 16, 14, 0]
Elapsed time: 217.05645847320557

i:0	71172.42789995183
i:50	52017.463551108696
i:100	51316.16309618398
i:150	51197.27016967705
i:200	51025.84702019759
i:250	51025.84702019759
i:300	51025.84702019759
i:350	51025.84702019759
i:400	50538.73215649796
i:450	50473.76973117764
i:500	50405.021032609264
i:550	50405.021032609264
i:600	50005.399524394685
i:650	49734.28502898385
best: 49599.30547449108
routes: [0, 4, 3, 6, 5, 10, 9, 7, 8, 2, 1, 31, 32, 33, 34, 35, 38, 36, 37, 39, 40, 0, 23, 24, 26, 29, 30, 28, 27, 25, 22, 21, 48, 47, 41, 42, 43, 45, 46, 49, 50, 44, 0, 11, 13, 15, 17, 19, 20, 18, 16, 14, 12, 0]
Elapsed time: 235.51739382743835

i:0	64597.97958703575
i:50	53160.3922131562
i:100	53144.4806779833
i:150	51991.97224668025
i:200	51991.97224668025
i:250	51991.97224668025
i:300	51735.16080121049
i:350	51735.16080121049
i:400	51552.39864458793
i:450	51526.24263620448
i:500	51151.849109088165
i:550	51039.7890837339
i:600	50992.71402718391
i:650	49845.32259958274
best: 49772.39801632807
routes: [0, 11, 13, 12, 16, 15, 17, 19, 20, 18, 14, 39, 40, 36, 37, 38, 35, 34, 33, 31, 32, 0, 23, 24, 26, 29, 30, 28, 27, 25, 22, 21, 46, 44, 43, 42, 41, 47, 48, 45, 49, 50, 0, 4, 1, 3, 6, 5, 10, 9, 7, 8, 2, 0]
Elapsed time: 239.30042386054993

i:0	71118.00466411858
i:50	53756.61968070181
i:100	53266.86131590689
i:150	52997.003987943615
i:200	52630.355957282445
i:250	52439.50570175376
i:300	52439.50570175376
i:350	52253.41244967274
i:400	51910.01840746612
i:450	51910.01840746612
i:500	51402.86093295527
i:550	51227.59144155867
i:600	50904.6921598692
i:650	50647.03417716199
best: 50410.684001552596
routes: [0, 50, 46, 49, 44, 43, 45, 42, 41, 47, 48, 21, 22, 23, 28, 27, 25, 24, 26, 29, 30, 0, 4, 3, 6, 5, 10, 9, 7, 8, 2, 1, 31, 32, 33, 34, 35, 38, 36, 37, 39, 40, 0, 11, 13, 12, 15, 17, 19, 20, 18, 16, 14, 0]
Elapsed time: 242.978497505188

i:0	67659.59660869805
i:50	52595.56465457226
i:100	51372.11324524038
i:150	50882.608063347456
i:200	50882.608063347456
i:250	50461.457130563875
i:300	50119.65679589634
i:350	50119.65679589634
i:400	49771.74943111413
i:450	49597.7308465911
i:500	49338.95712503661
i:550	49338.95712503661
i:600	49338.95712503661
i:650	49338.95712503661
best: 49338.95712503661
routes: [0, 23, 24, 26, 29, 30, 28, 27, 25, 22, 21, 48, 47, 41, 42, 43, 45, 46, 49, 50, 44, 0, 4, 3, 6, 5, 10, 9, 7, 8, 2, 1, 31, 32, 33, 34, 35, 38, 36, 37, 39, 40, 0, 11, 13, 12, 15, 17, 19, 20, 18, 16, 14, 0]
Elapsed time: 212.0907337665558

mean: 49709.03993899278
std: 328.40109261198575
mean-time: 229.21365468502046
std-time: 12.242399200436042