i:0	77166.53954737155
i:50	59541.67599600241
i:100	59541.67599600241
i:150	59541.67599600241
i:200	59541.67599600241
i:250	59541.67599600241
i:300	59541.67599600241
i:350	59541.67599600241
i:400	59541.67599600241
i:450	59541.67599600241
i:500	59541.67599600241
i:550	59541.67599600241
i:600	59541.67599600241
i:650	59541.67599600241
best: 59541.67599600241
routes: [0, 49, 50, 48, 47, 46, 33, 34, 35, 32, 31, 40, 38, 37, 39, 36, 29, 30, 28, 27, 26, 1, 2, 5, 3, 4, 0, 44, 43, 45, 42, 41, 21, 24, 23, 25, 22, 6, 8, 7, 9, 10, 12, 11, 14, 13, 15, 20, 18, 17, 19, 16, 0]
Elapsed time: 53.030200481414795

i:0	84067.51901906639
i:50	59541.67599600241
i:100	59541.67599600241
i:150	59541.67599600241
i:200	59541.67599600241
i:250	59541.67599600241
i:300	59541.67599600241
i:350	59541.67599600241
i:400	59541.67599600241
i:450	59541.67599600241
i:500	59541.67599600241
i:550	59541.67599600241
i:600	59541.67599600241
i:650	59541.67599600241
best: 59541.67599600241
routes: [0, 49, 50, 48, 47, 46, 33, 34, 35, 32, 31, 40, 38, 37, 39, 36, 29, 30, 28, 27, 26, 1, 2, 5, 3, 4, 0, 44, 43, 45, 42, 41, 21, 24, 23, 25, 22, 6, 8, 7, 9, 10, 12, 11, 14, 13, 15, 20, 18, 17, 19, 16, 0]
Elapsed time: 50.54162573814392

i:0	85875.04862067886
i:50	60970.56561113866
i:100	60970.56561113866
i:150	60970.56561113866
i:200	60970.56561113866
i:250	60970.56561113866
i:300	60970.56561113866
i:350	59852.41830931639
i:400	59852.41830931639
i:450	59852.41830931639
i:500	59852.41830931639
i:550	59852.41830931639
i:600	59852.41830931639
i:650	59852.41830931639
best: 59852.41830931639
routes: [0, 26, 28, 27, 29, 30, 39, 36, 38, 37, 40, 31, 32, 34, 35, 33, 50, 49, 48, 47, 46, 1, 2, 5, 3, 4, 0, 16, 18, 17, 19, 20, 15, 13, 14, 11, 12, 8, 7, 9, 10, 6, 23, 25, 22, 24, 21, 41, 42, 45, 43, 44, 0]
Elapsed time: 84.94526147842407

i:0	83520.63784975564
i:50	61442.73074502671
i:100	60194.38593403212
i:150	60194.38593403212
i:200	60194.38593403212
i:250	60194.38593403212
i:300	60194.38593403212
i:350	60194.38593403212
i:400	60194.38593403212
i:450	60194.38593403212
i:500	60194.38593403212
i:550	60194.38593403212
i:600	60194.38593403212
i:650	60194.38593403212
best: 60194.38593403212
routes: [0, 49, 50, 48, 47, 46, 33, 34, 35, 32, 31, 40, 38, 37, 39, 36, 29, 30, 28, 27, 26, 1, 2, 5, 3, 4, 0, 8, 7, 9, 10, 6, 23, 25, 22, 24, 21, 41, 42, 45, 43, 44, 11, 14, 13, 12, 15, 20, 18, 17, 19, 16, 0]
Elapsed time: 61.414371728897095

i:0	80494.34055010948
i:50	60389.09557520719
i:100	59541.67599600241
i:150	59541.67599600241
i:200	59541.67599600241
i:250	59541.67599600241
i:300	59541.67599600241
i:350	59541.67599600241
i:400	59541.67599600241
i:450	59541.67599600241
i:500	59541.67599600241
i:550	59541.67599600241
i:600	59541.67599600241
i:650	59541.67599600241
best: 59541.67599600241
routes: [0, 49, 50, 48, 47, 46, 33, 34, 35, 32, 31, 40, 38, 37, 39, 36, 29, 30, 28, 27, 26, 1, 2, 5, 3, 4, 0, 44, 43, 45, 42, 41, 21, 24, 23, 25, 22, 6, 8, 7, 9, 10, 12, 11, 14, 13, 15, 20, 18, 17, 19, 16, 0]
Elapsed time: 56.38036012649536

i:0	83592.07981882285
i:50	58173.611438460764
i:100	58173.611438460764
i:150	58173.611438460764
i:200	58173.611438460764
i:250	58173.611438460764
i:300	58173.611438460764
i:350	58173.611438460764
i:400	58173.611438460764
i:450	58173.611438460764
i:500	58173.611438460764
i:550	58173.611438460764
i:600	58173.611438460764
i:650	58173.611438460764
best: 58173.611438460764
routes: [0, 49, 50, 48, 47, 46, 33, 34, 35, 32, 31, 40, 38, 37, 39, 36, 29, 30, 28, 27, 26, 0, 16, 20, 17, 19, 18, 11, 14, 13, 15, 12, 8, 7, 9, 10, 6, 23, 25, 22, 24, 21, 41, 42, 45, 43, 44, 5, 3, 2, 1, 4, 0]
Elapsed time: 55.31375002861023

i:0	81159.25636047928
i:50	61117.118216639195
i:100	61117.118216639195
i:150	61117.118216639195
i:200	61117.118216639195
i:250	61117.118216639195
i:300	61117.118216639195
i:350	61117.118216639195
i:400	61117.118216639195
i:450	61117.118216639195
i:500	61117.118216639195
i:550	61117.118216639195
i:600	61117.118216639195
i:650	61117.118216639195
best: 61117.118216639195
routes: [0, 16, 20, 17, 19, 18, 14, 13, 15, 11, 12, 8, 7, 9, 10, 6, 23, 22, 24, 25, 21, 45, 43, 41, 42, 44, 0, 4, 3, 5, 2, 1, 29, 30, 27, 26, 28, 39, 40, 38, 37, 36, 31, 32, 35, 33, 34, 49, 50, 48, 47, 46, 0]
Elapsed time: 99.79662013053894

i:0	83997.9017256777
i:50	59597.97060556449
i:100	59597.97060556449
i:150	59597.97060556449
i:200	59541.67599600241
i:250	59541.67599600241
i:300	59541.67599600241
i:350	59541.67599600241
i:400	59541.67599600241
i:450	59541.67599600241
i:500	59541.67599600241
i:550	59541.67599600241
i:600	59541.67599600241
i:650	59541.67599600241
best: 59541.67599600241
routes: [0, 49, 50, 48, 47, 46, 33, 34, 35, 32, 31, 40, 38, 37, 39, 36, 29, 30, 28, 27, 26, 1, 2, 5, 3, 4, 0, 44, 43, 45, 42, 41, 21, 24, 23, 25, 22, 6, 8, 7, 9, 10, 12, 11, 14, 13, 15, 20, 18, 17, 19, 16, 0]
Elapsed time: 55.657556772232056

i:0	81856.1758620832
i:50	61731.66057413038
i:100	61731.66057413038
i:150	61731.66057413038
i:200	61731.66057413038
i:250	61727.6928728109
i:300	61727.6928728109
i:350	61727.6928728109
i:400	61727.6928728109
i:450	61727.6928728109
i:500	61727.6928728109
i:550	61727.6928728109
i:600	61727.6928728109
i:650	61727.6928728109
best: 61727.6928728109
routes: [0, 26, 28, 27, 29, 30, 39, 36, 38, 37, 40, 33, 34, 35, 32, 31, 49, 50, 48, 47, 46, 0, 11, 14, 13, 15, 12, 8, 7, 9, 10, 6, 23, 25, 22, 24, 21, 41, 42, 45, 43, 44, 5, 3, 2, 1, 4, 0, 18, 17, 20, 19, 16, 0]
Elapsed time: 48.929221868515015

i:0	87315.91289033371
i:50	58528.924641529404
i:100	58528.924641529404
i:150	58528.924641529404
i:200	58528.924641529404
i:250	58528.924641529404
i:300	58528.924641529404
i:350	58528.924641529404
i:400	58528.924641529404
i:450	58528.924641529404
i:500	58528.924641529404
i:550	58528.924641529404
i:600	58528.924641529404
i:650	58528.924641529404
best: 58528.924641529404
routes: [0, 26, 28, 27, 29, 30, 39, 36, 38, 37, 40, 33, 34, 35, 32, 31, 50, 49, 48, 47, 46, 0, 16, 20, 17, 19, 18, 11, 14, 13, 15, 12, 8, 7, 9, 10, 6, 23, 25, 22, 24, 21, 41, 42, 45, 43, 44, 5, 3, 2, 1, 4, 0]
Elapsed time: 51.45137119293213

mean: 59776.08553967984
std: 1006.5319976364831
mean-time: 61.74603395462036
std-time: 16.016088231652596