i:0	65368.15310207925
i:50	49776.54969155352
i:100	49042.09664580719
i:150	48779.26338255685
i:200	48779.26338255685
i:250	48598.33955799551
i:300	47898.11482136781
i:350	47898.11482136781
i:400	47689.94934394726
i:450	47685.91757849605
i:500	47595.12809130247
i:550	47171.42534700768
i:600	46607.67238618441
i:650	46598.448975992345
best: 46378.36396779756
routes: [0, 23, 24, 26, 29, 30, 28, 27, 25, 22, 21, 48, 47, 41, 42, 45, 43, 44, 46, 49, 50, 9, 10, 7, 8, 2, 1, 3, 6, 5, 4, 0, 12, 13, 15, 17, 19, 20, 18, 16, 14, 11, 39, 40, 36, 37, 38, 35, 34, 33, 31, 32, 0]
Elapsed time: 240.82218599319458

i:0	67630.66364095564
i:50	51744.93367291054
i:100	50707.64167590578
i:150	50352.949744941485
i:200	49650.97989174176
i:250	49650.97989174176
i:300	49510.849069324126
i:350	49333.6534453877
i:400	49333.6534453877
i:450	49333.6534453877
i:500	49330.53086925267
i:550	49325.926884914785
i:600	49325.926884914785
i:650	49325.54948052794
best: 49325.54948052794
routes: [0, 12, 15, 17, 19, 20, 18, 16, 14, 13, 11, 31, 32, 33, 34, 35, 37, 38, 36, 39, 40, 0, 4, 1, 8, 5, 3, 2, 6, 10, 7, 9, 50, 46, 49, 44, 45, 43, 42, 41, 47, 48, 21, 25, 24, 26, 29, 30, 27, 28, 23, 22, 0]
Elapsed time: 237.4016888141632

i:0	63450.785986802206
i:50	49972.52644730882
i:100	49965.67141964815
i:150	49645.25816844993
i:200	49365.579647838604
i:250	48571.86776985301
i:300	48571.86776985301
i:350	48154.43863703591
i:400	48154.43863703591
i:450	48154.43863703591
i:500	47884.72123554046
i:550	47884.72123554046
i:600	47572.29910547128
i:650	46964.86084910833
best: 46964.86084910833
routes: [0, 12, 13, 15, 17, 19, 20, 18, 16, 14, 11, 31, 32, 33, 34, 35, 38, 37, 36, 39, 40, 0, 23, 22, 25, 27, 29, 30, 28, 26, 24, 21, 48, 47, 41, 42, 43, 45, 46, 49, 50, 44, 9, 10, 7, 8, 2, 1, 3, 6, 5, 4, 0]
Elapsed time: 242.78268241882324

i:0	63383.34793272981
i:50	51678.623543451315
i:100	49856.01075880708
i:150	49267.93346967887
i:200	49089.03195417469
i:250	48998.11901332722
i:300	48903.70757866663
i:350	48903.70757866663
i:400	48847.335779472305
i:450	48594.37200596806
i:500	48594.37200596806
i:550	48226.04396462633
i:600	48226.04396462633
i:650	47581.87534290938
best: 47141.251407854885
routes: [0, 4, 2, 1, 3, 6, 5, 10, 7, 8, 9, 50, 44, 43, 46, 49, 45, 42, 41, 47, 48, 21, 22, 23, 25, 27, 24, 26, 29, 30, 28, 0, 11, 13, 12, 15, 17, 19, 20, 18, 16, 14, 39, 40, 36, 37, 38, 35, 34, 33, 31, 32, 0]
Elapsed time: 239.47752213478088

i:0	63478.403032571354
i:50	49202.59713853983
i:100	49003.434067782975
i:150	49003.434067782975
i:200	49003.434067782975
i:250	49003.434067782975
i:300	49003.434067782975
i:350	48900.73027259861
i:400	48753.54014425744
i:450	48753.54014425744
i:500	48753.54014425744
i:550	48357.54448219882
i:600	48040.71517655546
i:650	47805.607990775374
best: 47469.63450412547
routes: [0, 12, 13, 15, 17, 19, 20, 18, 16, 14, 11, 31, 32, 33, 34, 35, 38, 37, 36, 39, 40, 0, 23, 25, 24, 26, 29, 30, 28, 27, 22, 21, 47, 41, 42, 43, 45, 48, 46, 49, 50, 44, 9, 10, 7, 8, 2, 1, 3, 6, 5, 4, 0]
Elapsed time: 246.23648810386658

i:0	65213.49239879413
i:50	52035.45891169713
i:100	50098.41785802119
i:150	49921.948517742916
i:200	49821.02748441843
i:250	49483.71482519258
i:300	48675.27659008563
i:350	48397.41006852717
i:400	48397.41006852717
i:450	48379.22605304539
i:500	48316.246466089244
i:550	48316.246466089244
i:600	48238.20840394932
i:650	48094.900899287866
best: 47621.866882374175
routes: [0, 11, 13, 12, 16, 15, 17, 19, 20, 18, 14, 39, 40, 36, 37, 38, 35, 32, 31, 33, 34, 0, 50, 46, 49, 44, 43, 45, 42, 41, 47, 48, 21, 22, 23, 25, 24, 26, 29, 30, 27, 28, 10, 9, 7, 8, 2, 1, 3, 6, 5, 4, 0]
Elapsed time: 246.73236727714539

i:0	66679.21235503742
i:50	52082.840852230234
i:100	51795.419832538806
i:150	51729.18921228064
i:200	49193.06563366395
i:250	48146.94180247187
i:300	47776.94305612698
i:350	47435.60342634257
i:400	47435.60342634257
i:450	47435.60342634257
i:500	47407.90200634373
i:550	47407.90200634373
i:600	47331.92578310582
i:650	47186.31296903631
best: 47011.36406908241
routes: [0, 4, 1, 2, 3, 6, 5, 10, 7, 8, 9, 50, 46, 49, 44, 43, 45, 42, 41, 47, 48, 21, 24, 22, 23, 25, 27, 26, 29, 30, 28, 0, 12, 13, 15, 17, 19, 20, 18, 16, 14, 11, 39, 40, 36, 37, 38, 35, 34, 33, 31, 32, 0]
Elapsed time: 236.98771142959595

i:0	67017.61295706566
i:50	49197.03322046556
i:100	48627.328446573694
i:150	47958.10717407396
i:200	47694.98258709692
i:250	47694.98258709692
i:300	47694.98258709692
i:350	47510.09379516226
i:400	47510.09379516226
i:450	47510.09379516226
i:500	46993.208834147445
i:550	46668.79901717935
i:600	46577.810522987056
i:650	46202.906914794294
best: 46202.906914794294
routes: [0, 23, 24, 26, 29, 30, 28, 27, 25, 22, 21, 48, 47, 41, 42, 43, 45, 49, 50, 46, 44, 9, 7, 8, 2, 1, 3, 6, 10, 5, 4, 0, 11, 13, 12, 15, 17, 19, 20, 18, 16, 14, 39, 40, 36, 37, 38, 35, 34, 33, 31, 32, 0]
Elapsed time: 237.37988662719727

i:0	67612.91440652605
i:50	52934.724473086884
i:100	50816.97067172034
i:150	49749.646861981775
i:200	49589.1132672251
i:250	48878.58741505802
i:300	48821.23344775314
i:350	48821.23344775314
i:400	48407.39479229972
i:450	48087.17375696023
i:500	48087.17375696023
i:550	47633.522470745695
i:600	47547.10117701626
i:650	47160.50368617501
best: 47096.988657381604
routes: [0, 12, 13, 15, 17, 19, 20, 18, 16, 14, 11, 31, 32, 33, 34, 35, 38, 37, 36, 39, 40, 0, 23, 22, 25, 27, 29, 30, 28, 26, 24, 21, 47, 48, 45, 42, 41, 43, 44, 46, 49, 50, 9, 7, 8, 2, 1, 3, 6, 10, 5, 4, 0]
Elapsed time: 243.45665907859802

i:0	64575.22563605829
i:50	50700.317454920296
i:100	50024.67530104803
i:150	49107.30633469476
i:200	48906.04823554959
i:250	48644.24812789935
i:300	48421.119629759705
i:350	48236.0067220412
i:400	47314.339469022976
i:450	47314.339469022976
i:500	47151.32979078728
i:550	47087.81476199387
i:600	47087.81476199387
i:650	47045.40870440536
best: 46720.998887437265
routes: [0, 11, 14, 13, 12, 15, 17, 19, 20, 18, 16, 39, 40, 36, 37, 38, 35, 34, 33, 31, 32, 0, 23, 22, 25, 26, 29, 30, 28, 27, 24, 21, 48, 47, 41, 42, 43, 45, 46, 49, 50, 44, 9, 7, 8, 2, 1, 3, 6, 10, 5, 4, 0]
Elapsed time: 243.11928486824036

mean: 47193.37856204839
std: 822.9128578618293
mean-time: 241.43964767456055
std-time: 3.4139935667412624