i:0	301431.54992683034
i:50	67548.505256901
i:100	67548.505256901
i:150	67284.65359254724
i:200	66003.45689973903
i:250	66003.45689973903
i:300	66003.45689973903
i:350	66003.45689973903
i:400	66003.45689973903
i:450	66003.45689973903
i:500	66003.45689973903
i:550	66003.45689973903
i:600	66003.45689973903
i:650	66003.45689973903
best: 66003.45689973903
routes: [0, 26, 28, 27, 29, 30, 39, 36, 38, 37, 40, 31, 32, 34, 35, 33, 50, 49, 48, 47, 46, 0, 4, 1, 2, 5, 3, 44, 43, 45, 41, 42, 23, 25, 21, 22, 24, 9, 10, 8, 7, 6, 0, 13, 14, 11, 12, 15, 20, 18, 17, 19, 16, 0]
Elapsed time: 34.94959998130798

i:0	88196.21301876084
i:50	66605.70930866
i:100	66605.70930866
i:150	66443.0820375881
i:200	66443.0820375881
i:250	66443.0820375881
i:300	66443.0820375881
i:350	66443.0820375881
i:400	66443.0820375881
i:450	66443.0820375881
i:500	66443.0820375881
i:550	66443.0820375881
i:600	66443.0820375881
i:650	66443.0820375881
best: 66443.0820375881
routes: [0, 26, 28, 27, 29, 30, 39, 36, 38, 37, 40, 33, 34, 31, 32, 35, 50, 49, 48, 47, 46, 0, 4, 3, 1, 2, 5, 44, 43, 45, 41, 42, 24, 25, 23, 21, 22, 9, 10, 8, 7, 6, 0, 12, 15, 13, 14, 11, 18, 17, 20, 19, 16, 0]
Elapsed time: 35.98133563995361

i:0	77391.44689504536
i:50	65515.23238783462
i:100	64641.598865266526
i:150	64641.598865266526
i:200	64641.598865266526
i:250	64641.598865266526
i:300	64641.598865266526
i:350	64641.598865266526
i:400	64641.598865266526
i:450	64641.598865266526
i:500	64641.598865266526
i:550	64641.598865266526
i:600	64641.598865266526
i:650	64641.598865266526
best: 64641.598865266526
routes: [0, 26, 28, 27, 29, 30, 39, 36, 38, 37, 40, 31, 32, 34, 35, 33, 50, 49, 48, 47, 46, 0, 4, 3, 1, 2, 5, 6, 8, 7, 10, 9, 25, 23, 22, 24, 21, 41, 42, 45, 43, 44, 0, 13, 14, 11, 12, 15, 20, 18, 17, 19, 16, 0]
Elapsed time: 30.74493145942688

i:0	302479.2624527029
i:50	65673.59703153747
i:100	65673.59703153747
i:150	65673.59703153747
i:200	65673.59703153747
i:250	65673.59703153747
i:300	65673.59703153747
i:350	65673.59703153747
i:400	65673.59703153747
i:450	65673.59703153747
i:500	65673.59703153747
i:550	65673.59703153747
i:600	65673.59703153747
i:650	65673.59703153747
best: 65673.59703153747
routes: [0, 26, 28, 27, 29, 30, 39, 36, 38, 37, 40, 31, 32, 34, 35, 33, 50, 49, 48, 47, 46, 0, 4, 3, 1, 2, 5, 44, 43, 45, 41, 42, 24, 25, 23, 21, 22, 9, 10, 8, 7, 6, 0, 12, 15, 13, 14, 11, 18, 17, 20, 19, 16, 0]
Elapsed time: 38.66952848434448

i:0	90033.09987654908
i:50	68116.75828878072
i:100	68116.75828878072
i:150	67031.59288272596
i:200	65096.07248317657
i:250	65096.07248317657
i:300	65096.07248317657
i:350	65096.07248317657
i:400	65096.07248317657
i:450	65096.07248317657
i:500	65096.07248317657
i:550	65096.07248317657
i:600	65096.07248317657
i:650	65096.07248317657
best: 65096.07248317657
routes: [0, 4, 5, 3, 1, 2, 44, 43, 41, 42, 45, 21, 22, 24, 25, 23, 6, 8, 7, 9, 10, 0, 26, 28, 27, 29, 30, 39, 36, 38, 37, 40, 33, 31, 32, 34, 35, 50, 49, 48, 47, 46, 0, 12, 15, 13, 14, 11, 18, 17, 20, 19, 16, 0]
Elapsed time: 54.948182344436646

i:0	102065.11194202206
i:50	66311.32196863461
i:100	66311.32196863461
i:150	66311.32196863461
i:200	66311.32196863461
i:250	66311.32196863461
i:300	66311.32196863461
i:350	66311.32196863461
i:400	66311.32196863461
i:450	66311.32196863461
i:500	66311.32196863461
i:550	66311.32196863461
i:600	66311.32196863461
i:650	66311.32196863461
best: 66311.32196863461
routes: [0, 1, 2, 4, 3, 5, 44, 43, 45, 41, 42, 24, 25, 23, 21, 22, 9, 10, 8, 7, 6, 0, 26, 28, 27, 29, 30, 39, 36, 38, 37, 40, 33, 31, 32, 34, 35, 50, 49, 48, 47, 46, 0, 13, 14, 11, 12, 15, 20, 18, 17, 19, 16, 0]
Elapsed time: 33.39055943489075

i:0	291274.7831401467
i:50	65299.96474565775
i:100	65299.96474565775
i:150	65299.96474565775
i:200	65299.96474565775
i:250	65299.96474565775
i:300	65299.96474565775
i:350	65299.96474565775
i:400	65299.96474565775
i:450	65299.96474565775
i:500	65299.96474565775
i:550	65299.96474565775
i:600	65299.96474565775
i:650	65299.96474565775
best: 65299.96474565775
routes: [0, 8, 7, 9, 10, 6, 23, 22, 24, 25, 21, 41, 42, 45, 43, 44, 3, 1, 2, 4, 5, 0, 26, 28, 27, 29, 30, 39, 36, 38, 37, 40, 32, 34, 35, 33, 31, 50, 49, 48, 47, 46, 0, 14, 13, 12, 15, 11, 18, 17, 20, 19, 16, 0]
Elapsed time: 31.977078676223755

i:0	86119.14377325159
i:50	65379.03235727173
i:100	65379.03235727173
i:150	65379.03235727173
i:200	65379.03235727173
i:250	65379.03235727173
i:300	65379.03235727173
i:350	65379.03235727173
i:400	65379.03235727173
i:450	65379.03235727173
i:500	65379.03235727173
i:550	65379.03235727173
i:600	65379.03235727173
i:650	65379.03235727173
best: 65379.03235727173
routes: [0, 49, 50, 48, 47, 46, 34, 35, 33, 32, 31, 40, 38, 37, 39, 36, 29, 30, 28, 27, 26, 0, 3, 1, 2, 4, 5, 6, 8, 7, 10, 9, 25, 23, 22, 24, 21, 45, 43, 41, 42, 44, 0, 13, 14, 11, 12, 15, 20, 18, 17, 19, 16, 0]
Elapsed time: 32.81169080734253

i:0	291881.1673147264
i:50	65411.083871317154
i:100	65411.083871317154
i:150	65411.083871317154
i:200	65411.083871317154
i:250	65411.083871317154
i:300	65411.083871317154
i:350	65411.083871317154
i:400	65411.083871317154
i:450	65411.083871317154
i:500	65411.083871317154
i:550	65411.083871317154
i:600	65411.083871317154
i:650	65411.083871317154
best: 65411.083871317154
routes: [0, 4, 3, 1, 2, 5, 6, 8, 7, 10, 9, 25, 23, 22, 24, 21, 41, 42, 45, 43, 44, 0, 26, 28, 27, 29, 30, 39, 36, 38, 37, 40, 33, 34, 31, 32, 35, 50, 49, 48, 47, 46, 0, 13, 14, 11, 12, 15, 20, 18, 17, 19, 16, 0]
Elapsed time: 33.23172926902771

i:0	91614.54541082229
i:50	66226.52927503939
i:100	66226.52927503939
i:150	66226.52927503939
i:200	66226.52927503939
i:250	66226.52927503939
i:300	66226.52927503939
i:350	66226.52927503939
i:400	66226.52927503939
i:450	66226.52927503939
i:500	66226.52927503939
i:550	66226.52927503939
i:600	66226.52927503939
i:650	66226.52927503939
best: 66226.52927503939
routes: [0, 8, 7, 9, 10, 6, 24, 25, 23, 22, 21, 44, 43, 45, 41, 42, 5, 3, 4, 1, 2, 0, 26, 28, 27, 29, 30, 39, 36, 38, 37, 40, 32, 34, 35, 33, 31, 50, 49, 48, 47, 46, 0, 14, 13, 12, 15, 11, 18, 17, 20, 19, 16, 0]
Elapsed time: 32.5213508605957

mean: 65648.57395352283
std: 556.8588452170745
mean-time: 35.922598695755006
std-time: 6.691354384686526