i:0	73431.72928410451
i:50	50649.990893343944
i:100	49699.25121000603
i:150	49220.68004834044
i:200	49220.68004834044
i:250	49220.68004834044
i:300	49220.68004834044
i:350	49220.68004834044
i:400	49117.84773994169
i:450	49117.84773994169
i:500	49117.84773994169
i:550	49025.88927024555
i:600	48959.010131092225
i:650	48959.010131092225
best: 48936.69798523198
routes: [0, 34, 31, 32, 33, 35, 38, 39, 37, 36, 40, 28, 23, 21, 22, 25, 27, 29, 30, 26, 24, 0, 42, 41, 43, 45, 44, 48, 47, 46, 49, 50, 11, 19, 20, 15, 16, 17, 18, 14, 13, 12, 10, 9, 7, 8, 5, 4, 2, 1, 3, 6, 0]
Elapsed time: 246.0049831867218

i:0	66309.04050799324
i:50	49350.494214779304
i:100	49350.494214779304
i:150	49066.4082530226
i:200	49066.4082530226
i:250	49066.4082530226
i:300	48893.06567234926
i:350	48110.56385575021
i:400	48110.56385575021
i:450	47914.021288047865
i:500	47914.021288047865
i:550	47419.658622475676
i:600	46610.25094067564
i:650	46251.06321104875
best: 46173.43863239791
routes: [0, 21, 22, 23, 26, 24, 25, 27, 29, 30, 28, 36, 34, 31, 32, 33, 35, 38, 37, 39, 40, 41, 42, 43, 44, 45, 47, 48, 49, 50, 46, 0, 11, 19, 20, 15, 16, 17, 18, 14, 13, 12, 6, 3, 1, 2, 4, 5, 7, 9, 10, 8, 0]
Elapsed time: 244.83797907829285

i:0	71754.51860454364
i:50	49690.06169962336
i:100	49056.24082174477
i:150	47619.477109766536
i:200	47294.38229468043
i:250	47170.19293576367
i:300	47170.19293576367
i:350	46861.23848747404
i:400	46861.23848747404
i:450	46861.23848747404
i:500	46555.817986228416
i:550	46206.04793084964
i:600	46206.04793084964
i:650	46167.37528540597
best: 46167.37528540597
routes: [0, 21, 22, 23, 26, 24, 25, 27, 29, 30, 28, 36, 34, 31, 32, 33, 35, 38, 37, 39, 40, 41, 42, 43, 44, 45, 47, 48, 49, 50, 46, 0, 11, 14, 13, 18, 19, 20, 16, 15, 17, 12, 3, 1, 2, 4, 5, 7, 9, 10, 8, 6, 0]
Elapsed time: 241.29647374153137

i:0	66829.17881996204
i:50	50738.7166872395
i:100	50257.96763776139
i:150	50204.34138977202
i:200	49587.903028439876
i:250	49587.903028439876
i:300	49587.903028439876
i:350	49548.79187917782
i:400	49548.79187917782
i:450	49548.79187917782
i:500	49432.6008478798
i:550	49376.713240659534
i:600	49376.713240659534
i:650	47698.493480829704
best: 46945.41122249857
routes: [0, 21, 22, 23, 26, 24, 25, 27, 29, 30, 28, 40, 38, 35, 33, 32, 31, 34, 36, 37, 39, 41, 42, 43, 44, 45, 47, 48, 49, 50, 46, 0, 11, 14, 13, 12, 17, 16, 15, 20, 19, 18, 6, 10, 9, 7, 8, 5, 4, 3, 1, 2, 0]
Elapsed time: 253.8817880153656

i:0	70204.20333689923
i:50	48987.907194545296
i:100	48288.19672911614
i:150	47873.76835849778
i:200	47873.76835849778
i:250	47722.9378770343
i:300	47071.912097820226
i:350	46864.70202587174
i:400	46432.51179339658
i:450	46389.19232503374
i:500	45869.58477206054
i:550	45869.58477206054
i:600	45869.58477206054
i:650	45682.341911907395
best: 45682.341911907395
routes: [0, 41, 42, 43, 44, 45, 48, 46, 47, 49, 50, 11, 19, 20, 16, 15, 17, 18, 14, 13, 12, 6, 5, 4, 7, 9, 10, 8, 3, 1, 2, 0, 21, 22, 23, 26, 24, 25, 27, 29, 30, 28, 36, 37, 34, 31, 32, 33, 35, 38, 39, 40, 0]
Elapsed time: 236.61881017684937

i:0	68549.36690166738
i:50	49895.9865190775
i:100	48148.1293583932
i:150	47861.55886264251
i:200	47850.966213687425
i:250	47775.98118893109
i:300	47745.420974562396
i:350	47683.19253371686
i:400	47227.15929415486
i:450	47227.15929415486
i:500	47219.23442264045
i:550	47211.326283663686
i:600	47211.326283663686
i:650	46611.71010573259
best: 46256.93198017426
routes: [0, 21, 22, 23, 26, 24, 25, 27, 29, 30, 28, 39, 37, 36, 34, 31, 32, 33, 35, 38, 40, 0, 6, 10, 8, 3, 4, 1, 2, 5, 7, 9, 15, 16, 17, 20, 19, 18, 12, 13, 14, 11, 50, 49, 48, 47, 46, 45, 44, 43, 41, 42, 0]
Elapsed time: 246.10776472091675

i:0	61248.67607706184
i:50	50664.04623857769
i:100	50433.4711876779
i:150	49987.277551846986
i:200	49987.277551846986
i:250	49973.80607087872
i:300	49973.80607087872
i:350	49973.80607087872
i:400	49785.9199391235
i:450	49785.9199391235
i:500	49584.42207817942
i:550	49500.43172513512
i:600	49483.796053592756
i:650	49008.09939294837
best: 48981.21279670945
routes: [0, 39, 40, 35, 38, 33, 32, 31, 37, 36, 34, 29, 30, 28, 26, 22, 21, 23, 25, 27, 24, 0, 41, 42, 43, 44, 45, 46, 49, 47, 48, 50, 11, 19, 20, 15, 16, 17, 18, 14, 13, 12, 10, 9, 7, 8, 5, 4, 2, 1, 3, 6, 0]
Elapsed time: 249.5411319732666

i:0	63349.133982703745
i:50	50827.57375589789
i:100	49489.60266739743
i:150	49132.256397225705
i:200	49132.256397225705
i:250	49116.832458999896
i:300	49116.832458999896
i:350	49116.832458999896
i:400	49116.832458999896
i:450	49102.399516303456
i:500	49085.74628131161
i:550	49085.74628131161
i:600	48760.17663147288
i:650	48760.17663147288
best: 48677.26579260808
routes: [0, 21, 22, 23, 28, 26, 24, 25, 27, 29, 30, 36, 31, 34, 37, 39, 40, 38, 35, 33, 32, 0, 46, 44, 42, 41, 43, 45, 47, 48, 49, 50, 11, 19, 20, 15, 16, 17, 18, 14, 13, 12, 6, 5, 8, 10, 9, 7, 4, 3, 1, 2, 0]
Elapsed time: 240.94410729408264

i:0	71691.92109254311
i:50	50318.56487669276
i:100	48847.628521310064
i:150	48502.35573678068
i:200	48425.28953683481
i:250	48241.65121837756
i:300	48215.662353102554
i:350	48215.662353102554
i:400	48162.22388477363
i:450	48149.271152240355
i:500	48104.15354485609
i:550	47971.27186848926
i:600	47971.27186848926
i:650	47687.93387270921
best: 47532.6746174438
routes: [0, 36, 34, 31, 32, 33, 35, 38, 37, 39, 40, 28, 30, 29, 27, 26, 25, 24, 23, 21, 22, 0, 3, 1, 2, 4, 5, 6, 10, 8, 7, 9, 15, 16, 17, 20, 19, 18, 12, 13, 14, 11, 50, 49, 48, 47, 46, 45, 44, 43, 41, 42, 0]
Elapsed time: 248.89586758613586

i:0	70022.20619078088
i:50	49482.67860687598
i:100	49180.872969914984
i:150	49180.872969914984
i:200	48894.68776052049
i:250	48894.68776052049
i:300	48893.04864374749
i:350	48736.5236920555
i:400	48736.5236920555
i:450	48311.47706735067
i:500	48227.004162932455
i:550	48161.01888220098
i:600	48161.01888220098
i:650	48002.39461777713
best: 48002.39461777713
routes: [0, 39, 37, 34, 36, 31, 32, 33, 35, 38, 40, 28, 30, 29, 27, 24, 25, 26, 21, 23, 22, 0, 3, 1, 2, 5, 8, 4, 7, 9, 10, 6, 15, 16, 17, 20, 19, 18, 12, 13, 14, 11, 50, 49, 48, 47, 46, 45, 44, 43, 41, 42, 0]
Elapsed time: 242.80734157562256

mean: 47335.57448421546
std: 1196.640259549652
mean-time: 245.09362473487855
std-time: 4.7125366540297495