i:0	77882.1076816251
i:50	61613.86054320114
i:100	61613.86054320114
i:150	61613.86054320114
i:200	61613.86054320114
i:250	61613.86054320114
i:300	61613.86054320114
i:350	61613.86054320114
i:400	61613.86054320114
i:450	61613.86054320114
i:500	61613.86054320114
i:550	61613.86054320114
i:600	61613.86054320114
i:650	61613.86054320114
best: 61613.86054320114
routes: [0, 46, 48, 47, 49, 50, 34, 35, 33, 32, 31, 40, 38, 37, 39, 36, 29, 30, 28, 27, 26, 0, 5, 1, 2, 4, 3, 45, 43, 44, 41, 42, 21, 22, 24, 25, 23, 7, 9, 8, 10, 6, 0, 19, 18, 17, 20, 16, 15, 13, 11, 12, 14, 0]
Elapsed time: 32.49917960166931

i:0	84928.8401455168
i:50	64991.09690001893
i:100	64949.372393997975
i:150	64949.372393997975
i:200	64949.372393997975
i:250	64949.372393997975
i:300	64949.372393997975
i:350	64949.372393997975
i:400	64949.372393997975
i:450	64949.372393997975
i:500	64949.372393997975
i:550	64949.372393997975
i:600	64949.372393997975
i:650	64949.372393997975
best: 64949.372393997975
routes: [0, 19, 18, 17, 20, 16, 15, 13, 12, 14, 11, 6, 10, 8, 7, 9, 25, 23, 24, 21, 22, 0, 45, 43, 42, 44, 41, 27, 29, 30, 26, 28, 39, 40, 38, 37, 36, 3, 5, 1, 2, 4, 0, 46, 48, 47, 49, 50, 34, 35, 33, 31, 32, 0]
Elapsed time: 32.802809953689575

i:0	89391.15362060477
i:50	65996.89768357099
i:100	65992.19551312849
i:150	65992.19551312849
i:200	65974.80041285262
i:250	65974.80041285262
i:300	65974.80041285262
i:350	65974.80041285262
i:400	65974.80041285262
i:450	65974.80041285262
i:500	65974.80041285262
i:550	65974.80041285262
i:600	65974.80041285262
i:650	65974.80041285262
best: 65974.80041285262
routes: [0, 1, 2, 4, 5, 3, 45, 43, 44, 41, 42, 39, 40, 38, 37, 36, 29, 30, 28, 27, 26, 0, 24, 21, 22, 25, 23, 7, 9, 8, 10, 6, 14, 11, 12, 15, 13, 17, 16, 20, 19, 18, 0, 33, 31, 32, 34, 35, 47, 49, 48, 50, 46, 0]
Elapsed time: 29.552944660186768

i:0	93117.13139511693
i:50	63884.75950438074
i:100	63884.75950438074
i:150	63884.75950438074
i:200	63884.75950438074
i:250	63884.75950438074
i:300	63884.75950438074
i:350	63884.75950438074
i:400	63884.75950438074
i:450	63884.75950438074
i:500	63884.75950438074
i:550	63884.75950438074
i:600	63884.75950438074
i:650	63884.75950438074
best: 63884.75950438074
routes: [0, 6, 10, 8, 7, 9, 24, 25, 23, 22, 21, 43, 44, 45, 41, 42, 4, 3, 5, 1, 2, 0, 46, 48, 47, 49, 50, 34, 35, 33, 32, 31, 40, 38, 37, 39, 36, 29, 30, 28, 27, 26, 0, 12, 14, 15, 13, 11, 17, 16, 20, 19, 18, 0]
Elapsed time: 35.576159954071045

i:0	87641.77832082933
i:50	65155.63693690227
i:100	65055.48178587215
i:150	65055.48178587215
i:200	65055.48178587215
i:250	65055.48178587215
i:300	65055.48178587215
i:350	65055.48178587215
i:400	65055.48178587215
i:450	65055.48178587215
i:500	65055.48178587215
i:550	65055.48178587215
i:600	65055.48178587215
i:650	65055.48178587215
best: 65055.48178587215
routes: [0, 46, 48, 47, 49, 50, 31, 32, 34, 35, 33, 40, 38, 37, 39, 36, 29, 30, 28, 27, 26, 0, 3, 4, 5, 1, 2, 45, 43, 41, 42, 44, 21, 22, 24, 25, 23, 7, 9, 8, 10, 6, 0, 19, 18, 17, 20, 16, 15, 13, 11, 12, 14, 0]
Elapsed time: 42.55442452430725

i:0	288827.22679226927
i:50	62704.22021965592
i:100	62704.22021965592
i:150	62686.82511938005
i:200	62686.82511938005
i:250	62686.82511938005
i:300	62686.82511938005
i:350	62686.82511938005
i:400	62686.82511938005
i:450	62686.82511938005
i:500	62686.82511938005
i:550	62686.82511938005
i:600	62686.82511938005
i:650	62686.82511938005
best: 62686.82511938005
routes: [0, 5, 1, 2, 4, 3, 45, 43, 44, 41, 42, 25, 23, 24, 21, 22, 7, 9, 8, 10, 6, 0, 46, 48, 47, 49, 50, 34, 35, 33, 32, 31, 40, 38, 37, 39, 36, 29, 30, 28, 27, 26, 0, 19, 18, 17, 20, 16, 15, 13, 14, 11, 12, 0]
Elapsed time: 32.68585157394409

i:0	89075.6919389338
i:50	66476.13258533878
i:100	65408.00304927534
i:150	65408.00304927534
i:200	65408.00304927534
i:250	65408.00304927534
i:300	65366.27854325439
i:350	65366.27854325439
i:400	65366.27854325439
i:450	65366.27854325439
i:500	65366.27854325439
i:550	65366.27854325439
i:600	65366.27854325439
i:650	65366.27854325439
best: 65366.27854325439
routes: [0, 45, 43, 42, 44, 41, 27, 29, 30, 26, 28, 39, 40, 38, 37, 36, 3, 5, 1, 2, 4, 0, 19, 18, 17, 20, 16, 15, 13, 11, 12, 14, 6, 10, 8, 7, 9, 25, 23, 24, 21, 22, 0, 33, 32, 34, 35, 31, 48, 47, 49, 50, 46, 0]
Elapsed time: 43.18745446205139

i:0	486234.94267215126
i:50	64205.93726354106
i:100	64205.93726354106
i:150	64205.93726354106
i:200	64205.93726354106
i:250	64205.93726354106
i:300	64205.93726354106
i:350	64205.93726354106
i:400	64205.93726354106
i:450	64205.93726354106
i:500	64205.93726354106
i:550	64205.93726354106
i:600	64205.93726354106
i:650	64205.93726354106
best: 64205.93726354106
routes: [0, 24, 21, 22, 25, 23, 7, 9, 8, 10, 6, 11, 12, 14, 13, 15, 17, 16, 20, 19, 18, 0, 5, 1, 2, 4, 3, 45, 43, 44, 41, 42, 27, 29, 30, 26, 28, 39, 40, 38, 37, 36, 0, 46, 48, 47, 49, 50, 34, 35, 33, 31, 32, 0]
Elapsed time: 33.89647936820984

i:0	286716.86097281944
i:50	67274.61515196374
i:100	67250.28574621867
i:150	67250.28574621867
i:200	66903.36763053846
i:250	66903.36763053846
i:300	66903.36763053846
i:350	66903.36763053846
i:400	66903.36763053846
i:450	66903.36763053846
i:500	66903.36763053846
i:550	66903.36763053846
i:600	66903.36763053846
i:650	66903.36763053846
best: 66903.36763053846
routes: [0, 21, 22, 24, 25, 23, 7, 9, 8, 10, 6, 14, 11, 12, 15, 13, 17, 16, 20, 19, 18, 0, 45, 43, 42, 44, 41, 27, 29, 30, 26, 28, 39, 40, 38, 37, 36, 3, 4, 5, 1, 2, 0, 33, 32, 34, 35, 31, 48, 47, 49, 50, 46, 0]
Elapsed time: 37.16161227226257

i:0	92555.10510399792
i:50	66562.69609942213
i:100	66562.69609942213
i:150	66562.69609942213
i:200	66512.75956781079
i:250	66512.75956781079
i:300	66512.75956781079
i:350	66512.75956781079
i:400	66512.75956781079
i:450	66512.75956781079
i:500	66512.75956781079
i:550	66512.75956781079
i:600	66512.75956781079
i:650	66512.75956781079
best: 66512.75956781079
routes: [0, 45, 43, 42, 44, 41, 27, 29, 30, 26, 28, 39, 40, 38, 37, 36, 4, 3, 2, 5, 1, 0, 25, 23, 24, 21, 22, 7, 9, 8, 10, 6, 14, 11, 12, 15, 13, 17, 16, 20, 19, 18, 0, 33, 32, 34, 35, 31, 48, 47, 49, 50, 46, 0]
Elapsed time: 37.44976544380188

mean: 64715.34427648294
std: 1577.4033624471788
mean-time: 35.736668181419375
std-time: 4.207232087326344