i:0	67532.19424807988
i:50	52834.852399515876
i:100	51008.8707718896
i:150	50924.27575438961
i:200	50714.86053793859
i:250	50714.86053793859
i:300	50714.86053793859
i:350	50714.86053793859
i:400	50674.35958775003
i:450	50674.35958775003
i:500	50569.82178583134
i:550	50569.82178583134
i:600	50420.99266237395
i:650	50329.63609586862
best: 50317.3637654783
routes: [0, 41, 42, 43, 44, 45, 46, 47, 48, 49, 50, 11, 19, 18, 20, 15, 16, 17, 12, 13, 14, 0, 31, 32, 33, 35, 38, 40, 39, 37, 34, 36, 29, 30, 28, 22, 21, 23, 26, 27, 25, 24, 0, 1, 2, 3, 5, 4, 7, 9, 10, 8, 6, 0]
Elapsed time: 236.9776291847229

i:0	66147.67104821211
i:50	52191.31839618654
i:100	51911.371618321384
i:150	51483.77677150958
i:200	51210.20997505708
i:250	50655.799591945
i:300	50338.72066979172
i:350	49996.522732241334
i:400	49856.12402941565
i:450	49856.12402941565
i:500	49529.97622453422
i:550	49457.32245660615
i:600	49445.23400484575
i:650	49445.23400484575
best: 49445.23400484575
routes: [0, 11, 14, 13, 18, 19, 20, 16, 15, 17, 12, 6, 3, 5, 8, 10, 9, 7, 4, 1, 2, 0, 21, 22, 23, 26, 24, 25, 27, 29, 30, 28, 36, 37, 34, 31, 32, 33, 35, 38, 39, 40, 0, 46, 49, 50, 47, 48, 45, 44, 43, 41, 42, 0]
Elapsed time: 221.5965220928192

i:0	68466.16429790296
i:50	53273.273819660186
i:100	51739.505245165776
i:150	51480.33452426956
i:200	51480.33452426956
i:250	51480.33452426956
i:300	51480.33452426956
i:350	51348.49124060288
i:400	51348.49124060288
i:450	50844.16912918585
i:500	50812.729189860795
i:550	50299.986359569
i:600	50203.89309966323
i:650	49900.28705185273
best: 49343.01442763915
routes: [0, 41, 42, 43, 46, 44, 45, 47, 48, 49, 50, 11, 19, 18, 20, 15, 16, 17, 12, 13, 14, 0, 21, 22, 23, 26, 24, 25, 27, 29, 30, 28, 39, 40, 37, 34, 31, 32, 33, 35, 38, 36, 0, 1, 3, 6, 4, 2, 5, 7, 10, 9, 8, 0]
Elapsed time: 238.91741013526917

i:0	71933.99167787307
i:50	52744.867533134806
i:100	52464.681897619084
i:150	52116.563311912636
i:200	52003.80983826095
i:250	51884.12374429057
i:300	51100.86131956828
i:350	50942.85436256808
i:400	50314.48813164915
i:450	49947.54114011097
i:500	49749.08299906902
i:550	49690.58749823964
i:600	49327.86163528895
i:650	49327.86163528895
best: 49327.86163528895
routes: [0, 40, 36, 37, 34, 31, 32, 33, 35, 38, 39, 28, 30, 29, 27, 24, 25, 26, 23, 21, 22, 0, 41, 42, 43, 44, 45, 46, 47, 48, 49, 50, 11, 19, 18, 20, 15, 16, 17, 12, 13, 14, 0, 1, 2, 3, 5, 4, 7, 9, 10, 8, 6, 0]
Elapsed time: 224.45594358444214

i:0	70713.71093278207
i:50	51389.31481015175
i:100	51256.22137100005
i:150	51256.22137100005
i:200	51092.10201483682
i:250	50893.48399050913
i:300	50893.48399050913
i:350	50893.48399050913
i:400	50283.95414255424
i:450	50257.189890677735
i:500	50239.45284836595
i:550	50127.57288162165
i:600	49434.16725164619
i:650	49066.89390685699
best: 49066.89390685699
routes: [0, 41, 42, 43, 44, 45, 46, 47, 48, 49, 50, 11, 19, 18, 17, 20, 15, 16, 12, 13, 14, 0, 36, 34, 31, 32, 33, 35, 38, 37, 39, 40, 28, 30, 29, 27, 24, 25, 26, 23, 21, 22, 0, 1, 2, 3, 5, 4, 7, 9, 10, 8, 6, 0]
Elapsed time: 231.50439953804016

i:0	65761.65227263197
i:50	53290.81827300727
i:100	52138.76768013296
i:150	51514.22532454066
i:200	51017.05373585309
i:250	51017.05373585309
i:300	50904.320670032124
i:350	50483.46079689399
i:400	50186.444244651364
i:450	49981.45745705375
i:500	49508.15005719821
i:550	49168.225528988274
i:600	49066.89390685699
i:650	49054.62157646667
best: 49054.62157646667
routes: [0, 36, 34, 31, 32, 33, 35, 38, 37, 39, 40, 28, 30, 29, 27, 24, 25, 26, 23, 21, 22, 0, 41, 42, 43, 44, 45, 46, 47, 48, 49, 50, 11, 19, 18, 20, 15, 16, 17, 12, 13, 14, 0, 1, 2, 3, 5, 4, 7, 9, 10, 8, 6, 0]
Elapsed time: 228.4100353717804

i:0	66919.13658680947
i:50	51298.95735796252
i:100	50111.39228989375
i:150	49700.9476437478
i:200	49700.9476437478
i:250	49472.67846230068
i:300	49188.11614808297
i:350	49014.464334645694
i:400	48381.73081238161
i:450	48228.267213004125
i:500	48107.03215524382
i:550	48094.7598248535
i:600	47774.41897438904
i:650	47774.41897438904
best: 47774.41897438904
routes: [0, 21, 22, 23, 26, 25, 24, 27, 29, 30, 28, 36, 39, 37, 34, 31, 32, 33, 35, 38, 40, 0, 41, 42, 43, 44, 45, 46, 47, 48, 49, 50, 11, 19, 18, 20, 15, 16, 17, 12, 13, 14, 0, 1, 2, 3, 5, 4, 7, 9, 10, 8, 6, 0]
Elapsed time: 231.91094207763672

i:0	70008.74476687027
i:50	49526.75005717762
i:100	48873.54093016331
i:150	48448.59362415744
i:200	48356.15272065491
i:250	48334.491627897405
i:300	48334.491627897405
i:350	48334.491627897405
i:400	48140.15583079398
i:450	48140.15583079398
i:500	48075.285938100504
i:550	48060.4842721243
i:600	47968.43280800288
i:650	47968.43280800288
best: 47968.43280800288
routes: [0, 41, 42, 43, 44, 45, 46, 47, 48, 49, 50, 11, 13, 14, 18, 19, 20, 15, 16, 17, 12, 0, 21, 22, 23, 26, 24, 25, 27, 29, 30, 28, 39, 37, 34, 36, 31, 32, 33, 35, 38, 40, 0, 1, 2, 3, 5, 4, 7, 9, 10, 8, 6, 0]
Elapsed time: 228.48383331298828

i:0	71892.21915506072
i:50	51514.800297208116
i:100	51514.800297208116
i:150	50779.47283709817
i:200	49636.69421135098
i:250	49533.40214228124
i:300	49533.40214228124
i:350	49329.35935919885
i:400	49329.35935919885
i:450	49329.35935919885
i:500	49322.798340756926
i:550	48848.11457679886
i:600	48666.6505377597
i:650	48459.6514803637
best: 48459.6514803637
routes: [0, 41, 42, 43, 44, 45, 46, 47, 48, 49, 50, 11, 19, 20, 15, 16, 17, 18, 14, 13, 12, 0, 21, 22, 23, 26, 24, 25, 27, 29, 30, 28, 31, 32, 33, 35, 38, 37, 34, 36, 39, 40, 0, 1, 2, 3, 5, 4, 7, 9, 10, 8, 6, 0]
Elapsed time: 234.99672842025757

i:0	66923.43444483171
i:50	50220.58434524069
i:100	49126.24395032378
i:150	49126.24395032378
i:200	49056.41863942772
i:250	49056.41863942772
i:300	48962.18963984759
i:350	48783.43131939821
i:400	48783.43131939821
i:450	48524.16408065015
i:500	48524.16408065015
i:550	48524.16408065015
i:600	48353.6907354324
i:650	48353.6907354324
best: 48353.6907354324
routes: [0, 13, 12, 17, 15, 16, 20, 19, 18, 14, 11, 50, 49, 47, 48, 46, 45, 44, 43, 41, 42, 0, 21, 22, 23, 26, 24, 25, 27, 29, 30, 28, 36, 37, 34, 31, 32, 33, 35, 38, 39, 40, 0, 1, 2, 3, 5, 4, 7, 9, 10, 8, 6, 0]
Elapsed time: 211.7143530845642

mean: 48911.11833147638
std: 732.336225418727
mean-time: 228.89677968025208
std-time: 7.664629207301175