i:0	116212.37625881191
i:50	86316.1903982799
i:100	81502.53484601864
i:150	80866.48188998719
i:200	80733.69133003584
i:250	80733.69133003584
i:300	80733.69133003584
i:350	80733.69133003584
i:400	80432.46980569592
i:450	80140.03893166613
i:500	78985.01146639932
i:550	78171.42276474733
i:600	78018.3490556864
i:650	77522.09207949351
best: 77346.99524626038
routes: [0, 61, 62, 63, 64, 65, 68, 67, 66, 69, 70, 31, 33, 32, 37, 36, 35, 40, 38, 39, 34, 0, 21, 22, 23, 24, 26, 30, 28, 25, 27, 29, 16, 13, 15, 18, 20, 19, 17, 14, 12, 11, 43, 45, 47, 49, 50, 48, 46, 44, 41, 42, 0, 79, 80, 78, 75, 73, 72, 71, 74, 77, 76, 58, 59, 60, 56, 57, 55, 54, 53, 51, 52, 2, 1, 3, 8, 7, 9, 10, 5, 6, 4, 0]
Elapsed time: 331.1121828556061

i:0	122558.82837928584
i:50	88277.52282195151
i:100	85344.48095645933
i:150	81397.55573599898
i:200	79758.8976812395
i:250	79554.31128044546
i:300	78276.06473715446
i:350	77266.84018284449
i:400	76743.76510726607
i:450	76654.56301853896
i:500	76445.30928089493
i:550	75906.99807351746
i:600	75653.89920678607
i:650	75420.00208908637
best: 75389.9544539951
routes: [0, 76, 77, 74, 71, 72, 73, 75, 78, 80, 79, 58, 60, 59, 57, 56, 55, 54, 53, 51, 52, 0, 61, 62, 63, 64, 65, 68, 67, 66, 69, 70, 31, 39, 40, 35, 36, 37, 38, 34, 33, 32, 24, 21, 23, 25, 27, 29, 30, 28, 26, 22, 0, 4, 5, 10, 8, 2, 1, 3, 6, 7, 9, 43, 45, 42, 41, 44, 46, 49, 50, 47, 48, 17, 19, 18, 20, 15, 14, 12, 11, 13, 16, 0]
Elapsed time: 329.9545660018921

i:0	130726.91730565805
i:50	89003.4376573899
i:100	87152.06986189622
i:150	81894.6680067807
i:200	81019.18410443974
i:250	77826.00760156068
i:300	77725.02946114952
i:350	77227.27072728418
i:400	77178.1152890014
i:450	77178.1152890014
i:500	76743.25150212324
i:550	76634.57099825873
i:600	76498.9676191598
i:650	76477.39298219947
best: 76251.53570768535
routes: [0, 43, 48, 46, 44, 41, 42, 45, 47, 49, 50, 12, 11, 13, 15, 14, 17, 19, 20, 18, 16, 25, 27, 29, 30, 28, 26, 24, 21, 23, 22, 0, 61, 62, 63, 64, 65, 68, 67, 66, 69, 70, 31, 39, 38, 37, 40, 35, 36, 32, 33, 34, 0, 80, 79, 78, 75, 73, 72, 71, 74, 77, 76, 58, 60, 59, 57, 56, 53, 51, 52, 55, 54, 2, 8, 7, 9, 10, 5, 6, 3, 1, 4, 0]
Elapsed time: 323.5758681297302

i:0	110893.95361740599
i:50	85456.95173908572
i:100	82551.90980306857
i:150	81949.15379378859
i:200	81416.4617351446
i:250	80497.44379196147
i:300	79332.37561066233
i:350	79072.91968451209
i:400	78774.08942857041
i:450	78737.38528269962
i:500	78676.64355401903
i:550	78441.25096554626
i:600	77840.63224083022
i:650	77453.86974324562
best: 77308.98416869537
routes: [0, 61, 62, 63, 64, 65, 68, 67, 66, 69, 70, 31, 39, 38, 34, 33, 32, 37, 40, 35, 36, 30, 29, 27, 28, 25, 26, 24, 21, 23, 22, 0, 13, 11, 12, 14, 15, 18, 16, 20, 19, 17, 48, 43, 45, 47, 49, 50, 46, 44, 41, 42, 0, 76, 77, 74, 71, 72, 73, 75, 78, 79, 80, 58, 60, 59, 57, 55, 56, 53, 52, 51, 54, 8, 2, 1, 3, 7, 9, 10, 6, 5, 4, 0]
Elapsed time: 331.0418519973755

i:0	113276.06819851286
i:50	88180.139246582
i:100	83160.55873787672
i:150	80187.11428287777
i:200	79765.67949881527
i:250	79137.95640276036
i:300	79137.95640276036
i:350	79137.95640276036
i:400	78609.73336877825
i:450	77641.33328522838
i:500	77202.85065102117
i:550	76832.9388088341
i:600	75945.97268890034
i:650	75034.19614053384
best: 74952.94932460232
routes: [0, 61, 62, 63, 64, 65, 68, 67, 66, 69, 70, 31, 39, 40, 35, 36, 37, 38, 32, 33, 34, 0, 43, 42, 41, 44, 45, 46, 49, 50, 47, 48, 14, 12, 11, 13, 15, 17, 19, 20, 18, 16, 22, 23, 25, 27, 29, 30, 28, 26, 21, 24, 0, 4, 1, 3, 5, 6, 10, 9, 7, 8, 2, 76, 77, 74, 71, 72, 73, 75, 78, 80, 79, 58, 60, 59, 57, 56, 53, 51, 52, 55, 54, 0]
Elapsed time: 328.42471623420715

i:0	116691.59285703041
i:50	81795.14539055152
i:100	80042.63116995546
i:150	77622.82904421899
i:200	77622.82904421899
i:250	77617.82705112032
i:300	76423.17657537412
i:350	76170.07770864273
i:400	76170.07770864273
i:450	76134.81642528463
i:500	76103.67014736762
i:550	75709.47300812359
i:600	75709.47300812359
i:650	74645.21997387239
best: 74537.49335758344
routes: [0, 4, 1, 2, 3, 6, 5, 10, 7, 8, 9, 43, 45, 42, 41, 44, 46, 49, 50, 47, 48, 17, 19, 20, 18, 14, 12, 11, 13, 15, 16, 0, 21, 23, 22, 25, 26, 27, 29, 30, 28, 24, 32, 37, 36, 35, 40, 39, 38, 33, 34, 31, 69, 70, 66, 67, 68, 65, 64, 63, 61, 62, 0, 76, 74, 71, 72, 73, 75, 78, 77, 79, 80, 58, 59, 60, 57, 56, 53, 51, 52, 55, 54, 0]
Elapsed time: 316.8459963798523

i:0	120948.6792783095
i:50	88717.93729837805
i:100	81408.66808567653
i:150	79975.66437518776
i:200	79366.40031733163
i:250	79206.11541558817
i:300	78791.9778873635
i:350	78791.9778873635
i:400	78114.65316767945
i:450	75025.0188144349
i:500	73253.87986981511
i:550	72724.2706655646
i:600	72670.71775288747
i:650	72550.3699515601
best: 72066.48919452238
routes: [0, 54, 55, 57, 56, 53, 52, 51, 59, 60, 58, 79, 77, 74, 71, 72, 73, 75, 78, 76, 80, 61, 62, 63, 64, 65, 68, 67, 66, 69, 70, 0, 4, 3, 1, 2, 8, 7, 6, 5, 10, 9, 43, 45, 42, 41, 44, 46, 49, 50, 47, 48, 11, 13, 12, 14, 17, 19, 20, 18, 15, 16, 0, 33, 34, 31, 39, 40, 35, 36, 37, 38, 32, 26, 25, 29, 27, 30, 28, 24, 21, 23, 22, 0]
Elapsed time: 328.9933273792267

i:0	113496.04724921977
i:50	82629.99791816561
i:100	81747.03659615565
i:150	81042.93653408231
i:200	80866.41359178504
i:250	80592.33084112925
i:300	79903.23940606802
i:350	78522.76487487234
i:400	78522.76487487234
i:450	78522.76487487234
i:500	78039.84767299975
i:550	76858.21861533979
i:600	76674.85205320556
i:650	73574.16877310716
best: 71817.69697299096
routes: [0, 15, 14, 17, 19, 20, 18, 16, 13, 12, 11, 43, 45, 46, 49, 50, 48, 47, 44, 41, 42, 9, 7, 8, 6, 5, 10, 2, 1, 3, 4, 0, 51, 52, 53, 56, 54, 55, 57, 59, 60, 58, 79, 80, 77, 76, 74, 71, 72, 73, 75, 78, 62, 61, 63, 64, 65, 68, 67, 66, 69, 70, 0, 31, 34, 39, 40, 35, 36, 37, 38, 33, 32, 24, 21, 23, 22, 25, 27, 29, 30, 28, 26, 0]
Elapsed time: 321.92570972442627

i:0	129322.84273941332
i:50	88663.25916469058
i:100	85845.78490515887
i:150	76853.93542986675
i:200	74522.94360114739
i:250	73850.6668374604
i:300	73729.16790051619
i:350	73282.16218811471
i:400	73258.31684998397
i:450	73258.31684998397
i:500	72338.64642030426
i:550	72065.23647413474
i:600	71689.17089361057
i:650	71683.07534761734
best: 71350.18279475652
routes: [0, 51, 52, 53, 56, 54, 55, 57, 59, 60, 58, 79, 77, 76, 74, 71, 72, 73, 75, 78, 80, 61, 62, 63, 64, 65, 68, 67, 66, 69, 70, 0, 31, 39, 40, 36, 35, 37, 38, 34, 33, 32, 23, 25, 27, 29, 30, 28, 26, 24, 21, 22, 16, 13, 15, 17, 19, 20, 18, 14, 11, 12, 0, 4, 1, 3, 2, 8, 9, 7, 6, 5, 10, 43, 42, 41, 44, 45, 47, 46, 49, 50, 48, 0]
Elapsed time: 329.45048999786377

i:0	124729.6472730944
i:50	86411.59157984558
i:100	81681.36301077499
i:150	80058.14886531702
i:200	79317.51919610059
i:250	78854.45911186436
i:300	78405.97839232665
i:350	75249.876748326
i:400	73910.67472869999
i:450	73670.86472812443
i:500	72741.98908619134
i:550	72356.14339926091
i:600	72224.29338930803
i:650	71965.39172852076
best: 71850.00017600117
routes: [0, 51, 53, 52, 54, 55, 57, 56, 59, 60, 58, 76, 77, 74, 71, 72, 73, 75, 78, 79, 80, 62, 61, 63, 64, 65, 68, 67, 66, 69, 70, 0, 31, 34, 33, 32, 37, 38, 39, 40, 35, 36, 30, 28, 27, 29, 25, 26, 24, 23, 21, 22, 20, 19, 17, 18, 15, 14, 12, 11, 13, 16, 0, 4, 5, 10, 8, 2, 1, 3, 6, 7, 9, 43, 42, 41, 44, 45, 47, 46, 49, 50, 48, 0]
Elapsed time: 328.77273416519165

mean: 74287.22813970929
std: 2228.6788085683825
mean-time: 327.00974428653717
std-time: 4.446376891105526