i:0	119781.40022670318
i:50	88865.39840932432
i:100	85138.0113980165
i:150	84814.36416893569
i:200	84814.36416893569
i:250	84814.36416893569
i:300	83834.75935344817
i:350	82460.2533023599
i:400	82295.77584074347
i:450	82064.84199754032
i:500	81911.37839816285
i:550	81836.46470341898
i:600	81684.59743106703
i:650	81277.37663617457
best: 81176.96345171887
routes: [0, 43, 45, 42, 41, 44, 46, 49, 50, 47, 48, 17, 19, 20, 14, 12, 11, 13, 15, 18, 16, 0, 21, 24, 23, 22, 26, 25, 27, 29, 30, 28, 32, 37, 35, 36, 40, 39, 38, 31, 33, 34, 0, 1, 3, 4, 6, 5, 10, 9, 7, 8, 2, 61, 62, 63, 64, 65, 68, 66, 67, 69, 70, 0, 51, 52, 53, 56, 55, 54, 57, 59, 60, 58, 76, 79, 77, 74, 71, 72, 73, 75, 78, 80, 0]
Elapsed time: 307.99485063552856

i:0	125670.17453274553
i:50	93957.7946417452
i:100	90323.24988227076
i:150	89028.5450167101
i:200	87703.30816890865
i:250	86351.3273358752
i:300	85741.05948737454
i:350	85598.21686918447
i:400	84871.86918432757
i:450	83647.56093273306
i:500	82354.09336334013
i:550	81883.14250969978
i:600	81883.14250969978
i:650	81604.4459457817
best: 81250.66624280963
routes: [0, 51, 52, 53, 56, 59, 60, 58, 57, 55, 54, 8, 9, 7, 10, 5, 6, 2, 1, 3, 4, 0, 43, 42, 41, 45, 44, 46, 49, 50, 47, 48, 12, 11, 13, 15, 14, 17, 19, 20, 18, 16, 0, 31, 33, 34, 38, 39, 40, 35, 36, 37, 32, 28, 30, 29, 27, 25, 26, 24, 21, 23, 22, 0, 69, 70, 66, 67, 68, 65, 64, 63, 62, 61, 80, 79, 77, 71, 72, 73, 75, 78, 74, 76, 0]
Elapsed time: 321.2240879535675

i:0	128547.96498894363
i:50	87505.4455925462
i:100	86697.13600706356
i:150	84749.16664723374
i:200	84695.99590180197
i:250	84070.16268382434
i:300	84070.16268382434
i:350	82923.54312099496
i:400	82902.27783753003
i:450	81975.5936461028
i:500	81443.29712176893
i:550	80518.41279632949
i:600	80518.41279632949
i:650	80518.41279632949
best: 80445.84473330941
routes: [0, 51, 52, 53, 56, 54, 55, 57, 59, 60, 58, 79, 80, 76, 77, 74, 71, 72, 73, 75, 78, 0, 43, 42, 41, 44, 45, 46, 49, 50, 47, 48, 14, 12, 11, 13, 15, 18, 17, 19, 20, 16, 0, 21, 23, 22, 25, 27, 29, 30, 28, 26, 24, 32, 31, 39, 40, 35, 36, 37, 38, 33, 34, 0, 4, 3, 6, 5, 10, 9, 7, 8, 2, 1, 61, 62, 63, 64, 65, 68, 66, 67, 69, 70, 0]
Elapsed time: 302.5084834098816

i:0	123239.61581430127
i:50	85861.36094876466
i:100	84509.487075462
i:150	83942.23350395268
i:200	83671.34162707446
i:250	83567.71701802686
i:300	83567.71701802686
i:350	83027.67760801651
i:400	82648.84353523763
i:450	81818.11649904429
i:500	81445.3393142435
i:550	81445.3393142435
i:600	80259.66351970025
i:650	80129.75898289059
best: 80078.5398085969
routes: [0, 43, 45, 42, 41, 44, 46, 49, 50, 47, 48, 17, 14, 12, 11, 13, 15, 18, 19, 20, 16, 0, 31, 39, 38, 34, 33, 32, 37, 40, 35, 36, 30, 28, 27, 29, 25, 26, 24, 21, 23, 22, 0, 51, 52, 53, 56, 54, 55, 57, 59, 60, 58, 76, 74, 71, 72, 73, 75, 78, 77, 79, 80, 0, 4, 5, 10, 9, 7, 8, 6, 3, 2, 1, 69, 70, 66, 67, 68, 65, 64, 63, 61, 62, 0]
Elapsed time: 309.65278220176697

i:0	129196.80909384048
i:50	90038.3828156851
i:100	88947.97572438908
i:150	86446.27462119819
i:200	85615.35641640998
i:250	85286.71296291114
i:300	85081.48731515833
i:350	85049.05812616787
i:400	84408.1534512741
i:450	84207.5142384001
i:500	83730.9734049947
i:550	83294.24017757626
i:600	82194.58507353632
i:650	82061.17587796308
best: 81354.46832384236
routes: [0, 1, 3, 4, 6, 5, 10, 9, 7, 8, 2, 61, 62, 63, 64, 65, 68, 66, 67, 69, 70, 0, 76, 77, 74, 71, 72, 73, 75, 78, 80, 79, 58, 60, 59, 57, 54, 55, 56, 53, 51, 52, 0, 43, 45, 42, 41, 44, 46, 49, 50, 47, 48, 14, 12, 11, 13, 15, 18, 17, 19, 20, 16, 0, 21, 22, 23, 24, 26, 25, 29, 27, 28, 30, 35, 36, 37, 40, 39, 38, 31, 34, 33, 32, 0]
Elapsed time: 307.4600875377655

i:0	110509.93325470452
i:50	86050.77326312971
i:100	84063.82117892752
i:150	83337.08021754478
i:200	83168.0331923751
i:250	83137.66690543671
i:300	82835.81552851385
i:350	82224.44800881333
i:400	82199.61610709867
i:450	81305.19719285515
i:500	81213.94621379412
i:550	81196.57168326128
i:600	80512.18787062119
i:650	80076.5283560484
best: 79924.6030164568
routes: [0, 21, 22, 23, 24, 26, 25, 27, 29, 30, 28, 16, 13, 15, 18, 20, 19, 17, 14, 11, 12, 0, 4, 5, 10, 6, 3, 1, 2, 8, 7, 9, 43, 41, 44, 46, 49, 50, 48, 47, 45, 42, 0, 51, 52, 53, 56, 54, 55, 57, 59, 60, 58, 79, 80, 76, 77, 74, 71, 72, 73, 75, 78, 0, 61, 62, 63, 64, 65, 68, 66, 67, 69, 70, 31, 33, 34, 39, 38, 37, 40, 35, 36, 32, 0]
Elapsed time: 289.84690952301025

i:0	125866.62149733336
i:50	88773.08365348846
i:100	87188.90342573854
i:150	82928.14075212972
i:200	82082.91577508533
i:250	81232.1200407449
i:300	81019.84814024469
i:350	80944.16844169493
i:400	80944.16844169493
i:450	80944.16844169493
i:500	80594.13326760268
i:550	80545.96586582344
i:600	80478.78417593056
i:650	79819.14618185465
best: 79819.14618185465
routes: [0, 31, 39, 40, 35, 36, 37, 38, 34, 33, 32, 30, 28, 27, 29, 25, 26, 24, 21, 23, 22, 0, 4, 5, 10, 9, 7, 8, 6, 3, 2, 1, 61, 62, 63, 64, 65, 67, 68, 66, 69, 70, 0, 43, 42, 41, 44, 46, 45, 47, 49, 50, 48, 11, 12, 13, 15, 14, 17, 19, 20, 18, 16, 0, 51, 52, 53, 56, 54, 55, 57, 59, 60, 58, 76, 74, 71, 72, 73, 75, 78, 77, 79, 80, 0]
Elapsed time: 284.45604491233826

i:0	122440.20632458705
i:50	90836.56597845003
i:100	87820.23197994841
i:150	84412.20445674696
i:200	84412.20445674696
i:250	83769.77559988783
i:300	83219.7899462265
i:350	83144.07231991611
i:400	82417.28412068772
i:450	82281.44225534244
i:500	82140.2113944171
i:550	81030.35285749301
i:600	80979.53521835839
i:650	80689.9327477713
best: 80594.71331895937
routes: [0, 31, 33, 34, 39, 38, 37, 40, 35, 36, 32, 21, 23, 25, 27, 29, 30, 28, 26, 24, 22, 0, 43, 42, 41, 44, 46, 45, 47, 49, 50, 48, 14, 12, 11, 13, 15, 18, 17, 19, 20, 16, 0, 4, 5, 6, 7, 10, 9, 8, 2, 3, 1, 61, 62, 63, 64, 65, 68, 66, 67, 69, 70, 0, 51, 52, 53, 56, 54, 55, 57, 59, 60, 58, 76, 77, 74, 71, 72, 73, 75, 78, 79, 80, 0]
Elapsed time: 296.1129355430603

i:0	122918.03104365469
i:50	92772.8538029317
i:100	87636.15590836594
i:150	85157.72794203812
i:200	84645.57847996891
i:250	83892.94785157254
i:300	83193.97323366828
i:350	83193.97323366828
i:400	82797.30488585826
i:450	81815.28278129565
i:500	81141.89846779
i:550	80262.37120602635
i:600	80262.37120602635
i:650	80064.84540089166
best: 79863.13115579038
routes: [0, 43, 45, 42, 41, 44, 46, 49, 50, 47, 48, 12, 11, 13, 14, 15, 18, 17, 19, 20, 16, 0, 31, 39, 38, 34, 33, 32, 37, 40, 35, 36, 30, 28, 27, 29, 25, 26, 24, 21, 23, 22, 0, 51, 52, 53, 56, 54, 55, 57, 59, 60, 58, 76, 74, 71, 72, 73, 75, 78, 77, 79, 80, 0, 4, 3, 6, 5, 10, 7, 9, 8, 2, 1, 61, 62, 63, 64, 65, 67, 68, 66, 69, 70, 0]
Elapsed time: 295.35707545280457

i:0	124459.97043099278
i:50	86298.15214580047
i:100	84673.35633188667
i:150	84149.37915542457
i:200	84149.37915542457
i:250	84149.37915542457
i:300	84073.77868267277
i:350	82976.3773554269
i:400	82975.88282700587
i:450	82268.21985780116
i:500	82153.71821641456
i:550	81898.120662401
i:600	81487.50535171253
i:650	80929.21818797391
best: 80919.65765350348
routes: [0, 13, 16, 20, 17, 19, 18, 15, 14, 12, 11, 48, 50, 49, 47, 45, 46, 44, 41, 43, 42, 0, 21, 22, 23, 24, 26, 25, 29, 27, 28, 30, 35, 36, 37, 40, 39, 38, 31, 34, 33, 32, 0, 51, 52, 53, 56, 54, 55, 57, 59, 60, 58, 76, 74, 71, 72, 73, 75, 78, 77, 79, 80, 0, 4, 5, 6, 7, 10, 9, 8, 2, 3, 1, 61, 62, 63, 64, 65, 68, 66, 67, 69, 70, 0]
Elapsed time: 296.5473220348358

mean: 80542.77338868419
std: 574.4118724025964
mean-time: 301.11605792045594
std-time: 10.24857103320385