i:0	112960.5196524005
i:50	90849.89500023713
i:100	81186.65936666146
i:150	80341.5524011023
i:200	80074.69711326619
i:250	79668.54020823233
i:300	79085.64831077098
i:350	78237.0454771904
i:400	77992.10443883817
i:450	77736.96395345818
i:500	77314.44259390995
i:550	77314.44259390995
i:600	77314.44259390995
i:650	77314.44259390995
best: 77314.44259390995
routes: [0, 41, 42, 43, 46, 44, 45, 47, 48, 62, 60, 61, 59, 58, 57, 63, 64, 50, 49, 51, 52, 53, 55, 56, 54, 0, 4, 5, 6, 3, 1, 2, 8, 7, 35, 40, 39, 38, 36, 37, 34, 33, 71, 65, 66, 70, 68, 67, 69, 72, 0, 79, 78, 76, 74, 73, 75, 77, 80, 25, 28, 27, 32, 30, 29, 31, 26, 24, 23, 21, 22, 20, 17, 19, 18, 11, 9, 10, 12, 13, 15, 16, 14, 0]
Elapsed time: 267.818687915802

i:0	119480.94748710505
i:50	93217.80148557108
i:100	86377.35012191531
i:150	79787.08349608937
i:200	77689.94902545174
i:250	76915.86878751674
i:300	76151.24282285383
i:350	75708.3850005981
i:400	75642.43924763877
i:450	75515.68881179337
i:500	75477.43676063226
i:550	75477.43676063226
i:600	75157.03483468847
i:650	75157.03483468847
best: 75157.03483468847
routes: [0, 54, 55, 56, 53, 52, 51, 50, 49, 64, 61, 59, 58, 57, 63, 60, 62, 48, 46, 47, 45, 44, 43, 41, 42, 0, 73, 74, 75, 76, 77, 80, 79, 78, 25, 30, 29, 31, 32, 28, 27, 26, 24, 23, 21, 22, 20, 17, 19, 18, 14, 16, 13, 15, 12, 11, 9, 10, 0, 35, 34, 37, 40, 39, 38, 36, 33, 72, 71, 65, 66, 69, 67, 68, 70, 7, 8, 2, 1, 3, 6, 5, 4, 0]
Elapsed time: 280.6799409389496

i:0	118662.870710947
i:50	93471.82562125064
i:100	83274.65515527896
i:150	82189.511696543
i:200	82125.44026730921
i:250	81331.89220466964
i:300	81254.27651362594
i:350	80960.29088741713
i:400	80523.98584129274
i:450	80233.94283744306
i:500	80019.3307009566
i:550	79799.38192283791
i:600	78185.64696666611
i:650	78185.64696666611
best: 78185.64696666611
routes: [0, 60, 58, 57, 59, 61, 64, 63, 62, 48, 46, 47, 45, 44, 42, 43, 41, 0, 11, 14, 13, 15, 16, 12, 10, 9, 35, 40, 39, 38, 36, 37, 34, 33, 72, 71, 65, 66, 69, 67, 68, 70, 7, 8, 2, 1, 3, 6, 5, 4, 0, 54, 55, 56, 53, 52, 51, 50, 49, 73, 74, 75, 76, 77, 80, 79, 78, 25, 28, 27, 32, 30, 29, 31, 26, 24, 23, 21, 22, 20, 17, 19, 18, 0]
Elapsed time: 271.9788911342621

i:0	120416.18121976341
i:50	89672.84863207508
i:100	85564.49869469697
i:150	85564.49869469697
i:200	80046.90834035836
i:250	78579.78895474251
i:300	78372.60469854013
i:350	78274.9402788773
i:400	78142.04813807955
i:450	78142.04813807955
i:500	78142.02231295215
i:550	77773.46453968753
i:600	77772.76389303556
i:650	77772.76389303556
best: 77171.49140358271
routes: [0, 11, 14, 16, 13, 15, 12, 10, 9, 40, 39, 38, 36, 37, 35, 34, 33, 72, 71, 65, 66, 69, 67, 68, 70, 7, 8, 2, 1, 3, 6, 5, 4, 0, 17, 19, 20, 22, 21, 18, 23, 24, 26, 30, 29, 31, 32, 27, 28, 25, 80, 79, 77, 76, 78, 75, 74, 73, 0, 54, 55, 56, 53, 52, 51, 50, 49, 64, 61, 59, 58, 57, 63, 60, 62, 48, 42, 41, 43, 46, 47, 45, 44, 0]
Elapsed time: 274.3311176300049

i:0	126847.783001123
i:50	87030.09084066197
i:100	82933.64922038374
i:150	81859.44331638372
i:200	81811.40143659065
i:250	81415.11458537719
i:300	81397.96446467892
i:350	81146.67165614959
i:400	81114.06551592352
i:450	81114.06551592352
i:500	81114.06551592352
i:550	80902.97411401264
i:600	80902.97411401264
i:650	80902.97411401264
best: 80902.97411401264
routes: [0, 25, 28, 27, 26, 32, 31, 30, 29, 24, 22, 20, 17, 19, 21, 23, 18, 11, 12, 10, 9, 13, 15, 16, 14, 0, 35, 34, 40, 39, 38, 36, 37, 33, 72, 71, 65, 66, 69, 67, 70, 68, 44, 45, 47, 48, 46, 43, 41, 42, 0, 63, 62, 57, 58, 60, 59, 61, 64, 50, 49, 51, 52, 53, 56, 54, 55, 80, 79, 78, 76, 77, 75, 73, 74, 0, 5, 6, 7, 8, 2, 1, 3, 4, 0]
Elapsed time: 250.04804348945618

i:0	107512.84655783174
i:50	88671.96794491178
i:100	87327.17926808282
i:150	86854.2570371466
i:200	79926.75394192153
i:250	78863.87594629527
i:300	78863.87594629527
i:350	78863.87594629527
i:400	78863.87594629527
i:450	78863.87594629527
i:500	78863.87594629527
i:550	76759.0631963124
i:600	75015.4176273714
i:650	74805.44080120209
best: 74805.44080120209
routes: [0, 73, 74, 75, 76, 77, 80, 79, 78, 25, 30, 29, 31, 32, 28, 27, 26, 17, 19, 18, 21, 23, 24, 22, 20, 0, 41, 42, 43, 46, 44, 45, 47, 48, 63, 62, 60, 58, 57, 59, 61, 64, 50, 49, 51, 52, 53, 55, 56, 54, 0, 11, 14, 16, 13, 15, 12, 10, 9, 35, 34, 37, 40, 39, 38, 36, 33, 72, 71, 65, 66, 69, 67, 68, 70, 7, 8, 2, 1, 3, 6, 5, 4, 0]
Elapsed time: 299.378787279129

i:0	116339.3743770245
i:50	90148.03127788233
i:100	89863.80325168396
i:150	87955.976280098
i:200	81821.62766603011
i:250	80885.23430832142
i:300	79344.6055761042
i:350	78983.10360726652
i:400	78958.18808747405
i:450	78704.2313730155
i:500	78641.58830307079
i:550	78641.58830307079
i:600	78641.58830307079
i:650	78641.58830307079
best: 78641.58830307079
routes: [0, 70, 67, 69, 72, 71, 65, 66, 68, 60, 63, 64, 61, 59, 58, 57, 62, 48, 42, 41, 43, 46, 47, 45, 44, 0, 54, 55, 56, 53, 51, 52, 49, 50, 73, 74, 75, 76, 77, 80, 79, 78, 25, 27, 26, 30, 29, 31, 32, 28, 0, 4, 5, 6, 3, 1, 2, 8, 7, 35, 34, 33, 36, 38, 39, 37, 40, 15, 12, 10, 9, 11, 13, 16, 14, 18, 17, 19, 21, 23, 24, 22, 20, 0]
Elapsed time: 273.7976586818695

i:0	120274.46798303256
i:50	92465.5056776151
i:100	88749.99772291713
i:150	82312.6664032262
i:200	80747.87928205464
i:250	80745.87354863471
i:300	80106.63842121916
i:350	80060.07667346955
i:400	80055.29789660292
i:450	80051.98264619468
i:500	80051.98264619468
i:550	80051.98264619468
i:600	80051.98264619468
i:650	80051.98264619468
best: 80051.98264619468
routes: [0, 77, 76, 80, 75, 73, 74, 79, 78, 49, 51, 50, 52, 53, 55, 54, 56, 25, 30, 29, 31, 32, 27, 26, 28, 0, 17, 19, 20, 22, 24, 23, 21, 18, 14, 16, 13, 15, 12, 11, 10, 9, 40, 39, 38, 36, 37, 35, 34, 33, 72, 71, 65, 66, 69, 67, 70, 68, 0, 4, 5, 6, 7, 8, 3, 1, 2, 60, 63, 64, 61, 59, 58, 57, 62, 48, 46, 47, 45, 44, 43, 41, 42, 0]
Elapsed time: 266.9317135810852

i:0	111123.62380130269
i:50	80849.98333629372
i:100	77884.67164832751
i:150	77163.34287800675
i:200	77117.2481902946
i:250	76624.43704303587
i:300	76593.50064270273
i:350	76251.18588436526
i:400	75630.33267853742
i:450	75630.33267853742
i:500	75128.5105573865
i:550	75128.5105573865
i:600	75090.27085620325
i:650	75090.27085620325
best: 75090.27085620325
routes: [0, 41, 42, 43, 46, 44, 45, 47, 48, 62, 60, 61, 59, 58, 57, 63, 64, 50, 49, 51, 52, 53, 55, 56, 54, 0, 4, 1, 2, 3, 5, 6, 7, 8, 70, 68, 67, 66, 69, 65, 71, 72, 33, 36, 38, 39, 37, 34, 35, 40, 12, 10, 9, 11, 13, 15, 16, 14, 0, 73, 74, 75, 76, 77, 80, 79, 78, 25, 27, 28, 32, 30, 29, 31, 26, 24, 23, 21, 22, 20, 17, 19, 18, 0]
Elapsed time: 255.45134115219116

i:0	110270.59488532942
i:50	92536.51412244109
i:100	82567.29581788297
i:150	81308.96784104219
i:200	81304.22185499828
i:250	80616.88124842952
i:300	80488.63503587432
i:350	80354.13248792071
i:400	80076.36090864782
i:450	79791.01688090072
i:500	79391.42346643713
i:550	79327.12146189832
i:600	79231.02306431417
i:650	79231.02306431417
best: 78472.39571673478
routes: [0, 54, 55, 56, 53, 52, 51, 50, 49, 73, 74, 75, 76, 77, 80, 79, 78, 25, 28, 27, 32, 30, 29, 31, 26, 0, 60, 58, 57, 59, 61, 64, 63, 62, 48, 42, 41, 43, 46, 47, 45, 44, 7, 8, 2, 1, 3, 6, 5, 4, 0, 70, 68, 67, 66, 69, 65, 71, 72, 33, 36, 38, 39, 37, 34, 35, 40, 15, 12, 10, 9, 11, 13, 16, 14, 21, 23, 24, 22, 20, 17, 19, 18, 0]
Elapsed time: 267.8633484840393

mean: 77579.32682362656
std: 1986.154296151507
mean-time: 270.8279530286789
std-time: 12.790222227589867