i:0	128620.85089712855
i:50	95732.94075584097
i:100	90622.06345667139
i:150	90171.45407197716
i:200	89801.16462676872
i:250	89649.88337744585
i:300	89649.88337744585
i:350	88797.62496598472
i:400	88633.53119060567
i:450	88633.53119060567
i:500	88468.86517877271
i:550	88468.86517877271
i:600	88468.86517877271
i:650	88468.86517877271
best: 88468.86517877271
routes: [0, 4, 3, 1, 2, 7, 8, 6, 5, 9, 11, 10, 12, 13, 15, 16, 14, 0, 70, 68, 67, 69, 65, 66, 71, 72, 33, 35, 40, 39, 38, 36, 37, 34, 0, 73, 74, 75, 76, 77, 80, 79, 78, 54, 55, 56, 53, 50, 49, 51, 52, 0, 41, 42, 43, 46, 44, 45, 47, 48, 63, 64, 61, 59, 58, 57, 62, 60, 0, 17, 19, 18, 21, 24, 23, 22, 20, 26, 30, 29, 31, 32, 25, 27, 28, 0]
Elapsed time: 230.9420006275177

i:0	121310.02014012526
i:50	96437.68948084158
i:100	93135.043179673
i:150	92601.67856881756
i:200	90257.28827852919
i:250	89801.08647470569
i:300	88881.40905070472
i:350	88881.40905070472
i:400	88751.5982375678
i:450	88734.64319646568
i:500	88161.36844264258
i:550	88161.36844264258
i:600	88161.36844264258
i:650	88161.36844264258
best: 88161.36844264258
routes: [0, 4, 5, 6, 3, 1, 2, 8, 7, 68, 67, 69, 72, 71, 65, 66, 70, 0, 73, 74, 75, 76, 77, 80, 79, 78, 54, 55, 56, 53, 50, 49, 51, 52, 0, 11, 14, 13, 15, 16, 12, 10, 9, 40, 39, 37, 38, 36, 33, 35, 34, 0, 25, 28, 27, 26, 32, 31, 30, 29, 24, 23, 21, 22, 20, 17, 19, 18, 0, 41, 42, 43, 46, 44, 45, 47, 48, 64, 61, 59, 58, 57, 63, 60, 62, 0]
Elapsed time: 234.9479215145111

i:0	121011.1608358259
i:50	96909.58359780305
i:100	90649.16666634024
i:150	89025.44788128637
i:200	88447.1671842031
i:250	88359.94557612189
i:300	87930.38773234845
i:350	87724.27720398986
i:400	87724.27720398986
i:450	87724.27720398986
i:500	87581.62787745408
i:550	86627.05180720949
i:600	86610.02153278101
i:650	86610.02153278101
best: 86610.02153278101
routes: [0, 41, 42, 43, 46, 44, 45, 47, 48, 64, 61, 59, 58, 57, 63, 60, 62, 0, 25, 28, 27, 26, 32, 31, 30, 29, 24, 23, 21, 22, 20, 17, 19, 18, 0, 73, 74, 75, 76, 77, 80, 79, 78, 54, 55, 56, 53, 50, 49, 51, 52, 0, 4, 3, 1, 2, 7, 8, 6, 5, 9, 11, 10, 12, 13, 15, 16, 14, 0, 35, 40, 39, 38, 36, 37, 34, 33, 71, 72, 69, 67, 65, 66, 70, 68, 0]
Elapsed time: 233.74317717552185

i:0	113749.60762376314
i:50	95958.48206029413
i:100	90214.13426538801
i:150	89594.31763413602
i:200	89033.99007858352
i:250	88948.48357431495
i:300	88811.909133327
i:350	87564.93733016143
i:400	87564.93733016143
i:450	87564.93733016143
i:500	86957.52871368457
i:550	86957.52871368457
i:600	86957.52871368457
i:650	86957.52871368457
best: 86957.52871368457
routes: [0, 4, 3, 1, 2, 7, 8, 6, 5, 9, 11, 10, 12, 13, 15, 16, 14, 0, 35, 40, 39, 38, 36, 37, 34, 33, 71, 72, 69, 67, 65, 66, 70, 68, 0, 73, 74, 75, 77, 80, 79, 78, 76, 50, 49, 51, 52, 53, 55, 56, 54, 0, 25, 28, 27, 26, 32, 31, 30, 29, 24, 23, 21, 22, 20, 17, 19, 18, 0, 41, 42, 43, 46, 44, 45, 47, 48, 63, 64, 61, 59, 58, 57, 62, 60, 0]
Elapsed time: 226.75047779083252

i:0	123059.60432675773
i:50	98215.28515375526
i:100	97199.88176296878
i:150	94498.93802368054
i:200	92227.50874365495
i:250	91139.69719609064
i:300	90538.03287791896
i:350	89070.91245423305
i:400	88462.6037936663
i:450	88462.6037936663
i:500	88449.09667474689
i:550	88449.09667474689
i:600	88449.09667474689
i:650	88449.09667474689
best: 88449.09667474689
routes: [0, 73, 74, 75, 77, 80, 79, 78, 76, 50, 49, 51, 52, 53, 55, 56, 54, 0, 41, 42, 43, 46, 44, 45, 47, 48, 64, 61, 59, 58, 57, 63, 60, 62, 0, 70, 68, 67, 69, 65, 66, 71, 72, 33, 35, 40, 39, 38, 36, 37, 34, 0, 4, 3, 1, 2, 7, 8, 6, 5, 9, 11, 10, 12, 13, 15, 16, 14, 0, 25, 28, 31, 30, 29, 32, 27, 26, 24, 23, 21, 22, 20, 17, 19, 18, 0]
Elapsed time: 235.73013591766357

i:0	119512.74556718077
i:50	90973.29245610384
i:100	89282.69218111863
i:150	88436.71955101902
i:200	88302.84545947856
i:250	87979.57302725557
i:300	87286.49327263837
i:350	86782.76604988916
i:400	86782.76604988916
i:450	86782.76604988916
i:500	86782.76604988916
i:550	86652.95523675224
i:600	86652.95523675224
i:650	86652.95523675224
best: 86652.95523675224
routes: [0, 25, 28, 27, 26, 32, 31, 30, 29, 24, 23, 21, 22, 20, 17, 19, 18, 0, 73, 74, 75, 76, 77, 80, 79, 78, 54, 55, 56, 53, 50, 49, 51, 52, 0, 41, 42, 43, 46, 44, 45, 47, 48, 63, 64, 61, 59, 58, 57, 62, 60, 0, 4, 3, 1, 2, 7, 8, 6, 5, 9, 11, 10, 12, 13, 15, 16, 14, 0, 35, 40, 39, 38, 36, 37, 34, 33, 71, 72, 69, 67, 65, 66, 70, 68, 0]
Elapsed time: 216.4276134967804

i:0	122000.69338636707
i:50	97207.08281576696
i:100	94521.77367487666
i:150	91266.50813869874
i:200	89235.1981275823
i:250	88639.4774806345
i:300	87849.09548280838
i:350	87660.35311368736
i:400	87496.2593383083
i:450	87141.14342567214
i:500	87141.14342567214
i:550	87141.14342567214
i:600	87141.14342567214
i:650	86945.57127414652
best: 86945.57127414652
routes: [0, 73, 74, 75, 77, 80, 79, 78, 76, 50, 49, 51, 52, 53, 55, 56, 54, 0, 35, 34, 37, 40, 39, 38, 36, 33, 71, 72, 69, 67, 65, 66, 70, 68, 0, 25, 28, 27, 26, 32, 31, 30, 29, 24, 23, 21, 22, 20, 17, 19, 18, 0, 4, 3, 1, 2, 7, 8, 6, 5, 9, 11, 10, 12, 13, 15, 16, 14, 0, 41, 42, 43, 46, 44, 45, 47, 48, 63, 64, 61, 59, 58, 57, 62, 60, 0]
Elapsed time: 229.9281711578369

i:0	118614.55204102663
i:50	97393.73931074611
i:100	90554.82752495854
i:150	89027.14840219836
i:200	88442.68305784458
i:250	87733.159829743
i:300	87563.48248254828
i:350	87240.21005032529
i:400	87240.21005032529
i:450	87240.21005032529
i:500	87240.21005032529
i:550	87240.21005032529
i:600	87240.21005032529
i:650	87240.21005032529
best: 87240.21005032529
routes: [0, 73, 74, 75, 76, 77, 80, 79, 78, 54, 55, 56, 53, 50, 49, 51, 52, 0, 60, 58, 57, 59, 61, 64, 63, 62, 48, 46, 47, 45, 44, 43, 41, 42, 0, 25, 28, 27, 26, 32, 31, 30, 29, 24, 23, 21, 22, 20, 17, 19, 18, 0, 4, 3, 1, 2, 7, 8, 6, 5, 9, 11, 10, 12, 13, 15, 16, 14, 0, 35, 40, 39, 38, 36, 37, 34, 33, 71, 72, 69, 67, 65, 66, 70, 68, 0]
Elapsed time: 217.96624755859375

i:0	124557.39945491168
i:50	95698.28133198377
i:100	94547.58350219904
i:150	91668.16363738634
i:200	90666.89672520591
i:250	90293.73797381262
i:300	90074.56000208517
i:350	89822.37408570151
i:400	89371.24494648585
i:450	89371.24494648585
i:500	89241.43413334893
i:550	89226.69620121174
i:600	89226.69620121174
i:650	88384.90066967561
best: 88384.90066967561
routes: [0, 41, 42, 43, 46, 44, 45, 47, 48, 64, 61, 59, 58, 57, 63, 60, 62, 0, 9, 11, 14, 13, 15, 16, 12, 10, 5, 7, 8, 6, 2, 1, 3, 4, 0, 73, 74, 75, 76, 77, 80, 79, 78, 54, 55, 56, 53, 50, 49, 51, 52, 0, 35, 40, 39, 38, 36, 37, 34, 33, 71, 72, 69, 67, 65, 66, 70, 68, 0, 17, 19, 18, 21, 24, 23, 22, 20, 30, 29, 31, 32, 25, 28, 27, 26, 0]
Elapsed time: 234.87660264968872

i:0	130924.98650189958
i:50	97990.80799707123
i:100	96202.01630319799
i:150	92714.49454787403
i:200	91519.9310102434
i:250	91023.3263284213
i:300	90791.20791442553
i:350	90695.86268220028
i:400	90662.28845897382
i:450	90662.28845897382
i:500	90506.61241256955
i:550	90506.61241256955
i:600	90506.61241256955
i:650	90506.61241256955
best: 90506.61241256955
routes: [0, 11, 14, 13, 15, 16, 12, 10, 9, 35, 40, 39, 37, 38, 36, 33, 34, 0, 41, 42, 43, 48, 46, 47, 45, 44, 68, 67, 69, 72, 71, 65, 66, 70, 0, 54, 55, 56, 53, 52, 51, 50, 49, 64, 61, 59, 58, 57, 63, 60, 62, 0, 4, 5, 6, 7, 8, 3, 2, 1, 73, 74, 75, 76, 77, 80, 79, 78, 0, 25, 28, 27, 26, 32, 30, 29, 31, 24, 23, 21, 22, 20, 19, 17, 18, 0]
Elapsed time: 239.87777638435364

mean: 87837.7130186097
std: 1146.2051580908787
mean-time: 230.11901242733
std-time: 7.300757719621814