0.0006107655727646905	3	22	57752.53437501646
0.00023213735290632172	2	30	53764.0485401699
0.0006586063824576072	1	37	51332.73505110488
0.0004237312997197412	2	30	51045.396698193166
0.00043474327819604717	4	31	59649.00405540905
0.0009297373273145513	3	27	63002.28245941931
0.0008944961849322354	2	31	52252.8096973169
0.0007321253449260658	4	33	65094.2699521491
0.0003548492248915163	1	28	52749.15951754647
0.0008165535622435674	1	35	50330.87058101414
0.0004105754882058222	1	39	50797.73288450608
0.0005383470445937914	1	33	50070.322751780914
0.0007779008519275569	1	24	49893.516961032845
0.0005902320985153437	1	32	52490.72889970074
0.0009044594369110591	1	31	50933.06782756141
0.0007340307629570672	1	29	50963.09093978465
0.0008110135743065126	1	29	51706.447551320045
0.0007856955428696746	1	27	49985.403921650206
0.0008758681259367767	1	30	50472.06714036037
0.0007339061222585827	1	29	50476.8031293136
0.0008931913481616404	1	21	52793.7085642082
0.001	1	20	49918.29832983626
0.0007686275401083771	1	20	50069.24530349966
0.001	1	40	53404.17879818931
0.0006255901979697093	1	20	51365.76616923095
0.0007281488640693434	1	26	51380.49876511728
0.0007999158928500154	1	30	51290.198150502874
0.0001	1	40	51190.3200201444
0.0007711570710360496	1	23	51692.443747356105
0.0005630656063651598	1	33	51943.2738327831
0.0007095800425120842	1	32	50479.68941655724
0.00041438738479496976	1	40	49592.50442675982
0.0002841771260899997	1	39	51549.981582202214
0.0004030142887625171	2	40	52875.0824018542
0.0003690480833151869	1	40	50504.75782815763
0.00034659390431850085	1	39	49465.0365815546
0.00027599297301181887	1	39	50761.054502191175
0.0004105754882058222	1	39	49910.62091031862
0.00036944256583958785	1	40	49460.18727677811
0.0004707083539475564	1	39	49337.85514657657
0.0004285593247651366	1	40	51543.69020067176
0.000383602451524109	1	39	53138.176638966055
0.0004366642047604371	1	39	50360.73207417878
0.0004799627267363442	1	39	51317.078629023454
0.0007942964506275103	1	32	50918.6947569836
0.0003573669311891505	1	40	50803.10365346663
0.00025877355978377555	1	39	50763.33500657287
0.0004830789007424217	1	39	51384.50049581055
0.001	1	20	51324.682567671836
0.0007857580561134965	1	31	50258.485299198976
0.0003521844903438443	1	40	51549.589355009346
0.0009870643315293033	1	29	50859.78001360298
0.000717366651380712	1	29	50438.207884991345
0.0007926633254929271	1	31	49812.34076789894
0.0008744757739628606	1	30	49670.132101531235
0.00037014576742630805	1	40	50413.41026241987
0.0009194511049990132	1	29	50673.8974562374
0.000852373119020059	1	31	49054.3500459968
0.000804853027677366	1	32	51705.740963467804
0.0008218293477390322	1	27	51493.63764518401
0.000928166342352067	1	29	51244.784000817635
0.0008211139199446353	1	34	57998.83869164073
0.0007930178471737907	1	31	51187.37914585551
0.0008625070505643607	1	31	51085.27902286099
0.0009347790022866999	1	25	49925.724349243916
0.0007018627349529938	1	28	51358.557461860706
0.0008460909487526549	1	28	51471.45350001452
0.000364941821863575	1	40	50786.76703957233
0.001	1	25	49657.28264306645
0.00036742822192785103	1	40	51048.43079869834
0.0008163456453694825	1	27	51096.20739773141
0.0009306455810509161	1	28	50139.24156248371
0.000995496493561068	1	22	51216.1887312268
0.0008885171391151745	1	26	51947.11657485727
0.001	1	25	50817.13693781291
0.000991462425763871	1	28	50082.52601429273
0.001	1	27	54242.82871688986
0.000904897677294634	1	29	50479.775182663376
0.0009945090828355739	1	29	50349.27566310313
0.0003709431592037607	1	40	50638.24583955953
0.0008788783174053951	1	29	51180.89266791649
0.00025877355978377555	1	39	51505.91943100541
0.0003714106004761921	1	40	51585.082790628156
0.0007528214685548667	1	30	49377.14389371368
0.0008913237835578043	1	28	53042.39364528425
0.0006647682138728407	1	27	51261.319546984625
0.0007551729867874037	1	29	52174.161100305595
0.0004306393268845914	1	40	52112.64446635169
0.001	1	24	51061.33234353107
0.0007440811288895119	1	29	50738.780887682304
0.000758227529294526	1	20	50609.231820435474
0.0003692875790264346	1	40	50069.27558897639
0.0007547967925305658	1	20	51510.99098500318
0.0001	1	20	51160.07366452317
0.0007435187551300575	1	29	49898.314451244165
0.00036579910678674886	1	40	48446.91793843096
0.0007398705949643174	1	30	50143.12336763206
0.0004052552529177973	1	35	49543.855890120125
0.00025877355978377555	1	39	51373.49993897337
0.0003653108032178971	1	40	50841.76319695624
0.00038153589787273657	1	36	51859.32880643767
0.00041995809923366757	1	32	49337.667179741606
0.0007366995377846066	1	30	49297.57802140136
0.0004105754882058222	1	39	50996.62031276167
0.000728086541882073	1	30	51294.14575645849
0.00043169858861884995	1	27	51905.687257952675
0.0004037212656506761	1	32	53521.886997678776
0.0003622339159537241	1	37	50141.01851904529
0.00037245215063840746	1	40	53086.2455224466
0.00047554669411494275	1	36	52229.680276342806
0.0007356312184264885	1	29	50117.12175830623
0.0006105080920044708	1	30	49808.15113313008
0.0008241126075350897	1	28	52986.14439531319
0.0007032692042014892	1	30	52014.11352306314
0.000591616160328121	1	30	51972.049053024755
0.000362446218425201	1	40	51157.934834422624
0.0008003945644857337	1	23	50003.66709197415
0.001	1	24	49012.85748227744
0.0007353340960012717	1	30	51572.78238625648
0.0003652447623274194	1	40	50392.52165871922
0.001	1	24	52141.04220782262
0.00036414206267077235	1	40	54014.69651121005
0.0007369412506831626	1	30	50796.47370944612
0.0008625970152986388	1	25	50052.40107247786
0.0009138743349982183	1	25	50172.21819486841
0.0007372605220915117	1	29	51538.08806171928
0.0007779008519275569	1	24	49852.557628230345
0.00036672301259127205	1	40	51465.59621878216
0.0008550341592353313	1	24	51041.58035485804
0.0007512204940047556	1	25	49668.42468614908
0.0007400239652583006	1	29	51075.90898521172
0.0009556610394663352	1	27	51648.98052715112
0.000925710253142354	1	21	50115.968287035066
0.0007852565719950191	1	24	51885.411140468575
0.0007391809090651268	1	29	51708.29730143753
0.0009102971037908201	1	27	51681.50218981287
0.0008085795332361551	1	23	51980.235092011986
0.0009257102531423536	1	21	50466.900706307446
0.0006594540856297988	1	22	50912.63522790643
0.0007400388665869162	1	30	51432.41839682823
0.0009611692509620797	1	23	50816.77938927491
0.0007779008519275569	1	24	50043.16825271524
0.0003720082896731709	1	40	49937.85770461952
0.0007413671347427989	1	30	51230.21006751406
0.0007739145762544783	1	23	50768.51683601976
0.00036898565881909694	1	40	52873.64537128986
0.0009598264482036826	1	23	49288.11803469883
0.0007426666443775833	1	30	52284.96730349909
0.0009553801682465916	1	23	51607.39336191642
0.0006991447480509574	1	21	51988.17370433058
0.0008095917054878272	1	23	51108.36576528186
0.0009979785042548955	1	20	49766.27835463934
0.0007779008519275569	1	24	53474.92608674583
0.001	1	20	50286.10580508384
0.0009120616475689648	1	25	51472.52189082361
0.0007468283888643198	1	30	50387.72047919239
0.001	1	20	52447.76434505828
0.0008818421954458019	1	23	52814.19051441423
0.0003969552854181166	1	40	51993.70473097824
0.0007431792606773973	1	30	50311.05323758002
0.001	1	22	50573.51953058864
0.0007407029913221868	1	30	51290.79613896652
0.0009767544775187791	1	28	52307.83429177052
0.00035418150859534695	1	40	49794.180861234934
0.001	1	22	50810.07410091398
0.0007457867743780682	1	30	50088.9243720515
0.0008818421954458019	1	23	49636.02104364108
0.00034424491004418536	1	40	49594.29772871736
0.001	1	22	51936.37687881993
0.0008818421954458019	1	23	49988.540163951955
0.0007461873323355792	1	30	51933.440089449425
0.000335039893601893	1	40	51921.55595743926
0.0009545397696978786	1	22	51514.58651182731
0.0007479646017985484	1	30	50422.60589904931
0.000815308625626402	1	24	49718.149735155435
0.0003483651392436559	1	40	51638.00174807786
0.0009388116611157937	1	23	52195.84056389801
0.000815308625626402	1	24	49222.091949802845
0.0007495034564590721	1	30	51247.252834212115
0.0003555918457462894	1	40	53129.19663627821
0.000960165853967746	1	23	50568.59807186733
0.0008322341641686444	1	24	50446.77940422345
0.0007507069704979494	1	29	51561.26420365652
0.00040378731412424107	1	38	50787.58137007933
0.0009570877194306058	1	22	53067.90957898347
0.0007499854000320525	1	30	51082.43296505537
0.0008352498216832809	1	24	51054.22187117944
0.0004047543794409616	1	38	49738.784107724576
0.0008205221211063758	1	24	51279.81694194424
0.000750192289731785	1	30	52997.83246633512
0.0009257102531423548	1	21	51692.81125739075
0.00040900689849891254	1	37	51017.494733622036
0.000530964064611128	1	34	51632.17223542408
0.0004086064781779231	1	37	51078.030576315505
0.0008166975939361335	1	24	50677.412580398704
0.0007347777435442467	1	30	50868.49081544948
0.0008162887849390419	1	24	53902.21102020832
0.0007536710217099743	1	30	51704.30511146275
0.00040177688571142224	1	38	51732.56894560211
0.0009102971037908201	1	27	50197.39726297849
0.0008186435260706632	1	24	50581.180521048525
0.0007323898582681304	1	30	50462.989579788504
0.0009805486783927963	1	24	51032.60796481241
0.00040326120863749283	1	38	53712.03998750061
0.0009016539993950073	1	25	51146.80528962787
0.0007512204940047556	1	25	51094.18308117963
0.0007334968636114917	1	30	50755.25041081559
0.0001	1	40	50190.95732136716
0.0007779008519275569	1	24	49926.94225689379
0.0009220946124997741	1	25	50193.49032592188
0.00025877355978377555	1	39	52254.11646155324
0.0001	1	40	49811.034240558714
0.0008999886143655863	1	25	52517.63182319105
0.00012834336237162484	1	35	50406.22004064128
0.00012962947371581972	1	29	49722.66332790022
0.0001	1	40	51364.645436624014
0.0001	1	30	50702.60128659807
0.00010349371156056448	1	39	50964.77563791274
0.00012138430610163625	1	26	50794.31454950911
0.00012834336237162484	1	35	50313.761915709794
0.0001	1	31	51877.60396472869
0.00012834336237162484	1	35	51469.970282987815
0.00010349371156056448	1	39	53499.22999196209
0.00016219604298878205	1	27	50016.49366015027
0.000181326023486564	1	22	52957.63652199364
0.0002136271148036294	1	29	51464.866148368514
0.0001	1	26	50575.311016143445
0.00014649213334909651	1	34	50481.76895136369
0.00012834336237162484	1	35	50908.79589482627
0.0001	1	29	50734.559765837235
0.000779607789347532	1	24	49805.83714521606
0.0007256749896153045	1	29	50053.73981748435
0.0007707426539954556	1	24	52030.01693535214
0.0007191285014785096	1	29	50479.95303465236
0.0001	1	29	49836.06157573435
0.00014417132548248532	1	35	50445.26883974607
0.0007833472352292596	1	24	50933.084238376025
0.0001	1	29	51651.6318052776
0.00015708708433592145	1	34	51598.846617995005
0.0007119753650581207	1	29	50235.22951026449
0.0001	1	29	53840.05785781753
0.0007819109895645019	1	24	50808.29876195912
0.00012770797294306912	1	35	50849.902934650694
0.0007057204400944876	1	29	50539.91881910386
0.0007826967889418611	1	24	50478.01212369034
0.0009102971037908201	1	27	50285.52964742647
0.0007051383680077726	1	29	51205.6139279118
0.0001	1	34	51767.19706133297
0.0007843792840108614	1	24	50045.590445439106
0.0007102576273371565	1	29	50958.456733100174
0.0009102971037908201	1	27	52347.88649952775
0.0001772207103461269	1	35	51123.3773518631
0.001	1	24	53117.62867126709
0.0007751818433509556	1	24	52055.32319181096
0.0007092492966678923	1	29	52252.00539701488
0.00016201473634727768	1	35	49442.06211397269
0.0007264640646344607	1	29	51854.61643052074
0.0007937321141645711	1	23	51268.02831620337
0.00011547500481025116	1	30	50302.36837311343
0.00018398326866726994	1	34	49167.47446012431
0.0007953264544644578	1	23	51054.7412394863
0.00016491268873921228	1	29	50927.90411636228
0.0002966668268280647	1	36	50442.46257701521
0.00019992555815359758	1	34	50901.49511061192
0.00018324725388845192	1	29	51203.82184373684
0.0003068218322699513	1	36	50329.70374471141
0.0007954451245601399	1	23	51164.31108109783
0.0002054287531560906	1	34	50023.29862079792
0.00021691321016592178	1	34	51570.96765096899
0.00031945891234801837	1	35	51978.676964277336
0.0001733734976428145	1	31	50917.93918571913
0.000795512302249468	1	23	49343.46541554013
0.00029235854137441567	1	36	51343.317761888866
0.00019242286786754905	1	34	51036.871208038116
0.00016046138472855677	1	29	49211.96677194314
0.0007944513030459182	1	23	49276.503018886804
0.00029235854137441567	1	36	53080.61320113781
0.0007936196812380413	1	23	50979.902220790325
0.00012962947371581972	1	29	50608.01594395286
0.00018647593615300187	1	33	50906.273619794694
0.00016580443699770766	1	32	50448.26518420966
0.00016219604298878205	1	27	51540.24988158588
0.0007934288065371002	1	23	49468.898754713155
0.0007299602261988356	1	30	51676.736674303385
0.0007930120604009951	1	22	50897.77901689344
0.00012962947371581972	1	29	51995.74581921446
0.0001651661315928493	1	33	51180.73902483372
0.00012973690487139042	1	38	53378.74306689997
0.000793082072598492	1	22	50343.34110103998
0.0009337849168258817	1	25	50763.935282476996
0.0001741927391437107	1	32	51045.56557068622
0.0007369762444808408	1	29	50234.375176931644
0.0007934210515515177	1	22	50705.62942164834
0.0007349221287577259	1	30	50941.58643688023
0.00017356986736823793	1	32	51058.70632288319
0.0007556424770810055	1	26	49874.22136328827
0.0008885171391151745	1	26	51485.12648557276
0.00017251746091830698	1	32	51849.43570703358
0.0007590354599825412	1	27	51696.834638543405
0.0007893449552690946	1	23	49251.666933495086
0.0007883982506088034	1	22	50757.511539827996
0.0008818421954458019	1	23	49990.291321672645
0.000756372837501858	1	26	50850.47381455742
0.00017054071079626758	1	33	51295.162277689255
0.0007931005565746654	1	22	52032.37705329663
0.0001699793041497922	1	33	50507.491326529824
0.0008818421954458019	1	23	49048.60950820849
0.0007556424770810055	1	26	51115.86850052397
0.0009257102531423536	1	21	51500.3271414642
0.0001702470965072891	1	33	50741.83634875444
0.0007566742182347859	1	26	49978.32831911021
0.0008074599860511955	1	23	50570.70391791316
0.00017042018156282444	1	33	51981.25541750821
0.000800434393946237	1	23	50441.99578038638
0.0008885171391151745	1	26	52884.818614746655
0.0007413877446722559	1	27	50380.55521532415
0.0007934150259080947	1	23	50081.77222819219
0.0001571125910768709	1	32	51798.160444231566
0.0008818421954458019	1	23	50138.65873272307
0.0007376989668359152	1	27	50511.7897165878
0.0007960349527757664	1	23	51725.438901941554
0.0007364722523212793	1	26	50853.595446469924
0.000175356115248203	1	34	50721.133784501115
0.0008818421954458019	1	23	50870.97454717309
0.0008818421954458019	1	23	49900.50411685527
0.0007952039989305031	1	23	50860.37923639131
0.000737415821437081	1	26	50829.15047432383
0.0001761022722813001	1	34	52160.59519042173
0.0007362862765242184	1	26	50229.71843974069
0.0008023497309523338	1	23	49890.02823743288
0.00013839008271371214	1	30	52135.35258034454
0.0009366113418022503	1	24	50877.97893475098
0.0007358158167878313	1	26	51267.09404634286
0.000800744439352045	1	23	49108.885167369845
0.0009347241560312586	1	24	52437.42209403577
0.0007502928727436949	1	29	49720.529151373434
0.0008005220127302502	1	23	55249.83563014017
0.0008818421954458019	1	23	49926.93167177053
0.0007545823582326597	1	30	49604.95988918203
0.0007561806800467227	1	26	50355.2501807249
0.0007988865794226028	1	24	50953.82034002093
0.0009339111556680766	1	23	52151.13206639808
0.0007590354599825004	1	27	51995.667627637216
0.0006772311805582063	1	23	51304.67341089558
0.0007123391262053774	1	27	50565.96137419917
0.0007981779792080202	1	24	50545.07689588589
0.0009343248711799411	1	23	50667.867968848055
0.0007439811677130417	1	29	51836.74775299633
0.0008818421954458019	1	23	50822.386521965615
0.00074586408316564	1	27	52095.68186750814
0.0007948862762751661	1	24	51446.39604086955
0.0007756251536598809	1	30	51190.42798987586
0.000802288299801621	1	23	53411.38814862099
0.0009350207435759576	1	23	52795.43225642602
0.0007756251536598865	1	30	50962.43961971779
0.0007379545975288993	1	27	51315.94954315472
0.0007900139695593982	1	23	50840.699684684565
0.0006923490786677828	1	26	49479.593832996215
0.0001754655275565888	1	34	50200.884247683396
0.0007357037314284533	1	30	49503.34369933993
0.0008818421954458064	1	23	52477.20895177058
0.0007522942098187792	1	24	49842.76091925041
0.0006682945747031613	1	27	50620.33459930227
0.0007209853194352585	1	30	50703.68822867005
0.0008403059974463012	1	22	50815.60479449016
0.0006798659286310797	1	27	50922.98652119657
0.0007356442457751198	1	24	49312.06049118913
0.0007756251536598809	1	30	52693.227842858985
0.0008403059974463049	1	22	51576.585502017806
0.0006145918583372095	1	26	51949.790180836826
0.0006798659286310797	1	27	51309.31787684705
0.0007248806549891838	1	25	51145.121480143105
0.0007438475622494971	1	24	51599.2197449204
0.0001773476568497552	1	34	50336.9626989979
0.0008818421954458019	1	23	52407.482088766985
0.0007087799797755789	1	29	50618.04550265027
0.0007461685483253213	1	24	50662.01134326954
0.0008818421954458019	1	23	50889.198545341984
0.0007060947978969505	1	29	52175.60755574177
0.00017890888705890328	1	34	51060.30961006885
0.0008818421954458809	1	23	51503.524209617426
0.0007220304930718022	1	29	52306.89565758666
0.00017867427799999981	1	34	50256.64548738607
0.0007460904960905097	1	24	50459.04937530359
0.0001804850648539935	1	34	51165.539602745055
0.0007439757832274797	1	24	50746.76597651336
0.0007202476868219936	1	28	50568.79987845124
0.0008652669840933064	1	25	49735.49074375298
0.0008835419502540092	1	24	51033.884053079004
0.0007206275680392454	1	28	49329.508692431446
0.0007463789268836453	1	24	49778.40038367747
0.0001796588730270349	1	34	51035.83675556527
0.0008460834770800065	1	25	50392.48623968628
0.0007413529912083381	1	25	51191.0931627854
0.00017916767696038582	1	34	51409.40149451982
0.0007152161315319922	1	28	50890.41492505482
0.0007448073103509082	1	25	52036.58781932838
0.0007159493478573939	1	28	52217.568523834685
0.00017772726714086967	1	34	52802.869260925945
0.000854583955284164	1	24	51863.72972941581
0.0007491368350169251	1	24	52135.02139184232
0.0007207970922820113	1	28	50898.940220177035
0.0008818421954458042	1	23	52089.58759508006
0.00016935347857210847	1	34	50485.82174129188
0.0008818421954458019	1	23	51102.83074530072
0.0007536132091235807	1	24	51435.19873786095
0.0007248252924990491	1	28	51248.46485946296
0.00016945468249229958	1	34	50444.82143796319

Best value: 48891.418025418876 at [Gamma, Alpha, #Firefly] = [0.0001, 1, 29], found in 1051.833292722702 s
