5.3613528651420874e-05	4	29	74182.55782760629
8.63456724918904e-05	4	35	73757.93698044868
9.203935142568237e-05	2	38	72300.10480729053
6.970956123776048e-05	2	28	73157.60839392665
9.987561207746936e-05	4	21	72020.34771573464
3.261104305445377e-05	1	34	75400.81589619294
4.407423073498305e-05	1	27	75133.7687265905
8.532160098390605e-05	1	32	75555.2323758864
9.767431534927748e-05	4	20	72720.39025651016
9.048424559841903e-05	3	36	74476.17607774214
9.203981865537914e-05	4	23	72028.15697642074
9.854489190946173e-05	4	22	73052.293142908
9.948552559504135e-05	4	30	76983.73340621934
1.006363535644392e-05	4	20	71378.25510952309
0.0001	5	20	72523.69475739771
9.841101960259952e-05	3	20	72075.45479631778
1.3590841791486986e-05	4	23	71230.51578476357
1.4943178063697265e-05	4	20	72036.68653342333
1.319114631311917e-05	5	22	72052.85899798317
9.09756252242828e-05	4	21	69991.57701601555
8.425988163665572e-05	4	20	71622.56168671207
8.314127460654811e-05	4	20	72563.5362226026
8.181650873243132e-05	4	22	73018.81988720236
9.242322554496304e-05	4	20	72042.73127407864
1.1356128100870561e-05	4	27	72837.7928805407
1e-05	4	23	72475.43790313166
9.031977983689306e-05	5	20	71942.88790393445
1.2496722554460929e-05	3	21	71838.82544258173
9.064835274801926e-05	4	20	70412.7125457737
1e-05	4	20	70598.34162774247
2.26024589339902e-05	4	20	73297.12199715864
1.3013061236651748e-05	2	20	72090.54373677689
1e-05	4	40	76693.76556092472
1e-05	4	20	72254.49333657512
1e-05	5	20	71324.01392114027
9.05827591038091e-05	4	20	70179.36415075685
1e-05	1	20	73398.71756561345
1e-05	5	20	70251.02769113854
0.0001	2	20	72393.43637238913
9.242322554496304e-05	4	20	71800.80805583483
9.242322554496304e-05	4	20	73957.4110339459
8.039296343468751e-05	2	20	70980.2628131763
1e-05	4	20	69463.26195524895
1e-05	5	20	69759.82439407695
6.420574957273054e-05	5	20	73849.19236163353
1e-05	5	20	73811.09998017045
1.3823719519550275e-05	3	20	72411.9408524406
7.901257030143122e-05	3	20	71695.39890581179
1.1748833491066845e-05	3	20	72957.08160735054
8.275788390839143e-05	3	20	72344.17006590882
9.278149004213098e-05	5	20	70267.89751360267
1e-05	4	20	70175.38747000684
8.26402216985238e-05	2	20	72711.67880242165
1e-05	4	20	72137.8595718378
1.1748833491066845e-05	3	20	71809.92318062784
9.047176024952056e-05	5	20	70539.19220259316
8.062713675469333e-05	3	20	73488.56913716688
9.03882655612578e-05	5	20	72350.85735582252
1e-05	4	20	71868.63265112694
1.1748833491066845e-05	3	20	69791.7078812233
1.1748833491066845e-05	3	20	72094.90336680062
1e-05	4	20	71592.7197743672
9.30833363221192e-05	3	20	72651.64016610493
9.076534927394778e-05	5	20	71853.01767338459
9.265522832949108e-05	2	20	74095.59690947359
9.075830679112415e-05	5	20	73913.52158889736
1.1748833491066845e-05	3	20	71892.09472483203
1e-05	4	20	71883.94951869473
9.087276029787889e-05	5	20	72950.760279522
1e-05	4	20	71591.0044821361
1.1748833491066845e-05	3	20	70700.95477971474
6.458075942736788e-05	3	20	70870.57764740322
8.81383636697232e-05	5	20	74723.8097083028
5.954650149747207e-05	3	20	73706.16705656497
1e-05	4	20	72116.32602578962
1.1748833491066845e-05	3	20	72757.99357782207
4.866488860842823e-05	4	20	73072.13789021532
1e-05	5	20	72830.10689477566
1.1748833491066845e-05	3	20	69504.94154029718
9.256251488598405e-05	5	20	71055.90083246103
1e-05	4	20	72513.95644601183
9.505489187278728e-05	5	20	73137.0555787667
1.2931343437532899e-05	2	20	72357.92411449802
6.458075942736788e-05	3	20	70917.96966474732
1e-05	4	20	73017.11278002802
6.254651099552701e-05	3	20	71994.2699982315
8.958420515987054e-05	4	20	71795.45645079254
1.2931343437532899e-05	2	20	70428.82850222105
5.636409953290431e-05	3	20	70559.03139485334
1e-05	4	20	71354.24301540709
1.2703169272153098e-05	2	20	72627.25844049761
8.888843991866518e-05	4	20	71899.88176452214
6.993619358761583e-05	3	20	72800.34712346787
1.2703169272153098e-05	2	20	71876.72936449769
9.803730164428663e-05	4	20	72189.68304983078
1e-05	4	20	72390.67070494081
1.2703169272153098e-05	2	20	72553.7925236197
1e-05	4	20	69951.33359906658
7.034977923466193e-05	3	20	70510.71381500964
9.803730164428663e-05	4	20	72075.73301477647
1e-05	4	20	72794.01933738696
6.904956698430632e-05	3	20	71315.49079086109
1.2703169272153098e-05	2	20	72210.28845623588
9.803730164428663e-05	4	20	71461.35440715613
6.940783319741443e-05	3	20	73606.08205034833
0.0001	5	20	71110.77944188491
1e-05	4	20	70037.90767633232
1.2703169272153098e-05	2	20	71775.8997542119
5.2022018139545114e-05	3	20	72418.56995028803
9.422108235443338e-05	4	20	70382.86465372147
1.2703169272153098e-05	2	20	71219.83401349137
1e-05	4	20	71614.39344960943
1e-05	3	20	72185.46272175117
5.49960508370263e-05	3	20	71776.87680091319
1.2703169272153098e-05	2	20	72393.18541629193
0.0001	4	20	71508.18040538771
1.2703169272153098e-05	2	20	74207.29120797208
5.2022018139545114e-05	3	20	70077.1610356439
1e-05	3	20	72922.42749542162
0.0001	5	20	70539.02044242572
1.2703169272153098e-05	2	20	74096.28356682624
1e-05	4	20	71263.18790007969
5.2022018139545114e-05	3	20	73020.18787371126
0.0001	5	20	71105.93893538303
5.2022018139545114e-05	3	20	72944.27358271362
1.2931343437532899e-05	2	20	74762.98282723092
1e-05	4	20	73251.2333319203
0.0001	5	20	72444.03974408783
1.2931343437532899e-05	2	20	72519.38959123226
5.2022018139545114e-05	3	20	71984.29157996358
1e-05	5	20	71887.02153618426
0.0001	5	20	70443.55195452609
0.0001	5	20	73504.46981680203
1.2931343437532899e-05	2	20	72318.71625896402
5.2022018139545114e-05	3	20	71601.04603077416
1e-05	4	20	69765.48050164971
0.0001	5	20	72273.48503551802
1e-05	5	20	71885.18596502798
1.2931343437532899e-05	2	20	73004.03828894917
5.2022018139545114e-05	3	20	69758.2597756221
1.2931343437532899e-05	2	20	73182.41534290857
0.0001	5	20	72658.22651269638
5.2022018139545114e-05	3	20	71362.1426308819
1e-05	5	20	70061.31977155281
1.1748833491066845e-05	3	20	72940.67644093253
1e-05	5	20	71968.09486404137
9.777306775330686e-05	5	20	73140.04487322844
5.2022018139545114e-05	3	20	72621.64409660273
9.803730164428664e-05	4	20	72699.8420131498
1e-05	5	20	72234.61565732524
6.245599539491707e-05	4	20	72432.08030099685
1.2931343437532899e-05	2	20	72128.12489171104
1e-05	5	20	73638.92767692749
9.803730164428663e-05	4	20	70879.81924912303
6.294010549368371e-05	4	20	72126.79822960054
1.2931343437532899e-05	2	20	72601.16708005762
0.0001	5	20	72539.74298725587
1e-05	5	20	70197.32388416753
5.2022018139545114e-05	3	20	72371.47924487929
1.2931343437532899e-05	2	20	72603.1547282873
1e-05	5	20	74868.91894688785
5.2022018139545114e-05	3	20	72595.36257862572
1.2931343437532899e-05	2	20	73570.97757605098
9.390264920576366e-05	4	20	69851.06817054097
1e-05	4	20	73608.17908388283
5.2022018139545114e-05	3	20	73613.31061004574
9.838675921402306e-05	2	20	71190.40414589537
9.533178760254088e-05	5	20	72119.97471996293
9.768291961973166e-05	1	20	73580.85989294048
5.2022018139545114e-05	3	20	71685.39228535329
0.0001	5	20	72747.2539660514
1e-05	4	20	70828.64603772019
9.53272893956488e-05	4	20	71334.88926325845
9.92319690848382e-05	2	20	73123.12841463594
5.2022018139545114e-05	3	20	70688.95425109054
1e-05	5	20	70020.03986250004
5.2022018139545114e-05	3	20	73863.20777110344
1e-05	5	20	71043.61261009381
9.279879699117943e-05	2	20	72064.67065528873
9.269203409770206e-05	5	20	71330.0856651771
1e-05	5	20	73452.89573132631
9.373398969726551e-05	5	20	72994.52518344023
5.2022018139545114e-05	3	20	72142.6687968612
9.279879699117943e-05	2	20	71907.35832726762
5.2022018139545114e-05	3	20	73353.10333647637
9.540286602998916e-05	5	20	73029.55937604197
9.925359966587275e-05	2	20	71906.28094320376
1e-05	5	20	70199.86090293863
1e-05	5	20	71358.14953007847
9.678839908896505e-05	4	20	69810.32724144046
9.920473288816003e-05	2	20	72066.49751918018
5.2022018139545114e-05	3	20	71780.53528397142
9.911570423153836e-05	1	20	72707.65087634751
5.2022018139545114e-05	3	20	70040.79264546362
0.0001	5	20	71985.5757067
1e-05	5	20	71331.72901255982
0.0001	4	20	73525.94525909376
5.271970959599977e-05	3	20	70664.05471534976
9.924169226873246e-05	2	20	72358.14860696696
1e-05	5	20	72650.63294254204
9.923193595274185e-05	2	20	72565.0262779481
9.051752140434143e-05	4	20	70902.76473318566
4.676587850394135e-05	3	20	72361.30848989236
1e-05	5	20	70019.96247087968
8.937904074190498e-05	4	20	72921.84383343178
9.923654669768866e-05	2	20	70947.32446997169
5.2022018139545114e-05	3	20	73474.86126714735
1e-05	5	20	70741.70044217446
1e-05	5	20	71633.64383646804
9.917092898746142e-05	2	20	70809.76440661206
5.2022018139545114e-05	3	20	70877.9365948266
9.510625168473441e-05	4	20	71155.06526177873
0.0001	4	20	73407.2861240744
1e-05	5	20	72378.9098014449
9.813902318896937e-05	1	20	71868.3565501845
5.2022018139545114e-05	3	20	70545.37447040273
8.976236362029167e-05	4	20	71481.99636695681
9.91670034400418e-05	2	20	71879.81618767271
1e-05	5	20	70212.76711755665
4.637562281707575e-05	3	20	70682.23983983694
4.5285116755037365e-05	3	20	73290.49610617198
8.777497833971301e-05	4	20	70399.20912906017
9.917107495340858e-05	2	20	72597.0188658519
1e-05	5	20	72208.83105261113
9.918227115766808e-05	2	20	74001.30971896177
1e-05	5	20	71467.99188606389
4.5749168217246676e-05	3	20	72530.40051358337
8.633383267659808e-05	4	20	70789.14361762024
9.279879699117943e-05	2	20	73753.26795287221
4.480675169219258e-05	3	20	72706.76861794932
1e-05	5	20	71623.76370004077
8.375653880784681e-05	4	20	70569.70178990306
7.942667639208969e-05	5	20	71544.72964373462
4.703590363382503e-05	3	20	69893.29614226367
1e-05	5	20	71423.17991662984
9.279879699117943e-05	2	20	70562.43645430775
9.314206181031332e-05	2	20	72892.82201948222
1e-05	5	20	70040.69565653703
7.802527327733398e-05	5	20	71966.94246788706
3.5791164510850224e-05	3	20	71359.22402114858
4.417633410292842e-05	3	20	72676.57560945065
1e-05	5	20	70656.72322374368
9.31129488004599e-05	2	20	73266.04870138141
7.629826095335576e-05	5	20	72680.04422042207
9.303583012224833e-05	2	20	73081.4626809149
1e-05	5	20	74245.67019631878
4.47385988202118e-05	3	20	71704.83162225915
7.73630571778174e-05	5	20	71047.64937095373
9.302904179979462e-05	2	20	72325.67522523762
7.695020274128001e-05	5	20	73519.97995105424
1e-05	5	20	68828.45720412426
4.413345540213092e-05	3	20	70998.13873324437
4.4961312891927874e-05	2	20	72472.32967653534
9.80931828972715e-05	1	20	73599.11209676038
1e-05	5	20	70813.87464117036
8.511589527513349e-05	4	20	71432.92166046822
1e-05	5	20	70674.12774092708
4.513414424804932e-05	2	20	74772.11967963615
8.447499193367932e-05	4	20	70178.53828652656
9.916743684266647e-05	2	20	73793.44040408688
1e-05	5	20	73264.74679807448
8.362132586179372e-05	4	20	70669.66143178403
9.921125656951089e-05	2	20	74064.6409860789
4.3256086761416133e-05	3	20	71126.28449573829
9.925320694191889e-05	2	20	74893.22862693609
1e-05	5	20	71955.52534255933
8.310670831186428e-05	5	20	74653.83274373366
4.325608676141526e-05	3	20	72038.35442074426
8.443531759102996e-05	4	20	71581.46313808112
1e-05	5	20	70094.06831775745
4.325608676141526e-05	3	20	71559.72912933731
9.919949110593987e-05	2	20	72302.55006063155
4.325608676141526e-05	3	20	72658.64074967064
8.393854198910312e-05	4	20	73934.83633855885
9.921366816797355e-05	2	20	72355.89212173676
1e-05	5	20	70564.62910036695
1e-05	5	20	74607.96726978022
8.488137708967997e-05	4	20	72956.85119754769
4.325608676141526e-05	3	20	73073.59422718246
9.919621521910429e-05	2	20	73707.73627758988
9.916655307841494e-05	2	20	74877.71406171283
4.32560867614164e-05	3	20	73201.63596404553
1e-05	5	20	72722.4581451505
8.71539788060602e-05	4	20	73051.46657767823
4.325608676141526e-05	3	20	74303.4311480237
9.922909982473239e-05	2	20	73998.12529522665
8.96839642865381e-05	5	20	72556.21867230059
1e-05	5	20	71999.72794035442
9.005793463815128e-05	5	20	72434.67021589683
4.325608676141526e-05	3	20	74970.99171626462
9.923042349214644e-05	2	20	74008.52327208659
1e-05	5	20	71062.01279801411
4.325608676141526e-05	3	20	73599.01468087941
9.839080648823054e-05	2	20	72717.82987361234
1e-05	5	20	73680.54926075552
8.789745069520944e-05	4	20	71561.61018342793
1e-05	5	20	73514.82570917888
4.325608676141526e-05	3	20	71153.72817698105
9.911570423153836e-05	1	20	72437.35299051752
8.94231796194883e-05	4	20	70830.12454968302
4.325608676141526e-05	3	20	71880.01747771497
1e-05	5	20	70113.31249752223
9.919189246075247e-05	2	20	71877.32253821433
8.93688679318051e-05	4	20	72704.4351619366
4.325608676141526e-05	3	20	74436.38986232277
1e-05	5	20	72050.62569595287
9.919099979620217e-05	2	20	71842.4638625876
8.925535026372789e-05	4	20	71305.7948131619
1.0051731120637526e-05	1	20	72592.87115573492
8.967110490925032e-05	4	20	70379.31445415317
5.6142395276495446e-05	3	20	69777.81522951962
1e-05	5	20	70561.5274538065
9.801395156280373e-05	1	20	72205.05185132661
8.776858040490212e-05	4	20	72348.73422045702
1e-05	5	20	71816.59534368853
4.734330283933563e-05	2	20	71471.24532550115
5.676186559843807e-05	2	20	75093.59315907916
1e-05	5	20	73622.73040594767
1.0051731120637526e-05	1	20	75790.91547484836
8.768671835574865e-05	4	20	70676.22852538565
8.811093982564662e-05	4	20	74316.52607485454
1e-05	5	20	72025.89785566065
9.812567509332337e-05	1	20	74080.19131682311
4.325608676141526e-05	3	20	71746.99642902937
1e-05	5	20	73709.39876683487
4.325608676141526e-05	3	20	70723.83031792754
8.956200990605323e-05	4	20	71147.13128811617
9.911570423153838e-05	1	20	71685.90885377367
9.911570423153836e-05	1	20	74278.51726698804
4.325608676141526e-05	3	20	74292.41371339474
1e-05	5	20	72271.95787782724
8.921439308202025e-05	4	20	71190.56360576338
8.911830966327808e-05	4	20	70642.86833929022
1e-05	5	20	71974.87225946739
9.911570423153836e-05	1	20	72669.49339321432
4.325608676141526e-05	3	20	71682.44467650053
1e-05	4	20	73307.39655646135
9.78534047930445e-05	1	20	72729.41758679156
5.6142395276494864e-05	3	20	71373.26617318676
8.971851148667913e-05	4	20	70834.6373917126
9.768291961973166e-05	1	20	74243.43318352166
8.917019551345208e-05	4	20	72142.18915563017
5.6142395276494864e-05	3	20	71584.01991550882
1e-05	4	20	72757.77621294318
1.2703169272153098e-05	2	20	72463.10496518115
8.933004674074791e-05	4	20	71922.58779453322
5.6142395276494864e-05	3	20	69739.71980797556
1e-05	4	20	70538.41894213248
5.6142395276494864e-05	3	20	70706.02256597573
1.2703169272153098e-05	2	20	72906.39164271404
8.866041046037177e-05	4	20	72185.2463700406
1e-05	4	20	71288.41381792015
5.6142395276494864e-05	3	20	71651.8071502606
1.2703169272153098e-05	2	20	71374.01561177365
1e-05	4	20	71493.21971146016
8.864306057388308e-05	4	20	72745.95246436448
8.845707623625713e-05	4	20	72195.7360531547
1e-05	4	20	72846.69970951993
5.6142395276494864e-05	3	20	69947.7791289125
1.2703169272153098e-05	2	20	70368.431481637
1.2703169272153098e-05	2	20	74377.98273719872
1e-05	4	20	73405.10329077423
8.878000165963253e-05	4	20	72179.54652851903
6.015446666626944e-05	2	20	71434.89011126642
1e-05	4	20	72552.92879922468
8.882236284434306e-05	4	20	70312.88863174464
6.015446666626944e-05	2	20	71643.26729941186
1.2703169272153098e-05	2	20	71618.2136507784
1.2703169272153098e-05	2	20	72377.72461757125
1e-05	4	20	72349.89571294795
8.892133515713621e-05	4	20	72785.22122547065
6.015446666626944e-05	2	20	73579.42380083517
1.2703169272153098e-05	2	20	71401.80269402207
6.015446666626944e-05	2	20	71847.10793214459
1e-05	4	20	71255.04944285737
8.859138975237947e-05	4	20	70946.90579387866
6.015446666626944e-05	2	20	76275.51999632447
1.2703169272153098e-05	2	20	73423.3248272647
1e-05	4	20	72555.05870540976
8.837477404208923e-05	4	20	71210.41687648137
4.450756382938227e-05	2	20	73114.32786488651
9.911570423153836e-05	1	20	74450.39860854868
8.87942472892241e-05	4	20	71409.07759823093
1e-05	4	20	73518.66589723776
1e-05	4	20	70704.52270585705
8.918448820952724e-05	4	20	72208.52629982431
1.2703169272153098e-05	2	20	72693.87144177564
5.6142395276494864e-05	3	20	70958.74049937657
8.888726347254542e-05	4	20	71313.55690858582
1.2703169272153098e-05	2	20	72540.452166718
1e-05	4	20	70793.93243900867
5.6142395276494864e-05	3	20	71312.57642102623
1e-05	4	20	72738.10143606151
5.6142395276494864e-05	3	20	73035.21460769117
1.2703169272153098e-05	2	20	72621.27671127499
8.89962117210782e-05	4	20	70549.10756994024
1e-05	4	20	71619.0748388737
5.6142395276494864e-05	3	20	71827.95076687164
8.905988874554732e-05	4	20	72868.53624484582
1.2703169272153098e-05	2	20	71483.18243737072
5.6142395276494864e-05	3	20	73456.69235621284
1.2703169272153098e-05	2	20	73829.5082928138
1e-05	4	20	70910.95538694308
8.878511209455313e-05	4	20	69953.75971779163
8.89280039571198e-05	4	20	69459.40760941365
1e-05	4	20	70895.86953096281
1.2703169272153098e-05	2	20	70629.36207196483
5.6142395276494864e-05	3	20	72148.13763381577

Best value: 68828.45720412426 at [Gamma, Alpha, #Firefly] = [1e-05, 5, 20], found in 839.4726619720459 s