3.690100996008777e-05	4	25	60303.95413350281
3.454648363073052e-05	1	27	52601.081125442586
9.455896252888076e-05	3	37	55413.29916072169
4.483253522730194e-05	3	31	53189.69670355913
9.036730521979769e-05	1	37	54166.230114958635
8.20604343220794e-05	4	34	57010.71421076567
1.3807673783328361e-05	1	25	52176.88746626896
8.133059012318413e-05	2	24	52516.079449524455
3.450159912903108e-05	1	27	54788.26837977404
4.6073417725856276e-05	3	30	54756.905109353385
8.215718861513948e-05	2	23	52861.96190028314
1.4578350922682074e-05	1	25	51855.374663317554
3.727618792371381e-05	1	27	53164.59901239746
3.462852343589563e-05	1	27	51393.891778660705
1.684376762963969e-05	1	25	50499.78931049322
3.3207053313572906e-05	1	27	51647.21253631299
1.9137067359682878e-05	1	26	55751.55209246088
1.7038381333521822e-05	1	26	52257.787788757996
2.2098820468308993e-05	1	26	51392.61902566165
1.9730637304164254e-05	1	25	53327.861024675476
1.4933700174537834e-05	1	24	53642.84587627596
1.6046152808583043e-05	1	24	53163.889700150794
2.3562146081215503e-05	1	26	52849.81594036385
1.6040907888189343e-05	1	25	51732.61836737085
1.7837970328255922e-05	1	26	53286.80298068506
1.667871557107676e-05	1	25	53292.110389587986
3.201481921711228e-05	1	28	52320.085341323334
3.194295106875677e-05	1	28	52432.33641327495
8.271934100206487e-05	1	20	54255.3278377715
1.0735450990426873e-05	1	22	52253.642751330415
1e-05	1	32	51025.34555218378
3.4986327247891024e-05	2	37	53272.39722780359
1e-05	1	32	52476.433361569536
1.1839357221575148e-05	1	38	52689.77405397726
1.2435981100707881e-05	2	27	50004.51987063206
1.0107187290515507e-05	2	36	52402.482488491405
1e-05	2	27	53999.43572361514
1.0398521160674635e-05	2	21	53531.471743718466
1.0985520296886583e-05	2	33	53125.174541250315
2.328016499111173e-05	2	28	51333.05123664729
1.5363076472376935e-05	1	30	53717.82663900694
1.1197983565741381e-05	1	39	52319.960833389516
1.2862030189245299e-05	2	39	54178.747154921795
3.879494828761981e-05	2	29	51948.16009675791
0.0001	1	20	54512.76380272742
3.8787704257017876e-05	1	24	52353.30098506762
1e-05	1	31	54075.01891025692
3.382422089667833e-05	1	38	52539.76916334424
5.3251104986153074e-05	1	20	53171.37437373898
5.191232094157448e-05	1	38	54028.43109057521
2.4315056472647586e-05	1	29	53654.995503260456
1.1197983565741381e-05	1	39	52222.126009205764
2.8387789943916843e-05	1	20	52574.31952039102
5.445583775304285e-05	1	33	54172.5356948083
9.411669650055059e-05	2	20	52996.522440135246
1e-05	1	37	52551.398627812996
2.281140650630777e-05	1	21	53927.89668247905
6.814470706711143e-05	1	20	55296.1209964586
1e-05	1	38	54103.94782319668
1.0107187290515507e-05	2	36	55408.83874938833
1e-05	1	27	53290.687737961845
4.767773540412679e-05	1	20	53102.52524128465
4.023164385499669e-05	1	39	52313.27960517395
0.0001	2	20	53198.408151885706
2.2089100122765488e-05	1	29	54940.60562855343
1.1197983565741381e-05	1	39	52528.635382399174
0.0001	2	20	52454.3170583051
6.219584960643541e-05	1	39	52339.02507880921
1e-05	1	25	53319.18296293189
4.023164385499669e-05	1	39	52951.27349298998
9.911947289916369e-05	1	39	53344.756208837636
0.0001	2	20	52587.87394437808
1.0735450990426873e-05	1	22	52458.07326845181
0.0001	2	20	53506.62577431681
7.208774485685194e-05	1	39	53170.36720287168
2.4129356884102873e-05	1	39	51557.76896315431
0.0001	2	20	53326.54534399791
1.0695280556652387e-05	1	23	53332.98247607928
2.499357622791616e-05	1	40	53739.145430441946
6.219584960643541e-05	1	39	53362.242360015516
0.0001	2	20	53581.83887837611
1.0735450990426873e-05	1	22	52827.01967902074
6.219584960643541e-05	1	39	53522.66133256701
2.3724033375524284e-05	1	38	52783.298597765
1.0695280556652387e-05	1	23	53120.2058972962
0.0001	2	20	51351.43159759217
5.030959855932126e-05	1	26	52213.117191985424
2.251723052136567e-05	1	39	52797.36495014024
6.219584960643541e-05	1	39	54034.68054937222
3.2083738359851935e-05	1	28	54381.178134772286
0.0001	2	20	50872.7193490741
1.1197983565741381e-05	1	39	53722.92397971267
4.767773540412679e-05	1	20	54325.96947339604
1e-05	1	26	54093.806753225996
3.382422089667833e-05	1	38	54519.00492653308
0.0001	2	20	52031.86036415765
2.4319820280736245e-05	1	26	51408.42808417272
0.0001	2	20	53591.36318844425
1.1197983565741381e-05	1	39	53048.145330774714
6.219584960643572e-05	1	39	54017.012339621026
2.470395740810565e-05	1	26	54182.17646180587
5.6116560764833734e-05	1	28	52829.17206975698
1.1197983565741381e-05	1	39	53283.349473276896
0.0001	2	20	49586.78589976224
0.0001	2	20	52227.20550725792
2.554400959442008e-05	1	26	52728.91550376629
6.908079073932447e-05	1	33	52034.383028486256
1.1197983565741381e-05	1	39	53370.87205674539
0.0001	2	20	52115.888302766085
3.093534563139859e-05	1	27	52361.64351100187
1.1197983565741381e-05	1	39	52723.90716099753
7.247622919290053e-05	1	33	51695.33134303058
0.0001	3	20	57004.183824275
7.24762291929004e-05	1	33	53248.96507608393
3.3320576322377814e-05	1	28	54006.78563877727
1.1197983565741381e-05	1	39	53288.04728873542
1e-05	1	25	53783.89351510274
6.783824210749282e-05	1	35	52104.970291141864
1.3717173532778687e-05	2	39	52066.559943224915
0.0001	2	20	52043.5033415574
1.9732840358427082e-05	1	27	53901.20510451482
7.247622919290036e-05	1	33	52952.48859708568
1.0792766242082267e-05	1	39	52473.414428782446
0.0001	2	20	52613.80813048
0.0001	2	20	52337.66730918471
1.0398521160674635e-05	2	21	50946.33550246897
4.047665207335331e-05	1	30	52889.80253241254
9.911947289916369e-05	1	39	52119.48602582748
1e-05	1	22	54707.823462086526
6.908079073932449e-05	1	33	53271.63518076421
1.0792766242082267e-05	1	39	52787.33063832035
0.0001	2	20	50889.91994764367
1e-05	1	27	54156.56602851025
0.0001	2	20	50913.261038493896
6.908079073932447e-05	1	33	55205.26929634152
1.1197983565741381e-05	1	39	55177.51659891706
2.558269849708077e-05	1	25	52030.453109742935
1.0792766242082267e-05	1	39	53596.21601451462
0.0001	2	20	50937.5959718155
9.911947289916369e-05	1	39	52742.30672337386
2.8546063318232196e-05	1	26	53087.343732986985
0.0001	2	20	54808.128336615184
1.0792766242082267e-05	1	39	52447.07893843113
9.911947289916369e-05	1	39	54673.84016959014
2.5176207898952896e-05	1	26	53903.58706659973
9.911947289916369e-05	1	39	52564.92436183537
0.0001	2	20	52659.62377675597
1.3717173532778687e-05	2	39	53786.47891414
2.5043449623789427e-05	1	25	52787.4267596578
9.911947289916369e-05	1	39	51061.830907160474
0.0001	2	20	52104.28589346185
1.0792766242082267e-05	1	39	51748.51761253716
0.0001	2	20	53252.53827810913
2.488081600669863e-05	1	25	53412.34380696324
9.911947289916369e-05	1	39	52360.99395841298
1.0792766242082267e-05	1	39	51899.24079995709
2.8387789943916843e-05	1	20	53551.39191480872
0.0001	2	20	53328.37604067428
9.911947289916369e-05	1	39	52377.96759509132
1e-05	1	40	50947.57422098399
1.9502523675996624e-05	1	20	53924.14702106233
0.0001	2	20	52395.959613749415
9.911947289916369e-05	1	39	53465.840944618576
1e-05	1	40	52790.26728557409
1.697474446797949e-05	1	20	52277.44568347927
9.911947289916369e-05	1	39	52201.45122355619
0.0001	2	20	52600.11279206263
1e-05	1	40	52304.25239048774
1.697474446797949e-05	1	20	53555.533359587076
0.0001	1	40	53021.3687381217
0.0001	2	20	52339.60545763847
1e-05	1	40	52620.03993645385
0.0001	2	20	54009.14503728759
1.697474446797949e-05	1	20	52389.362681706785
1e-05	1	40	53522.819336520595
0.0001	1	40	53716.65837760424
1.697474446797949e-05	1	20	52214.27137917313
0.0001	1	40	53839.561891220605
0.0001	2	20	53104.34471752984
1e-05	1	40	52112.63696313781
1.697474446797949e-05	1	20	53904.633420461025
1e-05	1	40	52175.34169030676
0.0001	1	40	52558.539840298654
0.0001	2	20	52639.1161941739
0.0001	2	20	51868.81309912992
1.697474446797949e-05	1	20	52239.48713244369
1e-05	1	40	51831.26830366326
0.0001	1	40	54154.30125187332
1.697474446797949e-05	1	20	51790.91124911262
9.925453234579972e-05	1	35	51586.37682975016
1e-05	1	40	51871.3251032999
0.0001	2	20	50503.00146320664
1.697474446797949e-05	1	20	53124.659232106875
1e-05	1	40	54558.305608213144
9.925453234579972e-05	1	35	53437.44264241143
0.0001	2	20	52343.11925399463
1.697474446797949e-05	1	20	52343.91158282221
0.0001	2	20	53328.14492435799
1e-05	1	40	52092.09467561381
9.925453234579972e-05	1	35	52541.41831848642
1.697474446797949e-05	1	20	53013.88202389505
0.0001	2	20	51772.49004668493
9.925453234579972e-05	1	35	52982.639747030415
1e-05	1	40	53613.16498282965
9.925453234579972e-05	1	35	55093.52805255822
1.697474446797949e-05	1	20	51407.25151538337
1e-05	1	40	53241.26923326869
0.0001	2	20	52949.55622305358
1e-05	1	20	53314.39076847336
1.65947459523142e-05	1	39	52417.764485539876
0.0001	1	40	51826.60156271498
0.0001	2	20	50938.54935626144
1.697474446797949e-05	1	20	53918.273236847424
1e-05	1	40	51828.67468044599
0.0001	2	20	51482.76305156915
0.0001	1	40	54063.17156110677
1.697474446797949e-05	1	20	52749.15623878796
1e-05	1	40	53617.5342940609
0.0001	1	40	51692.307513310814
0.0001	2	20	51858.8485275903
1.697474446797949e-05	1	20	53217.1479878513
1e-05	1	40	53612.28873321237
0.0001	1	40	53980.82643482147
0.0001	2	20	52780.78612543914
0.0001	2	20	53123.383066765055
1.697474446797949e-05	1	20	53469.703594122584
1e-05	1	40	50880.000857950705
0.0001	1	40	53568.018650046724
1.697474446797949e-05	1	20	52866.81320834995
0.0001	2	20	52850.5503186763
0.0001	1	38	53227.386621333346
1e-05	1	40	53032.74095965369
1.697474446797949e-05	1	20	52618.60575503094
1e-05	1	40	54329.231490738595
0.0001	1	38	52468.79598204871
0.0001	2	20	52870.958528876836
1.697474446797949e-05	1	20	53230.25865164675
0.0001	2	20	53044.151353294474
0.0001	1	38	52128.149660055264
1e-05	1	40	54162.28211893354
0.0001	2	20	54331.55222258355
1.697474446797949e-05	1	20	53117.28640718145
0.0001	1	38	52377.90340331206
1.2001602385141743e-05	1	40	53654.510544324636
1.697474446797949e-05	1	20	51276.058798653154
1e-05	1	40	52803.17054589012
0.0001	2	20	52436.97301631101
0.0001	1	38	54234.06075242702
1.5848863569138627e-05	1	21	54835.35942600054
1.333199368542579e-05	1	39	52895.85651199046
0.0001	1	38	52999.76366059222
0.0001	2	20	51288.93798325807
1.697474446797949e-05	1	20	52896.11297710179
1e-05	1	40	53559.75311539566
0.0001	1	39	52090.51268413558
0.0001	2	20	52831.25225137824
1.2525603362188904e-05	1	40	52442.39338702856
1.6974744467979648e-05	1	20	53705.61715587095
0.0001	1	38	53790.276589434805
0.0001	2	20	51945.47583898832
1.6974744467980075e-05	1	20	53244.352157538415
0.0001	2	20	52477.302953371545
1.4186475001214275e-05	1	40	53365.848654627065
0.0001	1	38	52948.628417292675
1.697474446797949e-05	1	20	53537.132930837506
0.0001	2	20	52199.825495623874
0.0001	1	38	52268.21738893954
1e-05	1	40	52775.56187665705
1.697474446797949e-05	1	20	52894.54310639893
0.0001	2	20	53411.47408115445
1e-05	1	40	51598.715080482965
0.0001	1	38	53344.90381909091
1.7152416012834835e-05	1	20	53712.37452243259
1e-05	1	40	52504.47144929694
0.0001	2	20	51857.79822944159
0.0001	1	38	52890.390156294976
3.2794367858571944e-05	1	25	52958.31132374252
0.0001	1	38	51659.64367104918
0.0001	2	20	49602.109036034235
1e-05	1	40	51411.36048415798
0.0001	2	20	53472.28662057716
3.698451800242281e-05	1	26	53351.51630708063
0.0001	1	37	52403.94041739178
1e-05	1	40	52376.05370345091
1.6673487637251025e-05	1	21	52583.519995756586
1e-05	1	40	53789.96519415649
0.0001	2	20	51640.83633901715
0.0001	1	37	52388.77049667805
1.6665648770651348e-05	1	21	51904.17603813207
0.0001	1	36	51708.63020375654
1e-05	1	40	53370.62135128686
0.0001	2	20	51366.99774960373
1.661743288023663e-05	1	22	53020.264129376475
0.0001	2	20	52169.666759130625
0.0001	1	35	53116.65102098046
1e-05	1	40	50476.38797090151
1.90824558565792e-05	1	23	51786.47784530689
0.0001	2	20	51019.67672210122
0.0001	1	36	52154.305716602736
1e-05	1	40	52356.03910202081
1e-05	1	40	52519.73102276103
2.1055283616685957e-05	1	23	55177.43340785514
0.0001	1	34	51878.46968588632
0.0001	2	20	52273.57128996876
1.0735450990426873e-05	1	22	52979.63464747658
0.0001	1	34	53647.51589029073
1e-05	1	40	51678.24249977874
0.0001	2	20	51167.9456855321
1.0735450990426873e-05	1	22	52827.31906242081
1e-05	1	40	52206.41429061565
0.0001	2	20	50830.20302326195
0.0001	1	34	53713.60910835199
1.0735450990426873e-05	1	22	53606.936902992624
1e-05	1	40	51927.84681142189
0.0001	2	20	51325.1787678195
0.0001	1	36	51906.53747231591
1.6727341652564984e-05	1	20	51732.38629004997
1e-05	1	40	53454.9719842576
0.0001	1	36	52545.66682845869
0.0001	2	20	51570.92338400188
0.0001	2	20	51611.015418889554
0.0001	1	35	52472.99392070814
1.606929862626535e-05	1	21	51472.55086517824
1e-05	1	40	51944.37048152826
1e-05	1	20	52478.60260624351
1e-05	1	40	54248.29121660557
0.0001	1	35	52292.578756065916
0.0001	2	20	51929.015534409504
1e-05	1	20	53744.33437496451
0.0001	1	35	51852.183922497235
1e-05	1	40	54633.08005343853
0.0001	2	20	52337.307524681375
1.6913972714525865e-05	1	20	53343.01584977212
0.0001	1	34	52194.008683421016
0.0001	2	20	51885.8974604978
1e-05	1	40	53171.85257035657
9.935078491769802e-05	1	32	55397.75107673361
1.6688758331536438e-05	1	21	53669.67074631504
0.0001	2	20	53682.954168370314
1e-05	1	40	53625.872268435916
1.6125312722897147e-05	1	20	50112.10249038491
1e-05	1	40	52277.81339762771
0.0001	1	36	53931.62267323657
0.0001	2	20	51927.57060683527
1.663294518585155e-05	1	21	52304.22174237942
0.0001	2	20	52874.11359789278
1e-05	1	40	52401.958236708364
0.0001	1	36	52385.320689602966
1.612896240495014e-05	1	20	53829.79443985216
1e-05	1	40	51377.45774399873
0.0001	1	36	52783.16789580513
0.0001	2	20	52442.521155155846
1.5868713872283987e-05	1	20	52705.393554796785
1e-05	1	40	53311.93889778063
0.0001	2	20	51883.185503621
0.0001	1	36	53601.19303052375
1.569738564237737e-05	1	20	51742.33710004005
0.0001	2	20	51775.53315256877
0.0001	1	36	53374.807345281086
1e-05	1	40	51121.352297095174
1.5146800452987888e-05	1	20	51264.99033427355
1e-05	1	40	52645.98697021697
0.0001	1	37	52850.43187639109
0.0001	2	20	51800.656450726405
1.4002549409338857e-05	1	20	54549.51009658691
1e-05	1	40	52390.40076499865
0.0001	2	20	53565.06494433141
0.0001	1	37	53515.61862841566
0.0001	2	20	52404.75915297336
1.6495337251970603e-05	1	21	53209.150068707335
1e-05	1	40	52611.12304253885
0.0001	1	37	52200.02552604603
1.6184828718225004e-05	1	21	52080.31209080193
0.0001	1	37	55396.64396965684
0.0001	2	20	50883.95673000975
1e-05	1	40	52598.05744915025
0.0001	1	37	53585.98454272074
1.6487155348761873e-05	1	21	52299.92856902041
1e-05	1	40	54765.836043813964
0.0001	2	20	51059.393928509264
0.0001	2	20	51723.35604535363
1.66037661482496e-05	1	21	53112.93278538995
0.0001	1	37	54083.213253655296
1e-05	1	40	52639.48394257127
1.670329464755361e-05	1	21	52456.941055572905
0.0001	1	37	52762.70293253489
1e-05	1	40	52706.24308729559
0.0001	2	20	52323.80355274486
1e-05	1	40	52590.2310988063
1.6533886594317323e-05	1	21	52134.92125960871
0.0001	2	20	52027.777757033786
0.0001	1	37	52883.842764422996
1.65053090907387e-05	1	21	52926.22240005398
0.0001	1	37	51971.49894749478
1e-05	1	40	53009.06238631454
0.0001	2	20	52242.76193949152
1.6404848196985976e-05	1	21	53100.39630971036
1e-05	1	40	55031.95852247242
0.0001	1	37	52959.436524250516
0.0001	2	20	49892.36409911341
1.6563619466264902e-05	1	21	52782.44752417811
0.0001	1	37	51524.295946717575
0.0001	2	20	51244.8755437242
1e-05	1	40	53174.78325391692
1.644992736280489e-05	1	21	52178.21661643771
0.0001	1	37	52852.032987411454
1e-05	1	40	52764.85720161485
0.0001	2	20	52489.61056458409

Best value: 49586.78589976224 at [Gamma, Alpha, #Firefly] = [0.0001, 2, 20], found in 971.5518729686737 s