8.317206309784025e-05	2	22	51389.27741025917
8.136713568428649e-05	3	29	53682.26028284675
9.876538314803802e-05	4	26	56119.6201257066
3.130047607229223e-05	2	38	51678.658659070126
4.3788477347174403e-05	2	29	52432.29618502418
7.982902707316383e-05	1	27	50643.63900689556
5.70980312615918e-05	2	30	50722.48553418034
3.683182633231652e-05	2	26	50079.979255472725
1.8706464274635064e-05	3	22	55115.47155897467
5.389125648536601e-05	1	22	51281.75870944455
2.77609219513318e-05	1	34	53929.30236762856
8.570319497580291e-05	1	27	51272.77207386947
0.0001	5	40	59963.14637585008
1.333790483459583e-05	1	21	50597.52335210098
7.929801811739155e-05	1	27	49973.70962663993
1.181706831920054e-05	4	39	54663.96547757762
6.292340643873871e-05	2	27	53566.28044376685
7.558357512063503e-05	1	20	48706.949834918836
9.693926010141172e-05	1	20	49783.23551578308
5.480429065017858e-05	1	20	48952.72726155031
7.764245085924825e-05	1	20	50156.85527532067
5.480429065017858e-05	1	20	50420.92119212889
6.1001917144505125e-05	2	20	51675.55049650772
9.213710226220458e-05	1	20	49335.24115414749
9.0710514196577e-05	1	20	49511.78017520584
4.4484149271799744e-05	1	20	49506.49338225884
6.759115707130771e-05	1	20	51282.33953205894
9.693926010141172e-05	1	20	49978.06616506917
8.265089025502927e-05	1	20	50189.27676719875
0.0001	1	20	49690.48964486378
5.480429065017858e-05	1	20	48386.72364024897
9.547170487261533e-05	1	20	49284.025847422374
9.050345025458268e-05	1	20	49440.82336174002
9.988619663231508e-05	1	20	52335.719496915895
4.793961874628326e-05	1	20	50139.910552912006
7.532355356224443e-05	1	20	48962.257124914475
8.099809644269778e-05	1	20	51230.70008423676
5.756006299632825e-05	1	20	49155.52804862105
4.086031717598486e-05	1	20	50511.142137587296
8.499201461696353e-05	1	20	49723.48678674161
4.4484149271799467e-05	1	20	50757.96983189203
8.099809644269778e-05	1	20	49787.37298695141
8.67378035147906e-05	1	20	49107.05251541084
5.8352679113185554e-05	1	20	48040.875546118776
8.987040341730594e-05	1	21	49471.99875181764
5.480429065017858e-05	1	20	48613.572697999945
7.532693385722774e-05	1	20	49385.130720996036
4.086031717598486e-05	1	20	48560.43201755566
5.9843040458444344e-05	1	20	48643.756856248154
8.265089025502927e-05	1	20	50476.45320576276
4.4484149271799467e-05	1	20	51858.50556917634
9.551797134378141e-05	1	22	48839.28644802846
4.4484149271799467e-05	1	20	48896.71564644945
8.265089025502927e-05	1	20	50354.900993752664
9.551797134378141e-05	1	22	50405.463962976595
6.254427560374481e-05	1	20	49002.22647382107
8.265089025502927e-05	1	20	50030.04338405291
6.016495578418296e-05	1	20	49756.99062479753
4.4484149271799467e-05	1	20	49450.912308620296
9.551797134378141e-05	1	22	48859.09175550879
9.860101449835641e-05	1	20	50585.95614352312
8.265089025502927e-05	1	20	48294.74851835394
5.8613521506284686e-05	1	20	49669.859929147315
4.4484149271799467e-05	1	20	49518.43111379261
8.265089025502931e-05	1	20	48259.12064203843
5.93898717481717e-05	1	20	48721.69345590665
4.4484149271799467e-05	1	20	49230.25141610124
9.551797134378141e-05	1	22	50835.47807575826
6.028359488291807e-05	1	20	50886.7613372833
8.265089025502942e-05	1	20	49686.62513399701
4.4484149271799467e-05	1	20	50435.711996005695
9.213710226220458e-05	1	20	49888.28572428175
6.012036867010768e-05	1	20	49042.291115584725
4.4484149271799467e-05	1	20	49286.52178519521
8.265089025502927e-05	1	20	51679.22735552973
9.213710226220458e-05	1	20	52172.74831133542
5.968083339092698e-05	1	20	50389.01803157958
8.265089025502931e-05	1	20	47962.97833182389
4.4484149271799467e-05	1	20	48950.780864177235
9.551797134378141e-05	1	22	49671.408139846426
8.265089025502961e-05	1	20	52591.50827658444
4.4484149271799467e-05	1	20	49979.198990193945
6.019669385020392e-05	1	20	49653.69919108907
9.551797134378141e-05	1	22	48508.43998875673
5.799069458239517e-05	1	20	48733.71226415011
9.962199441480972e-05	1	24	49262.454136085165
8.265089025502929e-05	1	20	49552.53757743354
4.086031717598486e-05	1	20	48923.884982191295
8.265089025502937e-05	1	20	49234.19842938348
5.669049717134026e-05	1	20	49403.78000007876
9.962199441480972e-05	1	24	48877.17534095115
4.086031717598486e-05	1	20	47989.09709588733
4.086031717598486e-05	1	20	49561.42014807095
8.265089025502927e-05	1	20	48994.63558589609
5.470185419164121e-05	1	20	49777.585333394374
9.962199441480972e-05	1	24	49328.96759612501
7.532355356224443e-05	1	20	50286.254636282065
5.4606143322991474e-05	1	20	50338.42485643481
4.086031717598486e-05	1	20	51214.19806395035
0.0001	1	20	49967.3868846604
0.0001	1	20	49517.418896986484
5.603497748441496e-05	1	20	49464.94456664111
8.265089025502927e-05	1	20	49587.65069377176
9.904507371739656e-05	1	30	49146.663805136865
8.265089025502927e-05	1	20	50546.20834904121
5.588459413108234e-05	1	20	50148.10234000947
0.0001	1	25	48918.016165694804
0.0001	1	36	49651.335257985054
0.0001	1	26	49055.14347735143
8.265089025502946e-05	1	20	49504.42266104435
5.55609572823305e-05	1	20	50346.2871684356
9.995604925863934e-05	1	35	48813.7840311288
9.551797134378141e-05	1	22	49225.8349269497
5.564133786438793e-05	1	20	51779.467697652355
0.0001	1	29	49909.54341650245
9.995604925863934e-05	1	35	49645.9949418103
0.0001	1	27	49947.308200280306
5.6354125877317904e-05	1	20	49810.52630077293
9.995604925863934e-05	1	35	50187.52429407232
8.265089025502927e-05	1	20	49488.134738190565
8.265089025502957e-05	1	20	52487.33912271188
0.0001	1	25	50167.38072226761
5.6552145547913846e-05	1	20	48043.26003905275
9.995604925863934e-05	1	35	48921.53529801231
5.5423507353632205e-05	1	20	49643.630143876166
8.265089025502941e-05	1	20	49806.85374626752
0.0001	1	27	49295.39148703541
9.995604925863934e-05	1	35	50426.33033991233
9.995604925863934e-05	1	35	51803.69394759114
5.540392536676512e-05	1	20	49324.72989114208
0.0001	1	26	49142.90438441484
8.265089025502927e-05	1	20	46738.53377086087
3.634251299086254e-05	1	20	49563.961528250824
0.0001	1	24	50718.935531082425
6.140003208423932e-05	1	20	50494.70349559739
9.995604925863934e-05	1	35	49679.35363261256
5.4636982434190386e-05	1	20	50409.023849268066
0.0001	1	25	50671.36707075732
9.995604925863934e-05	1	35	54139.18139165605
2.384520715989785e-05	1	20	49768.29052374751
5.6137237390767445e-05	1	20	47489.35999222967
9.904507371739656e-05	1	30	50480.754653654665
2.38452071598993e-05	1	20	49254.64762769055
0.0001	1	20	47470.548975371465
0.0001	1	20	50004.87077400917
5.522649787727094e-05	1	20	48534.778762626745
9.904507371739656e-05	1	30	48379.97165579471
2.3845207159898047e-05	1	20	48707.330368078045
2.384520715989785e-05	1	20	49692.36025240186
5.332417289929525e-05	1	20	50530.259144433505
0.0001	1	20	49210.02627258993
9.904507371739656e-05	1	30	51639.61348258602
5.3591257797813196e-05	1	20	48605.19583905624
0.0001	1	20	49583.3569321892
2.384520715989785e-05	1	20	48749.12450911186
9.904507371739656e-05	1	30	49509.12697020691
3.7322381299277694e-05	1	20	51126.2394362087
0.0001	1	20	49058.26925781798
6.759115707130771e-05	1	20	49290.60083030261
9.904507371739656e-05	1	30	48726.38282548601
2.384520715989785e-05	1	20	48972.53376149093
5.618785955721809e-05	1	20	49549.3167023833
0.0001	1	20	48373.42734849008
9.904507371739656e-05	1	30	50010.928528236975
2.384520715989785e-05	1	20	50094.93628277091
5.566603753346645e-05	1	20	48548.77048729509
9.904507371739656e-05	1	30	51203.006959486986
0.0001	1	20	48303.35974054137
2.384520715989785e-05	1	20	49643.87945675148
5.566596432286046e-05	1	20	49217.852552594464
0.0001	1	20	49438.43543021073
9.904507371739656e-05	1	30	50825.106950969486
5.566813446777458e-05	1	20	50499.020692227816
0.0001	1	20	48690.22124764443
2.384520715989785e-05	1	20	50049.40668034144
9.904507371739656e-05	1	30	49352.67006258296
2.384520715989785e-05	1	20	49330.30452486203
9.904507371739656e-05	1	30	50723.09669571983
0.0001	1	20	48910.308661337534
5.567553184320675e-05	1	20	49544.79355209965
0.0001	1	20	50755.28811650424
5.556772197617924e-05	1	20	48704.98693299791
2.384520715989785e-05	1	20	48943.1954672285
9.904507371739656e-05	1	30	51078.02031087201
2.384520715989785e-05	1	20	50148.65526138266
0.0001	1	20	50351.81518567578
5.555642953135218e-05	1	20	50103.11487938994
9.904507371739656e-05	1	30	49494.854372443595
5.576185113446043e-05	1	20	50284.93321002772
2.3845207159898674e-05	1	20	49034.89943225365
0.0001	1	20	48776.72977695423
9.904507371739656e-05	1	30	48733.798508032785
5.5585200100074616e-05	1	20	49895.12159372051
2.384520715989785e-05	1	20	48859.497745753586
0.0001	1	20	49255.882743394795
9.904507371739656e-05	1	30	49603.77020398952
2.384520715989785e-05	1	20	50342.912386646494
5.48042906501791e-05	1	20	50403.38371137524
0.0001	1	20	48619.32166329597
9.904507371739656e-05	1	30	51709.682962411025
5.594025763143748e-05	1	20	49650.366510681524
0.0001	1	20	48663.47120062347
2.384520715989785e-05	1	20	50130.361673220155
9.904507371739656e-05	1	30	48357.08226520266
0.0001	1	20	50319.43345780855
5.5949670974847477e-05	1	20	49821.13062331275
9.904507371739656e-05	1	30	50240.84797592566
2.384520715989785e-05	1	20	49238.00963061268
2.3845207159898285e-05	1	20	51487.963884929864
5.606989871978839e-05	1	20	48538.26274752184
9.904507371739656e-05	1	30	49773.337077945376
0.0001	1	20	49737.988880807905
0.0001	1	20	49703.71471758039
5.630234486024148e-05	1	20	50010.63341192937
9.904507371739656e-05	1	30	49042.77887079215
2.384520715989785e-05	1	20	49793.16718136062
0.0001	1	20	50881.9040171766
5.6306435666921273e-05	1	20	49032.22893581202
2.384520715989785e-05	1	20	51845.57543104889
9.904507371739656e-05	1	30	48601.51101702036
5.658959824577432e-05	1	20	49662.6400676413
2.4218927182061912e-05	1	20	50537.42850860389
0.0001	1	20	47992.40234495042
9.904507371739656e-05	1	30	48187.232286653576
5.6562218495566385e-05	1	20	48694.17130544804
0.0001	1	20	48935.731822385074
2.384520715989785e-05	1	20	49704.68323535639
9.904507371739656e-05	1	30	49094.94966434597
2.384520715989785e-05	1	20	51820.124939161695
0.0001	1	20	48311.96750843543
5.480429065017858e-05	1	20	49127.53692415155
9.904507371739656e-05	1	30	49775.304526932094
0.0001	1	20	50012.842026661325
2.384520715989797e-05	1	20	49175.66078624537
5.480429065017858e-05	1	20	49827.16682044995
9.904507371739656e-05	1	30	48592.281123365916
5.480429065017858e-05	1	20	48702.87815599144
2.384520715989835e-05	1	20	48742.02184090816
0.0001	1	20	48684.21290719916
9.904507371739656e-05	1	30	48910.70907023296
0.0001	1	20	51918.842617774404
2.384520715989785e-05	1	20	50579.920485286675
5.480429065017858e-05	1	20	49946.35406262503
9.904507371739656e-05	1	30	51024.93023516764
0.0001	1	20	48504.47197448907
9.904507371739656e-05	1	30	48526.04822799187
2.3845207159898837e-05	1	20	51386.85150005014
5.480429065017858e-05	1	20	49997.97772062981
0.0001	1	20	48771.51246052383
5.480429065017858e-05	1	20	49047.42062094891
2.384520715989785e-05	1	20	49254.54327891647
9.904507371739656e-05	1	30	47798.67920014468
5.480429065017858e-05	1	20	49840.309181021155
2.384520715989785e-05	1	20	49223.217995602834
9.904507371739656e-05	1	30	47559.29497489632
0.0001	1	20	48999.54733125339
5.480429065017858e-05	1	20	50803.331486558825
0.0001	1	20	48334.88327500472
2.384520715989785e-05	1	20	49205.20590392018
9.904507371739656e-05	1	30	49735.26065510391
2.384520715989815e-05	1	20	49282.89982599623
5.480429065017858e-05	1	20	48722.994123646
9.904507371739656e-05	1	30	49122.17407077388
0.0001	1	20	48764.466620920284
2.384520715989966e-05	1	20	49460.90544854081
5.480429065017858e-05	1	20	50181.059539949994
0.0001	1	20	48422.970028502714
9.904507371739656e-05	1	30	49118.522388943566
0.0001	1	20	49186.69165945319
5.480429065017858e-05	1	20	48572.85525521159
2.384520715989785e-05	1	20	48716.11167831384
9.904507371739656e-05	1	30	49215.70961333165
0.0001	1	20	49759.57866697415
5.480429065017858e-05	1	20	50337.26399696834
9.904507371739656e-05	1	30	51168.78366429615
2.3845207159898772e-05	1	20	50875.82785261982
2.384520715989913e-05	1	20	50732.75459501121
0.0001	1	20	49761.53690500834
9.904507371739656e-05	1	30	50573.36658725684
5.480429065017858e-05	1	20	49658.63661027743
2.384520715989785e-05	1	20	49809.9290126926
5.480429065017858e-05	1	20	48792.35848985849
0.0001	1	20	50634.68411323302
9.904507371739658e-05	1	30	48504.098046964726
5.480429065017858e-05	1	20	50692.78462469539
2.384520715989785e-05	1	20	51426.28041025603
9.904507371739656e-05	1	30	49150.154882356794
0.0001	1	20	48331.59880593096
5.480429065017858e-05	1	20	50068.20718384781
0.0001	1	20	51126.09753428764
2.384520715989785e-05	1	20	49443.97760155084
9.904507371739656e-05	1	30	48466.56741706216
0.0001	1	20	49273.7217870941
9.904507371739656e-05	1	30	53017.72489825996
2.384520715989785e-05	1	20	49917.87568899296
5.480429065017858e-05	1	20	49900.1959353172
0.0001	1	20	50839.26584487987
5.480429065017858e-05	1	20	50248.14783922987
2.3845207159898298e-05	1	20	49744.50305000736
9.904507371739656e-05	1	30	49566.63698048072
5.480429065017858e-05	1	20	50303.42674074735
0.0001	1	20	48547.4394303
2.384520715989842e-05	1	20	49176.57272784702
9.904507371739656e-05	1	30	49334.16061078932
2.384520715989995e-05	1	20	51441.76698054717
5.480429065017858e-05	1	20	48914.1417206806
0.0001	1	20	49898.69730922324
9.904507371739656e-05	1	30	49169.329950259766
9.904507371739656e-05	1	30	50853.15163202884
0.0001	1	20	50054.56630618387
2.384520715989785e-05	1	20	50421.02307804484
5.480429065017858e-05	1	20	48506.95172956309
0.0001	1	20	49691.49871684983
2.384520715989785e-05	1	20	50237.97651918124
9.904507371739656e-05	1	30	51202.51703881409
5.480429065017858e-05	1	20	49590.31111231617
5.480429065017858e-05	1	20	50094.04149778874
0.0001	1	20	48580.632526540074
2.384520715989785e-05	1	20	48906.459083816655
9.904507371739656e-05	1	30	47805.85113816124
5.480429065017858e-05	1	20	50834.216697493626
2.3845207159899172e-05	1	20	49876.58635984425
0.0001	1	20	48584.30314946651
9.904507371739656e-05	1	30	49781.948146375595
0.0001	1	20	50360.71851298065
5.480429065017858e-05	1	20	49644.26771170386
2.384520715989799e-05	1	20	48736.19056950547
9.904507371739656e-05	1	30	48755.12595299876
2.384520715989785e-05	1	20	49228.81136688118
5.480429065017858e-05	1	20	48890.93295818539
0.0001	1	20	49351.14783245945
9.904507371739656e-05	1	30	50110.66844485074
0.0001	1	20	49503.922993596345
2.384520715989785e-05	1	20	49355.57391799477
5.480429065017858e-05	1	20	50284.712397023985
9.904507371739656e-05	1	30	49960.62960010042
5.480429065017858e-05	1	20	50255.96453869768
2.384520715989785e-05	1	20	50391.08089318405
0.0001	1	20	48191.34356786084
9.904507371739656e-05	1	30	50454.29290956853
5.480429065017858e-05	1	20	50359.09384041143
2.3845207159897983e-05	1	20	49063.31953843561
0.0001	1	20	48725.61697057097
9.904507371739656e-05	1	30	50806.84174805387
0.0001	1	20	48435.13542505319
2.384520715989785e-05	1	20	48732.51651590141
5.480429065017858e-05	1	20	49359.071627994126
9.904507371739656e-05	1	30	48908.591296695544
0.0001	1	20	49430.019440203694
5.480429065017858e-05	1	20	48797.088592791035
2.384520715989785e-05	1	20	47859.899316659685
9.904507371739656e-05	1	30	50160.47458310209
0.0001	1	20	49916.308285983534
2.384520715989785e-05	1	20	49592.099931507175
5.480429065017858e-05	1	20	50948.33560198706
9.904507371739656e-05	1	30	49595.26012086137
0.0001	1	20	51564.52574809724
9.904507371739656e-05	1	30	49746.85740005658
2.384520715989785e-05	1	20	50312.77682529533
5.480429065017858e-05	1	20	50193.53758563326
2.384520715989785e-05	1	20	49349.4810307534
0.0001	1	20	49344.761442865034
5.480429065017858e-05	1	20	47780.05361493822
9.904507371739656e-05	1	30	49654.62977080681
0.0001	1	20	50906.579883144936
5.480429065017858e-05	1	20	48896.34268497369
9.904507371739659e-05	1	30	49462.05783048973
2.3845207159898993e-05	1	20	49871.71462613195
0.0001	1	20	51130.351980204076
2.384520715989785e-05	1	20	51698.92662503815
5.480429065017858e-05	1	20	50268.63250242185
9.904507371739656e-05	1	30	48743.12833137245
5.480429065017858e-05	1	20	49756.7080954326
0.0001	1	20	49314.85621299044
9.904507371739656e-05	1	30	51483.4442623489
2.3845207159898898e-05	1	20	50489.50735801691
5.480429065017858e-05	1	20	49333.43077125766
9.904507371739656e-05	1	30	49196.115276957666
0.0001	1	20	49459.962267968054
2.384520715989785e-05	1	20	50072.28228085946
5.480429065017858e-05	1	20	50889.728030315884
0.0001	1	20	50452.40131472842
2.384520715989785e-05	1	20	48867.570678421
9.904507371739658e-05	1	30	49873.740444055446
0.0001	1	20	49657.6658624704
5.480429065017858e-05	1	20	49227.24911163902
2.3845207159899277e-05	1	20	48379.14093622329
9.904507371739656e-05	1	30	49049.019528459525
2.384520715990699e-05	1	20	49381.77121679097
0.0001	1	20	50486.67341248842
5.480429065017858e-05	1	20	49048.61010617701
9.904507371739656e-05	1	30	51528.130420865586
0.0001	1	20	50765.838510231464
5.480429065017858e-05	1	20	51170.23947965378
2.384520715989924e-05	1	20	48767.54467744156
9.904507371739656e-05	1	30	48895.972674069555
5.480429065017858e-05	1	20	51185.6184286611
0.0001	1	20	50650.71816368885
2.384520715989785e-05	1	20	49227.38478807521
9.904507371739656e-05	1	30	49241.036353738215
0.0001	1	20	50953.00777802432
5.480429065017858e-05	1	20	50052.11606777747
9.904507371739656e-05	1	30	49274.752980477875
2.3845207159899108e-05	1	20	50159.15175909688
6.322651848339811e-05	1	20	50970.290082136744
0.0001	1	24	50672.787646284465
3.095804463745575e-05	1	20	49358.18326646238
9.995604925863934e-05	1	35	50771.45155942914

Best value: 46738.53377086087 at [Gamma, Alpha, #Firefly] = [8.265089025502927e-05, 1, 20], found in 861.1158759593964 s