3.452781720621164e-05	2	34	71932.7612188629
6.126819115713028e-05	4	22	69125.2904488517
5.602995982649962e-05	2	26	69894.70107868318
4.8469636825335296e-05	2	27	70467.26433883021
1.1805926384284328e-05	3	38	73330.58165957608
2.820657184320078e-05	2	22	71106.52739849768
4.15001294989832e-05	4	26	70176.63577489193
6.892868640766011e-05	1	24	70161.0619851151
9.615247285095788e-05	3	20	70281.34107418299
0.0001	4	20	68539.42105854729
9.882330990920928e-05	4	22	68929.73178451415
9.841758966792567e-05	3	21	67597.70625990555
9.952587384969189e-05	2	20	70864.3418471148
0.0001	5	20	70274.48210989476
9.753594282512802e-05	1	38	72036.12331117994
0.0001	5	40	71479.08340441331
5.239588362311693e-05	4	20	69785.51967720098
9.986462221359669e-05	4	28	71463.8637953658
8.859375099566783e-05	4	20	67684.7844274869
7.117677794905492e-05	1	20	70560.3974525679
9.943848851458636e-05	4	20	69141.26633093653
6.71759331167543e-05	2	20	71192.22848234455
8.334211916198222e-05	3	20	67448.42162791711
5.940753827935891e-05	3	20	63587.53891501745
6.051327601615325e-05	3	20	71322.97086159424
5.217355749876934e-05	3	20	70280.30225969011
8.06358395896932e-05	4	20	69707.02844142215
7.05817448441407e-05	3	21	69779.0517392278
1.1794881348913233e-05	1	38	71844.33143336717
0.0001	5	40	72347.28586113414
8.296033946778807e-05	4	20	68994.6741122715
1.0778202889898244e-05	4	21	65948.19175469573
1.0507844029606136e-05	5	20	70728.73242454884
9.753594282512802e-05	1	38	72921.9537504445
9.943848851458636e-05	4	20	69139.00911736776
1.3980072737437718e-05	1	20	68867.89904529309
1.3980072737437718e-05	1	20	72199.28280388446
6.95345378162038e-05	4	20	70734.02793122044
9.648955302624351e-05	1	20	71563.40053480062
1.3308423967042812e-05	4	39	72048.29141225952
1.1794881348913233e-05	1	38	74835.90327556594
1.0778202889898244e-05	4	21	73058.94610963158
7.789978499125213e-05	4	20	68276.49756459234
9.648955302624351e-05	1	20	68371.47011005998
1.3980072737437718e-05	1	20	75410.80587694827
0.0001	5	40	73308.2119228014
1.0778202889898244e-05	4	21	68272.89341947508
8.36526614211621e-05	4	20	68231.1279538926
7.989198491811169e-05	4	20	69140.51134660498
9.648955302624351e-05	1	20	69966.74826595509
0.0001	5	40	72159.12397755486
1.0778202889898244e-05	4	21	64112.80278768
1.3308423967042812e-05	4	39	73569.16290192853
9.952587384969189e-05	2	20	70921.65451677093
1.3980072737437718e-05	1	20	71116.03224194265
3.351346368049715e-05	5	20	69669.37902605518
1.0778202889898244e-05	4	21	67247.59933736383
5.388285674761375e-05	5	20	70093.8314058846
1.3980072737437718e-05	1	20	71195.41592017554
9.84108935166533e-05	1	20	68005.75317707355
9.648955302624351e-05	1	20	71674.79980131064
9.75026630161446e-05	3	20	69717.86604119344
1.2413140042898618e-05	1	20	67153.12953314719
1.22266117106861e-05	5	20	70225.74508053956
1.5874513335704694e-05	5	20	70877.43696091603
9.981261445873326e-05	3	20	67246.27642682107
9.648955302624351e-05	1	20	72672.92470974043
1.3980072737437718e-05	1	20	71410.23037362825
7.847305232156117e-05	4	20	69916.66644478762
1.0778202889898244e-05	4	21	64952.40378120559
1.3980072737437718e-05	1	20	69891.83330454941
9.648955302624351e-05	1	20	69596.64127261323
9.648955302624351e-05	1	20	70923.65686155096
0.0001	5	20	71314.49870247234
1.2413140042898618e-05	1	20	69632.74727611037
1e-05	5	20	69874.62213277658
1e-05	5	20	72516.1663744962
9.71957148771022e-05	3	20	69194.7560202731
1.429116325651908e-05	1	20	69139.22186083904
9.648955302624351e-05	1	20	69698.06422449462
0.0001	5	40	72804.77351914778
1.3980072737437718e-05	1	20	70386.96882184052
9.968322453155507e-05	3	20	67801.85035847306
1.4596707447393092e-05	5	20	68916.11003973546
7.932994459324429e-05	3	20	72456.54932709777
1.3980072737437718e-05	1	20	70401.40437537993
9.648955302624351e-05	1	20	65045.03647667057
1.0778202889898244e-05	4	21	65302.889084336675
9.981785326644933e-05	4	26	67792.62155030198
9.96237268012605e-05	2	20	66533.19183522958
1e-05	5	20	69117.42625860184
1.3980072737437718e-05	1	20	69783.9285610279
9.981785326644933e-05	4	26	71192.78567577517
1.3980072737437718e-05	1	20	69684.69010582555
9.962843172328187e-05	2	20	65352.395752524746
1e-05	5	20	70017.42072397227
1.0778202889898244e-05	4	21	67344.89288853634
1.3980072737437718e-05	1	20	70962.42952560647
9.648955302624351e-05	1	20	71065.89968899859
0.0001	3	20	69494.24080862175
0.0001	3	20	72926.35316791898
9.648955302624351e-05	1	20	71118.42696907891
1.3980072737437718e-05	1	20	71096.86808323335
1.0778202889898405e-05	4	21	67583.2253340793
1e-05	5	20	71750.72363837072
9.965408624235238e-05	3	20	68378.51605318124
1.3980072737437718e-05	1	20	69414.13461995508
9.981785326644933e-05	4	26	70836.0359078821
1.3980072737437718e-05	1	20	66626.36339453001
9.96475645748714e-05	2	20	64185.951746129525
9.981785326644933e-05	4	26	71354.82839175082
1e-05	5	20	67107.96571022164
1.3980072737437718e-05	1	20	71376.01502913552
0.0001	3	20	67657.66691331466
9.567871812420557e-05	4	22	70977.29200627653
1.0778202889898329e-05	4	21	66977.26890000871
1.429116325651908e-05	1	20	70773.86818109122
0.0001	3	20	69582.94496514686
9.567871812420557e-05	4	22	70322.67988685904
1.0778202889898244e-05	4	21	70014.12646625565
9.567871812420557e-05	4	22	69980.65310025593
0.0001	3	20	70070.72090154867
1.0778202889898244e-05	4	21	68351.01750834839
1.429116325651908e-05	1	20	70962.74000068194
9.965753181026656e-05	2	20	68259.09170495078
1.429116325651908e-05	1	20	67373.49654406557
1e-05	4	20	67673.38925361643
9.567871812420557e-05	4	22	70663.41521988349
1e-05	4	20	73131.31449388922
9.567871812420557e-05	4	22	68809.14002997546
9.967894566625779e-05	3	20	70308.88129261178
1.429116325651908e-05	1	20	67638.07728708074
1.3980072737437718e-05	1	20	69760.84838298541
1e-05	4	20	69155.00733811515
9.962024022180408e-05	2	20	70893.20480006421
9.567871812420557e-05	4	22	72356.2524892584
1e-05	4	20	68869.64311285038
1.3980072737437718e-05	1	20	70519.23176628044
9.567871812420557e-05	4	22	69685.15369747915
9.961813199683076e-05	2	20	69825.67355574989
1e-05	4	20	67867.5383384374
1.3980072737437718e-05	1	20	70726.64431046428
9.961848428706667e-05	2	20	69393.5093736298
9.567871812420557e-05	4	22	67628.49336697067
9.964281498139835e-05	2	20	72227.39077926998
1.3980072737437718e-05	1	20	71350.45221987883
1e-05	5	20	65571.49398445775
9.567871812420557e-05	4	22	69003.45396314461
1e-05	5	20	67222.48848573191
9.964739618425264e-05	2	20	69907.17409724083
1.3980072737437718e-05	1	20	69593.39176058727
9.567871812420557e-05	4	22	68352.55230314605
1.429116325651908e-05	1	20	67452.98331591493
9.965261039596567e-05	3	20	70533.58699841927
1e-05	5	20	69386.33427840783
9.567871812420557e-05	4	22	68064.85892127691
9.975715517202771e-05	3	20	70132.99541120163
1.3980072737438482e-05	1	20	73353.18035277406
1e-05	5	20	67667.78824026223
9.648955302624351e-05	1	20	71560.93108329066
9.643956894149224e-05	3	20	70970.1758235843
9.648955302624351e-05	1	20	73146.78601002647
1.3980072737437718e-05	1	20	69574.60445596394
1e-05	5	20	68230.14089063922
9.650399619084198e-05	3	20	69531.81710454548
1.429116325651908e-05	1	20	70233.19565563744
9.648955302624351e-05	1	20	70849.76022864592
1e-05	5	20	70126.17166048307
9.655158692908542e-05	3	20	72572.1058451037
1.3980072737438204e-05	1	20	74779.09835811057
9.648955302624351e-05	1	20	72768.8397871167
1e-05	5	20	63929.71522633187
1.429116325651908e-05	1	20	71797.15975311144
1e-05	5	20	70067.94646900937
9.648955302624351e-05	1	20	68268.66739793481
9.725539852115897e-05	3	20	64157.79872135189
9.648955302624351e-05	1	20	71737.11467051378
1.429116325651908e-05	1	20	73206.51824199488
9.748789811075346e-05	3	20	66878.87586389482
1e-05	5	20	65376.16452597008
1.429116325651908e-05	1	20	72194.18950811341
9.648955302624351e-05	1	20	75448.20719359317
1e-05	5	20	69874.89034028519
9.733939282228057e-05	3	20	70487.58503894221
9.648955302624351e-05	1	20	73160.24692841688
1e-05	5	20	70556.16714420424
9.737081609033555e-05	3	20	68319.59384131852
1.429116325651908e-05	1	20	69233.86929116912
9.736793083843661e-05	3	20	74299.32431762446
9.648955302624351e-05	1	20	70504.58091394338
1.429116325651908e-05	1	20	68835.00859376945
1e-05	5	20	68142.62013649223
1e-05	5	20	70728.09000589848
9.754487485010732e-05	3	20	70135.6060494023
9.648955302624351e-05	1	20	68330.03314003599
1.429116325651908e-05	1	20	69814.76852327067
1e-05	5	20	69623.78323432333
1.429116325651908e-05	1	20	70272.03317910715
9.648955302624351e-05	1	20	69534.09986094073
9.753184579956192e-05	3	20	65186.11357584316
1e-05	5	20	68844.1081419977
9.753091650612019e-05	3	20	69009.51069462787
9.648955302624351e-05	1	20	69090.25530946428
1.429116325651908e-05	1	20	65558.73768276144
1.3980072737437718e-05	1	20	68913.12845243323
9.648955302624351e-05	1	20	70830.7864383929
9.753134267382332e-05	3	20	66212.08796103795
1e-05	5	20	63369.90020437874
9.943848851458636e-05	4	20	72297.59321138529
1.429116325651908e-05	1	20	72244.7362709072
1e-05	5	20	66903.37415591186
9.648955302624351e-05	1	20	70926.3447795516
1.429116325651908e-05	1	20	70037.45583193362
9.648955302624351e-05	1	20	67232.73675582507
9.753719969317012e-05	3	20	69618.49813619045
1e-05	5	20	67181.06264927708
9.648955302624351e-05	1	20	70600.2020836172
1e-05	5	20	70741.31020300412
1.429116325651908e-05	1	20	66291.8988274921
9.753162278635158e-05	3	20	66234.52092383745
1.429116325651908e-05	1	20	71014.21069517687
9.648955302624351e-05	1	20	71827.68466662224
1e-05	5	20	67622.83443664479
9.75317321180681e-05	3	20	68753.79704260133
1.429116325651908e-05	1	20	69903.90118703949
9.648955302624351e-05	1	20	70015.70172585848
1e-05	5	20	67254.2163740974
9.753857324373841e-05	3	20	69711.10215017086
9.754214510082102e-05	3	20	69014.81866216892
1e-05	5	20	66462.65497517254
9.648955302624351e-05	1	20	68761.17366583385
1.429116325651908e-05	1	20	67696.93601180175
1.429116325651908e-05	1	20	71749.59057309439
9.648955302624351e-05	1	20	71646.19970360765
9.754597503616726e-05	3	20	69909.89582574848
1e-05	5	20	67824.99063816492
1e-05	5	20	70880.30825543893
1.429116325651908e-05	1	20	69052.50000365371
9.863010295622292e-05	4	20	70198.47612509111
9.84108935166533e-05	1	20	70052.7898602039
1.429116325651908e-05	1	20	72064.26867988259
9.648955302624351e-05	1	20	71651.94261432406
1e-05	5	20	70333.52953440828
9.751958116631203e-05	3	20	67762.9046911185
9.648955302624351e-05	1	20	71546.80515911044
9.75167658897887e-05	3	20	71694.0008642271
1e-05	5	20	69747.08398097841
1.429116325651908e-05	1	20	67924.89250899176
1e-05	5	20	69698.1834138093
9.751905424197801e-05	3	20	70384.28245688176
9.648955302624351e-05	1	20	72761.80756434957
1.429116325651908e-05	1	20	68848.14221890195
1.429116325651908e-05	1	20	73471.90829618774
9.648955302624351e-05	1	20	70339.83415244619
9.7520526856123e-05	3	20	70112.38770782069
1e-05	5	20	68414.9909221278
9.648955302624351e-05	1	20	69187.50493063731
9.752178036654725e-05	3	20	72095.35517337607
1e-05	5	20	68913.18381548036
1.429116325651908e-05	1	20	70129.13907699547
9.75200571230788e-05	3	20	68387.0699746519
1.429116325651908e-05	1	20	72394.91568427804
9.648955302624351e-05	1	20	68806.62864855486
1e-05	5	20	67090.2058285261
9.751949085884593e-05	3	20	71494.7066355589
1.429116325651908e-05	1	20	73083.99224138139
1e-05	5	20	66600.54498911141
9.648955302624351e-05	1	20	69036.56518848387
1e-05	5	20	69838.58828383671
9.723004973421837e-05	3	20	71286.07125196733
9.648955302624351e-05	1	20	72000.63145453017
1.429116325651908e-05	1	20	69760.17315419565
9.648955302624351e-05	1	20	70958.96016155391
1.429116325651908e-05	1	20	72632.9545694194
9.730054361800121e-05	3	20	68141.06438357155
1e-05	5	20	70641.36240886226
9.648955302624351e-05	1	20	70600.63882672775
1e-05	5	20	68223.70081278535
1.3980072737437718e-05	1	20	69975.66723903076
9.723276800066555e-05	3	20	70175.81071629924
1.3980072737437718e-05	1	20	74009.54407242565
1e-05	5	20	68778.00301959734
9.648955302624351e-05	1	20	72500.84256090778
9.725340685743114e-05	3	20	66360.08807068516
1.429116325651908e-05	1	20	68912.7293686526
9.648955302624351e-05	1	20	69693.35319443888
9.751030650755967e-05	3	20	66951.70225664917
1e-05	5	20	67080.72332456401
1.429116325651908e-05	1	20	70949.17721898928
9.751279747436336e-05	3	20	67498.63633782386
1e-05	5	20	69985.17702814126
9.648955302624351e-05	1	20	69383.73490229443
9.750828463180402e-05	3	20	70780.14241382269
9.648955302624351e-05	1	20	73077.85667269038
1e-05	5	20	71176.0172788733
1.429116325651908e-05	1	20	71271.59900396026
1e-05	5	20	71238.94607651759
9.750825748544852e-05	3	20	67566.84442006906
1.429116325651908e-05	1	20	67445.66931770048
9.648955302624351e-05	1	20	67753.661201591
9.750275254133613e-05	3	20	70833.92257863154
1e-05	5	20	70714.72656710629
1.429116325651908e-05	1	20	70143.46052683021
9.648955302624351e-05	1	20	68779.06420606111
1.3980072737437718e-05	1	20	71648.89814124902
9.721484304004773e-05	3	20	69677.65079969948
9.648955302624351e-05	1	20	67518.01850766056
1e-05	5	20	68268.2121899028
1e-05	5	20	70932.1166464064
1.3980072737437718e-05	1	20	72798.55115764355
9.648955302624351e-05	1	20	67915.47585718932
9.721038619234766e-05	3	20	72034.08298795218
9.675526397526736e-05	3	20	70925.20900358063
1e-05	5	20	68592.98705723045
9.648955302624351e-05	1	20	70229.57701519888
1.3980072737437718e-05	1	20	68789.03260339818
1e-05	5	20	68919.23228975246
9.648955302624351e-05	1	20	67752.49519286102
1.3980072737437718e-05	1	20	68302.72661209536
9.722242303834074e-05	3	20	69200.56535245325
1.3980072737437718e-05	1	20	70774.93215153551
9.648955302624351e-05	1	20	70421.9422526214
9.701120172654172e-05	3	20	66611.25900981846
1e-05	5	20	66759.17295585627
1.3980072737437718e-05	1	20	73327.9633945033
9.648955302624351e-05	1	20	71937.0138681808
1e-05	5	20	69070.99842300895
9.70041923851332e-05	3	20	69470.29219114472
1e-05	5	20	67828.56890962912
9.720897876559103e-05	3	20	69459.23268038289
9.648955302624351e-05	1	20	68446.99490866484
1.3980072737437718e-05	1	20	68508.44002358701
1.3980072737437718e-05	1	20	73951.31436412902
9.648955302624351e-05	1	20	71078.88708476345
1e-05	5	20	71737.65324139847
9.700415443449081e-05	3	20	70967.09025685975
9.67327029483464e-05	3	20	69588.11663261987
9.648955302624351e-05	1	20	69122.10098477536
1e-05	5	20	68532.30319425244
1.3980072737437718e-05	1	20	67611.07719938837
9.675746113245347e-05	3	20	68399.75876709358
1e-05	5	20	69170.42549668904
9.648955302624351e-05	1	20	72766.05119495845
1.3980072737437718e-05	1	20	70811.39534550649
9.648955302624351e-05	1	20	73304.66615731553
1e-05	5	20	67043.66369655695
1.3980072737437718e-05	1	20	72497.50864248483
9.689874735111839e-05	3	20	64064.45638989229
1.3980072737437718e-05	1	20	74238.53850985423
9.648955302624351e-05	1	20	70833.35298448085
1e-05	5	20	68030.97083982185
9.672442822987492e-05	3	20	68689.4108128359
1e-05	5	20	71555.413977395
1.429116325651908e-05	1	20	72176.47669263487
9.667797958754957e-05	3	20	71146.64680548207
9.648955302624351e-05	1	20	71878.299263747
9.676221682081465e-05	3	20	69271.75590950272
1.3980072737437718e-05	1	20	69461.17168695998
0.0001	5	40	72154.22841387778
1e-05	5	20	65542.59318629715
1e-05	5	20	70063.8481203034
1.429116325651908e-05	1	20	72431.8885059014
9.648955302624351e-05	1	20	69353.01720131951
9.719839618553718e-05	3	20	67179.21629819015
1e-05	5	20	69792.53131826322
9.699102627349443e-05	3	20	67230.43465315028
1.429116325651908e-05	1	20	72500.19365117211
9.648955302624351e-05	1	20	69906.94191706016
9.648955302624351e-05	1	20	71868.1137777432
1.429116325651908e-05	1	20	70091.76611464065
9.675677323134896e-05	3	20	70976.5217940597
1e-05	5	20	65499.64786398638
9.648955302624351e-05	1	20	72117.65178745637
1e-05	5	20	70981.39961699044
9.719666817713605e-05	3	20	68577.19355849142
1.429116325651908e-05	1	20	71147.63500981736
1e-05	5	20	73013.59957271181
9.719510172841094e-05	3	20	71822.50169459515
9.648955302624351e-05	1	20	72122.29392036474
1.429116325651908e-05	1	20	72679.44104897838
1.3980072737437718e-05	1	20	72026.24034037591
9.720038471835318e-05	3	20	70621.60636584974
1e-05	5	20	69002.79887172043
9.648955302624351e-05	1	20	66911.48495831293
0.0001	5	40	73444.834254291
1.3980072737437718e-05	1	20	69959.60994411066
1e-05	5	20	68241.05852184689
9.676360301543344e-05	3	20	67892.36881459733
1.3980072737437718e-05	1	20	69586.60389735128
1e-05	5	20	68097.60524094816
9.672514457773733e-05	3	20	71442.41710445023
9.648955302624351e-05	1	20	68697.55503556655
1e-05	5	20	66596.74751287083
9.699874914011696e-05	3	20	68957.30070497468
1.3980072737437718e-05	1	20	72886.50170162774
9.648955302624351e-05	1	20	69346.75149603536
9.648955302624351e-05	1	20	72773.23860916022
9.699594165158069e-05	3	20	70356.55027303424
1e-05	5	20	67683.80008710343
1.429116325651908e-05	1	20	70404.44016377523
9.648955302624351e-05	1	20	70606.8894140738
9.72065539933182e-05	3	20	69108.69460505075
1e-05	5	20	69118.24866171087
1.429116325651908e-05	1	20	68840.28588699114
9.720633409317476e-05	3	20	69361.75256659846
1e-05	5	20	69029.46290648173
1.429116325651908e-05	1	20	71453.01237362833
9.648955302624351e-05	1	20	70902.2590835334

Best value: 63369.90020437874 at [Gamma, Alpha, #Firefly] = [1e-05, 5, 20], found in 854.1146605014801 s