1.8947555929387716e-05	4	27	73962.86999462721
3.742954194117447e-05	3	31	75014.84125463544
3.0217354399610003e-05	1	22	73716.6548066264
3.2823877365429515e-05	1	36	75314.28404461454
7.504428976633809e-05	3	38	76894.60458746394
6.428572783408637e-05	1	26	77692.15477884418
9.138187908465052e-05	1	37	74425.90426137448
9.923123115090908e-05	2	34	72574.49565023642
9.967180815266305e-05	2	33	74675.41898969766
9.595748599918713e-05	2	32	73409.58940746661
9.850012185786654e-05	2	35	75459.40786759603
9.717397409623283e-05	2	37	76164.31784318422
9.642411218220948e-05	4	20	72388.89509150073
9.595748599918713e-05	2	32	74609.5299925075
1.0397446953674984e-05	4	39	75835.25213417747
1.324069681477009e-05	1	24	76130.7878856537
9.595748599918713e-05	2	32	77661.32551247842
9.642411218220948e-05	4	20	74771.50077218615
4.3178742637997225e-05	1	20	71933.3877095181
2.2605341910001367e-05	4	36	75463.25152300122
7.037852774326381e-05	4	39	77409.60292520652
1.8979166451375204e-05	4	20	71335.29411043743
9.973935495593138e-05	2	20	71466.6672070402
3.0211186547773532e-05	1	37	72937.34411720037
1.209684738760496e-05	1	20	74362.6846047046
9.973935495593138e-05	2	20	73376.63885018764
6.591722228498969e-05	1	39	78039.3550110552
3.66909137389218e-05	4	38	73599.5111688152
1.0397446953674984e-05	4	39	77246.84981303696
0.0001	5	40	74864.67749523987
9.973935495593138e-05	2	20	71877.93309182569
1.647033407576981e-05	1	39	74227.03667080938
9.973935495593138e-05	2	20	75625.32753128697
4.3178742637997225e-05	1	20	74273.50482351979
1.8979166451375204e-05	4	20	71612.47368157996
3.0211186547773532e-05	1	37	73453.01040571641
4.3178742637997225e-05	1	20	72670.52617437048
3.0211186547773532e-05	1	37	75512.99839075281
1.8979166451375204e-05	4	20	73105.22342739812
9.973935495593138e-05	2	20	70010.4900884318
0.0001	2	20	74264.11820390863
4.3178742637997225e-05	1	20	74377.48460664677
1.906387734500724e-05	4	20	70192.46001878615
9.23326272168301e-05	4	21	69743.68906702682
1.9701869066858764e-05	4	20	73663.10845628048
1.0297218312236486e-05	3	20	72912.3634794411
9.975231089981932e-05	1	20	69867.46936582874
9.212951473725805e-05	5	21	69299.55190348618
8.816626388210216e-05	5	20	72272.81125441821
2.0719753637181394e-05	4	20	74508.1608379212
9.975231089981932e-05	1	20	74245.47456889221
1.1925865693425516e-05	2	20	72061.56823999477
9.178175350938897e-05	5	20	74288.38012983727
9.975231089981932e-05	1	20	73998.54373667504
1.209684738760496e-05	1	20	70060.32471351018
1.422662352872506e-05	4	20	71236.61441820627
0.0001	5	20	74380.74875362677
1.2049789216799197e-05	4	20	73173.42244381759
9.275493465914618e-05	1	20	73579.36451270284
1.209684738760496e-05	1	20	72628.81137147629
1.209684738760496e-05	1	20	74148.52865584043
0.0001	5	20	70553.66932167979
1.5189764304781766e-05	4	20	71360.46976075409
9.676600652353875e-05	1	20	71362.8708374873
9.275493465914618e-05	1	20	73968.57646816333
0.0001	5	20	71092.09712809171
1.2049789216799427e-05	4	20	70819.07957462846
1.209684738760496e-05	1	20	74221.75662240449
9.676600652353875e-05	1	20	72759.01551351738
1.204978921679937e-05	4	20	71288.65194859733
0.0001	5	20	71388.22203829371
1.209684738760496e-05	1	20	71871.38285642391
0.0001	5	20	70588.47649799979
9.975231089981932e-05	1	20	71122.01040133984
1e-05	5	20	70219.99819637374
1.209684738760496e-05	1	20	71620.99040608278
1.2812479878244101e-05	1	20	76410.6887311393
9.975231089981932e-05	1	20	73578.18952273128
0.0001	5	20	72551.8350476881
1e-05	5	20	69910.07560320287
1e-05	5	20	73562.68948355452
9.975231089981932e-05	1	20	73068.46466384165
0.0001	5	20	72791.78909599631
1.0297218312236486e-05	3	20	71816.04989135913
0.0001	5	20	73313.90081132048
9.975231089981932e-05	1	20	74687.85684866566
1.1925865693425516e-05	2	20	74703.46294610773
1e-05	5	20	68510.37897888495
1e-05	5	20	75309.43225268903
9.676600652353875e-05	1	20	72116.68952440108
1.209684738760496e-05	1	20	69455.36703438679
0.0001	5	20	69756.2830502456
1.209684738760496e-05	1	20	75831.8783796527
9.676600652353875e-05	1	20	73493.42000994988
0.0001	5	20	71643.11909041104
1e-05	5	20	68656.14495913374
9.275493465914618e-05	1	20	76245.99894939178
0.0001	5	20	70432.80021491948
1e-05	5	20	67034.7266910698
1.209684738760496e-05	1	20	72151.11014058258
1.209684738760496e-05	1	20	76427.66568802092
1e-05	5	20	71612.58144496095
9.676600652353875e-05	1	20	73903.21856515302
0.0001	5	20	68741.48685680424
0.0001	5	20	73093.00628528978
9.975231089981932e-05	1	20	73529.94366755057
1.209684738760496e-05	1	20	75566.6073681307
1e-05	5	20	71047.39010387198
9.676600652353875e-05	1	20	72592.61554507994
1e-05	5	20	70376.15798635497
1.209684738760496e-05	1	20	75260.73477963186
0.0001	5	20	73043.0021775982
9.676600652353875e-05	1	20	73691.93514440882
1e-05	5	20	72904.88629197986
0.0001	5	20	70772.72363629355
1.209684738760496e-05	1	20	73081.16189242974
1.209684738760496e-05	1	20	73170.00472383971
1e-05	5	20	72248.23217322366
9.676600652353875e-05	1	20	71675.39593772734
0.0001	5	20	70181.76148535642
1e-05	5	20	71526.11757993353
0.0001	5	20	71845.75548539833
1.209684738760502e-05	1	20	71707.24389175542
9.676600652353875e-05	1	20	72289.31539798314
0.0001	5	20	71501.19069610762
9.676600652353875e-05	1	20	70614.95709585272
1.209684738760496e-05	1	20	71530.48696837328
1e-05	5	20	70480.09896115202
1.209684738760496e-05	1	20	75139.87993764794
0.0001	5	20	70217.54689020544
9.676600652353875e-05	1	20	72076.30021700087
1e-05	5	20	69580.72004400958
1e-05	5	20	73302.14696148924
1.209684738760496e-05	1	20	76355.9133396099
9.676600652353875e-05	1	20	71773.04894981517
0.0001	5	20	71254.52775623756
9.676600652353875e-05	1	20	73154.16680685007
1e-05	5	20	69497.19524418157
1.209684738760496e-05	1	20	70801.53404633487
0.0001	5	20	70790.90013611311
1e-05	5	20	74908.76212695312
0.0001	5	20	71994.34111366326
1.209684738760496e-05	1	20	72102.25324774523
9.676600652353875e-05	1	20	72543.83783954702
0.0001	5	20	73066.10924213573
1e-05	5	20	73289.31880736929
9.676600652353875e-05	1	20	74517.41300909843
1.209684738760496e-05	1	20	72749.22005033802
1e-05	5	20	69807.93922220026
0.0001	5	20	72380.63969547676
1.209684738760496e-05	1	20	73901.78730041553
9.676600652353875e-05	1	20	74084.0923307689
1.20968473876051e-05	1	20	75014.57848647644
9.676600652353875e-05	1	20	70678.66423035484
0.0001	5	20	69812.05714807345
1e-05	5	20	70278.38613257116
0.0001	5	20	73644.30322058294
1e-05	5	20	73026.44468723096
9.676600652353875e-05	1	20	71957.89918496332
1.209684738760496e-05	1	20	73294.15023032052
0.0001	5	20	71717.94413270593
1.209684738760496e-05	1	20	73630.69256068069
1e-05	5	20	71789.30264581174
9.676600652353875e-05	1	20	72330.87753325862
0.0001	5	20	71421.8852125876
9.676600652353875e-05	1	20	73509.83494010312
1.209684738760496e-05	1	20	70757.61760164435
1e-05	5	20	71072.03022554159
1.209684738760496e-05	1	20	71806.1999462326
9.676600652353875e-05	1	20	72712.42766093432
1e-05	5	20	71119.92153335217
0.0001	5	20	68769.83367600087
1e-05	5	20	73613.32657844306
1.209684738760496e-05	1	20	74595.93427451215
9.676600652353875e-05	1	20	71253.48584551948
0.0001	5	20	70136.77787510002
9.676600652353875e-05	1	20	73023.18251691305
1.209684738760496e-05	1	20	69214.60536957844
1e-05	5	20	70054.6674616305
0.0001	5	20	66666.7497112825
0.0001	5	20	72386.60829043826
9.676600652353875e-05	1	20	74433.52020912863
1e-05	5	20	70935.94683641921
1.209684738760496e-05	1	20	71316.64086294067
0.0001	5	20	71657.84452694246
1.2096847387605066e-05	1	20	72952.20979790145
9.676600652353875e-05	1	20	72132.41248794533
1e-05	5	20	70635.6297591419
1.2096847387605014e-05	1	20	74424.76385404785
9.676600652353875e-05	1	20	72772.03603521457
0.0001	5	20	72748.39808236652
1e-05	5	20	72620.37960863869
1.209684738760496e-05	1	20	73301.69167536689
0.0001	5	20	73955.92290609161
9.676600652353875e-05	1	20	74065.67584989569
1e-05	5	20	70026.3072644531
0.0001	5	20	73601.8311010214
9.676600652353875e-05	1	20	74425.49214489119
1.209684738760496e-05	1	20	73932.30760594057
1e-05	5	20	70241.20647876216
0.0001	5	20	73347.75794364978
9.676600652353875e-05	1	20	73166.20234466188
1e-05	5	20	72497.58597258727
1.209684738760496e-05	1	20	70796.84699211759
9.676600652353875e-05	1	20	75222.57140053815
1.209684738760496e-05	1	20	72659.34152677238
1e-05	5	20	72675.67970778822
0.0001	5	20	70518.97900648153
1e-05	5	20	70759.0689541428
0.0001	5	20	72394.64759859335
9.676600652353875e-05	1	20	71460.19345195308
1.209684738760496e-05	1	20	71534.8561950823
0.0001	5	20	73018.02120114402
9.676600652353875e-05	1	20	73282.43963733682
1.209684738760496e-05	1	20	73459.73390438624
1e-05	5	20	68994.29038262797
9.676600652353875e-05	1	20	72918.65325910064
1.209684738760496e-05	1	20	74036.32752732922
0.0001	5	20	71027.69423704363
1e-05	5	20	68089.19260081399
1e-05	5	20	73098.42794054405
0.0001	5	20	71036.8923762304
9.676600652353875e-05	1	20	74565.02723156649
1.209684738760496e-05	1	20	70298.49783185642
1e-05	5	20	73033.15905992186
1.209684738760496e-05	1	20	75013.31789883884
9.676600652353875e-05	1	20	75135.44003054373
0.0001	5	20	71591.7636970312
0.0001	5	20	73965.761877849
9.676600652353875e-05	1	20	74174.39190667601
1.209684738760496e-05	1	20	72418.07120916907
1e-05	5	20	68083.82474994088
1.209684738760496e-05	1	20	74607.59128433214
9.676600652353875e-05	1	20	72224.83231406916
1e-05	5	20	71967.654213993
0.0001	5	20	69860.4449324623
1e-05	5	20	73403.41560155617
1.209684738760496e-05	1	20	71070.48162680643
0.0001	5	20	70480.40909493175
9.676600652353875e-05	1	20	73378.76741503058
9.676600652353875e-05	1	20	75347.17608260084
1.209684738760496e-05	1	20	74355.1800989246
0.0001	5	20	72190.62873538537
1e-05	5	20	70611.36615383622
9.676600652353875e-05	1	20	72241.19717308681
1e-05	5	20	71741.44566715106
0.0001	5	20	72478.77766390906
1.209684738760496e-05	1	20	72896.67075967406
9.676600652353875e-05	1	20	75120.38608902754
0.0001	5	20	72147.24116033695
1.2096847387605224e-05	1	20	73551.42708356374
1e-05	5	20	72136.59895906619
1.209684738760496e-05	1	20	72333.56128698285
1e-05	5	20	72498.38165681621
9.676600652353875e-05	1	20	71394.22674730698
0.0001	5	20	68888.77198203128
1.209684738760496e-05	1	20	74567.60918098192
1e-05	5	20	71996.75447904902
0.0001	5	20	72443.25725879846
9.676600652353875e-05	1	20	70827.21118039249
9.676600652353875e-05	1	20	72107.29774697186
1e-05	5	20	73382.44978016462
0.0001	5	20	71386.44255649103
1.209684738760496e-05	1	20	72559.81232156715
1.209684738760496e-05	1	20	74590.40598787562
0.0001	5	20	72402.77085253266
9.676600652353875e-05	1	20	72100.25461328938
1e-05	5	20	69606.70709470073
0.0001	5	20	74354.0678622674
1e-05	5	20	74020.97476712072
1.209684738760496e-05	1	20	72936.32235316007
9.676600652353875e-05	1	20	73830.57048340984
1e-05	5	20	72830.69242990349
1.2096847387605053e-05	1	20	74512.38891912023
0.0001	5	20	73151.64217258371
9.676600652353875e-05	1	20	70308.16932993352
1.209684738760496e-05	1	20	75631.9378581565
9.275493465914618e-05	1	20	72822.0507221371
0.0001	5	20	69868.82255443254
1e-05	5	20	70272.66317560854
1.209684738760496e-05	1	20	73577.05011566369
1e-05	5	20	66908.47184840856
9.676600652353875e-05	1	20	72402.50057629003
0.0001	5	20	70326.6256098943
9.676600652353875e-05	1	20	74658.69913210771
1.209684738760496e-05	1	20	73507.11056489551
1e-05	5	20	70600.16134217592
0.0001	5	20	69551.29113879993
0.0001	5	20	75735.15929382465
1.209684738760496e-05	1	20	73850.95321537463
1e-05	5	20	72922.290912223
9.676600652353875e-05	1	20	73494.34525386644
1.209684738760496e-05	1	20	73086.04300188523
1e-05	5	20	71490.29403183184
0.0001	5	20	71356.14980352328
9.676600652353875e-05	1	20	73306.7352061637
1.209684738760496e-05	1	20	74819.30620691834
0.0001	5	20	74789.24344290012
1e-05	5	20	70313.06976668099
9.676600652353875e-05	1	20	70074.05708761407
0.0001	5	20	71554.25975108439
1e-05	5	20	70137.44260194294
9.676600652353875e-05	1	20	73334.16038439632
1.209684738760496e-05	1	20	72825.58734564103
9.676600652353875e-05	1	20	72632.7656777998
1.209684738760496e-05	1	20	72946.4882026219
0.0001	5	20	70651.70597786164
1e-05	5	20	70752.84545447158
1.209684738760496e-05	1	20	74080.75469652687
0.0001	5	20	69478.59680538905
9.676600652353875e-05	1	20	75912.76043091419
1e-05	5	20	70728.80211246104
0.0001	5	20	72557.39111194888
1.209684738760496e-05	1	20	75857.92481395284
9.676600652353875e-05	1	20	72698.89391124195
1e-05	5	20	72533.32564872988
0.0001	5	20	73874.86947019532
1.209684738760496e-05	1	20	73880.4225733211
9.676600652353875e-05	1	20	72601.88816317394
1e-05	5	20	69069.5743682407
9.676600652353875e-05	1	20	77081.06270149151
1e-05	5	20	73263.23488274768
0.0001	5	20	72632.10800430055
1.209684738760525e-05	1	20	70872.4752080569
9.676600652353875e-05	1	20	73568.98100894499
1e-05	5	20	72986.00963299087
0.0001	5	20	70421.49898648089
1.209684738760504e-05	1	20	72152.20524083335
1e-05	5	20	73969.12989663154
0.0001	5	20	72248.86354309531
9.676600652353875e-05	1	20	73430.56080401785
1.209684738760503e-05	1	20	71942.84438757571
1e-05	5	20	72325.3975310615
1.209684738760496e-05	1	20	72465.6397441514
9.676600652353875e-05	1	20	72460.9752186604
0.0001	5	20	71318.09207941861
9.676600652353875e-05	1	20	75441.4370265709
1e-05	5	20	73037.16217187354
0.0001	5	20	71907.36299501699
1.209684738760496e-05	1	20	73837.41241655365
9.676600652353875e-05	1	20	76707.4406723019
1e-05	5	20	70341.26466045408
0.0001	5	20	72916.14538828809
1.209684738760496e-05	1	20	70734.52885375323
9.676600652353875e-05	1	20	72799.64602795728
1.209684738760496e-05	1	20	73107.10064315802
0.0001	5	20	70388.07153785283
1e-05	5	20	68215.0351110745
1.209684738760496e-05	1	20	70784.83554494864
9.676600652353875e-05	1	20	73676.2622399291
0.0001	5	20	71597.48238890717
1e-05	5	20	70364.5327371208
1.209684738760496e-05	1	20	76793.734515768
0.0001	5	20	72767.40662038086
1e-05	5	20	71419.61648397667
9.676600652353875e-05	1	20	71674.42849730128
1e-05	5	20	73793.09221735984
9.676600652353875e-05	1	20	75443.9382641842
1.209684738760496e-05	1	20	72608.38356184524
0.0001	5	20	73632.76591043397
1e-05	5	20	74526.44177167032
9.676600652353875e-05	1	20	74230.08069101667
1.2096847387605064e-05	1	20	74124.10237870215
0.0001	5	20	68815.21119245293
0.0001	5	20	76596.75489842537
1.209684738760496e-05	1	20	70885.73935451313
9.676600652353875e-05	1	20	72642.1789039215
1e-05	5	20	71220.85699202908
9.275493465914618e-05	1	20	75582.27944030275
0.0001	5	20	72492.1330820227
1.209684738760496e-05	1	20	73492.20827986981
1e-05	5	20	71403.4598218114
1.209684738760496e-05	1	20	74078.06445014979
1e-05	5	20	73153.72264459246
0.0001	5	20	67329.66498963787
9.676600652353875e-05	1	20	71862.56917642272
9.676600652353875e-05	1	20	74086.07916181613
1e-05	5	20	68953.12819131797
0.0001	5	20	71526.23166328418
1.209684738760496e-05	1	20	71349.12503566989
9.676600652353875e-05	1	20	72667.0030524262
1e-05	5	20	73583.90997918333
1.209684738760496e-05	1	20	73798.96902616958
0.0001	5	20	73232.38392467196
0.0001	5	20	72476.87373698899
1e-05	5	20	71371.694418504
9.676600652353875e-05	1	20	71756.16978743537
1.209684738760496e-05	1	20	72622.14479644023
1e-05	5	20	72549.11697415587
9.676600652353875e-05	1	20	74009.86146930826
1.209684738760496e-05	1	20	72698.16823485408
0.0001	5	20	72196.81692375752
1e-05	5	20	72326.9810729265
9.676600652353875e-05	1	20	73415.13021310713
1.209684738760496e-05	1	20	70766.32761357295
0.0001	5	20	71119.6755225176
1e-05	5	20	73554.23086917763
1.209684738760496e-05	1	20	72537.16337859922
0.0001	5	20	70613.34390310915
9.676600652353875e-05	1	20	71850.02333997068
1.209684738760496e-05	1	20	73650.81523057706
0.0001	5	20	71390.76993789131
9.676600652353875e-05	1	20	73351.04380710977
1e-05	5	20	67596.51621435366
0.0001	5	20	75157.45792824037
1e-05	5	20	72952.96726212063
9.676600652353876e-05	1	20	72291.64304612887
1.209684738760496e-05	1	20	72282.54990782641

Best value: 66666.7497112825 at [Gamma, Alpha, #Firefly] = [0.0001, 5, 20], found in 667.7962076663971 s