9.167096711309429e-05	2	30	77586.85302009842
5.040232776719873e-05	2	31	75284.89066110874
9.680720362387736e-05	3	38	73442.93861389234
4.4605111856726454e-05	4	21	73318.24940839449
7.111936230409509e-05	2	24	73620.98669888785
7.901093057257103e-05	3	30	75077.74556657164
1.3713781588174607e-05	4	30	72764.69401641533
7.786109419911629e-05	2	32	69789.19110634128
7.803678881321506e-05	2	32	76202.07603381296
7.732134971168759e-05	2	32	75490.49052985551
7.783308784944512e-05	2	32	75035.33081334204
7.796318883515239e-05	2	32	75049.76993495306
1.0169584014824779e-05	4	23	75165.23325238808
1.2239871637320351e-05	1	38	78426.10663644024
9.096511590030114e-05	1	20	73958.46906926326
9.285941306617687e-05	4	38	74078.6357474618
9.956934042527312e-05	1	39	74914.08377037529
1.6792356705330005e-05	1	20	76554.30772968679
9.765749654829606e-05	4	20	71923.22676962125
1.0108699192965224e-05	4	31	73020.00918629621
9.956934042527312e-05	1	39	80693.96203355295
9.765749654829606e-05	4	20	73525.68299706483
1.0108699192965224e-05	4	31	74553.29752653457
1.6792356705330005e-05	1	20	73684.27959519054
5.078228787369443e-05	1	21	79545.28678274265
1.0108699192965224e-05	4	31	75752.98908057933
9.765749654829606e-05	4	20	73960.17739672806
9.285941306617893e-05	4	38	76085.15318379724
1.0108699192965224e-05	4	31	75207.48450061174
7.544580604675918e-05	1	39	74165.07103380367
9.765749654829606e-05	4	20	72782.41951805683
1.0404782088924033e-05	1	20	73479.94457239796
9.096511590030114e-05	1	20	75517.78124758735
9.765749654829606e-05	4	20	76338.65901980539
7.544580604675918e-05	1	39	77084.50916676661
1.0404782088924033e-05	1	20	75353.95450363551
1.0108699192965224e-05	4	31	74381.6281371943
9.085322523947505e-05	1	38	75309.19123245437
9.765749654829606e-05	4	20	71968.58987729946
1.0404782088924033e-05	1	20	73272.76409333797
1.0404782088924033e-05	1	20	78073.72773239891
9.765749654829606e-05	4	20	76722.14029700348
4.984312135732692e-05	3	29	76966.0304911452
1.0108699192965224e-05	4	31	72293.5736195207
9.95793468917989e-05	1	39	76246.44064588322
1.0239363514995762e-05	4	23	71518.42018377518
1.0255830544092833e-05	1	38	75402.38415572641
9.765749654829606e-05	4	20	73011.29834773806
9.885564945247688e-05	1	20	75290.0083975449
1.0255830544092833e-05	1	38	73896.56591191409
1.5727024791611625e-05	5	24	73807.67198737244
0.0001	5	40	72297.73019474647
1.2327308789166634e-05	1	21	75289.28085200141
9.885564945247688e-05	1	20	75368.43562972157
1.8188869314578018e-05	5	23	74886.4539135814
0.0001	5	40	76403.46930993475
1.2239871637320351e-05	1	38	73893.42143379629
1.576275490238508e-05	5	24	71813.76381192406
9.808854164661227e-05	4	20	73232.80654510781
9.885564945247688e-05	1	20	74224.91520226376
1.2239871637320351e-05	1	38	77578.32743329786
9.885564945247688e-05	1	20	76558.03516666373
9.808854164661227e-05	4	20	73380.09218408627
1.5567879452856336e-05	5	23	72457.3209666045
1.2327308789166634e-05	1	21	76944.2254397442
9.765749654829606e-05	4	20	74836.10362469422
1.880202730851138e-05	5	20	73128.22747745001
0.0001	5	40	75511.0892080487
1.2239871637320351e-05	1	38	77694.75733774896
1.7547415728153823e-05	5	20	74886.54576931287
0.0001	5	40	75204.93684105012
9.765749654829606e-05	4	20	71970.27937736221
9.765749654829606e-05	4	20	71834.17767783978
1.0255830544092833e-05	1	38	77562.39840438178
2.513454941585175e-05	5	20	74135.08112690323
0.0001	5	40	73238.80479347483
1.248504421209373e-05	4	39	74120.10065570775
7.37285795449491e-05	5	20	71244.1218855058
9.885564945247688e-05	1	20	73630.68964936327
1.117012871688835e-05	4	20	72498.13468646455
9.885564945247688e-05	1	20	73991.42864196774
6.51256771316157e-05	5	20	72804.14614974134
0.0001	5	40	76604.0768593489
1.0169584014824779e-05	4	23	71862.2731822284
5.138772196381832e-05	5	20	72692.00631710024
9.885564945247688e-05	1	20	72010.77878734641
1.248504421209373e-05	4	39	77252.39994206633
9.765749654829606e-05	4	20	72290.44499318734
9.885564945247688e-05	1	20	72527.67757559718
6.308353579501323e-05	5	20	74551.59274219366
0.0001	5	40	75776.45262753271
1.0169584014824779e-05	4	23	72093.92972307627
0.0001	5	20	76074.28758300784
4.7071985669937784e-05	5	20	70622.16994944631
9.885564945247688e-05	1	20	76508.24011177862
1.248504421209373e-05	4	39	76646.7587874334
9.885564945247688e-05	1	20	74754.74831740896
4.370481066924892e-05	5	20	73269.9721490344
1.0169584014824779e-05	4	23	75037.90503061384
9.765749654829606e-05	4	20	72848.8462438655
1.0404782088924033e-05	1	20	74793.91787911543
4.882082053403322e-05	5	20	74191.76025665282
9.765749654829606e-05	4	20	71334.74622771004
9.885564945247688e-05	1	20	74582.9480247668
9.957081302023649e-05	1	20	74829.2530908549
1.0169584014824779e-05	4	23	73183.1330749009
5.461079656692021e-05	5	20	72969.04636612585
0.0001	5	40	73397.74447465203
9.765749654829606e-05	4	20	73980.06516821827
9.885564945247688e-05	1	20	77174.66711641067
1.0169584014824779e-05	4	23	73511.09135184043
5.4327239966074406e-05	5	20	72427.3618153947
1.0169584014824779e-05	4	23	73626.80593885538
9.885564945247688e-05	1	20	71640.52395586451
9.765749654829606e-05	4	20	72787.81273702758
5.2127071650436084e-05	5	20	71054.82216477375
1.0169584014824779e-05	4	23	75464.06044809683
9.885564945247688e-05	1	20	75138.12336668173
9.765749654829606e-05	4	20	71739.90226135777
5.348596509776743e-05	5	20	71165.63962174702
5.769898382890549e-05	5	20	72748.06367114575
1.117012871688835e-05	4	20	72775.66413575572
9.885564945247688e-05	1	20	72330.44210521162
0.0001	5	40	76312.15842186772
9.765749654829606e-05	4	20	72999.08008260129
1.117012871688835e-05	4	20	74493.9110705384
5.623896056231226e-05	5	20	73389.97399242102
9.885564945247688e-05	1	20	71917.24955095748
5.806323276709597e-05	5	20	76314.89550169522
9.885564945247688e-05	1	20	75218.59181626003
1.117012871688835e-05	4	20	72375.71924046069
0.0001	5	40	74810.01787372131
0.0001	5	20	71920.458495663
5.640743954766433e-05	5	20	74728.23413221142
1.0169584014824779e-05	4	23	71884.11382778728
9.885564945247688e-05	1	20	72641.67142586404
9.957081302023649e-05	1	20	77069.100488353
0.0001	5	40	76719.44369458639
5.665327721913923e-05	5	20	73150.58437409996
1.0169584014824779e-05	4	23	74501.3149367007
0.0001	5	20	73480.4959248296
1.0169584014824779e-05	4	23	71788.68589286855
5.5947071937302196e-05	5	20	75604.14664796721
9.885564945247688e-05	1	20	75545.3232520001
9.885564945247688e-05	1	20	75027.21983164648
1.0169584014824779e-05	4	23	72853.67223131644
9.765749654829606e-05	4	20	72833.10662955994
4.596806898717592e-05	5	20	70385.93207723774
4.468022661806654e-05	5	20	73687.78804609583
9.885564945247688e-05	1	20	73729.09999775304
9.765749654829606e-05	4	20	74907.84777454364
1.0169584014824779e-05	4	23	72878.2926445441
9.885564945247688e-05	1	20	72741.11580977507
1.0169584014824779e-05	4	23	72358.10614701196
4.0257876441375324e-05	5	20	70425.10877567601
9.765749654829606e-05	4	20	70863.53215965112
1.0169584014824779e-05	4	23	75657.53450627357
3.995205661719818e-05	5	20	73295.80700486586
9.765749654829606e-05	4	20	74582.1614891541
9.885564945247688e-05	1	20	70792.37974951373
1.0169584014824779e-05	4	23	74741.30955134863
4.321531711917102e-05	5	20	73693.80372224211
9.885564945247688e-05	1	20	73025.18000041398
9.765749654829606e-05	4	20	72529.17078031755
9.885564945247688e-05	1	20	73427.79812164912
9.765749654829606e-05	4	20	75890.08500704575
1.0169584014824779e-05	4	23	73728.71711067157
4.62094017588151e-05	5	20	73053.83406948675
1.0169584014824779e-05	4	23	75214.04170854535
9.885564945247688e-05	1	20	73645.82492953613
9.765749654829606e-05	4	20	74719.27942181927
4.4055499267994566e-05	5	20	72176.90051915828
4.508923722598866e-05	5	20	71473.25207025681
0.0001	5	20	71979.92945499347
9.885564945247688e-05	1	20	74049.8308796122
1.0169584014824779e-05	4	23	72108.51400892975
9.885564945247688e-05	1	20	76554.33754281474
1.0169584014824779e-05	4	23	72578.0293486163
9.765749654829606e-05	4	20	72718.47226142822
4.4280908808911674e-05	5	20	73988.3659719331
9.765749654829606e-05	4	20	74786.73664574162
9.885564945247688e-05	1	20	73820.61571389841
4.3796529269567936e-05	5	20	74221.29427768906
1.0169584014824779e-05	4	23	72889.59029739727
9.885564945247688e-05	1	20	75029.12381021674
1.0169584014824779e-05	4	23	76379.02242736045
9.765749654829606e-05	4	20	74538.54280490062
4.188394820782909e-05	5	20	73303.70164857573
9.885564945247688e-05	1	20	72585.78217016549
1.0169584014824779e-05	4	23	73154.69523676384
0.0001	5	20	72833.45319549335
4.4916727764937034e-05	5	20	70300.77341969956
9.765749654829606e-05	4	20	72381.73997449281
4.4771282531577386e-05	5	20	74300.02059853701
9.885564945247688e-05	1	20	73718.48698882874
1.0169584014824779e-05	4	23	72941.00523863033
9.765749654829606e-05	4	20	73027.6962215389
9.885564945247688e-05	1	20	74559.94233733059
1.0169584014824779e-05	4	23	73875.5807491773
4.4698832973206495e-05	5	20	73652.15098863385
4.519898217850299e-05	5	20	73867.02510454952
9.885564945247688e-05	1	20	74483.61389968015
9.765749654829606e-05	4	20	72020.87432156278
1.0169584014824779e-05	4	23	72715.18690453196
9.885564945247688e-05	1	20	75760.91230171728
1.0169584014824779e-05	4	23	74100.30474538408
4.512252403841912e-05	5	20	74244.1719570936
9.765749654829606e-05	4	20	70145.75377433655
4.9169130934730156e-05	5	20	75273.10167290198
0.0001	5	20	73693.38303989297
9.885564945247688e-05	1	20	74750.23351615597
1.0169584014824779e-05	4	23	73355.0084794439
9.885564945247689e-05	1	20	72825.15985949444
0.0001	5	20	72592.9960713854
1.0169584014824779e-05	4	23	73697.54512675748
4.753444904608656e-05	5	20	72042.62047303031
9.885564945247688e-05	1	20	74307.62702463249
0.0001	5	20	74430.08928799194
1.0169584014824779e-05	4	23	72566.78899249282
4.848013069452956e-05	5	20	72776.45419239748
1.0169584014824779e-05	4	23	73636.07705642312
9.885564945247688e-05	1	20	75127.25799151376
9.765749654829606e-05	4	20	70998.15594989696
4.586423305629297e-05	5	20	70959.3622169769
4.8070292819422103e-05	5	20	71548.72248106469
9.885564945247689e-05	1	20	72847.56155819875
1.0169584014824779e-05	4	23	72032.9413879324
9.765749654829606e-05	4	20	72656.29037328262
4.696955401867032e-05	5	20	73504.40558698255
9.885564945247688e-05	1	20	74751.6988409898
9.765749654829606e-05	4	20	71283.61576882353
1.0169584014824779e-05	4	23	73398.49475765873
4.854735141559609e-05	5	20	74189.79688515622
9.765749654829606e-05	4	20	73883.1131459869
9.885564945247688e-05	1	20	73913.2370120317
1.0169584014824779e-05	4	23	73574.23714530388
9.765749654829606e-05	4	20	73010.3004916669
9.885564945247688e-05	1	20	74420.75022731871
1.0169584014824779e-05	4	23	72874.79919970124
4.760718375630995e-05	5	20	68970.48450071656
9.885564945247688e-05	1	20	72977.65463891726
9.765749654829606e-05	4	20	73004.53759762616
4.7581715973109864e-05	5	20	72790.77196266879
1.0169584014824779e-05	4	23	74716.17922066919
1.0169584014824779e-05	4	23	75136.88014698266
4.8553032524377676e-05	5	20	71853.80446254021
9.885564945247688e-05	1	20	74709.90459525502
9.765749654829606e-05	4	20	72075.241234242
5.059422290336534e-05	5	20	72483.61644727796
9.885564945247688e-05	1	20	73890.4231222039
1.0169584014824779e-05	4	23	73350.85895792888
9.765749654829606e-05	4	20	71952.07799079713
9.885564945247688e-05	1	20	74218.9554479654
5.1345369165044295e-05	5	20	71425.5667472836
1.0169584014824779e-05	4	23	74464.72255877354
9.765749654829606e-05	4	20	70994.80077966844
9.885564945247688e-05	1	20	72491.6437986949
5.3918524031916284e-05	5	20	75039.51821496943
1.0169584014824779e-05	4	23	76602.93089537376
9.765749654829606e-05	4	20	72100.64177055257
9.885564945247688e-05	1	20	75169.52710921441
1.0169584014824779e-05	4	23	73542.56473098737
6.357718792428985e-05	5	20	73290.9635196281
0.0001	5	40	75105.0972505111
1.0169584014824779e-05	4	23	72652.9249676206
0.0001	5	40	74670.46116805854
9.885564945247688e-05	1	20	73687.17895540266
6.286186688761522e-05	5	20	73385.24430046705
5.715820805340528e-05	5	20	74278.32410255885
9.885564945247688e-05	1	20	71601.4770551352
9.765749654829606e-05	4	20	72427.05379132259
1.0169584014824779e-05	4	23	73684.7671325424
9.885564945247688e-05	1	20	77219.43257400744
1.117012871688835e-05	4	20	71958.74498431357
7.443925712271216e-05	5	20	73647.91749206324
0.0001	5	40	72001.63063532238
8.039255015091415e-05	5	20	76445.5497892645
1.117012871688835e-05	4	20	73334.88915253092
9.885564945247688e-05	1	20	74202.69575289892
0.0001	5	40	75582.59972600166
9.885564945247688e-05	1	20	76332.84728277358
9.765749654829606e-05	4	20	74937.52991505737
4.8408165966742954e-05	5	20	75449.14132958655
1.0169584014824779e-05	4	23	73283.25859195706
9.885564945247688e-05	1	20	75772.75793200078
1.0169584014824779e-05	4	23	70691.25662788838
4.778630344746832e-05	5	20	72384.39163652688
0.0001	5	40	75222.55376498746
1.0169584014824779e-05	4	23	74880.8984694013
9.885564945247688e-05	1	20	74693.5106123172
4.575590725048511e-05	5	20	72650.68088948294
9.765749654829606e-05	4	20	72721.59526368737
4.695367786963147e-05	5	20	72644.16642060508
9.885564945247688e-05	1	20	75530.55921637872
9.765749654829606e-05	4	20	74423.46989687205
1.0169584014824779e-05	4	23	71389.61887435918
1.0169584014824779e-05	4	23	77954.2180503189
4.493305748397547e-05	5	20	73675.69462456567
9.885564945247688e-05	1	20	76310.67995251062
0.0001	5	20	71701.74862835159
9.885564945247688e-05	1	20	76856.64538645861
4.960301286724249e-05	5	20	72834.68000618498
0.0001	5	40	73680.79847090163
1.0169584014824779e-05	4	23	73250.60853135788
9.885564945247688e-05	1	20	75240.82124148276
5.014612665667768e-05	5	20	73645.28879794916
0.0001	5	40	78121.14424090405
1.0169584014824779e-05	4	23	73339.91332763019
4.9022410422745214e-05	5	20	77408.9772809396
9.888790637415405e-05	1	20	75827.49901252358
1.0169584014824779e-05	4	23	73300.90389719381
0.0001	5	40	72753.26594411176
1.117012871688835e-05	4	20	75936.97253098364
9.885564945247688e-05	1	20	73385.37544134715
1.248504421209373e-05	4	39	75443.79522519828
0.0001	5	20	73368.35165869449
1.117012871688835e-05	4	20	72690.69910368414
9.885564945247688e-05	1	20	75317.65619738503
0.0001	5	20	73928.72494947273
1.248504421209373e-05	4	39	73183.84089129594
1.248504421209373e-05	4	39	77589.79028947912
9.885564945247688e-05	1	20	73817.5810280979
0.0001	5	20	73498.46003841948
1.1170128716889035e-05	4	20	72815.71240992924
9.88556494524769e-05	1	20	75793.78300670283
1.0404782088924033e-05	1	20	74250.49578783488
1.117012871688835e-05	4	20	71408.48794725015
0.0001	5	20	69735.10025941362
1.0404782088924033e-05	1	20	75156.49742311367
0.0001	5	20	73896.03761885788
9.885564945247688e-05	1	20	74765.41882041954
1.117012871688835e-05	4	20	68970.58982199966
9.885564945247688e-05	1	20	75523.68202163208
0.0001	5	20	74435.49569091902
1.117012871688835e-05	4	20	73314.14277112226
1.0404782088924033e-05	1	20	72422.5932263709
1.0404782088924033e-05	1	20	76036.22570879092
1.117012871688835e-05	4	20	74504.8030891399
0.0001	5	20	74955.75888113957
9.885564945247688e-05	1	20	74710.49041766221
0.0001	5	20	72853.97833315209
1.117012871688835e-05	4	20	73722.81895335038
1.0404782088924033e-05	1	20	74372.63105469658
9.885564945247688e-05	1	20	73780.57557251006
1.117012871688835e-05	4	20	74489.72790590323
9.885564945247688e-05	1	20	75125.15292162409
1.0404782088924033e-05	1	20	75161.80175109688
0.0001	5	20	74612.68264972947
4.6128555553383844e-05	5	20	71851.94690360186
1.0404782088924719e-05	1	20	74812.6302416105
0.0001	5	20	73940.2793679548
9.885564945247688e-05	1	20	72217.77946977908
9.888985063909913e-05	1	20	75679.59485497115
4.5504607999543625e-05	5	20	72083.58727820539
1.0169584014824779e-05	4	23	72862.00193997723
0.0001	5	40	74467.41571738379
9.885564945247688e-05	1	20	76643.05693826167
1.0404782088924033e-05	1	20	73718.3681498537
0.0001	5	20	71383.31211121783
4.5013451674369534e-05	5	20	71963.53837769145
9.885564945247688e-05	1	20	78464.92883331189
0.0001	5	20	74686.3085983728
1.0404782088924632e-05	1	20	74723.146402195
4.634065721107728e-05	5	20	74479.69983466064
1.0404782088924033e-05	1	20	74284.89593826295
4.571115670452175e-05	5	20	73568.62168271834
0.0001	5	20	73306.71716419411
9.885564945247688e-05	1	20	72165.6860842281
9.885564945247688e-05	1	20	78762.62172924042
0.0001	5	20	77388.01383385509
4.556132994781406e-05	5	20	75519.70842308065
1.0404782088924033e-05	1	20	72628.36798124707
1.0404782088924033e-05	1	20	75953.85133500006
9.885564945247688e-05	1	20	74794.0319546397
9.808854164661227e-05	4	20	72548.93549433046
4.259742251054917e-05	5	20	73105.12071614557
0.0001	5	20	73513.35849608915
9.885564945247688e-05	1	20	74931.85075956045
1.0404782088924033e-05	1	20	75390.59697277535
4.334846771656991e-05	5	20	72304.78859905321
9.885564945247688e-05	1	20	75179.84599517043
1.0404782088924033e-05	1	20	72282.10462851469
4.3204110951921555e-05	5	20	72219.4215146055
9.808854164661227e-05	4	20	71462.83943714172
1.0404782088924033e-05	1	20	76704.14329897979
9.885564945247688e-05	1	20	76650.91199794428
9.808854164661227e-05	4	20	74871.37103418248
4.412859474029918e-05	5	20	70631.52697554823
9.765749654829606e-05	4	20	74372.51537351019
4.350742706314724e-05	5	20	73560.99162402778
1.0404782088924033e-05	1	20	76787.94668451157
9.885564945247688e-05	1	20	74077.2379827094
1.0404782088924033e-05	1	20	75423.2062924186
9.885564945247688e-05	1	20	75705.73635537081
4.307085599238914e-05	5	20	73934.91156766824
9.765749654829606e-05	4	20	72981.32873597492
1.0404782088924033e-05	1	20	74919.5062637892
9.885564945247688e-05	1	20	73337.63660624897
9.765749654829606e-05	4	20	73367.1667201951
4.3293710769149185e-05	5	20	73419.1327564461
4.3184044059603214e-05	5	20	73616.80061805091
1.0404782088924033e-05	1	20	75374.52166362583
9.765749654829606e-05	4	20	72684.70754271846
9.885564945247688e-05	1	20	72831.36540604323
1.0404782088924033e-05	1	20	74834.22653096382
9.885564945247688e-05	1	20	74580.14488582984
4.346445065569166e-05	5	20	73422.15616122533
9.808854164661227e-05	4	20	74121.32814999709

Best value: 68970.48450071656 at [Gamma, Alpha, #Firefly] = [4.760718375630995e-05, 5, 20], found in 781.2037119865417 s