4.234156398571144e-05	3	36	57465.979342694955
9.517410115240222e-05	1	24	52932.31519760511
5.620042724794967e-05	3	33	54895.62134614671
4.1726612885643766e-05	3	39	54050.27506178899
4.518900642813629e-05	1	33	55025.9159667773
1.222545106910164e-05	1	23	56044.69401304115
6.460402437276714e-05	4	20	55947.57938463113
5.6222042009531546e-05	1	22	54043.0228121111
1.065722126713885e-05	4	38	58646.56963087016
0.0001	5	40	60505.80663672863
1.0982123865164234e-05	1	20	55801.82123981711
9.517410090359529e-05	1	24	54295.24376218486
5.611044021297037e-05	1	22	55235.68215479982
4.161959785433326e-05	3	39	54457.81952059153
9.527904506839146e-05	1	24	54490.607976848165
5.5308863721308586e-05	3	33	55237.70954514699
4.19298816686687e-05	3	40	57874.6290124251
5.723095790770134e-05	1	24	54592.245226408915
9.28443825987254e-05	1	24	54112.378015712486
9.766342330769778e-05	1	23	55414.68506899867
5.696021477725318e-05	1	23	55311.88432778764
9.324758892422358e-05	1	24	55502.198397236665
9.463847325754213e-05	1	24	54264.0799681502
9.278636275275858e-05	1	26	54089.19864569034
9.766463362628098e-05	1	23	55679.21205561731
9.577387812343317e-05	1	25	54609.35441953099
9.289316111075559e-05	1	25	54701.6346668133
9.312861426356607e-05	1	28	53849.69602115945
6.826313661357513e-05	1	20	53950.65757570057
8.331275932990492e-05	1	31	53696.73545314669
9.989243938088596e-05	1	39	53318.56684249931
5.3856541347986844e-05	1	39	54282.147216330435
8.408230823750827e-05	1	29	52840.96029953022
6.53951199398679e-05	1	37	52629.524725929215
9.989243938088596e-05	1	39	53864.43942921455
8.980009242773666e-05	1	39	54124.52507048628
7.875502919830268e-05	1	36	54382.897758442494
8.408230823750827e-05	1	29	53821.69139542967
5.898482163056424e-05	1	39	53964.28869511254
9.989243938088596e-05	1	39	54355.565159149
7.626987949377513e-05	1	27	53880.48776470373
9.989243938088596e-05	1	39	53967.71082553459
5.3856541347986844e-05	1	39	53758.31649631681
7.849679765872615e-05	1	35	52405.59566543539
7.705236075086721e-05	1	35	53673.17424923166
8.408230823750827e-05	1	29	54455.857863576006
9.989243938088596e-05	1	39	52924.53475992059
5.898482163056424e-05	1	39	53843.38621318603
9.989243938088596e-05	1	39	56075.3097025111
7.823933399260424e-05	1	37	55324.470490717154
8.408230823750827e-05	1	29	54812.53990119193
5.898482163056424e-05	1	39	53463.53166795652
8.408230823750827e-05	1	29	53316.844141850066
7.2027432035072e-05	1	36	55164.08190275085
9.989243938088596e-05	1	39	55164.55460743838
4.0592198677588264e-05	1	39	52950.976272409316
2.730957079238806e-05	1	39	54219.65023944765
6.197243631775829e-05	1	40	53109.43475203437
8.408230823750827e-05	1	29	51773.419028316704
9.989243938088596e-05	1	39	51680.39938685936
7.881232342524983e-05	1	24	53996.297620947655
9.989243938088596e-05	1	39	54297.13336483604
6.700628968474577e-05	1	40	54807.780040172824
2.730957079238806e-05	1	39	54408.77102962565
9.419242128621981e-05	1	20	55103.1772555689
4.0592198677588264e-05	1	39	54048.944258858195
7.831735364288039e-05	1	33	54349.80303133415
9.989243938088596e-05	1	39	53150.15971422358
6.826313661357513e-05	1	20	55210.46334576359
9.989243938088596e-05	1	39	53159.878570358
4.0592198677588264e-05	1	39	53599.76094635169
8.026635599596957e-05	1	34	54407.67261333232
9.507427447618195e-05	1	22	53513.282753591775
8.467013718127814e-05	1	34	55111.24003589459
4.37367407137805e-05	1	39	54724.9012114713
1.0013701660535479e-05	1	39	54457.57029000527
9.419242128621988e-05	1	20	56582.580795966205
4.2658988580780676e-05	1	21	54326.44312145921
4.155048692326565e-05	1	39	55031.77882373135
8.703470660680388e-05	1	35	54427.10715941815
4.589897314835806e-05	1	20	53963.842829645524
9.892675434392678e-05	1	25	54697.55225696578
8.22102480902095e-05	1	35	53706.179970138626
4.0592198677588264e-05	1	39	54087.705091515854
6.826313661357513e-05	1	20	54211.338229334455
7.885554648336071e-05	1	35	54511.02646349924
3.667507438414093e-05	1	39	53882.66216416646
9.989243938088596e-05	1	39	53509.51229782016
7.881232342524965e-05	1	24	54634.57118473373
1.1609237870888018e-05	1	37	54767.44270870646
9.098349782471033e-05	1	38	54442.96749906534
4.494009162784419e-05	1	39	53607.434262274626
7.881232342524965e-05	1	24	53702.09848833731
2.730957079238806e-05	1	39	56415.08829877161
6.332110065132252e-05	1	40	54444.466717721974
9.989243938088596e-05	1	39	53257.113673899206
7.881232342524965e-05	1	24	53381.57956146414
5.2431450560149316e-05	1	36	54499.450253689174
1.7551288046443504e-05	1	38	54025.126381827075
9.577245345597022e-05	1	38	52818.59943790369
5.4274862839370464e-05	1	36	55388.623722845274
1.7551288046443504e-05	1	38	53062.00131564568
7.881232342524965e-05	1	24	53391.02683866023
9.709035267433618e-05	1	39	53106.56598442591
4.589897314835806e-05	1	20	53133.75477464902
9.925222233609968e-05	1	39	54258.10091241923
7.626987949377513e-05	1	27	53579.73307214753
4.122566004022629e-05	1	39	54657.735559722176
9.892675434392678e-05	1	25	53871.04821610872
6.605862164495978e-05	1	27	54698.0932612769
9.790368064094237e-05	1	38	54750.13656223286
3.342509996848293e-05	1	39	52133.65488147095
6.963768793122834e-05	1	21	55045.14247162836
4.2988510636694484e-05	1	39	54093.52723372718
1.2088313284225491e-05	1	31	54391.29288632576
9.639996039991442e-05	1	38	54469.438455189615
6.963768793122834e-05	1	21	54544.99992651531
1.2088313284225491e-05	1	31	54203.31275762749
4.192873022065936e-05	1	39	53529.37438337831
9.56177423100295e-05	1	37	53321.88422734256
7.881232342524965e-05	1	24	54141.02457024919
9.638070890878298e-05	1	37	53110.51820997768
3.227439720626109e-05	1	22	53770.877407842
4.3094434347631136e-05	1	39	54640.52062698323
7.881232342524965e-05	1	24	54800.91833091688
9.742621547364729e-05	1	36	55669.36304112768
3.227439720626109e-05	1	22	54294.09108857706
4.4748139347547836e-05	1	39	55060.812335374656
1.4648979012316482e-05	1	21	54150.56503459972
6.562745654926137e-05	1	22	53344.80900861515
9.514530578324597e-05	1	38	52408.35123520243
4.0592198677588264e-05	1	39	52706.74391856676
2.156940500015054e-05	1	21	54835.34065644282
7.881232342524965e-05	1	24	53441.95838976383
4.0592198677588264e-05	1	39	55645.45353928133
9.505252084816261e-05	1	39	54718.38637521804
6.826313661357586e-05	1	20	54405.528833867924
1.4648979012316482e-05	1	21	53243.99928137206
9.352976770598191e-05	1	37	56086.920614867115
4.0592198677588264e-05	1	39	52626.13660870432
6.826313661357532e-05	1	20	54334.79693714652
1.4648979012316482e-05	1	21	52484.66700377795
8.784835600313683e-05	1	38	54140.12584633669
2.8868931757337497e-05	1	37	54587.5976669358
3.295869515088091e-05	1	22	54538.96189850718
9.419242128621981e-05	1	20	53524.05193577667
8.973060510578839e-05	1	38	53863.58632156494
2.730957079238806e-05	1	39	54565.41400472637
9.419242128621984e-05	1	20	53995.25764607821
3.3234456276175175e-05	1	22	53296.02332153303
2.730957079238806e-05	1	39	54590.49333190676
9.038664364137763e-05	1	38	53405.88642343486
9.419242128621981e-05	1	20	53924.793630288135
3.291071136375316e-05	1	22	54411.99133769932
2.730957079238806e-05	1	39	55186.80961212809
9.125227155921697e-05	1	39	52988.74281282914
9.419242128621981e-05	1	20	53952.2171626807
3.512590845150368e-05	1	23	53045.30449376281
2.730957079238806e-05	1	39	54476.10215914263
9.222212453320406e-05	1	39	54285.80960074618
9.419242128621987e-05	1	20	53805.218279782704
3.322607524422477e-05	1	22	54730.59712495562
9.212133504970943e-05	1	38	54083.133918334584
4.0592198677588264e-05	1	39	54892.58753145588
3.347023665852842e-05	1	22	52965.590307712475
9.41924212862199e-05	1	20	53110.93292300132
9.304809330265452e-05	1	38	55225.748668090986
4.0592198677588264e-05	1	39	53726.67510952395
3.2274397206275835e-05	1	22	54549.89720338437
9.419242128621981e-05	1	20	53917.95914554823
8.949264469133207e-05	1	35	54069.680913871074
2.730957079238806e-05	1	39	53228.57085163434
9.419242128621981e-05	1	20	53204.599191769456
3.2274397206292844e-05	1	22	53821.28883825478
2.730957079238806e-05	1	39	53942.798258234885
9.053689555200243e-05	1	36	53107.42578692706
9.419242128621981e-05	1	20	57073.46604180904
3.227439720628497e-05	1	22	54102.15598352498
9.20946639941853e-05	1	35	53890.12361547992
2.730957079238806e-05	1	39	53031.70717721481
9.419242128621988e-05	1	20	54366.76165499096
3.227439720626109e-05	1	22	54411.27808141444
2.730957079238806e-05	1	39	53127.868863652984
8.890164947823596e-05	1	37	53294.83762722868
3.227439720627698e-05	1	22	55284.556403480216
9.419242128621984e-05	1	20	54721.0970976405
2.730957079238806e-05	1	39	54739.554377703265
8.902606138664193e-05	1	37	52988.06138568158
9.419242128621981e-05	1	20	56566.47162857136
3.363994893237545e-05	1	22	54543.05605037325
8.891880445728879e-05	1	38	53026.81564498169
2.730957079238806e-05	1	39	52956.12438040501
9.419242128621981e-05	1	20	54361.22674932416
3.118446535858923e-05	1	28	56036.8902710209
8.783144490672448e-05	1	39	52731.614876556385
1.0013701660535479e-05	1	39	54546.99803632538
6.826313661357513e-05	1	20	53541.72720209932
1.4648979012316482e-05	1	21	53041.98858229607
8.736497041854471e-05	1	40	54984.44659368828
2.707286715566275e-05	1	37	53686.43169979073
1.7425490511660403e-05	1	20	54843.70130429429
9.419242128621981e-05	1	20	53376.379438039934
3.667507438414093e-05	1	39	55575.61355184447
8.798839550820244e-05	1	40	54354.51188960358
3.227439720626109e-05	1	22	54230.95137236894
9.419242128621981e-05	1	20	53371.96936975429
2.730957079238806e-05	1	39	54357.13229195527
8.920086179874593e-05	1	40	52655.4661852312
9.419242128621981e-05	1	20	53999.8491120739
3.227439720692096e-05	1	22	52779.38902390308
8.970003266482213e-05	1	40	53789.93952138781
2.730957079238806e-05	1	39	54523.15015574219
3.227439720626109e-05	1	22	52551.42123658167
9.419242128621988e-05	1	20	55650.75032136439
8.99211471615561e-05	1	40	53362.37811954079
2.730957079238806e-05	1	39	51825.449580577086
9.419242128621981e-05	1	20	53569.33316336127
3.2274397206309656e-05	1	22	54132.98389001476
2.730957079238806e-05	1	39	54180.26173029115
8.915077205597174e-05	1	40	54275.36339072097
9.419242128621988e-05	1	20	53290.23336792121
3.227439720630443e-05	1	22	54093.77339755429
8.945555884536796e-05	1	40	54834.01893302889
2.730957079238806e-05	1	39	54509.86011437055
9.419242128621981e-05	1	20	54116.798546076694
3.227439720626109e-05	1	22	55555.328109710616
8.984289172985815e-05	1	40	53703.90162713036
2.730957079238806e-05	1	39	52808.75457511667
1.4648979012316482e-05	1	21	54126.172511263634
2.464745446563581e-05	1	37	55059.54601441001
8.969506081770444e-05	1	40	53343.47214491605
6.826313661357533e-05	1	20	52853.283412879704
3.227439720626109e-05	1	22	53898.342165583395
9.419242128621981e-05	1	20	53616.159235145045
8.89553552618561e-05	1	40	55256.497554550275
2.730957079238806e-05	1	39	53887.84496222998
9.419242128621981e-05	1	20	54426.06050462626
3.227439720626109e-05	1	22	54541.111865352665
2.730957079238806e-05	1	39	52870.83456278682
8.903797684197793e-05	1	40	52393.262179825084
6.826313661357513e-05	1	20	54950.89059206866
1.4648979012316482e-05	1	21	54567.39418552098
2.464745446563581e-05	1	37	53059.01569928153
8.891447967910183e-05	1	40	54000.44293492992
6.826313661357513e-05	1	20	55580.438745695516
1.4648979012316482e-05	1	21	53732.864256351226
2.0043338856971787e-05	1	37	52913.93116630206
8.92518582498042e-05	1	40	56254.186248819
1.4648979012316482e-05	1	21	54797.61970862981
6.82631366135819e-05	1	20	54651.14606170633
1.816014983325921e-05	1	37	54215.89727909919
9.049392795769154e-05	1	40	54124.49498950384
6.826313661357743e-05	1	20	53130.649794234756
1.4648979012316482e-05	1	21	54850.7466574602
1.816014983325921e-05	1	37	53808.69203376209
9.040765885973687e-05	1	40	52526.69838063514
1.4648979012316482e-05	1	21	53707.304699670036
6.826313661357513e-05	1	20	53456.27240063398
1.8160149833650128e-05	1	37	54763.580086170165
8.986738350225339e-05	1	40	53629.13431392561
1.4648979012316482e-05	1	21	54424.24091464115
6.826313661357513e-05	1	20	54101.50594370605
1.816014983335258e-05	1	37	53177.07926886974
8.944119260976347e-05	1	40	52129.99921268166
6.826313661357738e-05	1	20	53711.36279255538
1.4648979012316482e-05	1	21	53276.79466850611
8.996214669485395e-05	1	40	53745.20080365119
1.816014983325921e-05	1	37	53420.00770075876
6.826313661357513e-05	1	20	54215.390496819186
1.4648979012316482e-05	1	21	53625.26908967019
1.8160149833259422e-05	1	37	55298.866720665515
9.02586477299194e-05	1	40	53713.49123416882
6.826313661357513e-05	1	20	53512.47126694308
1.4648979012316482e-05	1	21	55510.00144610878
1.8160149833788733e-05	1	37	53826.277034165025
9.029319217389762e-05	1	40	53621.0931607274
6.826313661357513e-05	1	20	55101.65627572421
1.4648979012316482e-05	1	21	54889.97464260323
1.9193934298331583e-05	1	37	53199.131586825555
8.960165951693153e-05	1	40	53824.3412279384
1.4648979012316482e-05	1	21	53161.655937896925
6.826313661357545e-05	1	20	52923.802419959604
9.005591041461653e-05	1	40	54647.649087807855
1.8680595659601878e-05	1	37	54577.50528127657
6.826313661357704e-05	1	20	57551.60315492881
1.4648979012316482e-05	1	21	52405.5375283909
8.928642264235663e-05	1	40	54128.27249855329
1.816014983385346e-05	1	37	53359.59116671468
1.4648979012316482e-05	1	21	54868.20475694279
6.826313661358757e-05	1	20	53689.9563419549
9.217156963166566e-05	1	40	52910.933906177575
1.816014983325921e-05	1	37	53301.534494164494
1.4648979012316482e-05	1	21	55068.526917639094
6.826313661357513e-05	1	20	54436.88641905382
9.261909549333222e-05	1	40	53348.400338151674
1.816014983325921e-05	1	37	54840.26924105723
1.4648979012316482e-05	1	21	52040.65953222631
6.826313661357513e-05	1	20	53387.795567084366
1.8160149833265673e-05	1	37	54108.14031962606
9.283638969879601e-05	1	40	53644.17219218248
1.4648979012316482e-05	1	21	54272.346629905085
6.826313661357662e-05	1	20	53151.8103288654
1.816014983325921e-05	1	37	53819.79860870787
9.325636719627597e-05	1	40	54229.906281947915
6.826313661357513e-05	1	20	55032.43561753924
1.4648979012316482e-05	1	21	53833.57402785888
1.81601498335992e-05	1	37	54316.47573432247
9.21984328318658e-05	1	40	53183.84967764438
1.4648979012316482e-05	1	21	55683.466917828075
6.826313661357513e-05	1	20	54939.44273251301
1.816014983329617e-05	1	37	56947.749071202874
9.323372888940739e-05	1	40	53848.309047876886
6.826313661357513e-05	1	20	54199.89547603223
9.287233144466322e-05	1	40	53507.275476718736
2.4647454465675575e-05	1	37	54036.93165063945
1.4648979012316482e-05	1	21	53788.23480349621
6.826313661358856e-05	1	20	54119.493262531825
1.4648979012316482e-05	1	21	54297.86703738213
9.325267598086519e-05	1	40	56951.29945044738
2.464745446563581e-05	1	37	52524.49099472892
1.4648979012316482e-05	1	21	55395.09210343606
6.826313661357656e-05	1	20	53288.47005306804
8.930327558364393e-05	1	40	55236.63571810749
1.816014983325921e-05	1	37	53351.00278058992
6.826313661357555e-05	1	20	53119.78833422108
1.4648979012316482e-05	1	21	53014.233629446804
1.8160149833292406e-05	1	37	54148.33030651886
8.789536378201167e-05	1	40	56918.16504097371
6.826313661357513e-05	1	20	54445.64745537828
8.745141861613698e-05	1	40	53773.10249022479
4.0592198677588264e-05	1	39	52239.693606449735
1.2088313284225491e-05	1	31	52620.1832806923
4.589897314835806e-05	1	20	54773.902153455885
9.419242128622011e-05	1	20	56122.621598687234
1.2088313284247133e-05	1	31	53877.59786298341
8.288478060257692e-05	1	40	53629.806953313004
9.419242128621981e-05	1	20	53620.918770777345
1.2088313284225491e-05	1	31	55448.12760469544
4.589897314835806e-05	1	20	52621.8798047036
8.090136894892159e-05	1	40	53829.36501966245
9.41924212862202e-05	1	20	53016.13000628416
4.589897314835806e-05	1	20	53988.79719058625
1.2088313284225491e-05	1	31	54784.3460531509
7.902999748627861e-05	1	40	53926.02729285136
4.589897314835806e-05	1	20	53081.85960178775
9.41924212862199e-05	1	20	53559.53777108124
7.97676196893192e-05	1	40	55212.34227358444
1.2088313284338542e-05	1	31	53736.31810319672
1.2088313284225491e-05	1	31	53389.038183924655
4.589897314835806e-05	1	20	53743.0599233605
9.419242128621981e-05	1	20	55156.96789964117
8.31952587221294e-05	1	40	53724.264046520366
1.2088313284316426e-05	1	31	54467.410871579516
8.16264090580165e-05	1	40	53775.22609173812
9.419242128621981e-05	1	20	53502.06102039729
4.589897314835806e-05	1	20	54142.54444122874
8.20683163297177e-05	1	40	54953.894069568494
9.419242128621981e-05	1	20	53868.56609054236
4.589897314835806e-05	1	20	54298.694182182975
1.2088313284225491e-05	1	31	53236.45427029351
6.826313661357513e-05	1	20	54574.705973755255
8.551071556514747e-05	1	40	52554.250142227764
1.208831328428841e-05	1	31	52590.23134504486
4.0592198677588264e-05	1	39	53455.71888753341
9.419242128621991e-05	1	20	53801.03436068676
1.2088313284225491e-05	1	31	53347.88237238043
4.589897314835806e-05	1	20	53170.74781931026
8.445309437181405e-05	1	40	55170.84819890062
6.826313661357513e-05	1	20	53549.015119439784
4.0592198677588264e-05	1	39	53108.989717833785
1.2088313284225491e-05	1	31	53814.65864077184
8.571636004256696e-05	1	40	53451.39215285677
9.419242128621995e-05	1	20	54441.92227923587
4.589897314835806e-05	1	20	53956.9071884277
7.574405636316104e-05	1	40	55147.48330948965
1.208831328422635e-05	1	31	55143.54467196076
1.2088313284228609e-05	1	31	54372.00671323575
6.826313661357568e-05	1	20	54026.84986719571
4.0592198677588264e-05	1	39	54527.58557538626
8.5957182942675e-05	1	40	52757.565258255636
8.712824908981546e-05	1	40	56045.64167296557
1.2088313284225491e-05	1	31	54314.63486132955
6.826313661357513e-05	1	20	54105.60653155635
4.0592198677588264e-05	1	39	53827.630674404725
9.419242128621981e-05	1	20	53645.61892332617
1.4648979012333153e-05	1	21	52562.54234553685
1.0013701660535479e-05	1	39	54599.57373916294
6.333422092000774e-05	1	40	52472.35370551007
9.419242128621981e-05	1	20	53728.90394809361
1.4648979012323066e-05	1	21	53555.769493940395
1.0013701660535479e-05	1	39	55465.82649485834
6.336639095107169e-05	1	40	54153.51198860337
1.4648979012316482e-05	1	21	51984.63093125892
9.419242128622191e-05	1	20	53582.86569628722
1.0013701660535479e-05	1	39	55258.04158103064
6.518297305693822e-05	1	40	53577.89604543226
9.419242128621981e-05	1	20	53247.092089719976
1.4648979012345462e-05	1	21	53406.50365537838
6.66402131626584e-05	1	40	53720.589385679246
1.0013701660535479e-05	1	39	53864.04739468036
9.419242128622073e-05	1	20	53726.20502600463
1.4648979012316482e-05	1	21	54211.031545353086
6.713368468507288e-05	1	40	54400.73689322173
1.0013701660535479e-05	1	39	54967.94200041733
1.4648979012316482e-05	1	21	53402.03024084088
9.419242128621987e-05	1	20	53367.7573365669
6.874212649395993e-05	1	40	54786.16688560937
1.0013701660535479e-05	1	39	53265.202449917415

Best value: 51680.39938685936 at [Gamma, Alpha, #Firefly] = [9.989243938088596e-05, 1, 39], found in 945.1397759914398 s