9.940062175744519e-05	4	35	98809.53486686031
5.867321905941615e-05	3	38	97351.63934739504
8.985875269631412e-05	3	32	92484.3224228666
6.152515653274081e-05	4	28	100889.19890404865
7.786205917566093e-05	4	26	99154.76997363007
2.011471065728194e-05	2	36	88078.18648078806
3.8255126343999755e-05	2	24	84391.86039377439
7.072082355120239e-05	2	35	85753.90902432897
2.911693608026884e-05	1	20	86254.76187495836
5.7089716637811175e-05	1	23	89342.2682079809
4.2827766058910515e-05	1	22	85457.66005804713
2.7957689571726146e-05	1	20	85400.16154538136
3.334632620917066e-05	1	28	87562.10714451957
4.569412553850325e-05	1	30	87059.76669920849
3.969628358070353e-05	2	25	85684.74225722083
3.820656217842504e-05	2	27	84900.70803998061
3.176219037622772e-05	2	21	85689.524185489
9.997192688161758e-05	1	34	87595.19016055494
0.0001	1	40	88938.76750548843
1e-05	3	20	86384.63834177266
1e-05	1	20	88945.84132092017
1.0076251040191574e-05	2	24	87484.8946771483
3.30938876786845e-05	2	24	85696.86724872846
4.3325118917025975e-05	2	20	84027.26460931858
4.222425672706808e-05	2	21	84109.82859760564
4.059416116305782e-05	2	22	89345.11059790285
5.302161742609073e-05	2	20	85075.30142729521
4.4322013368595e-05	2	20	83616.19640192702
0.0001	1	20	88836.22179696766
5.35437949699767e-05	2	20	87749.51384010148
3.0455659618130792e-05	2	20	84605.67007845559
4.152483537669186e-05	2	20	83454.8253642186
3.698056873534055e-05	2	20	84006.70089830412
3.0455659618130792e-05	2	20	85201.76941067872
4.2915623125907384e-05	2	20	83300.8138263902
2.9917874706936377e-05	3	20	86270.459956413
3.7382180092494203e-05	2	20	87121.09631255978
3.9195919679311405e-05	2	20	84904.22000877214
4.5647578489334227e-05	2	20	84503.39785582379
3.0904220953845777e-05	2	20	84100.97953948492
2.911693608026884e-05	1	20	86716.82734040181
4.5647578489334227e-05	2	20	85305.03774175573
3.0455659618130792e-05	2	20	83223.93285202254
3.912955612626107e-05	2	20	84308.78695189224
3.0455659618130792e-05	2	20	88130.2420984481
3.809267866051757e-05	2	20	87934.23183997918
4.5647578489334227e-05	2	20	85713.89904448729
3.713591318114014e-05	2	20	84158.709455971
3.0455659618130792e-05	2	20	84558.98912657388
4.5647578489334227e-05	2	20	86579.362735215
5.422955055435578e-05	1	40	89136.78786601248
4.0496766556962166e-05	2	20	85060.41794829372
4.5647578489334227e-05	2	20	86309.98539546494
3.912320343179295e-05	2	20	84350.76493302839
3.0455659618130792e-05	2	20	84354.74608495856
2.7092944719942507e-05	3	20	87828.78167994278
3.924112906837839e-05	1	20	87436.5142612749
4.777534673476036e-05	2	20	87788.4150226169
3.0455659618130792e-05	2	20	84752.40920940785
3.9360864944088204e-05	2	20	85035.15191942081
4.42974472909431e-05	2	20	88591.37445122922
3.685466634689309e-05	2	20	87435.21268420915
3.4709036890541094e-05	2	26	88907.19985723302
2.5260206040612444e-05	2	20	85196.1091579089
2.911693608026884e-05	1	20	88817.72928945142
3.4354281411445684e-05	2	20	88530.90886980842
4.2915623125907384e-05	2	20	87544.55043783814
2.0136990190793185e-05	2	20	83556.35160269246
1.8729574047852354e-05	1	20	86426.06795432152
2.9945241908829067e-05	2	20	86639.47803540179
4.2915623125907384e-05	2	20	86030.11676303436
1.4641364353159752e-05	2	20	83938.99680049949
2.2550932401890986e-05	2	20	91530.29751117779
1.2225353891044826e-05	2	20	85868.55458603606
3.0904220953845777e-05	2	20	85201.4343887949
4.2766546368500536e-05	2	20	84146.1723188885
2.9917874706936377e-05	3	20	91301.75009651617
4.7989319516883665e-05	2	20	86253.66679338973
2.0136990190793185e-05	2	20	85516.28592957505
3.858316903640227e-05	2	20	85372.67219875334
2.911693608026884e-05	1	20	87263.52565217199
2.0136990190793185e-05	2	20	83622.60755649964
3.898211903235272e-05	2	20	85179.51280784442
5.054628100924788e-05	2	20	85758.55893332086
5.054628100924788e-05	2	20	86190.65579861548
3.9103338477605036e-05	2	20	85891.97984962891
2.0136990190793185e-05	2	20	84959.72654847546
1.0671070901872205e-05	2	20	86800.68300720524
2.0136990190793185e-05	2	20	86674.1967920866
4.7989319516883665e-05	2	20	83327.71346972375
3.890334007241873e-05	2	20	84896.6016906287
3.0400812765424028e-05	2	25	84076.5760892357
3.9361112108894255e-05	2	20	85199.04522471131
2.0136990190793185e-05	2	20	84605.6007078599
3.0959147919429106e-05	2	25	84214.82282933095
4.9315027771556706e-05	2	21	83150.96390836868
5.2813411208844005e-05	2	22	85895.10594158135
3.3015514370319214e-05	2	25	87984.26847386122
4.0138461889312185e-05	2	20	84759.71046867955
2.363910800609995e-05	2	20	87640.61244999897
5.331034941458605e-05	2	21	84594.26880180584
2.0136990190793185e-05	2	20	84369.70010424446
3.1712724958239325e-05	2	25	86991.39766025665
4.083510800992412e-05	2	20	84984.83095531758
3.365105027654384e-05	2	24	86324.32727902815
5.447546921708396e-05	2	21	87728.38638017159
4.1542000117441284e-05	2	20	85200.06372558737
2.0136990190793185e-05	2	20	86418.35108289208
5.2813411208844005e-05	2	22	84866.8968018248
3.3436448862513066e-05	2	24	87831.31478478377
2.0136990190793876e-05	2	20	84036.04182145449
4.0994864566116555e-05	2	20	84663.4304015434
3.1404508156630265e-05	2	20	85181.19525803848
2.0136990190793185e-05	2	20	87567.69991596245
4.16770355710848e-05	2	20	84853.22889067307
5.2813411208844005e-05	2	22	85904.36031624094
3.157086547928154e-05	2	20	86716.63069886847
4.161753960252242e-05	2	20	88982.0561075874
5.2813411208844005e-05	2	22	84524.63027292503
2.0136990190793185e-05	2	20	83808.6708571964
5.323517881891966e-05	2	22	89181.82589891671
2.0136990190793185e-05	2	20	83240.27401357994
4.1888523050820954e-05	2	20	83643.65518298329
3.3436448862513066e-05	2	24	88916.34521768603
5.003424572790776e-05	1	20	85664.69723611888
4.155568661641574e-05	2	20	85969.21538771728
1.0671070901872205e-05	2	20	84461.02711838113
2.0136990190793185e-05	2	20	87085.5388586728
5.003424572790776e-05	1	20	88016.62178673483
2.0136990190793185e-05	2	20	85692.58336875566
4.183787734693425e-05	2	20	83247.64022320828
1.0671070901872205e-05	2	20	84035.64715050165
4.180356485224231e-05	2	20	86089.04867418112
1e-05	2	20	86041.69470257555
5.35437949699767e-05	2	20	84798.33686047357
2.363910800609995e-05	2	20	82614.22439144623
2.8869175395205217e-05	2	20	86632.81699788764
1.732832534314014e-05	2	20	83914.57333382456
4.206740812719793e-05	2	20	83944.00917028544
5.809444115653487e-05	2	20	84610.15280015295
1.465729334034225e-05	2	20	89116.47729096578
4.327141343230703e-05	2	20	84894.26040179665
3.0455659618130792e-05	2	20	86739.90755889815
6.19101617414795e-05	2	20	81738.83412681485
4.2915623125907384e-05	2	20	88057.80186106577
2.0136990190793185e-05	2	20	89441.02590156236
6.192706359226782e-05	2	20	84389.72697450593
8.002137950379431e-05	2	20	85658.9592028115
8.002137950379431e-05	2	20	88651.51256080193
6.329571790447615e-05	2	20	84248.06097943941
1.5375010908679458e-05	2	20	84126.87590869899
4.2915623125907384e-05	2	20	84510.65944229878
5.949405634307736e-05	2	20	85383.46038360691
7.15318504750839e-05	2	20	82541.36357340762
4.2915623125907384e-05	2	20	84037.51792297584
1.5995047794668385e-05	2	20	82570.48848988373
7.401193580768738e-05	1	20	86113.21967349072
4.777534673476036e-05	2	20	87669.93411728297
1.2901285579669934e-05	2	20	84866.9713689866
6.335878151300656e-05	2	20	83569.48079104447
7.401193580768738e-05	1	20	86322.85780610464
1.1167474602163823e-05	2	20	84367.43713848462
6.367221493274022e-05	2	20	83289.54098884984
4.486716216588315e-05	2	20	84508.31558161027
4.777534673476036e-05	2	20	88345.89836583372
1e-05	2	20	83306.42310954568
7.568800748162198e-05	2	20	84006.22970087855
6.367347379154969e-05	2	20	84162.78347236731
1e-05	2	20	86279.04529958403
7.568800748162198e-05	2	20	84697.77416324604
6.486510006164115e-05	2	20	85950.52562622393
4.595833255958084e-05	2	20	85007.58541074388
6.48739530177751e-05	2	20	83249.56006265957
1e-05	2	20	85357.9558640112
4.6020737154449335e-05	2	20	86435.42191110192
7.582083163142837e-05	2	20	83105.91720493935
1e-05	2	20	87370.34340773158
6.627283511951367e-05	2	20	87850.60788333339
7.582083163142837e-05	2	20	82986.08425610756
5.35437949699767e-05	2	20	84776.40208281518
7.915576684795022e-05	1	20	87893.8349888671
6.699638128394775e-05	2	20	84693.40820790034
5.35437949699767e-05	2	20	85241.35393504224
1.2249334520588146e-05	2	20	83128.23167076032
1e-05	2	20	86753.936766753
4.554531523563861e-05	2	20	86963.48744838992
7.582083163142837e-05	2	20	84178.29252443032
6.542959089093232e-05	2	20	84676.83924026531
6.61421355816954e-05	2	20	87256.62204612824
1.3192203308554149e-05	2	20	86814.15518259474
7.582083163142837e-05	2	20	83085.23173544269
5.35437949699767e-05	2	20	86151.21486953787
7.915576684795022e-05	1	20	84765.78624775678
6.784051479769249e-05	2	20	84414.03073756659
5.35437949699767e-05	2	20	86774.345157171
1.3856930150811624e-05	2	20	84100.97591255276
7.577546329930148e-05	1	25	88952.60647797944
1.3552965886439625e-05	2	20	88292.89914707896
6.862344836740806e-05	2	20	85486.41543644144
5.35437949699767e-05	2	20	85215.50243960453
7.915576684795022e-05	1	20	89555.043207366
6.760877975273466e-05	2	20	87023.27694140251
4.6110503579904126e-05	2	20	84101.94250858355
1.5203938735236478e-05	2	20	84164.31943394194
4.358731482646765e-05	2	20	84039.55903883206
6.425846194431767e-05	2	20	82758.17829373512
1.5020324054371392e-05	2	20	84870.107358296
7.582083163142837e-05	2	20	84692.14074531065
4.380898669046657e-05	2	20	89527.26766234329
7.582083163142837e-05	2	20	85911.59716968182
1.4999388515182196e-05	2	20	84237.18974759195
6.448018361150029e-05	2	20	82983.10174277682
6.444207834020291e-05	2	20	85100.77595756912
7.582083163142837e-05	2	20	84455.53850243916
1.5000273484953236e-05	2	20	83774.24238921584
4.3787591804043256e-05	2	20	83613.60597603985
4.376666833274196e-05	2	20	86973.27032851684
7.582083163142837e-05	2	20	81809.1755954312
6.462987197341567e-05	2	20	84296.15048746146
1.4897107078414765e-05	2	20	85709.05262850336
4.451962403864227e-05	2	20	86958.49500624462
6.596998654313111e-05	2	20	85094.59098462573
1.4968935414777649e-05	2	20	85220.67099167632
7.582083163142837e-05	2	20	85860.88679149655
6.559546794197758e-05	2	20	83770.55687755682
7.582083163142837e-05	2	20	83851.43029815608
4.4531330065562383e-05	2	20	84844.28921952673
1.5002883929593721e-05	2	20	86903.70704719874
6.633359463605408e-05	2	20	85360.04096621128
7.582083163142837e-05	2	20	91176.85462717812
5.35437949699767e-05	2	20	84638.79823206943
1.5110589656803034e-05	2	20	83860.88269092762
7.401193580768738e-05	1	20	89685.08701775888
4.3810436571303775e-05	2	20	89100.19471591257
1.4910416682551698e-05	2	20	86689.82104570391
6.420625449368647e-05	2	20	84575.44928316463
7.568800748162198e-05	2	20	88771.41498260143
1.5083859432696978e-05	2	20	87009.06657702751
4.3834151246463474e-05	2	20	84655.28412781151
6.41814711928053e-05	2	20	84832.63658306577
1.5140696491598993e-05	2	20	88534.54733114963
6.35948663548255e-05	2	20	87652.65448348263
7.568800748162198e-05	2	20	84713.79698685353
4.385845709377583e-05	2	20	85076.69694706972
1.5386902389000456e-05	2	20	87777.82227293977
7.568800748162198e-05	2	20	85282.7512818209
6.36793299932856e-05	2	20	84136.29411425868
4.347179367584461e-05	2	20	84993.70929080427
1.5718516091629957e-05	2	20	86800.40600021585
6.372231034954622e-05	2	20	85037.66863050329
7.568800748162198e-05	2	20	84519.18083499461
4.354186617551292e-05	2	20	83965.89715765537
6.387321977673479e-05	2	20	88449.56006039992
4.348326128371041e-05	2	20	83576.85579124799
7.568800748162198e-05	2	20	84827.28349188004
1.4101485124531698e-05	2	20	83918.47792097484
4.3383012453254195e-05	2	20	86510.61090750976
7.568800748162198e-05	2	20	85287.009406221
1.2965259543815985e-05	2	20	84864.73005564585
6.393257558412123e-05	2	20	84378.38516605282
7.568800748162198e-05	2	20	88383.9686326965
6.403416834694223e-05	2	20	87438.35581728957
1.2159225785686666e-05	2	20	84304.46440813063
4.339219867564749e-05	2	20	84186.51887763124
7.568800748162198e-05	2	20	89256.69500791864
6.333563273498286e-05	2	20	85191.21157590553
4.310206273768167e-05	2	20	85143.93588399951
1e-05	2	20	85021.8457334957
1e-05	2	20	85856.60814511254
6.268414641606646e-05	2	20	84803.41010115953
4.2915623125907384e-05	2	20	87589.25357376813
7.568800748162198e-05	2	20	84646.99692968275
4.311527117301646e-05	2	20	86695.0828002917
1e-05	2	20	85758.42209563626
7.568800748162198e-05	2	20	83928.3287925803
6.291349869873685e-05	2	20	82926.37383230917
7.568800748162198e-05	2	20	86102.96334006802
4.344366022787729e-05	2	20	85948.38523617828
6.310131015776275e-05	2	20	84223.40576048446
1.1424255749775474e-05	2	20	84937.9976908596
1.063395569700572e-05	2	20	89476.163324569
6.303813216190334e-05	2	20	87847.09251043342
4.343394213690785e-05	2	20	84517.65478544505
7.568800748162198e-05	2	20	82491.902070694
1.7626017933705977e-05	2	20	87312.3759640811
7.582083163142837e-05	2	20	85492.99729254862
6.36624582433493e-05	2	20	83931.89905950436
4.341223407483212e-05	2	20	84607.07397620291
7.568800748162198e-05	2	20	85799.77369863118
1.7497576862768896e-05	2	20	83851.80307971752
6.364054698426336e-05	2	20	83965.81716877599
4.3403537941482806e-05	2	20	81677.51672566071
4.341805254978938e-05	2	20	86511.30320272519
1.7402926788738707e-05	2	20	88275.52532229903
6.347602897399531e-05	2	20	84635.68711604363
7.568800748162198e-05	2	20	83975.85452486078
4.339791477196022e-05	2	20	85435.23411048239
6.3748361370974e-05	2	20	84683.95388750428
1.6197952860361368e-05	2	20	84475.10313694218
7.568800748162198e-05	2	20	84752.39685617159
4.339756550997818e-05	2	20	87402.7778407224
6.389922531069558e-05	2	20	84896.10216679945
1.687655554590034e-05	2	20	86202.33019736932
7.568800748162198e-05	2	20	88920.04980002488
7.568800748162198e-05	2	20	88841.0221247874
1.622608824057419e-05	2	20	89018.54569288257
4.34154103966125e-05	2	20	85138.00399973855
6.341828957773584e-05	2	20	85419.39113199491
7.568800748162198e-05	2	20	84895.55886073827
6.298022991345669e-05	2	20	82687.37112368549
1.3492058532708542e-05	2	20	82852.80349917412
4.3182955832393324e-05	2	20	85798.1688590271
4.344962104182934e-05	2	20	85106.53619166178
7.568800748162198e-05	2	20	85325.07396341667
1.2622250165688987e-05	2	20	86445.45902800746
6.29769631609008e-05	2	20	84177.59177575895
7.568800748162198e-05	2	20	86198.08376533996
4.34366946421869e-05	2	20	84702.26171027774
1.3088370766278235e-05	2	20	85003.93084279483
6.298398764434289e-05	2	20	85046.02861233556
6.293120863311497e-05	2	20	85494.67000839072
1.2837408425866067e-05	2	20	85474.2441681126
4.343228732126121e-05	2	20	86626.7253610112
7.568800748162198e-05	2	20	85883.56287460338
6.297045286559741e-05	2	20	86929.30236303195
4.3424541412108786e-05	2	20	85199.19082872132
1.2824810649435387e-05	2	20	84341.22003529646
7.568800748162198e-05	2	20	85169.55048463559
7.568800748162198e-05	2	20	83481.4422107695
1.2336291066828629e-05	2	20	87290.4519366257
4.341552898580491e-05	2	20	84076.96659043386
6.311545018696921e-05	2	20	83325.01895390642
4.3398029861401526e-05	2	20	83612.74564770468
1.3419653863392058e-05	2	20	84536.23259967755
7.568800748162198e-05	2	20	84800.32610254784
6.325308897919264e-05	2	20	84498.77292345624
4.340475740135222e-05	2	20	87733.97969447482
6.330019620328864e-05	2	20	85520.6665272399
7.568800748162198e-05	2	20	84096.88128462258
1.310554391159579e-05	2	20	85082.43355661846
4.347231189011868e-05	2	20	88205.86399526347
6.353655068415204e-05	2	20	87276.91825817178
7.568800748162198e-05	2	20	89023.24244510128
1.3003310822175365e-05	2	20	84952.20208742333
1.289454092516675e-05	2	20	92262.70809892216
6.319787980289038e-05	2	20	84783.41263265481
7.568800748162198e-05	2	20	85580.59223725252
4.3410564373898065e-05	2	20	86123.82570009766
1.682186191477062e-05	2	20	87708.46988491474
7.568800748162198e-05	2	20	87199.77926777402
4.34323328529478e-05	2	20	83368.6242306054
6.316390449550496e-05	2	20	83176.47873238775
1.631582381651997e-05	2	20	87064.68007559801
7.568800748162198e-05	2	20	88207.5443185529
4.344706028110179e-05	2	20	85285.5028693185
6.291161953583074e-05	2	20	85439.61486702411
7.568800748162198e-05	2	20	85200.04445490391
4.318486669218998e-05	2	20	83106.20996555909
6.271088874476948e-05	2	20	83959.64432134962
1.3660224286567505e-05	2	20	85144.86146772126
6.266126673852996e-05	2	20	85969.1114210094
1.3424559481259187e-05	2	20	86712.02457553393
7.568800748162198e-05	2	20	83270.94598016278
4.318006192678189e-05	2	20	83644.30891522429
6.28889100362052e-05	2	20	88455.59977978119
7.568800748162198e-05	2	20	83635.0748267633
1.3864863111605092e-05	2	20	84356.27917374011
4.3127137312764954e-05	2	20	83611.49158927433
6.323829829265495e-05	2	20	88455.85854129338
4.309397035118058e-05	2	20	89750.02242611042
1.3555410505924537e-05	2	20	85288.04266029818
7.568800748162198e-05	2	20	83536.24343482319
1.3894928855808344e-05	2	20	87093.1109157206
7.582083163142837e-05	2	20	87113.72671115694
4.3159043261009525e-05	2	20	87631.64136799985
6.372584657172336e-05	2	20	84605.02727034141
7.582083163142837e-05	2	20	85695.25222032727
1.4377278118220177e-05	2	20	83978.40341379457
6.362003141956619e-05	2	20	83661.62330067782
4.3416056103097854e-05	2	20	85589.57309365983
1.401565330327903e-05	2	20	88273.72199465334
6.362639080058578e-05	2	20	84931.36177231529
4.340685240883758e-05	2	20	85840.59317629563
7.582083163142837e-05	2	20	82746.67198139986
6.39072533283018e-05	2	20	87028.92444943887
1.562547135138843e-05	2	20	85116.18582327681
7.582083163142837e-05	2	20	84986.36321765014
4.3391139734653304e-05	2	20	85855.84379550013
6.39778865888838e-05	2	20	88430.7082850458
4.338721900826312e-05	2	20	85313.90032076265
1.465876455022673e-05	2	20	85797.32011987564
7.582083163142837e-05	2	20	83421.98915865803
6.42325203564296e-05	2	20	85528.0370456735
4.338060611232984e-05	2	20	83606.59788444114
7.582083163142837e-05	2	20	84228.91478309002
1.4702854729555456e-05	2	20	85655.23773098727
1.5920691691343315e-05	2	20	84173.11477068003
4.336646014415943e-05	2	20	89624.54230434145
7.582083163142837e-05	2	20	87052.38901026327
6.439530189926077e-05	2	20	84591.65219779559
4.337918415962357e-05	2	20	86623.20836962566
7.582083163142837e-05	2	20	86832.10088008353
1.6731129619296538e-05	2	20	84904.20669182498
6.42801616706419e-05	2	20	83334.03748702508
7.582083163142837e-05	2	20	91787.27404293751
4.337688251063946e-05	2	20	83578.18885068718
1.849401149363558e-05	2	20	84620.83532535715
6.421669672166412e-05	2	20	83487.97911188395

Best value: 81677.51672566071 at [Gamma, Alpha, #Firefly] = [4.3403537941482806e-05, 2, 20], found in 2748.9727187156677 s