4.8481768467213656e-05	4	28	102774.46470165167
6.263624223646316e-05	2	39	101255.8352427254
4.224465015010749e-05	4	29	99817.68876724537
9.322249252062417e-05	4	34	103578.45304197446
6.370070823353725e-05	3	26	97705.94525433793
1.9736296304689598e-05	3	23	95979.84662007469
7.365347461827717e-05	2	38	98529.32525039806
1.0256779361414153e-05	2	21	94371.3091865513
1.6318294578647095e-05	2	23	97648.67530787813
1.2042677187602314e-05	3	20	98366.21338739716
1.3516648964167258e-05	2	20	95384.91802475446
1.0760296897835198e-05	3	21	97928.37486191018
9.993352020497233e-05	1	20	96361.20564621675
5.166023765373192e-05	1	20	95058.93431540269
1e-05	1	20	95184.00637973168
1.143574016776125e-05	1	38	94332.13537203713
1e-05	1	20	97982.4417665237
1.0017629585173247e-05	1	22	95616.07292702018
4.20341685734014e-05	1	20	91575.02417425811
1.042868316604664e-05	1	32	96157.39085911277
7.806924243907237e-05	1	21	95058.15172760417
4.391347816048357e-05	1	20	96778.75272694776
1.0158315660166083e-05	1	20	92617.68250644863
1.3873626795692872e-05	1	37	95151.1636858047
3.5064668669815266e-05	1	20	96536.1964474421
0.0001	1	20	95025.18016126007
1.0158315660166083e-05	1	20	94425.35810160865
1.1435740167761344e-05	1	38	99350.44578285527
9.936844353707289e-05	1	20	95644.19727434822
2.6143420804359674e-05	1	20	97323.42403993952
1.1574750056733933e-05	3	20	95344.02971905704
1.042868316604664e-05	1	32	94171.94268143154
8.28938163905623e-05	1	20	95594.67630603984
1e-05	1	20	94069.95404976366
1.143574016776125e-05	1	38	98047.34452221014
9.695090974079422e-05	1	39	94859.64530473703
8.433234548520406e-05	1	20	93431.17953542556
1e-05	1	20	94398.10337117595
1.3516648964167258e-05	2	20	96621.38878274469
0.0001	1	40	95970.97471566433
6.548471069398096e-05	1	20	95537.69511899177
1.0577309450527893e-05	1	21	95840.18970700272
1.3873626795692872e-05	1	37	99879.2384619094
9.801443237137743e-05	1	31	96887.42141745705
6.263190228598424e-05	1	20	94805.54592711206
1.0158315660166312e-05	1	20	95685.67914214259
9.993352020497233e-05	1	20	95791.1986005612
9.695090974079422e-05	1	39	95688.9168433653
6.276939475043309e-05	1	20	96479.4451081585
1.0158315660166083e-05	1	20	96109.08680120234
9.993352020497233e-05	1	20	94230.73515114961
9.695090974079422e-05	1	39	99305.7364945785
1.0074522383525722e-05	3	20	99282.56153777555
5.166023765373192e-05	1	20	98423.45622069621
9.180949218789838e-05	1	20	95794.05118913419
1e-05	1	20	97540.56724114258
6.185792005519989e-05	1	20	94102.40459574165
0.0001	1	20	97416.91454619425
1e-05	1	20	95516.269922577
9.695090974079422e-05	1	39	95161.76057703118
7.508635611006352e-05	1	20	96080.9322416738
1.0577309450527928e-05	1	21	95750.9579725493
1.1574750056733933e-05	3	20	93823.52746907924
0.0001	1	40	97399.0683955484
1.015831566016611e-05	1	20	94127.52585847994
7.585464928476611e-05	1	20	94962.4013850341
1.3873626795692872e-05	1	37	94825.74399118416
0.0001	1	40	95219.24016363593
1e-05	1	20	94917.90093828738
8.960354450681543e-05	1	20	93210.02035934439
9.695090974079422e-05	1	39	100193.5189988705
1.0074522383525722e-05	3	20	96663.23319992435
8.135789457706568e-05	1	20	94938.77371639077
1.0577309450527676e-05	1	21	94757.1855347288
1.1574750056733933e-05	3	20	96748.47223572619
0.0001	1	40	96099.36613830081
9.006577421211275e-05	1	20	94956.66874721891
1e-05	1	20	95015.02067862981
1.0074522383525722e-05	3	20	94435.28758391812
0.0001	1	40	97008.90988094825
8.896381634707666e-05	1	20	93949.62255311596
1e-05	1	20	92596.5226661861
0.0001	1	40	98155.22982805653
1.0074522383525722e-05	3	20	95252.71690489507
1.0074522383525878e-05	3	20	102473.4689642416
1e-05	1	20	94976.16626788264
8.850532542211961e-05	1	20	94439.08474372339
9.509508700758676e-05	1	38	96731.37286384591
1e-05	1	20	98984.10409503109
5.166023765373192e-05	1	20	95188.7843407527
9.259681100004459e-05	1	20	94914.974679389
1.143574016776125e-05	1	38	97615.95625616859
1.0577309450527676e-05	1	21	95598.62066264753
8.4189028019577e-05	1	20	94819.37039073213
1.1574750056733933e-05	3	20	94025.20643362276
9.801443237137743e-05	1	31	95386.49885284984
1.0074522383525722e-05	3	20	99904.22187847462
1.0000000000000036e-05	1	20	94510.75314781955
8.494572289296091e-05	1	20	94031.37754132571
9.801443237137743e-05	1	31	94455.8828956718
8.630036925614974e-05	1	20	96705.98064521783
1.0074522383525722e-05	3	20	99870.85807085653
1e-05	1	20	93417.59131986916
9.801443237137743e-05	1	31	95457.32009900988
8.6898187914828e-05	1	20	95018.91549801333
1.8706008945146724e-05	1	20	94432.06955406717
1.042868316604664e-05	1	32	97175.8339222833
9.509508700758676e-05	1	38	95277.98311582115
1.3516648964167258e-05	2	20	96699.687386845
1.706729313889949e-05	1	20	95342.69340472296
8.666150626040632e-05	1	20	96811.83852865256
9.509508700758679e-05	1	38	97221.61266755495
5.166023765373192e-05	1	20	97047.62189134401
1e-05	1	20	94138.0858872418
9.879400738758862e-05	1	20	95248.5563632984
9.695090974079424e-05	1	39	98328.68402753996
1e-05	1	20	95188.33310339728
9.076127469120348e-05	1	20	94401.58410186945
4.440599856345445e-05	1	20	96061.24292121465
9.695090974079422e-05	1	39	95669.6728692194
1e-05	1	20	99070.49504350156
5.166023765373192e-05	1	20	95889.47492220455
9.285858605266294e-05	1	20	96584.39045010928
9.695090974079422e-05	1	39	96425.46348755585
8.985444952866673e-05	1	20	96880.40550461876
1e-05	1	20	93931.74853853817
9.509508700758676e-05	1	38	97908.35807956627
1.0074522383525722e-05	3	20	90992.90043983073
0.0001	1	20	98456.22236463847
1e-05	1	20	98243.09115887963
1.1574750056733933e-05	3	20	93362.81151543121
9.695090974079422e-05	1	39	95921.64324965545
8.054498724346942e-05	1	20	95862.17739094875
1e-05	5	20	97458.95874831779
1.0577309450527676e-05	1	21	94237.05488629041
9.695090974079422e-05	1	39	94889.12817772657
9.521125643817039e-05	1	20	96952.82913476344
1.2042677187602347e-05	3	20	95628.24154088782
1e-05	1	20	94272.01402538769
9.695090974079422e-05	1	39	94851.5652769484
1e-05	1	20	96575.96003046515
9.399452952441223e-05	1	20	94521.51156083446
9.695090974079422e-05	1	39	96361.03820606701
1.2042677187602314e-05	3	20	91294.56584553079
7.998988122927528e-05	1	20	94681.67975334536
1.0158315660166083e-05	1	20	93537.37437022435
1.039391869566386e-05	4	20	97028.14786809467
9.695090974079422e-05	1	39	94047.49561097543
9.15342843293781e-05	1	20	96203.50079105639
1.2042677187602314e-05	3	20	96700.34586412355
1e-05	1	20	94902.0660389663
9.695090974079422e-05	1	39	95598.93636284723
1e-05	1	20	95149.97500231124
9.088638173691501e-05	1	20	95313.81967896904
9.695090974079422e-05	1	39	98789.04317296385
1.2042677187602314e-05	3	20	96581.35035945762
1e-05	1	20	94798.09384258644
1.2042677187602314e-05	3	20	96932.77434324176
9.031412142596325e-05	1	20	96452.63214494265
9.695090974079422e-05	1	39	96149.93301759852
1e-05	1	20	97730.1915753665
9.038476112304237e-05	1	20	95510.9078034251
9.695090974079424e-05	1	39	96575.28899441246
1.2042677187602314e-05	3	20	93992.27505290626
8.89376351413768e-05	1	20	93704.33316297385
1e-05	1	20	96121.74960121878
1.2042677187602544e-05	3	20	97398.97968282229
9.695090974079422e-05	1	39	94673.16056382963
1.0158315660166083e-05	1	20	95592.2514769408
1e-05	5	20	96951.11088054797
7.917420210145986e-05	1	20	94630.94792258767
9.695090974079422e-05	1	39	95144.72170004669
1.0158315660166083e-05	1	20	96030.42155751896
7.878761719628743e-05	1	20	95639.47654956556
1e-05	5	20	98607.18055072875
9.695090974079422e-05	1	39	94956.58106167875
7.891541595621783e-05	1	20	96941.09394184308
1.0158315660166142e-05	1	20	96281.75022037514
9.695090974079422e-05	1	39	93931.31665500642
1e-05	4	20	93492.17065669487
8.019981761779806e-05	1	20	94647.46353298762
1.0158315660166178e-05	1	20	96030.52475645998
1e-05	5	20	97505.8380281239
9.695090974079422e-05	1	39	99683.8113004865
1.0158315660166163e-05	1	20	96638.0539730203
9.695090974079422e-05	1	39	100369.42374150881
1e-05	5	20	100697.3003226256
7.984527290679251e-05	1	20	93518.53027354048
7.894056079016317e-05	1	20	95843.28567310523
1e-05	5	20	98036.51251026592
1.0158315660166083e-05	1	20	94966.70001012897
9.695090974079422e-05	1	39	96227.95705413881
1.0158315660166329e-05	1	20	94170.87893550693
1.1382846692510315e-05	4	20	96849.73937897671
7.92093423150826e-05	1	20	95370.0151943502
9.695090974079422e-05	1	39	97190.2893600377
1.1382846692510315e-05	4	20	103084.32853391813
7.926738914713192e-05	1	20	94999.4360865776
1.0158315660166171e-05	1	20	93654.80723841966
9.695090974079422e-05	1	39	93913.80200290383
7.904609402657837e-05	1	20	94874.80974828005
9.695090974079422e-05	1	39	97604.00165026513
1.143574016776125e-05	1	38	96909.25854627315
1.0158315660166083e-05	1	20	96949.47624040455
1.0158315660166083e-05	1	20	99514.58642912388
7.881415325698357e-05	1	20	96752.1690240215
9.695090974079422e-05	1	39	95143.11726514251
1.143574016776125e-05	1	38	94513.08292861543
1.2042677187602314e-05	3	20	98046.84792238467
7.951288155040373e-05	1	20	96301.38169654686
1.0577309450527676e-05	1	21	94075.49622617736
9.695090974079424e-05	1	39	95861.75370149505
1.0577309450527691e-05	1	21	97227.4359286526
7.99655151917802e-05	1	20	92858.37155064438
9.695090974079422e-05	1	39	96592.37316850352
1.2042677187602314e-05	3	20	90750.35551339637
1.0158315660166083e-05	1	20	94937.56984653969
7.910858032900572e-05	1	20	95556.73266496779
9.695090974079422e-05	1	39	95794.58206882428
1.143574016776125e-05	1	38	97051.37999503144
1.0158315660166083e-05	1	20	94119.4197989944
7.92326787829821e-05	1	20	96667.63415436757
1.143574016776125e-05	1	38	98100.30271851226
9.695090974079422e-05	1	39	98277.38983478233
7.986319666418546e-05	1	20	96369.07589717284
1.2752020286148686e-05	3	20	95585.78399942919
1.0158315660166083e-05	1	20	95223.00058395012
9.695090974079422e-05	1	39	97329.42407581645
8.028166162779429e-05	1	20	96608.36333628726
1.0158315660166083e-05	1	20	94959.17312438275
1.2752020286148686e-05	3	20	93201.98519608607
9.695090974079422e-05	1	39	95885.40296958415
1.0158315660166083e-05	1	20	95576.63382168207
8.079904821162744e-05	1	20	97451.7455944743
1.2752020286148686e-05	3	20	94406.36188449088
9.695090974079422e-05	1	39	96411.47449880363
1.2042677187602314e-05	3	20	98872.89755874156
9.23371803417873e-05	1	20	99581.94090539006
1e-05	1	20	96007.87828235613
9.695090974079422e-05	1	39	98758.96408345205
1.2042677187602314e-05	3	20	96288.11818945437
1e-05	1	20	95684.687258598
9.288687459810498e-05	1	20	94259.31014281102
9.695090974079422e-05	1	39	96817.77106706107
1e-05	1	20	95569.12277900412
1.2042677187602314e-05	3	20	95249.55086308527
9.337073744805417e-05	1	20	92940.3906842112
9.695090974079422e-05	1	39	95404.46606963933
1e-05	1	20	95327.95304310054
1.2042677187602456e-05	3	20	96953.23496082064
9.317666745849129e-05	1	20	94962.95333327776
9.695090974079422e-05	1	39	96785.28064041154
1e-05	1	20	99457.80573508581
1.2042677187602314e-05	3	20	98976.808024469
9.495848938642468e-05	1	20	93568.21943702985
9.695090974079422e-05	1	39	94982.24448137182
1.0158315660166083e-05	1	20	96745.53317457216
8.519713736448662e-05	1	20	95143.799788756
1.1382846692510585e-05	4	20	95325.35879740992
9.695090974079422e-05	1	39	97077.7750877484
1.1382846692510315e-05	4	20	99909.86596775659
1.0158315660166083e-05	1	20	94008.20515824936
8.52161825082259e-05	1	20	94388.12821267673
9.695090974079422e-05	1	39	95315.01497275372
8.512481407000111e-05	1	20	97283.55168305791
1.0158315660166083e-05	1	20	94396.33416675778
1.2752020286148686e-05	3	20	93743.95818668047
9.695090974079422e-05	1	39	94495.54017685365
9.676292786949109e-05	1	20	99382.66665565524
1e-05	1	20	92885.06092889188
1.2752020286148686e-05	3	20	92798.25538139977
9.695090974079424e-05	1	39	95147.72822433319
8.990597050410579e-05	1	20	96446.07644880259
1e-05	1	20	95241.03757419129
1.2752020286148686e-05	3	20	94698.12818548015
9.695090974079422e-05	1	39	94832.2738011165
8.868089128400528e-05	1	20	96029.3466187546
1.2752020286148686e-05	3	20	97612.32247846779
1e-05	1	20	93469.38946633782
9.695090974079424e-05	1	39	95024.92409481654
8.850087251587464e-05	1	20	97876.59751685917
1.2752020286148686e-05	3	20	98061.69633347269
1e-05	1	20	95845.00346501137
9.695090974079422e-05	1	39	95901.23595342615
1e-05	1	20	95007.21509370627
8.928055001978482e-05	1	20	95740.19902174664
9.695090974079422e-05	1	39	97568.42411155354
1.2752020286148686e-05	3	20	93320.12406891806
7.806924243907237e-05	1	21	99229.11985518236
1e-05	1	20	93717.92366448801
9.695090974079424e-05	1	39	96268.58199979576
1.2752020286148686e-05	3	20	94022.78003360085
1e-05	1	20	95075.18471074251
8.885609633068188e-05	1	20	93948.54452127327
1.2752020286148686e-05	3	20	93870.22461248143
9.695090974079422e-05	1	39	95211.73687487171
1.2752020286148686e-05	3	20	97432.3367225631
8.791379164000833e-05	1	20	95623.5419034079
1e-05	1	20	94282.41597921193
9.695090974079424e-05	1	39	97824.54924111
9.695090974079422e-05	1	39	102657.02404660771
8.805957619494266e-05	1	20	94827.20736872207
1.2752020286148686e-05	3	20	95377.92866825747
1e-05	1	20	97164.38411379584
8.921368747050171e-05	1	20	94189.15914154817
1e-05	1	20	98047.1659991388
9.695090974079422e-05	1	39	95132.71886218693
1.2752020286148686e-05	3	20	89896.18050785846
1.2752020286148686e-05	3	20	99363.75532142393
9.695090974079424e-05	1	39	98559.27518760564
9.059933056887383e-05	1	20	94581.38583068138
1e-05	1	20	93943.30822234151
9.381643283476809e-05	1	20	93531.95060257893
1.2752020286148686e-05	3	20	97090.7480877861
1e-05	1	20	95945.71212070876
9.695090974079422e-05	1	39	96421.24052722393
9.475333396850685e-05	1	20	94336.76590951973
1.2752020286148686e-05	3	20	95678.8262127121
1e-05	1	20	93521.61442876492
9.695090974079424e-05	1	39	96026.87221921457
1e-05	1	20	96776.17096945566
1.2752020286148686e-05	3	20	98777.62913955329
9.501226801341641e-05	1	20	95880.13063519017
9.695090974079424e-05	1	39	98355.31429799514
9.949358995942419e-05	1	20	99434.30325757778
1e-05	1	20	96231.70186370228
1.2752020286148686e-05	3	20	93855.8523202937
9.695090974079424e-05	1	39	95552.68639414823
1e-05	1	20	95136.31452766639
9.115602302605019e-05	1	20	93443.00332858332
1.2752020286148686e-05	3	20	92958.05865208975
9.695090974079424e-05	1	39	95807.44117334932
8.997529017072164e-05	1	20	96956.81488199334
1e-05	1	20	98532.90064939379
1.2752020286148686e-05	3	20	95635.27405124139
9.695090974079424e-05	1	39	98227.42116882151
1.2752020286148686e-05	3	20	96346.90973009187
9.040148378941157e-05	1	20	96496.60239172325
1e-05	1	20	94688.09805564863
9.695090974079424e-05	1	39	98141.49179622617
1e-05	1	20	95402.04003512615
9.695090974079422e-05	1	39	96472.04162226705
9.017369157993163e-05	1	20	94372.6510199344
1.2752020286148686e-05	3	20	92880.83255749836
8.889318448588777e-05	1	20	97252.45948061121
1e-05	1	20	94225.27764113194
1.2752020286148686e-05	3	20	95661.1929743392
9.695090974079422e-05	1	39	95883.97262872703
8.846325281421211e-05	1	20	93547.64678362675
1e-05	1	20	94819.5958345153
9.695090974079422e-05	1	39	95430.80890527845
1.2752020286148686e-05	3	20	91349.63267901882
1e-05	1	20	94680.75959986118
8.697792573796093e-05	1	20	94687.64429388731
1.2752020286148686e-05	3	20	95251.4001805372
9.695090974079422e-05	1	39	98002.55403192934
8.655362741362696e-05	1	20	96086.16985818495
1.2752020286148686e-05	3	20	98123.37162797734
1e-05	1	20	94195.39954628744
9.695090974079422e-05	1	39	96036.34615702146
1e-05	1	20	96885.52158963098
8.707558283142633e-05	1	20	93456.29930081486
1.2752020286148686e-05	3	20	93983.95967118903
9.695090974079424e-05	1	39	95566.06046466286
1e-05	1	20	94549.49478300766
8.655145057821555e-05	1	20	92692.21208813007
9.695090974079424e-05	1	39	95139.86382055243
1.2752020286148686e-05	3	20	90593.55056125096
1e-05	1	20	96247.99466223817
8.584898555946849e-05	1	20	97405.63609798889
1.2752020286148686e-05	3	20	95757.17631175833
9.695090974079424e-05	1	39	93046.14363404874
1e-05	1	20	97844.73187277967
8.603174974151803e-05	1	20	94937.61358783986
1.2752020286148686e-05	3	20	93498.14219650258
9.695090974079422e-05	1	39	95827.27689836833
1e-05	1	20	95125.26514340674
8.592639945062862e-05	1	20	94761.94121687645
1.2752020286148686e-05	3	20	94371.12797193397
9.695090974079424e-05	1	39	97402.30952068046
1.2752020286148686e-05	3	20	97810.91690699146
1e-05	1	20	94638.59026804211
8.584774025715425e-05	1	20	98339.74727245979
9.695090974079422e-05	1	39	100511.79612641378
1e-05	1	20	94608.62432280985
8.620758977210402e-05	1	20	95440.4102319883
9.695090974079424e-05	1	39	92472.5168441809
1.2752020286148686e-05	3	20	91586.39568699161
1e-05	1	20	95254.47526046449
8.607805585149167e-05	1	20	95344.08108769439
1.2752020286148686e-05	3	20	93928.61226943386
9.695090974079424e-05	1	39	95180.0367650684
8.607444598150429e-05	1	20	97657.9065660941
1e-05	1	20	97037.81658366323
1.2752020286148686e-05	3	20	91530.62323782506
9.695090974079425e-05	1	39	98804.58444261675
8.604897935440606e-05	1	20	97550.94879267747
1.0577309450527676e-05	1	21	98983.63970182596
1.246936418878117e-05	3	20	96225.80106983393
9.695090974079422e-05	1	39	94440.82097708638
8.647278888847737e-05	1	20	95363.07290045405
1e-05	1	20	95515.36340283246
1.2752020286148686e-05	3	20	96683.98042673187
9.695090974079422e-05	1	39	97088.21668042731
8.641730387622585e-05	1	20	97132.57100608708
9.695090974079422e-05	1	39	101613.62784388161
1e-05	1	20	94494.2104074513
1.2752020286148686e-05	3	20	94440.24295059277

Best value: 89896.18050785846 at [Gamma, Alpha, #Firefly] = [1.2752020286148686e-05, 3, 20], found in 2469.7633924484253 s