8.914032546897445e-05	1	26	83846.53046321597
1.0372491315838513e-05	2	28	87776.08830825966
2.028851774521875e-05	1	39	84061.51407524607
2.63528241203556e-05	2	30	80527.60360893306
9.349649175789328e-05	3	24	96190.54863667036
2.448273898145368e-05	4	39	97812.32056176949
2.5296218089487753e-05	3	33	91290.10851680097
2.115710359313886e-05	3	35	88122.13897922874
2.995129477906876e-05	2	28	91349.25422454772
2.3105640963920242e-05	1	27	82336.52641465022
2.1353860233995443e-05	2	32	85578.1855788412
2.5328493334571418e-05	1	30	78991.11557750804
2.3819334040866647e-05	2	30	93679.94037006075
2.158180986763302e-05	2	30	85978.83978082433
2.421835104337462e-05	2	29	89595.90482110705
2.532960683743727e-05	1	29	82685.7266218351
1.0213227906897232e-05	4	22	96414.93716178775
9.757151403940398e-05	4	38	100402.43521059887
9.725567590544159e-05	1	20	80023.98355668067
2.532960683743727e-05	1	29	83065.96288213653
4.119468058456855e-05	1	20	84184.3023972707
1.0032170665384744e-05	1	25	82508.36484951411
8.952280616754812e-05	1	23	83261.7773194431
5.138829566602093e-05	1	35	83051.20267092118
1e-05	1	20	84564.7695727889
0.0001	1	40	91181.4472421237
2.1529374874929506e-05	1	39	87585.73781481346
7.152016132985028e-05	1	20	81188.59976573927
6.0126876539692534e-05	1	20	86917.32531682655
4.642946178969818e-05	1	31	86847.7193728742
1.5428269435210568e-05	1	24	80532.91278746749
9.725567590544159e-05	1	20	81598.78704772503
1e-05	1	20	81767.08537201174
5.15053772267165e-05	1	20	83505.26813244373
9.320124580500388e-05	1	20	82272.24938964994
1.0370700267112872e-05	1	33	85736.81553275509
9.34966170605376e-05	1	20	83949.39327627434
1e-05	1	20	80398.64991016766
5.15053772267165e-05	1	20	84394.79148638598
1.759555834770233e-05	1	33	82159.27523092802
4.047639309898756e-05	1	20	87445.50214027848
9.455894680924965e-05	1	20	86387.52698285949
1e-05	1	20	82868.03664793436
1.0370700267112938e-05	1	33	83611.90712262336
4.047639309898756e-05	1	20	81420.5952360849
1e-05	1	20	82265.33773687798
9.165524999108627e-05	1	20	79384.51298800267
1.759555834770233e-05	1	33	83643.2284612336
1e-05	1	20	89031.71766226231
3.924606319152646e-05	1	23	87837.9801182861
9.322412280116174e-05	1	20	81315.55217387364
1.0370700267112872e-05	1	33	85566.21681494905
1e-05	1	24	85914.19851707405
2.9152797852992114e-05	1	30	84856.26616456007
9.718012849862542e-05	1	20	82359.98280330728
6.979579988073113e-05	1	20	81593.56049310873
9.233586186083205e-05	1	20	87685.5399130842
1.759555834770233e-05	1	33	86645.40305478002
1e-05	1	23	84365.43178639741
6.095364938792245e-05	1	21	79277.90510204654
7.865248132476353e-05	1	20	83792.57602082547
2.63133704616611e-05	1	20	82153.2153212323
9.725567590544159e-05	1	20	83148.0913218353
1.759555834770233e-05	1	33	86974.43861267042
9.725567590544159e-05	1	20	84395.2830119413
7.869065404520941e-05	1	20	82750.41418487333
2.6313370461663316e-05	1	20	80438.01313671988
1.759555834770294e-05	1	33	84795.74186832535
9.725567590544159e-05	1	20	83994.50120466451
7.518802690650612e-05	1	20	82261.5962568733
2.631337046166763e-05	1	20	79813.99171259117
1.1532615057021709e-05	1	28	85286.11092922099
7.952676532974925e-05	1	20	87738.85958275529
1.0032170665384744e-05	1	25	85241.32768269716
5.638327623178503e-05	1	24	77754.31793986737
2.786964374168161e-05	1	20	81060.85097152974
5.138829566602093e-05	1	35	93064.76214906415
1.5235372340143671e-05	1	24	87754.53800855711
5.4404180138930515e-05	1	20	81304.72048020666
0.0001	1	20	80918.50687306897
9.725567590544159e-05	1	20	86100.5043303952
1.7197752223674796e-05	1	20	79758.2956428744
5.815400669611761e-05	1	20	79242.38162597874
1.759555834770233e-05	1	33	83200.22497145059
0.0001	1	20	82569.7934582064
5.4184303030895077e-05	1	20	79610.68016814145
1.7197752223674796e-05	1	20	81224.92054440608
1.759555834770233e-05	1	33	83991.17173255514
1.7197752223675145e-05	1	20	81083.79332636342
5.3287916138042144e-05	1	20	85819.04593467373
0.0001	1	20	80562.41783187784
1.759555834770233e-05	1	33	83973.49857375663
0.0001	1	20	89818.86390944234
7.513508265709416e-05	1	20	83431.65894676246
5.077644742540116e-05	1	20	84845.43742501466
1.719775222367522e-05	1	20	81616.8660735577
7.878383480847492e-05	1	20	89327.5955622554
2.792512403772467e-05	1	20	85136.4675197563
5.15053772267165e-05	1	20	82475.89764280962
1.0032170665384744e-05	1	25	81687.45449591488
2.5191122043161896e-05	1	20	80663.42413723642
1.1532615057021709e-05	1	28	84706.92063470122
7.817628008309599e-05	1	20	81988.36596833628
5.15053772267165e-05	1	20	79652.50986085745
9.725567590544159e-05	1	20	87903.69353832742
2.839308714579161e-05	1	20	84995.00431701555
1.0032170665384744e-05	1	25	88037.33135083823
6.979579988073113e-05	1	20	82876.90950930177
3.303326151199537e-05	1	20	86233.74620435176
1.0032170665384744e-05	1	25	82489.83149614454
8.31298798527333e-05	1	20	84201.3105340502
5.9642781336790816e-05	1	20	81892.59194583846
9.974223684169417e-05	1	20	87849.16818213406
5.047122511986159e-05	1	20	77968.43901792359
1.7197752223674796e-05	1	20	79557.89802468708
1.759555834770233e-05	1	33	79739.19014076104
4.667257766998752e-05	1	20	85744.1622148126
1.7197752223674796e-05	1	20	83035.42675392707
7.513508265709416e-05	1	20	81117.34164606941
1.759555834770233e-05	1	33	83716.24459155311
2.916701713877201e-05	1	20	79089.13092107305
1.0032170665384744e-05	1	25	84233.27009477364
9.725567590544159e-05	1	20	84456.02654626674
6.979579988073113e-05	1	20	85806.28183229234
1.0032170665384744e-05	1	25	87412.71757031197
6.979579988073113e-05	1	20	80012.57835945609
9.725567590544159e-05	1	20	81987.99049955445
2.8881795573175877e-05	1	20	79216.59605294534
6.979579988073113e-05	1	20	81975.25212278248
3.207296862741116e-05	1	20	84597.87430251761
9.725567590544159e-05	1	20	81698.85995062611
1.0032170665384744e-05	1	25	82355.06069268314
1.7197752223674796e-05	1	20	87374.59985837685
4.8959652119219894e-05	1	20	82281.983728343
7.513508265709416e-05	1	20	80758.08174913279
1.759555834770233e-05	1	33	80495.49301130649
9.733961815387758e-05	1	20	82760.08670266294
1.719775222367484e-05	1	20	85260.10044895051
5.3267559819987564e-05	1	20	82585.35982733917
1.759555834770233e-05	1	33	85309.68815589765
5.4186081963401025e-05	1	20	89193.72253583587
1.759555834770233e-05	1	33	91132.07214602252
9.825050004754154e-05	1	20	80954.55031938829
1.719775222367487e-05	1	20	83267.88326245615
1.7197752223674796e-05	1	20	81705.94543658788
5.259658078131674e-05	1	20	80374.4707962961
0.0001	1	20	77797.54927343813
1.759555834770233e-05	1	33	85843.99233493244
0.0001	1	20	85265.8510971431
1.7197752223674796e-05	1	20	83098.26255346485
5.2247798549234424e-05	1	20	81520.57521564112
1.759555834770233e-05	1	33	82649.70755506154
0.0001	1	20	82950.22089994074
1.7197752223674796e-05	1	20	86589.06161515991
5.218152443489612e-05	1	20	82886.41271716337
1.759555834770233e-05	1	33	87273.56425293005
1.759555834770233e-05	1	33	93553.02135564985
0.0001	1	20	86487.14866748861
1.7197752223674796e-05	1	20	83197.92731766701
5.4067887610331334e-05	1	20	82769.02598881994
1.759555834770233e-05	1	33	86350.06217785458
0.0001	1	20	85739.6345597614
1.7197752223674796e-05	1	20	80054.51436082799
5.2987176549018934e-05	1	20	83348.10116068857
9.867452438442531e-05	1	20	84316.93820400817
1.7197752223674796e-05	1	20	85966.37369196674
1.759555834770233e-05	1	33	84282.17137948373
5.113457599324725e-05	1	20	83442.11880421526
0.0001	1	20	85648.66991969435
1.759555834770233e-05	1	33	88991.4329366728
1.7197752223674796e-05	1	20	84229.98828694364
5.307531232046696e-05	1	20	81672.5445554862
9.971545367075337e-05	1	20	84472.8424291618
5.354125056289496e-05	1	20	84503.99509933278
1.759555834770233e-05	1	33	91017.99139685354
1.7197752223674796e-05	1	20	80172.73582048358
5.18480617342399e-05	1	20	85858.97164808397
1.7197752223674796e-05	1	20	79353.2752332177
9.819780609723846e-05	1	20	84375.73877030682
1.759555834770233e-05	1	33	87988.427281475
1.0032170665384744e-05	1	25	90062.82847796411
2.77570186483717e-05	1	20	82302.09044327354
7.753372534552718e-05	1	20	82778.55430406974
9.725567590544159e-05	1	20	80518.9486116222
9.92591775962933e-05	1	20	79972.58685509015
1.7197752223677995e-05	1	20	87519.82048091816
5.270869018462088e-05	1	20	82235.72895884408
6.979579988073113e-05	1	20	82092.13140001851
1.719775222367584e-05	1	20	84507.40221433555
5.685315438074924e-05	1	20	81261.34521793382
0.0001	1	20	82099.54419585112
3.341355799801848e-05	1	29	83581.16355024446
0.0001	1	20	86572.29716545292
5.7077554855129394e-05	1	20	87425.22695049965
1.7197752223674796e-05	1	20	85118.37750599369
3.341355799801848e-05	1	29	83528.88289454911
0.0001	1	20	83759.31281490659
5.4976239163343145e-05	1	20	81859.2730712539
1.7197752223674796e-05	1	20	83759.59597638257
3.75684535891038e-05	1	31	87443.3889554607
5.652167663502642e-05	1	20	87535.1078215511
0.0001	1	20	82804.68932230305
1.7197752223674796e-05	1	20	82635.59418165135
2.9152797852992114e-05	1	30	85699.67772271279
5.9642781336790816e-05	1	20	83555.55683018295
8.21293706571498e-05	1	20	85111.81705825987
1.0032170665384744e-05	1	25	82701.99753720849
3.0496361104711756e-05	1	20	84811.01434738708
5.9642781336790816e-05	1	20	84996.64017081674
8.172091147859822e-05	1	20	83476.46889999339
2.958790199966138e-05	1	20	83528.89164857774
1.0032170665384744e-05	1	25	85361.74447455714
8.163444183021734e-05	1	20	90093.1217023062
5.9642781336790816e-05	1	20	86639.72067883878
2.9237836922549158e-05	1	20	84961.26336875283
1.0032170665384744e-05	1	25	87761.91907772298
8.44887839580348e-05	1	20	81164.40608366177
1.0032170665384744e-05	1	25	83407.40776311215
2.9160219884011795e-05	1	20	80580.23630794791
5.9642781336790816e-05	1	20	81503.83047763252
8.365201596962271e-05	1	20	85541.54897685038
1.0032170665384744e-05	1	25	86156.55141510653
2.9592977004418998e-05	1	20	85121.41832514964
5.9642781336790816e-05	1	20	81702.62155265668
3.023839126670162e-05	1	20	85420.09582703335
8.40229831753171e-05	1	20	83261.62354300746
5.9642781336790816e-05	1	20	81645.53455383515
1.0032170665384744e-05	1	25	80822.31822299211
1.7197752223674796e-05	1	20	83273.26012761537
0.0001	1	20	82260.58615446306
5.1496641075866135e-05	1	20	84101.48584273302
1.759555834770233e-05	1	33	82500.73339190827
8.178908742638694e-05	1	20	83405.93503419438
5.9642781336790816e-05	1	20	83739.04681760998
2.8432120725229433e-05	1	20	82535.82534168568
1.0032170665384744e-05	1	25	81871.71281600173
2.7629844296426632e-05	1	20	85542.32163311412
5.15053772267165e-05	1	20	83364.82191047636
1.0032170665384744e-05	1	25	84607.39568089199
7.958241395483007e-05	1	20	84643.59708459799
8.020955595833958e-05	1	20	84087.50496207566
5.15053772267165e-05	1	20	80938.58838602644
1.0032170665384744e-05	1	25	85013.67267436766
2.7345038802527743e-05	1	20	81997.35536452438
8.112645750323515e-05	1	20	79487.90141795074
2.8697289490983824e-05	1	20	86490.8138287932
1.0032170665384744e-05	1	25	86282.24679458975
5.9642781336790816e-05	1	20	82417.88908529369
9.725567590544169e-05	1	20	80877.8612457373
5.783119609063291e-05	1	20	80278.32759322434
1.719775222367555e-05	1	20	80468.45472138766
1.759555834770233e-05	1	33	87940.59287315967
6.979579988073113e-05	1	20	85645.56774448771
2.7334147493490707e-05	1	20	85431.27164859745
1.0032170665384744e-05	1	25	87353.2574073297
9.725567590544159e-05	1	20	81093.9782120493
6.979579988073113e-05	1	20	90427.2154031418
2.7572616234831758e-05	1	20	81402.36821691424
9.725567590544159e-05	1	20	83780.53739908601
1.0032170665384744e-05	1	25	80489.01304369666
5.15053772267165e-05	1	20	81393.32172983389
8.620773534694148e-05	1	20	79083.48583024704
2.6788567942189963e-05	1	20	85943.33457294026
1.0032170665384744e-05	1	25	82518.15207274181
5.15053772267165e-05	1	20	87473.22577065827
8.52911378787935e-05	1	20	82117.95031324918
2.6800813920018352e-05	1	20	80047.56895060306
1.0032170665384744e-05	1	25	85931.70510001549
2.5862169194260016e-05	1	20	88757.85666428966
5.15053772267165e-05	1	20	80177.75707195587
8.495084215732602e-05	1	20	81194.64867121464
1.0032170665384744e-05	1	25	79272.98491350698
2.485365664364519e-05	1	20	83215.1298480034
5.15053772267165e-05	1	20	82269.14665972233
1.0370700267112872e-05	1	33	84863.95893558826
8.362636490433677e-05	1	20	78984.36985473384
8.108604223053648e-05	1	20	87070.25406484683
2.519992574391451e-05	1	20	84939.82360464004
5.15053772267165e-05	1	20	81506.9510208434
1.0370700267112872e-05	1	33	85090.91198375718
5.588657129164384e-05	1	20	82560.51366358879
1.0370700267112872e-05	1	33	84959.95730377498
0.0001	1	20	81180.06446073286
1.7197752223675196e-05	1	20	83278.75163585097
2.6874391159171972e-05	1	20	87796.03927366296
5.15053772267165e-05	1	20	86452.39296975607
1.0032170665384744e-05	1	25	85699.60526264254
8.550866702862516e-05	1	20	88461.35359854654
5.15053772267165e-05	1	20	83439.9462024587
2.2446500228110363e-05	1	20	83961.68302399194
8.364402693501268e-05	1	20	85532.36394956923
1.0370700267112872e-05	1	33	82262.96173606724
7.302384999329393e-05	1	20	84180.29811923149
9.725567590544159e-05	1	20	82458.71901003575
2.1644199626016995e-05	1	20	81163.40305764267
1.0370700267115955e-05	1	33	83361.54826292557
8.776571670256382e-05	1	20	84517.11912524166
5.15053772267165e-05	1	20	81006.7394843077
2.0885389475650692e-05	1	20	83930.66067507643
1.0370700267112872e-05	1	33	83284.25812208845
1.7197752223674796e-05	1	20	81524.53968661158
5.521972934625917e-05	1	20	83275.48431317357
0.0001	1	20	82467.52035678722
1.0370700267112872e-05	1	33	84090.37703049254
1.990899219601244e-05	1	20	89782.6988039718
5.15053772267165e-05	1	20	81338.49748520575
9.116131681405111e-05	1	20	84057.93487687923
1.0370700267112872e-05	1	33	81662.51639382337
1.7197752223674796e-05	1	20	84481.92208555987
5.557416901730989e-05	1	20	83296.7381229108
1.0370700267112872e-05	1	33	91591.48390350402
0.0001	1	20	84153.96910699522
0.0001	1	20	81074.92068131361
1.7197752223676555e-05	1	20	83631.19815607808
1.0370700267112872e-05	1	33	87514.16040947325
5.52753342739718e-05	1	20	82526.13562459082
0.0001	1	20	84904.33210837304
5.5169863920724374e-05	1	20	82191.94069704133
1.7197752223674796e-05	1	20	82461.39141423682
1.0370700267112872e-05	1	33	83528.43568185791
0.0001	1	20	82662.22545963619
5.527146249521966e-05	1	20	83162.31265834538
1.0370700267112872e-05	1	33	85632.08442789783
1.7197752223674796e-05	1	20	83986.91314783644
1.7197752223674796e-05	1	20	84132.89136861746
5.52787878286079e-05	1	20	81464.38066686025
0.0001	1	20	81613.54942561533
1.0370700267112872e-05	1	33	84588.66193802898
1.7197752223674796e-05	1	20	83363.16038950092
0.0001	1	20	84269.03923399207
5.534296870793215e-05	1	20	81332.7784781771
1.0370700267112872e-05	1	33	84856.50501216485
5.542498763227626e-05	1	20	81812.12770319132
1.7197752223674796e-05	1	20	85063.08425269705
1.0370700267112872e-05	1	33	91759.52060620999
0.0001	1	20	82628.8472227305
1.7197752223674796e-05	1	20	87308.76121040936
0.0001	1	20	87286.80615325616
5.526620970837128e-05	1	20	82189.9272017024
1.0370700267112872e-05	1	33	78454.39670913403
5.554608450209427e-05	1	20	82640.8728848833
0.0001	1	20	86832.7222851425
1.0370700267112872e-05	1	33	85470.5802138906
1.7197752223674796e-05	1	20	81690.14521526948
5.555105531880221e-05	1	20	82941.91711890501
1.719775222367643e-05	1	20	81686.05736555906
0.0001	1	20	80231.99090057811
1.0370700267112872e-05	1	33	79061.66852905527
0.0001	1	20	79406.62295303577
1.7197752223674796e-05	1	20	84046.43610865124
5.561700337280427e-05	1	20	79372.56354668432
1.0370700267112872e-05	1	33	82949.37307777371
1.7197752223674796e-05	1	20	85249.96470722677
0.0001	1	20	82701.22972051892
5.571144408864184e-05	1	20	80492.15361602922
1.0370700267112872e-05	1	33	86448.84345462939
1.7197752223674796e-05	1	20	82042.10282949459
5.576429357794499e-05	1	20	86838.21945257258
0.0001	1	20	80562.58875176501
1.0370700267112872e-05	1	33	82501.78915415503
0.0001	1	20	80933.95003746623
1.7197752223674796e-05	1	20	79760.6323134397
5.564222458224033e-05	1	20	83139.73078626864
1.0370700267112872e-05	1	33	81681.11588576855
0.0001	1	20	84730.88832795157
5.5641207043545446e-05	1	20	83183.76891519032
1.7197752223675162e-05	1	20	81674.76765492138
1.0370700267112872e-05	1	33	84328.21158730537
0.0001	1	20	78530.14085365966
5.566610713904966e-05	1	20	79423.97048416435
1.7197752223674796e-05	1	20	83429.47621427335
1.0370700267112872e-05	1	33	85752.37026129472
5.569345958833364e-05	1	20	83388.24352550994
1.7197752223675088e-05	1	20	82295.04037235209
0.0001	1	20	84714.16496436192
1.0370700267112872e-05	1	33	84159.56010048818
0.0001	1	20	88069.63945923478
5.572042155539323e-05	1	20	85127.39191665708
1.7197752223674796e-05	1	20	81811.31937769082
1.0370700267112872e-05	1	33	81405.32474526549
0.0001	1	20	86643.39655688088
5.575361458302829e-05	1	20	88040.19255745976
1.7197752223674952e-05	1	20	78833.31456462627
1.0370700267112872e-05	1	33	79907.61528064586
5.567595440424642e-05	1	20	82617.76906178315
0.0001	1	20	86811.8110109961
1.0370700267112872e-05	1	33	86585.42027096117
1.719775222367539e-05	1	20	80905.68091826943
5.568602830047544e-05	1	20	83395.75391319365
1.7197752223674796e-05	1	20	85932.14579918911
0.0001	1	20	80158.06919530166
1.0370700267112872e-05	1	33	87233.42589630545
5.555844004708324e-05	1	20	83036.6098908561
0.0001	1	20	80635.18164897486
1.7197752223674796e-05	1	20	82050.5533325344
1.0370700267112872e-05	1	33	85334.85076751013
0.0001	1	20	81071.57868091324
5.5531113809497824e-05	1	20	79103.73694155454
1.0370700267112872e-05	1	33	81489.7662953977
1.7197752223675457e-05	1	20	81805.16541783618
0.0001	1	20	87791.60525509092
5.568981518101609e-05	1	20	82002.43493657901
1.7197752223674796e-05	1	20	83624.58356424038
1.0370700267112872e-05	1	33	86741.10497761337
5.570892483529568e-05	1	20	81311.21776299056
1.7197752223674796e-05	1	20	87127.11567911536
0.0001	1	20	82084.41763774958
1.0370700267112872e-05	1	33	78221.35618045693

Best value: 77754.31793986737 at [Gamma, Alpha, #Firefly] = [5.638327623178503e-05, 1, 24], found in 2269.3640263080597 s