2.9382768863101073e-05	3	23	95999.58403569456
3.600373666484712e-05	1	25	94450.81544985686
7.320623445796631e-05	1	26	93510.05428320121
2.055210539911482e-05	3	28	95984.41763246401
6.296153968322116e-05	2	32	97971.77699001883
4.802980281435467e-05	4	35	104425.78672650363
2.5467521111521026e-05	4	29	96825.80434966182
7.636917484988219e-05	3	24	98782.76409565397
6.80907335606118e-05	1	27	90822.86303726582
5.312186682136122e-05	1	21	91585.07655040706
7.998138225083413e-05	1	23	92103.35146450317
6.622431801376938e-05	1	22	92950.34336593379
0.0001	1	28	97227.36741750439
5.100504349788827e-05	1	20	97820.00561991958
1e-05	1	20	91559.41020232969
3.582244353167501e-05	1	20	86909.93002224344
1e-05	5	20	100575.23689813528
2.4524754906186107e-05	1	20	90843.55522651912
8.266554719930262e-05	1	20	94222.36279271833
1.497465115877881e-05	1	39	97999.27508039733
1.0314197666630891e-05	2	20	95259.08647957373
9.848704639576898e-05	1	39	94288.8707755595
2.7689952323152068e-05	1	20	93621.28983899392
7.288421611712298e-05	1	21	93351.28118318977
9.848704639576898e-05	1	39	98454.92669107295
9.393811117775652e-05	1	20	93205.63271137199
1.0223189868440782e-05	1	28	96586.65663427253
3.1326345875562435e-05	1	20	86745.75840561581
1.1881141370158722e-05	1	20	95145.86202580477
3.3715041900681944e-05	1	20	93065.5464256946
5.517338086926363e-05	1	39	99700.74295506145
8.266554719930262e-05	1	20	86832.93350562923
0.0001	5	20	103419.0321286966
1.1881141370158722e-05	1	20	97658.27251610556
9.393811117775652e-05	1	20	91868.57482318864
4.2367528617523496e-05	1	20	89825.93910499552
9.393811117775652e-05	1	20	92455.5414740838
1.1881141370158722e-05	1	20	94087.33619193592
4.6130436410531906e-05	2	20	92920.92491879365
5.220193006734641e-05	1	20	93408.93393798835
9.393811117775652e-05	1	20	95372.84672693357
4.6130436410531906e-05	2	20	95792.46855157016
1.1881141370158722e-05	1	20	91033.06104204802
5.429401926292521e-05	1	20	94109.63000744845
1.1881141370158722e-05	1	20	96892.06942031712
6.825285016407511e-05	1	30	97073.44894575693
9.393811117775652e-05	1	20	94424.6618279789
4.375981541637928e-05	1	20	93617.18238249309
1.1881141370158722e-05	1	20	98471.78193551203
4.440973799139004e-05	1	20	91554.61782641178
4.5094916804346205e-05	3	20	92683.95626279978
9.393811117775652e-05	1	20	93745.88218454579
9.393811117775652e-05	1	20	92167.0527599549
4.5094916804346205e-05	3	20	98938.18677825178
4.6045371753783156e-05	1	20	93658.14549805752
1.1881141370158722e-05	1	20	91420.48734372924
1.1881141370158722e-05	1	20	93645.4179289802
4.8460003126511874e-05	1	20	97318.51912385454
9.984071177933997e-05	1	38	96682.0604162048
9.393811117775652e-05	1	20	86029.18468236903
1.9008848587257126e-05	3	20	97703.3706894479
7.627042689023619e-05	1	20	93857.55568366287
1.1881141370158722e-05	1	20	97541.0362415492
9.97148147860185e-05	1	21	91294.81616775486
9.97148147860185e-05	1	21	94330.74824943632
8.056733752849516e-05	1	20	92265.346143916
1.0346016197898771e-05	3	21	97540.81680906382
2.5768349216292058e-05	1	20	93114.3943546759
1.54975319542797e-05	3	20	99762.48870624286
7.808134570246675e-05	1	20	94855.36336528439
9.97148147860185e-05	1	21	95312.83700030461
2.5768349216292058e-05	1	20	88769.70293015364
9.984071177933997e-05	1	38	95726.59387122095
4.194982496425457e-05	1	20	94587.14904592188
9.393811117775652e-05	1	20	94406.93352448875
1.1881141370158722e-05	1	20	91614.56865943254
9.984071177933997e-05	1	38	98603.58760637553
1.1881141370158722e-05	1	20	92390.05555576303
4.213825815280548e-05	1	20	91358.20561159181
9.393811117775652e-05	1	20	90874.36955664468
4.1326004275363304e-05	1	20	95549.6342611721
1.1881141370158722e-05	1	20	96653.59991818531
9.393811117775652e-05	1	20	92205.11137663397
9.984071177933997e-05	1	38	95517.97213345316
2.5768349216292058e-05	1	20	97047.47659971668
9.97148147860185e-05	1	21	93396.44362457014
1.2181013041642885e-05	1	36	92241.57428478611
7.843475773894974e-05	1	20	88914.79772900273
9.97148147860185e-05	1	21	95559.19524067287
1.1881141370158722e-05	1	20	91515.78084461104
3.4698451065095816e-05	1	39	97240.3015403344
7.705550413187843e-05	1	20	90004.13993344324
7.48385883599004e-05	1	20	93840.60471575346
9.97148147860185e-05	1	21	94607.66722120224
1.781657159614827e-05	1	37	97300.25889239111
1.1881141370158722e-05	1	20	85912.99091317806
9.97148147860185e-05	1	21	99446.21255463881
1.1881141370158722e-05	1	20	91253.71613575662
1.781657159614827e-05	1	37	98484.40780896872
7.240156818786168e-05	1	20	89136.99642479703
1.1881141370158722e-05	1	20	97011.31866292837
9.97148147860185e-05	1	21	92567.65779860562
6.827561264629632e-05	1	20	93671.71832130988
1.2181013041642885e-05	1	36	94711.44199584347
9.97148147860185e-05	1	21	91974.11325762578
1.781657159614827e-05	1	37	98073.71520975477
1.1881141370158844e-05	1	20	94106.01885835202
6.947428821074548e-05	1	20	90217.14430225264
9.97148147860185e-05	1	21	93275.38915121979
1.188114137015901e-05	1	20	92129.68687523033
7.033326405231377e-05	1	20	92527.17464211781
1.2181013041642885e-05	1	36	93794.95053552634
1.2181013041642885e-05	1	36	98000.66056455717
1.1881141370158722e-05	1	20	91070.9662532962
9.97148147860185e-05	1	21	93723.70475491753
7.047021051360607e-05	1	20	87823.58441261276
9.97148147860185e-05	1	21	95748.10579048471
1.1881141370158722e-05	1	20	95671.46488327642
7.000774549471476e-05	1	20	90876.04039144458
1.2181013041642885e-05	1	36	95333.7783764196
6.977257536638877e-05	1	20	94523.61583987296
9.97148147860185e-05	1	21	93043.83793461074
1.2181013041642885e-05	1	36	93824.77475903886
1.1881141370158722e-05	1	20	89248.58352449744
1.1881141370158722e-05	1	20	96709.65941289203
6.947336685312275e-05	1	20	92892.57209573728
1.2181013041642885e-05	1	36	95777.53561465803
9.97148147860185e-05	1	21	88641.78127704357
1.1881141370158722e-05	1	20	92430.40087763511
7.124319660012498e-05	1	20	92455.52170360943
9.97148147860185e-05	1	21	91937.50744109182
1.2181013041642885e-05	1	36	93960.44426991895
1.2181013041642885e-05	1	36	97546.07646167884
1.1881141370158722e-05	1	20	91355.01685525164
9.97148147860185e-05	1	21	90861.37507916406
7.188794076536026e-05	1	20	88997.35884379387
7.242353176382745e-05	1	20	97396.57936849083
9.97148147860185e-05	1	21	95690.17161830836
1.1881141370158722e-05	1	20	92676.23171408627
1.2181013041642885e-05	1	36	98363.82346359857
1.1881141370158722e-05	1	20	97102.24906367219
7.129711935328057e-05	1	20	95700.72372736427
9.97148147860185e-05	1	21	93044.1695900202
1.2181013041642885e-05	1	36	94334.07375467518
1.2181013041642885e-05	1	36	98660.75254590937
1.1881141370158898e-05	1	20	93404.59045373033
7.21773106987949e-05	1	20	93197.53047876242
9.97148147860185e-05	1	21	88457.5249959365
1.2181013041642885e-05	1	36	98053.94213488343
9.97148147860185e-05	1	21	93142.65944058124
1.1881141370158722e-05	1	20	92312.792719826
7.52723347251545e-05	1	20	87804.31454060896
7.498579781274221e-05	1	20	94998.21748346492
4.5094916804346205e-05	3	20	95525.69307077226
1.1881141370158722e-05	1	20	95733.72787768114
9.97148147860185e-05	1	21	93328.94380472443
7.511973811003263e-05	1	20	90916.89459328454
3.7279422659723884e-05	3	20	99110.04996156768
9.97148147860185e-05	1	21	89766.15146627497
1.1881141370158722e-05	1	20	95522.6575655389
1.1881141370158722e-05	1	20	95452.4840597416
4.100624176588834e-05	1	37	98651.62747714015
9.97148147860185e-05	1	21	94283.06245994089
7.727799493892386e-05	1	20	90536.55768131402
9.97148147860185e-05	1	21	94781.07031752942
1.2181013041642885e-05	1	36	98659.97566053578
7.734971644025044e-05	1	20	91199.55691494771
1.6366294095283515e-05	1	20	92163.71132065094
4.5094916804346205e-05	3	20	94843.74869873752
7.656029985859932e-05	1	20	94452.0193318668
1.6723672884841205e-05	1	20	90474.54292323026
9.97148147860185e-05	1	21	92355.06245661368
9.97148147860185e-05	1	21	95837.52656394853
7.658206432775708e-05	1	20	96131.10387153941
4.5094916804346205e-05	3	20	99541.1752960068
1.6706237004079687e-05	1	20	91278.97639348533
7.570659603622229e-05	1	20	90168.92484743106
1.1881141370158722e-05	1	20	92409.66057314847
9.97148147860185e-05	1	21	93030.68727053383
1.2181013041642885e-05	1	36	95256.69197094301
7.572204933906738e-05	1	20	98192.81037354063
9.97148147860185e-05	1	21	95994.91998607044
1.2181013041642885e-05	1	36	95136.60211910831
1.1881141370158722e-05	1	20	96042.29519640544
1.1881141370158722e-05	1	20	96863.47841227196
7.454974905934334e-05	1	20	90746.24291253286
1.2181013041642885e-05	1	36	94107.04589835065
9.97148147860185e-05	1	21	94517.70786911277
1.1881141370158722e-05	1	20	99356.81761133939
9.97148147860185e-05	1	21	96509.5417332655
7.405617926170681e-05	1	20	91914.31563409907
1.2181013041642885e-05	1	36	93480.62413251256
1.1881141370158722e-05	1	20	98769.8028949446
9.97148147860185e-05	1	21	89650.08851264017
7.304475740460102e-05	1	20	92191.47116021028
1.781657159614827e-05	1	37	90439.60570939841
1.1881141370158722e-05	1	20	97776.12435818157
7.43321294391244e-05	1	20	95630.89812334797
1.781657159614827e-05	1	37	99431.40064071782
9.97148147860185e-05	1	21	87513.33884856656
7.816009366643641e-05	1	20	96906.25883965149
9.97148147860185e-05	1	21	89054.99167776038
1.1881141370158722e-05	1	20	93015.73119664226
1.781657159614827e-05	1	37	94450.47121326563
8.156948857569019e-05	1	20	93892.89904585383
1.7773141794632904e-05	1	20	95432.88036132476
1.2181013041642885e-05	1	36	93498.86149004438
9.89715316732443e-05	1	26	92289.71740890089
1.78939267722447e-05	1	20	91454.81225355144
8.265845825585448e-05	1	20	92413.20522636641
1.2181013041642885e-05	1	36	95571.51416433655
9.878295282766835e-05	1	28	92897.27386755486
1.8461154580506024e-05	1	20	92591.66681980672
8.30525770411124e-05	1	20	93101.5648450808
1.2181013041642885e-05	1	36	96670.39946865702
9.878295282766835e-05	1	28	95906.31957939337
1.2181013041642885e-05	1	36	102193.97066681458
9.878295282766835e-05	1	28	99550.24235648452
8.226568062039481e-05	1	20	89702.29140831383
1.830087917247548e-05	1	20	89947.06867126767
1.8245110910234365e-05	1	20	95172.62260060901
7.991843919899959e-05	1	20	88391.32455330393
9.97148147860185e-05	1	21	90643.41338058132
1.2181013041642885e-05	1	36	92999.69422989083
1.2181013041642885e-05	1	36	99663.63473686978
1.9924613300218385e-05	1	20	95624.19079359504
8.14605513047822e-05	1	20	97021.84127892357
9.927207622087467e-05	1	20	88948.40842415963
8.496215872008676e-05	1	20	95372.25914319512
9.745279571841617e-05	2	20	96395.76425048236
2.157017653559472e-05	1	20	93966.66840072756
1.2181013041642885e-05	1	36	93889.65336681354
1.9320671718379688e-05	1	20	94764.2854684496
9.745279571841617e-05	2	20	95052.06212973296
8.400809881631193e-05	1	20	92801.01928610675
1.2181013041642885e-05	1	36	94881.71823039907
9.745279571841617e-05	2	20	95490.76765645128
1.2181013041642885e-05	1	36	96958.85121757358
8.408715774405966e-05	1	20	88329.8098624535
1.9217105262274506e-05	1	20	88740.97751089964
9.927207622087467e-05	1	20	98661.76061097934
1.9777777663829464e-05	1	20	91284.20523904485
1.2181013041642885e-05	1	36	92265.4718901305
8.360767193458686e-05	1	20	87611.18337790675
1.2181013041642885e-05	1	36	95258.06085856717
1.9882465467209864e-05	1	20	93942.35425046728
9.97148147860185e-05	1	21	94186.29302533837
8.106893752756886e-05	1	20	91689.6913725662
9.97148147860185e-05	1	21	93703.465136752
1.2181013041642885e-05	1	36	95868.27603864898
8.064307681642762e-05	1	20	92293.58203745022
1.9927763766918272e-05	1	20	93059.15318370108
9.97148147860185e-05	1	21	95056.92567656662
1.9942940632949054e-05	1	20	92049.97136280253
8.043114559610921e-05	1	20	92535.21968181315
1.2181013041642885e-05	1	36	92151.4863595278
1.2181013041642885e-05	1	36	97911.92443603186
9.97148147860185e-05	1	21	90852.22871088982
1.882003402620185e-05	1	20	87555.66817847225
7.960010790999326e-05	1	20	92183.65308621615
2.0020445958611705e-05	1	20	92461.23116402677
8.032992814199087e-05	1	20	95381.11722980639
1.2181013041642885e-05	1	36	98968.95004924476
9.97148147860185e-05	1	21	87705.66790931729
2.1615911964386215e-05	1	20	95477.61974279676
1.2181013041642885e-05	1	36	98118.03078324666
8.358751670399163e-05	1	20	92706.74181010424
9.89715316732443e-05	1	26	88835.20005516945
8.536945360653348e-05	1	20	96199.1787341297
9.878295282766835e-05	1	28	95434.75889118272
1.2181013041642885e-05	1	36	95784.16724173089
2.1307485916963348e-05	1	20	87582.66920552465
2.0239027990224966e-05	1	20	93992.74690049817
9.878295282766835e-05	1	28	95254.78731900985
8.415211107613442e-05	1	20	93074.58065798826
1.2181013041642885e-05	1	36	99205.78945378069
9.89715316732443e-05	1	26	92702.47443571391
8.378727386988936e-05	1	20	90878.42485253139
1.2181013041642885e-05	1	36	94195.24558358932
1.990562111213339e-05	1	20	90460.48486232421
8.424018069929084e-05	1	20	93451.52871698917
2.1682539884591345e-05	1	20	93056.6412975421
9.878295282766835e-05	1	28	94254.50646100564
1.2181013041642885e-05	1	36	98611.96112959308
1.2181013041642885e-05	1	36	97261.52602641906
9.878295282766835e-05	1	28	92953.19238884549
8.417854827459911e-05	1	20	89559.32609371828
2.1691892568298456e-05	1	20	90630.03998286651
8.444966354128265e-05	1	20	96107.04351760687
2.1817091288983393e-05	1	20	90324.93002344295
1.2181013041642885e-05	1	36	97198.64079560751
9.878295282766835e-05	1	28	92489.46340524951
8.477153175450266e-05	1	20	94124.93108206341
9.878295282766835e-05	1	28	96658.63455668515
1.2181013041642885e-05	1	36	96683.40254446199
2.197275523950168e-05	1	20	88115.71696059541
8.39984446943815e-05	1	20	91877.83429382992
2.5768349216292058e-05	1	20	92787.66562258748
9.878295282766835e-05	1	28	91822.48385808595
1.0547986989729692e-05	1	33	96300.4468289995
1.0547986989729692e-05	1	33	101916.63443405041
2.5768349216292058e-05	1	20	97110.5320198073
9.878295282766835e-05	1	28	94256.35186986956
8.484494775960748e-05	1	20	91752.79110131378
9.878295282766835e-05	1	28	98469.0673115652
2.2036281504794766e-05	1	20	92799.08376035192
1.2181013041642885e-05	1	36	95131.32254632411
8.411008661657156e-05	1	20	89401.31550329491
2.2114378630515625e-05	1	20	94290.54494999896
9.89715316732443e-05	1	26	93402.62051685825
1.2181013041642885e-05	1	36	94324.2923722668
8.320894056719332e-05	1	20	86627.65846400807
2.2011181072672952e-05	1	20	95753.28495266853
9.89715316732443e-05	1	26	93802.21465103597
1.2181013041642885e-05	1	36	95687.46437941793
8.323468914983321e-05	1	20	90194.24001313513
9.89715316732443e-05	1	26	94633.08549409482
2.1841648196220738e-05	1	20	91311.24018840275
8.329328591474936e-05	1	20	93040.308708852
1.2181013041642885e-05	1	36	91527.44699400838
8.318549479989593e-05	1	20	95952.54844365352
2.189294335149755e-05	1	20	95493.60661231307
1.2181013041642885e-05	1	36	95386.52151150687
9.89715316732443e-05	1	26	93376.9935578771
8.33706020601374e-05	1	20	95970.6988121207
2.1698127628981014e-05	1	20	89002.43245674523
1.2181013041642885e-05	1	36	97266.17982574925
9.89715316732443e-05	1	26	91828.25845826881
2.1831149794825454e-05	1	20	91435.5684095212
8.389347381418364e-05	1	20	93819.15811832766
1.2181013041642885e-05	1	36	98574.3158306913
9.89715316732443e-05	1	26	89575.79734650774
9.878295282766835e-05	1	28	92726.40999421803
8.56583024519464e-05	1	20	92365.22363748477
1.2181013041642885e-05	1	36	95361.44724239939
2.5768349216292058e-05	1	20	87826.35605446064
9.878295282766835e-05	1	28	93164.63176618241
1.2181013041642885e-05	1	36	98131.66686643718
2.5768349216292058e-05	1	20	87128.01882793919
8.62718778390414e-05	1	20	93195.30819154438
8.723534180985454e-05	1	20	93980.98681565172
1.0547986989729692e-05	1	33	99590.06913155841
9.878295282766835e-05	1	28	94067.71825165495
2.5768349216292058e-05	1	20	93821.237177302
2.5768349216292058e-05	1	20	96647.5323708424
8.663439493420784e-05	1	20	93189.48808796548
1.2181013041642885e-05	1	36	96408.56144125278
9.878295282766835e-05	1	28	89942.62808514788
2.5768349216292058e-05	1	20	96877.31088136829
8.665843577258712e-05	1	20	92686.24829969676
9.878295282766835e-05	1	28	92395.61659424713
1.2181013041642885e-05	1	36	93864.12238973241
2.5768349216292058e-05	1	20	93926.11606593641
9.878295282766835e-05	1	28	94897.39049281359
8.705166940144769e-05	1	20	91010.28895436843
1.2181013041642885e-05	1	36	92971.24838230421
9.878295282766835e-05	1	28	98032.74974340312
1.2181013041642885e-05	1	36	95564.16635176842
2.5768349216292058e-05	1	20	95505.86713724514
8.716946390995176e-05	1	20	87761.9858357312
8.698678654547125e-05	1	20	96897.63643645664
2.57683492162952e-05	1	20	95677.73977822234
9.878295282766835e-05	1	28	94943.34950863184
1.2181013041642885e-05	1	36	93926.74536720016
8.600055444520235e-05	1	20	95120.17308779473
2.142271383003268e-05	1	20	96856.85089914706
9.878295282766835e-05	1	28	94650.68050589466
1.2181013041642885e-05	1	36	94234.05821446807
8.569673099200685e-05	1	20	93721.20563270013
2.016465555176772e-05	1	20	90367.69322034034
9.878295282766835e-05	1	28	95157.85403357724
1.2181013041642885e-05	1	36	93947.87906174977
8.490621602295631e-05	1	20	95195.17518344293
1.963543850684382e-05	1	20	95343.00584181825
9.878295282766835e-05	1	28	92838.15319887405
1.2181013041642885e-05	1	36	96082.1642592332
1.2181013041642885e-05	1	36	97506.16429752384
9.878295282766835e-05	1	28	95253.22990854723
2.0117397550121523e-05	1	20	91989.31024897275
8.619666550092253e-05	1	20	89304.51587055066
2.125068929562355e-05	1	20	91223.14126242814
8.620263334808609e-05	1	20	89078.55909349165
9.878295282766835e-05	1	28	93841.90254947536
1.2181013041642885e-05	1	36	96559.00106446636
8.664487956767819e-05	1	20	91393.77425410486
2.1439918896418706e-05	1	20	95590.88442737905
9.878295282766835e-05	1	28	94287.80462991033
1.2181013041642885e-05	1	36	92897.25466651942
8.68644826086768e-05	1	20	96688.51168649299
2.1539387888445276e-05	1	20	89630.25109195536
9.878295282766835e-05	1	28	95609.10659859725
1.2181013041642885e-05	1	36	96882.68270724773
1.2181013041642885e-05	1	36	99390.1759383977
2.143081299457648e-05	1	20	96420.7369130975
8.49333476763508e-05	1	20	90464.49201514632
9.878295282766835e-05	1	28	90884.25670759329
2.1234828658325654e-05	1	20	95314.05263910763
8.604329733953655e-05	1	20	95551.92195066414
1.2181013041642885e-05	1	36	92700.91904578758
9.878295282766835e-05	1	28	94058.16789526555
1.9752419963284556e-05	1	20	91337.12695333474
8.582423932789905e-05	1	20	89153.98399565864
9.878295282766835e-05	1	28	93065.13970622358
1.2181013041642885e-05	1	36	99523.49337484979
1.2181013041642885e-05	1	36	100669.4851751802
9.878295282766835e-05	1	28	97791.12707586885
2.1160084523856637e-05	1	20	92736.14010349689
8.629478966026214e-05	1	20	90502.97027979902

Best value: 85912.99091317806 at [Gamma, Alpha, #Firefly] = [1.1881141370158722e-05, 1, 20], found in 1852.5328443050385 s