i:0	152990.2936955748
i:50	105354.68404281225
i:100	100596.108693687
i:150	99751.0171007517
i:200	98380.41496145961
i:250	97150.08022731758
i:300	97082.39670313506
i:350	93470.74143533062
i:400	93470.74143533062
i:450	93470.74143533062
i:500	93470.74143533062
i:550	93470.74143533062
i:600	93470.74143533062
i:650	93470.74143533062
best: 93470.74143533062
routes: [0, 79, 77, 80, 76, 71, 74, 72, 73, 75, 78, 58, 59, 60, 56, 57, 55, 54, 53, 51, 52, 9, 10, 5, 3, 6, 7, 8, 2, 1, 4, 0, 21, 22, 23, 24, 26, 25, 27, 29, 30, 28, 20, 19, 17, 18, 15, 14, 12, 11, 13, 16, 43, 48, 47, 49, 50, 46, 44, 45, 42, 41, 81, 82, 83, 85, 88, 87, 89, 84, 86, 90, 0, 38, 40, 36, 35, 37, 39, 34, 32, 33, 31, 96, 100, 99, 98, 97, 95, 92, 91, 93, 94, 61, 62, 63, 64, 65, 67, 69, 70, 68, 66, 0]
Elapsed time: 378.4753351211548

i:0	146180.58339203475
i:50	105209.35968624042
i:100	101749.32937861854
i:150	98889.7670230594
i:200	98050.65578162442
i:250	98050.65578162442
i:300	98050.65578162442
i:350	98050.65578162442
i:400	98050.65578162442
i:450	98050.65578162442
i:500	98050.65578162442
i:550	97795.03010558143
i:600	97524.40379794787
i:650	96973.11764773454
best: 96713.30849982197
routes: [0, 93, 92, 91, 95, 94, 98, 97, 99, 100, 96, 69, 70, 67, 68, 66, 65, 64, 61, 63, 62, 0, 76, 77, 74, 72, 71, 73, 75, 78, 80, 79, 58, 57, 59, 60, 56, 55, 54, 53, 51, 52, 0, 1, 3, 6, 4, 5, 9, 10, 2, 7, 8, 90, 86, 84, 83, 85, 82, 81, 87, 89, 88, 41, 43, 42, 45, 47, 50, 44, 46, 49, 48, 11, 12, 13, 17, 19, 20, 18, 16, 15, 14, 0, 33, 31, 34, 38, 39, 40, 36, 35, 37, 32, 30, 28, 27, 26, 29, 25, 23, 22, 21, 24, 0]
Elapsed time: 405.26219296455383

i:0	155599.74961166308
i:50	108853.32114935688
i:100	108853.32114935688
i:150	105990.40952647406
i:200	101851.03547405414
i:250	100763.50464429686
i:300	100763.50464429686
i:350	100763.50464429686
i:400	100763.50464429686
i:450	100763.50464429686
i:500	100763.50464429686
i:550	100763.50464429686
i:600	100562.41687418072
i:650	100562.41687418072
best: 100562.41687418072
routes: [0, 1, 4, 3, 8, 5, 2, 6, 10, 7, 9, 90, 89, 87, 83, 82, 81, 85, 86, 84, 88, 41, 42, 43, 47, 45, 44, 46, 49, 50, 48, 11, 13, 12, 20, 17, 19, 18, 14, 15, 16, 0, 33, 36, 35, 40, 37, 38, 39, 32, 34, 31, 100, 99, 98, 97, 95, 92, 91, 93, 94, 96, 63, 64, 65, 67, 69, 70, 68, 66, 61, 62, 0, 54, 57, 55, 56, 59, 60, 52, 51, 53, 58, 76, 74, 71, 72, 73, 75, 77, 80, 79, 78, 0, 21, 23, 28, 22, 27, 29, 30, 25, 26, 24, 0]
Elapsed time: 410.8917953968048

i:0	137463.2805726166
i:50	109133.82028781938
i:100	101300.83013958871
i:150	99277.13709694963
i:200	97930.83357835868
i:250	96025.62962997041
i:300	96025.62962997041
i:350	95901.46352172637
i:400	95901.46352172637
i:450	95708.34777804768
i:500	95669.58851835658
i:550	95669.58851835658
i:600	95447.89016536203
i:650	95447.89016536203
best: 95347.43839399327
routes: [0, 99, 100, 92, 91, 93, 94, 95, 96, 97, 98, 64, 62, 61, 63, 65, 67, 68, 66, 69, 70, 31, 34, 33, 32, 39, 38, 37, 40, 35, 36, 0, 79, 80, 71, 72, 73, 75, 78, 77, 74, 76, 58, 56, 51, 52, 53, 55, 57, 59, 60, 54, 8, 2, 1, 3, 7, 9, 10, 5, 6, 4, 0, 90, 84, 89, 87, 81, 82, 83, 86, 85, 88, 41, 42, 43, 45, 47, 48, 44, 46, 49, 50, 11, 13, 15, 18, 12, 14, 17, 19, 20, 16, 0, 21, 25, 26, 24, 27, 29, 30, 28, 23, 22, 0]
Elapsed time: 397.2025628089905

i:0	143034.92386116556
i:50	107368.1109794715
i:100	106795.5989743554
i:150	105494.39791591714
i:200	103900.8595363121
i:250	103868.95191593315
i:300	100384.67298561067
i:350	98995.63296076679
i:400	98995.63296076679
i:450	98995.63296076677
i:500	98995.63296076677
i:550	98672.49681302437
i:600	98672.49681302437
i:650	98565.44760520803
best: 97220.64487242578
routes: [0, 76, 79, 77, 74, 71, 73, 72, 75, 78, 80, 58, 52, 51, 53, 56, 59, 60, 57, 55, 54, 0, 4, 1, 2, 8, 6, 3, 5, 7, 10, 9, 43, 46, 49, 50, 48, 47, 45, 42, 44, 41, 87, 88, 81, 82, 83, 85, 89, 84, 86, 90, 0, 32, 33, 34, 38, 37, 36, 35, 40, 39, 31, 97, 98, 94, 92, 91, 93, 95, 96, 99, 100, 66, 69, 70, 67, 68, 62, 61, 63, 65, 64, 0, 11, 12, 17, 19, 20, 18, 14, 15, 13, 16, 22, 25, 27, 29, 30, 28, 26, 23, 24, 21, 0]
Elapsed time: 405.41348457336426

i:0	153586.6729827491
i:50	105599.60868361613
i:100	103189.23826576347
i:150	100601.30633655563
i:200	100012.3541239776
i:250	99137.18185371962
i:300	98653.07512474946
i:350	96164.43340388793
i:400	95862.80238997284
i:450	95570.99063574398
i:500	95477.86703706085
i:550	94934.81209147607
i:600	94523.65897781427
i:650	94523.65897781427
best: 94493.63000072101
routes: [0, 51, 52, 53, 59, 60, 56, 55, 54, 57, 58, 79, 80, 77, 74, 71, 72, 73, 75, 78, 76, 0, 31, 33, 32, 34, 38, 39, 40, 35, 36, 37, 30, 28, 26, 25, 27, 29, 23, 24, 21, 22, 16, 15, 18, 17, 19, 20, 13, 14, 11, 12, 0, 43, 44, 46, 49, 50, 48, 47, 45, 42, 41, 87, 88, 85, 82, 81, 83, 84, 89, 90, 86, 9, 7, 8, 6, 5, 10, 3, 1, 2, 4, 0, 91, 92, 93, 95, 94, 98, 97, 99, 100, 96, 69, 70, 66, 67, 68, 61, 63, 65, 64, 62, 0]
Elapsed time: 395.7111449241638

i:0	145925.9367497164
i:50	105583.4938474322
i:100	102841.40542472043
i:150	102028.2158859772
i:200	102028.2158859772
i:250	102028.2158859772
i:300	102028.2158859772
i:350	102028.2158859772
i:400	99859.13686457141
i:450	98486.74431166213
i:500	97081.68140850303
i:550	97081.68140850303
i:600	95191.06909225196
i:650	95191.06909225196
best: 94875.56425930948
routes: [0, 69, 70, 66, 67, 68, 65, 64, 63, 62, 61, 92, 91, 93, 97, 99, 100, 96, 95, 94, 98, 31, 34, 33, 39, 38, 40, 36, 35, 37, 32, 0, 54, 51, 53, 52, 56, 55, 57, 59, 58, 60, 76, 74, 73, 75, 78, 72, 71, 77, 79, 80, 0, 21, 23, 22, 25, 26, 24, 27, 29, 30, 28, 16, 13, 17, 19, 15, 20, 18, 14, 12, 11, 48, 43, 45, 44, 46, 49, 50, 47, 42, 41, 85, 86, 84, 83, 82, 81, 87, 88, 89, 90, 0, 2, 5, 7, 6, 10, 9, 8, 1, 3, 4, 0]
Elapsed time: 404.4007639884949

i:0	142845.39529920946
i:50	107805.81113965192
i:100	101163.58320613886
i:150	101163.58320613886
i:200	101163.58320613886
i:250	100184.41808979235
i:300	99437.74985479597
i:350	97747.42313593565
i:400	97747.42313593565
i:450	97747.42313593565
i:500	97747.42313593565
i:550	97747.42313593565
i:600	97019.25976282393
i:650	97019.25976282393
best: 97019.25976282393
routes: [0, 16, 20, 18, 11, 12, 13, 14, 15, 17, 19, 43, 47, 46, 49, 50, 48, 45, 44, 42, 41, 87, 84, 83, 82, 81, 89, 88, 85, 90, 86, 0, 21, 23, 30, 29, 27, 28, 25, 26, 22, 24, 33, 32, 36, 40, 35, 37, 39, 38, 34, 31, 69, 70, 68, 66, 67, 65, 62, 61, 63, 64, 0, 99, 98, 94, 95, 97, 100, 96, 93, 91, 92, 51, 53, 57, 55, 54, 52, 56, 59, 60, 58, 76, 75, 78, 73, 72, 71, 74, 77, 79, 80, 0, 1, 2, 8, 7, 9, 10, 5, 6, 3, 4, 0]
Elapsed time: 409.36165142059326

i:0	144608.36732335814
i:50	106364.06007739688
i:100	100546.17001082267
i:150	100308.32994614227
i:200	100308.32994614227
i:250	100308.32994614227
i:300	100308.32994614227
i:350	97866.4951430904
i:400	96620.71416829558
i:450	96620.71416829558
i:500	96620.71416829558
i:550	96620.71416829558
i:600	96620.71416829558
i:650	96007.28768536352
best: 96007.28768536352
routes: [0, 31, 33, 34, 37, 36, 35, 40, 39, 38, 32, 21, 23, 26, 24, 22, 25, 29, 27, 28, 30, 18, 19, 17, 12, 13, 11, 20, 14, 15, 16, 4, 1, 8, 7, 9, 10, 3, 2, 5, 6, 0, 76, 77, 79, 74, 71, 72, 73, 75, 78, 80, 62, 61, 63, 64, 65, 67, 68, 66, 69, 70, 96, 100, 99, 97, 95, 98, 94, 93, 91, 92, 0, 43, 47, 48, 45, 42, 44, 46, 49, 50, 41, 89, 90, 86, 83, 82, 81, 87, 88, 85, 84, 51, 52, 53, 56, 57, 59, 60, 58, 55, 54, 0]
Elapsed time: 413.1408655643463

i:0	142329.02326816003
i:50	103517.94550647955
i:100	103099.4371247916
i:150	102404.70989741456
i:200	101829.21288577585
i:250	101818.84902521927
i:300	101651.18716161921
i:350	101272.359588317
i:400	100759.33860492689
i:450	100759.33860492689
i:500	100759.33860492689
i:550	99867.48455212674
i:600	99867.48455212674
i:650	99867.48455212674
best: 99867.48455212674
routes: [0, 93, 95, 94, 96, 99, 98, 97, 100, 91, 92, 61, 62, 63, 65, 66, 67, 69, 70, 68, 64, 51, 53, 56, 55, 57, 59, 60, 58, 54, 52, 0, 43, 45, 42, 41, 44, 46, 47, 49, 50, 48, 18, 17, 19, 20, 15, 14, 11, 12, 13, 16, 22, 23, 25, 28, 30, 29, 27, 26, 21, 24, 0, 4, 2, 1, 7, 8, 3, 5, 10, 6, 9, 90, 83, 85, 86, 82, 81, 87, 88, 89, 84, 76, 71, 72, 73, 75, 79, 80, 77, 78, 74, 0, 31, 38, 39, 40, 35, 36, 37, 34, 33, 32, 0]
Elapsed time: 406.90514063835144

mean: 96557.7776336097
std: 2146.069522415817
mean-time: 402.6764937400818
std-time: 9.596318025397384