i:0	158839.8371107715
i:50	101587.54560143691
i:100	99712.47052935165
i:150	97624.72168585367
i:200	97514.51155342288
i:250	95517.69128155561
i:300	95414.44363017095
i:350	95414.44363017095
i:400	95414.44363017095
i:450	95128.7815604504
i:500	94992.59646051314
i:550	94992.59646051314
i:600	94992.59646051314
i:650	94651.36554280667
best: 94651.36554280667
routes: [0, 93, 94, 91, 92, 95, 98, 96, 97, 99, 100, 69, 70, 67, 68, 66, 65, 64, 63, 61, 62, 31, 34, 39, 38, 37, 40, 35, 36, 33, 32, 0, 79, 80, 77, 74, 71, 72, 73, 75, 78, 76, 58, 59, 60, 56, 52, 51, 53, 57, 55, 54, 10, 9, 7, 8, 6, 2, 1, 3, 5, 4, 0, 90, 89, 84, 83, 86, 82, 81, 85, 87, 88, 41, 42, 44, 45, 46, 49, 50, 48, 47, 43, 11, 13, 12, 14, 15, 17, 19, 18, 16, 20, 0, 25, 29, 27, 28, 30, 26, 24, 21, 23, 22, 0]
Elapsed time: 400.34290766716003

i:0	158019.3880142352
i:50	104936.76468415392
i:100	102133.77235844388
i:150	100441.55047771425
i:200	97861.42764501064
i:250	97602.56407278511
i:300	95869.096829215
i:350	94806.53532998884
i:400	93462.03845071624
i:450	92462.36242686589
i:500	92100.67237693573
i:550	91061.11244203817
i:600	91061.11244203815
i:650	91043.88975122114
best: 91043.88975122114
routes: [0, 51, 52, 53, 56, 54, 55, 57, 59, 60, 58, 76, 71, 72, 73, 75, 78, 74, 77, 79, 80, 0, 32, 33, 34, 31, 38, 39, 37, 40, 35, 36, 30, 28, 29, 27, 25, 26, 24, 21, 23, 22, 16, 13, 11, 12, 14, 15, 17, 19, 20, 18, 0, 96, 97, 98, 99, 100, 95, 94, 93, 91, 92, 61, 62, 63, 69, 70, 66, 67, 68, 65, 64, 0, 43, 48, 47, 49, 50, 46, 44, 45, 42, 41, 88, 87, 81, 85, 82, 83, 84, 86, 89, 90, 9, 10, 7, 8, 2, 1, 3, 6, 5, 4, 0]
Elapsed time: 386.31086921691895

i:0	141883.541210298
i:50	108221.41887021615
i:100	102463.26593768805
i:150	100542.77632980028
i:200	99994.52286601023
i:250	98751.7822434488
i:300	98018.82893122178
i:350	97761.86671573372
i:400	97281.14224426926
i:450	97281.14224426926
i:500	96828.22776936466
i:550	96828.22776936466
i:600	96264.40162522273
i:650	95848.3479996615
best: 95848.3479996615
routes: [0, 1, 3, 4, 5, 6, 2, 8, 7, 9, 10, 43, 45, 44, 46, 49, 50, 48, 47, 42, 41, 86, 84, 83, 82, 81, 87, 88, 85, 89, 90, 0, 91, 92, 93, 94, 95, 96, 100, 99, 97, 98, 62, 61, 64, 63, 65, 68, 67, 69, 70, 66, 0, 76, 77, 72, 71, 74, 73, 75, 78, 80, 79, 58, 54, 57, 55, 56, 59, 60, 53, 51, 52, 0, 31, 34, 33, 38, 39, 40, 35, 36, 37, 32, 24, 23, 21, 22, 25, 27, 29, 30, 28, 26, 20, 19, 17, 18, 16, 13, 15, 14, 11, 12, 0]
Elapsed time: 390.1698651313782

i:0	163612.70006066124
i:50	106796.81556023267
i:100	102388.48676891637
i:150	102044.95260386342
i:200	99838.59666481492
i:250	98644.53322655092
i:300	98602.7630188597
i:350	97508.28384746074
i:400	97504.49525293191
i:450	97309.08498682351
i:500	96764.76233648261
i:550	96692.15734658233
i:600	96321.63024277565
i:650	96012.97853683264
best: 95916.88527692689
routes: [0, 100, 99, 97, 98, 96, 95, 94, 93, 91, 92, 66, 69, 70, 67, 68, 65, 64, 63, 61, 62, 0, 79, 80, 76, 77, 75, 78, 73, 72, 71, 74, 57, 59, 60, 58, 56, 53, 51, 52, 55, 54, 0, 5, 4, 2, 1, 3, 6, 10, 8, 7, 9, 89, 84, 83, 82, 81, 85, 87, 88, 86, 90, 41, 42, 43, 45, 47, 44, 46, 49, 50, 48, 0, 11, 12, 13, 15, 14, 17, 19, 18, 20, 16, 22, 23, 25, 27, 29, 30, 28, 26, 24, 21, 32, 33, 34, 31, 39, 40, 36, 35, 37, 38, 0]
Elapsed time: 382.636953830719

i:0	152247.78754025855
i:50	105621.99937513456
i:100	105621.99937513456
i:150	102308.11838297904
i:200	102069.35757457165
i:250	101492.26810460976
i:300	100866.90616788277
i:350	100277.63355253157
i:400	100277.63355253157
i:450	100277.63355253157
i:500	100277.63355253157
i:550	100277.63355253157
i:600	100277.63355253157
i:650	100277.63355253157
best: 100277.63355253157
routes: [0, 54, 51, 53, 57, 55, 52, 56, 59, 60, 58, 79, 80, 76, 71, 72, 73, 75, 78, 77, 74, 6, 10, 9, 7, 8, 2, 3, 5, 4, 1, 0, 90, 84, 81, 82, 83, 89, 88, 87, 85, 86, 45, 43, 48, 46, 49, 50, 47, 42, 41, 44, 11, 12, 14, 17, 19, 20, 15, 18, 13, 16, 0, 33, 32, 34, 38, 35, 36, 37, 40, 39, 31, 96, 99, 100, 98, 97, 93, 95, 94, 91, 92, 61, 62, 63, 68, 66, 67, 69, 70, 65, 64, 0, 21, 23, 22, 25, 29, 27, 28, 30, 26, 24, 0]
Elapsed time: 400.30429768562317

i:0	149900.5643181422
i:50	106297.4919605138
i:100	101607.72504282485
i:150	99999.82636856679
i:200	98727.48060785733
i:250	98727.48060785733
i:300	98727.48060785733
i:350	98727.48060785733
i:400	98727.48060785733
i:450	98727.48060785733
i:500	98565.3462398465
i:550	98565.3462398465
i:600	96731.65764814295
i:650	96731.65764814295
best: 95914.33644474696
routes: [0, 96, 94, 92, 91, 93, 97, 99, 95, 98, 100, 61, 63, 64, 62, 65, 68, 66, 67, 69, 70, 31, 39, 40, 36, 35, 37, 38, 32, 33, 34, 0, 4, 1, 3, 6, 10, 9, 7, 5, 8, 2, 79, 74, 71, 72, 73, 75, 78, 76, 77, 80, 58, 60, 59, 57, 54, 55, 56, 53, 51, 52, 0, 90, 86, 83, 82, 81, 89, 85, 87, 88, 84, 41, 43, 42, 44, 46, 49, 50, 47, 45, 48, 14, 15, 17, 18, 20, 19, 12, 11, 13, 16, 0, 25, 29, 30, 28, 27, 26, 22, 24, 23, 21, 0]
Elapsed time: 406.0231251716614

i:0	143805.6995353784
i:50	102616.20007190843
i:100	102068.96268938605
i:150	101118.34364230477
i:200	100675.59421326203
i:250	98990.6320419545
i:300	98990.6320419545
i:350	98990.6320419545
i:400	98168.65428441005
i:450	98168.65428441005
i:500	96970.67166565338
i:550	96970.67166565338
i:600	96970.67166565338
i:650	96383.67560823473
best: 96383.67560823473
routes: [0, 92, 91, 93, 100, 96, 97, 99, 98, 95, 94, 64, 61, 62, 63, 65, 69, 70, 66, 67, 68, 31, 39, 38, 40, 36, 35, 37, 32, 33, 34, 0, 3, 4, 2, 5, 6, 7, 8, 9, 10, 1, 53, 51, 52, 56, 55, 54, 57, 59, 60, 58, 76, 77, 79, 74, 71, 72, 73, 75, 78, 80, 0, 13, 20, 19, 15, 17, 18, 16, 14, 12, 11, 45, 46, 49, 47, 50, 48, 44, 43, 42, 41, 87, 88, 83, 82, 81, 85, 86, 89, 90, 84, 0, 21, 22, 23, 29, 25, 27, 30, 28, 26, 24, 0]
Elapsed time: 404.5094504356384

i:0	147608.516985627
i:50	106509.80164055826
i:100	101893.33005379503
i:150	100836.72062957293
i:200	99897.06416500175
i:250	99897.06416500175
i:300	97699.65018875222
i:350	97699.65018875222
i:400	97699.65018875222
i:450	97233.79096271293
i:500	97233.79096271293
i:550	97233.79096271293
i:600	97233.79096271293
i:650	97233.79096271293
best: 97233.79096271293
routes: [0, 23, 24, 21, 22, 26, 25, 29, 27, 28, 30, 35, 36, 37, 40, 38, 39, 33, 32, 34, 31, 62, 61, 63, 64, 65, 68, 66, 67, 69, 70, 0, 96, 95, 100, 99, 97, 98, 94, 93, 91, 92, 79, 80, 75, 77, 78, 73, 72, 71, 74, 76, 60, 59, 58, 57, 54, 55, 56, 53, 51, 52, 0, 4, 6, 5, 8, 2, 1, 3, 7, 10, 9, 88, 85, 87, 81, 82, 83, 84, 89, 90, 86, 41, 44, 45, 47, 48, 46, 49, 50, 43, 42, 0, 13, 15, 20, 19, 17, 14, 18, 16, 11, 12, 0]
Elapsed time: 384.22543716430664

i:0	146345.8240608974
i:50	104384.08445222542
i:100	103937.5620823573
i:150	101437.99541257715
i:200	98283.82969215955
i:250	98283.82969215955
i:300	98283.82969215955
i:350	98283.82969215955
i:400	98283.82969215955
i:450	98118.97517339201
i:500	98118.97517339201
i:550	98118.97517339201
i:600	96635.87954003953
i:650	96635.87954003953
best: 96623.39415301291
routes: [0, 99, 100, 96, 92, 91, 93, 97, 98, 95, 94, 61, 64, 62, 63, 65, 66, 67, 68, 69, 70, 31, 33, 34, 32, 36, 35, 37, 40, 39, 38, 0, 90, 89, 88, 84, 86, 83, 81, 82, 85, 87, 41, 43, 42, 45, 44, 46, 49, 50, 47, 48, 14, 13, 12, 11, 15, 19, 17, 18, 20, 16, 0, 1, 3, 2, 4, 9, 7, 10, 6, 5, 8, 54, 56, 53, 51, 52, 55, 57, 59, 60, 58, 71, 72, 73, 75, 78, 76, 74, 77, 79, 80, 0, 21, 25, 22, 23, 24, 29, 27, 30, 28, 26, 0]
Elapsed time: 385.6370458602905

i:0	152190.4312336821
i:50	103638.92117496641
i:100	101331.02626402602
i:150	99158.26091784639
i:200	98471.05204276505
i:250	98450.7323577838
i:300	98113.50928475687
i:350	97917.02334949843
i:400	97671.6899507129
i:450	97378.25276897637
i:500	96568.18286458107
i:550	96291.08185613567
i:600	95524.06946920078
i:650	94383.31569052696
best: 93113.70549908803
routes: [0, 91, 92, 93, 94, 95, 98, 99, 97, 100, 96, 79, 77, 80, 76, 74, 71, 72, 73, 75, 78, 61, 62, 63, 66, 69, 70, 67, 68, 65, 64, 0, 31, 34, 39, 38, 40, 36, 35, 37, 32, 33, 21, 24, 26, 25, 29, 30, 28, 27, 23, 22, 16, 20, 19, 18, 15, 17, 14, 13, 11, 12, 0, 43, 48, 47, 46, 49, 50, 44, 45, 42, 41, 88, 87, 81, 82, 83, 85, 86, 89, 90, 84, 54, 55, 57, 59, 60, 58, 56, 52, 51, 53, 0, 9, 7, 8, 2, 1, 3, 6, 10, 5, 4, 0]
Elapsed time: 374.4147193431854

mean: 95700.70247909433
std: 2328.308622280336
mean-time: 391.45746715068816
std-time: 10.110943496883554