i:0	156034.8169168142
i:50	114448.55354973862
i:100	112374.01086280833
i:150	112030.99175801546
i:200	110973.97991300875
i:250	109560.13056730948
i:300	109168.37768668965
i:350	107600.58121409253
i:400	107344.23861485567
i:450	107344.23861485565
i:500	107344.23861485565
i:550	106361.46493194597
i:600	106313.14476191443
i:650	106313.14476191442
best: 105502.17403497238
routes: [0, 69, 70, 67, 68, 66, 65, 64, 63, 61, 62, 0, 51, 52, 53, 56, 54, 55, 57, 59, 60, 58, 76, 74, 71, 72, 73, 75, 78, 77, 79, 80, 0, 11, 13, 12, 14, 17, 19, 20, 18, 15, 16, 0, 84, 83, 82, 81, 87, 88, 89, 85, 86, 90, 0, 1, 2, 8, 7, 9, 10, 5, 6, 3, 4, 0, 43, 41, 44, 46, 49, 50, 48, 47, 45, 42, 0, 21, 22, 25, 27, 29, 30, 28, 26, 23, 24, 0, 91, 92, 93, 95, 94, 96, 97, 98, 99, 100, 31, 34, 33, 39, 38, 37, 36, 35, 40, 32, 0]
Elapsed time: 331.0650670528412

i:0	151000.37921690513
i:50	115743.88211392102
i:100	113483.2799414032
i:150	111521.74558378161
i:200	110725.02746218961
i:250	110037.65554183543
i:300	110035.49616153672
i:350	109814.42353380097
i:400	109672.83625917022
i:450	109448.2722598301
i:500	109098.44777441453
i:550	109098.44777441451
i:600	109034.51495739992
i:650	108310.68194614747
best: 108310.68194614747
routes: [0, 11, 13, 16, 15, 18, 20, 19, 17, 14, 12, 0, 21, 23, 22, 25, 27, 29, 30, 28, 26, 24, 0, 61, 62, 63, 64, 65, 68, 69, 70, 67, 66, 0, 90, 89, 88, 87, 81, 82, 83, 85, 86, 84, 0, 1, 3, 10, 9, 7, 8, 2, 6, 5, 4, 0, 43, 41, 42, 45, 44, 46, 49, 50, 47, 48, 0, 79, 80, 77, 78, 75, 73, 72, 71, 74, 76, 58, 59, 60, 57, 56, 55, 54, 51, 53, 52, 0, 33, 32, 37, 36, 35, 40, 39, 38, 34, 31, 100, 99, 97, 98, 95, 96, 94, 93, 91, 92, 0]
Elapsed time: 326.1952929496765

i:0	160721.48465018492
i:50	115902.28875305707
i:100	114108.7283735326
i:150	111221.68357042491
i:200	110078.01864077296
i:250	109322.35136627435
i:300	108288.29854592835
i:350	108204.05797470348
i:400	108054.55202335528
i:450	107980.43984236893
i:500	107980.43984236893
i:550	107980.43984236893
i:600	107912.37802206592
i:650	107912.3780220659
best: 107809.88946236306
routes: [0, 43, 42, 41, 44, 46, 49, 45, 47, 50, 48, 0, 21, 23, 22, 25, 27, 29, 30, 28, 26, 24, 0, 11, 13, 15, 17, 19, 20, 18, 16, 14, 12, 0, 69, 70, 68, 62, 61, 63, 64, 65, 67, 66, 0, 51, 53, 52, 54, 55, 56, 57, 59, 60, 58, 74, 71, 72, 73, 75, 78, 77, 76, 79, 80, 0, 91, 92, 93, 94, 95, 97, 98, 96, 99, 100, 31, 39, 40, 35, 36, 37, 38, 34, 33, 32, 0, 90, 86, 89, 85, 83, 82, 81, 87, 88, 84, 0, 1, 2, 8, 7, 9, 10, 6, 5, 3, 4, 0]
Elapsed time: 323.6551079750061

i:0	152515.49103697884
i:50	114415.76991540506
i:100	113868.22216773903
i:150	112308.56222896316
i:200	109673.0350769002
i:250	108910.82860163967
i:300	108377.21247269164
i:350	108216.58939961561
i:400	108072.38754816614
i:450	107317.18898799928
i:500	106304.37132887793
i:550	105087.89844286074
i:600	105087.89844286072
i:650	104416.47472775509
best: 104160.02012107443
routes: [0, 13, 11, 12, 14, 18, 15, 17, 19, 20, 16, 0, 21, 23, 22, 25, 26, 27, 29, 30, 28, 24, 0, 51, 52, 53, 56, 54, 55, 57, 59, 60, 58, 76, 74, 71, 72, 73, 75, 78, 77, 79, 80, 0, 43, 41, 44, 46, 49, 50, 48, 47, 45, 42, 0, 1, 2, 8, 7, 9, 10, 5, 6, 3, 4, 0, 84, 86, 85, 83, 82, 81, 87, 88, 89, 90, 0, 69, 70, 66, 67, 68, 65, 64, 63, 61, 62, 0, 91, 92, 93, 94, 95, 96, 97, 98, 99, 100, 31, 33, 34, 38, 39, 40, 35, 36, 37, 32, 0]
Elapsed time: 321.21998381614685

i:0	151768.82845848237
i:50	111555.28712749701
i:100	109081.71635241914
i:150	107920.69745965693
i:200	107300.16902769032
i:250	106320.94584975831
i:300	106032.15811786754
i:350	105905.40974938642
i:400	105870.72993205808
i:450	105870.20465792315
i:500	105870.20465792315
i:550	105722.3045758256
i:600	105458.02575319404
i:650	105268.7892642997
best: 105268.78926429969
routes: [0, 51, 53, 52, 54, 55, 57, 56, 59, 60, 58, 79, 80, 78, 75, 73, 72, 71, 74, 77, 76, 0, 90, 89, 88, 85, 83, 82, 81, 87, 86, 84, 0, 11, 12, 14, 17, 19, 20, 18, 15, 13, 16, 0, 21, 22, 23, 25, 27, 29, 30, 28, 26, 24, 0, 91, 92, 93, 94, 95, 98, 96, 97, 99, 100, 31, 39, 38, 40, 35, 36, 37, 32, 33, 34, 0, 43, 42, 41, 44, 45, 46, 47, 49, 50, 48, 0, 61, 62, 63, 64, 65, 68, 67, 66, 69, 70, 0, 1, 3, 5, 6, 2, 8, 7, 9, 10, 4, 0]
Elapsed time: 339.5726137161255

i:0	157336.70707138584
i:50	115886.81330289785
i:100	110997.04298350174
i:150	110315.06313465537
i:200	109437.34761949802
i:250	107087.55606478434
i:300	106989.89004852322
i:350	106746.59525439469
i:400	105981.76120503002
i:450	105959.44905916978
i:500	105834.02382942438
i:550	105478.53803857016
i:600	105289.3015496758
i:650	105158.08644701366
best: 104978.72066654784
routes: [0, 13, 11, 12, 14, 15, 17, 19, 20, 18, 16, 0, 3, 6, 1, 2, 8, 7, 9, 10, 5, 4, 0, 91, 92, 93, 94, 95, 96, 97, 98, 99, 100, 31, 38, 39, 40, 35, 36, 37, 32, 33, 34, 0, 69, 70, 66, 67, 68, 65, 64, 63, 61, 62, 0, 43, 45, 48, 47, 49, 50, 46, 44, 41, 42, 0, 21, 22, 23, 25, 26, 27, 29, 30, 28, 24, 0, 84, 83, 82, 81, 87, 88, 85, 86, 89, 90, 0, 51, 52, 53, 56, 54, 55, 57, 59, 60, 58, 79, 80, 77, 76, 74, 71, 72, 73, 75, 78, 0]
Elapsed time: 333.07955503463745

i:0	146916.92389636693
i:50	113916.2462697258
i:100	111400.54468211983
i:150	109742.67526886273
i:200	108144.51196127463
i:250	107941.7881067593
i:300	107035.19989561563
i:350	106372.47635831642
i:400	106294.8912529816
i:450	106191.7976495783
i:500	106191.7976495783
i:550	105905.66162179051
i:600	105900.26869790295
i:650	105500.547576762
best: 105500.547576762
routes: [0, 90, 89, 84, 83, 82, 81, 87, 88, 85, 86, 0, 43, 41, 44, 46, 49, 50, 48, 47, 45, 42, 0, 91, 92, 93, 94, 95, 97, 98, 96, 99, 100, 31, 32, 37, 36, 35, 40, 39, 38, 33, 34, 0, 13, 11, 12, 14, 15, 18, 17, 19, 20, 16, 0, 21, 23, 25, 27, 29, 30, 28, 26, 24, 22, 0, 51, 52, 53, 56, 57, 55, 54, 59, 60, 58, 80, 79, 77, 74, 71, 72, 73, 75, 78, 76, 0, 61, 62, 63, 64, 65, 68, 67, 66, 69, 70, 0, 1, 3, 2, 8, 7, 9, 10, 5, 6, 4, 0]
Elapsed time: 329.7333245277405

i:0	155849.6681002416
i:50	111452.59505537596
i:100	109331.88856327705
i:150	109322.80385991365
i:200	108777.93266187658
i:250	108254.68988879804
i:300	106596.63804831043
i:350	106132.01284950052
i:400	106098.98218631021
i:450	105676.80173721488
i:500	105656.25209012689
i:550	105524.9865216589
i:600	105339.27006740312
i:650	105339.27006740312
best: 105339.27006740312
routes: [0, 69, 70, 66, 67, 68, 65, 64, 63, 61, 62, 0, 51, 52, 53, 56, 55, 54, 57, 59, 60, 58, 79, 80, 77, 76, 74, 71, 72, 73, 75, 78, 0, 43, 42, 41, 44, 45, 47, 46, 49, 50, 48, 0, 21, 23, 25, 27, 29, 30, 28, 26, 24, 22, 0, 11, 12, 14, 13, 15, 18, 17, 19, 20, 16, 0, 1, 3, 2, 8, 7, 9, 10, 5, 6, 4, 0, 90, 86, 89, 84, 83, 85, 82, 81, 87, 88, 0, 34, 33, 32, 40, 35, 36, 37, 38, 39, 31, 100, 99, 97, 98, 96, 95, 94, 93, 91, 92, 0]
Elapsed time: 321.4557349681854

i:0	158884.0986888242
i:50	116812.8508007761
i:100	116007.39957265287
i:150	115021.49584147471
i:200	112161.93878267179
i:250	111335.65370640397
i:300	110549.62514564377
i:350	110428.24171168271
i:400	110251.4001799468
i:450	109073.97293138414
i:500	108593.62322492144
i:550	108593.62322492144
i:600	108593.62322492144
i:650	108314.56232498583
best: 107778.34380378926
routes: [0, 91, 92, 93, 94, 95, 98, 96, 97, 99, 100, 31, 38, 37, 36, 35, 40, 39, 34, 33, 32, 0, 84, 83, 82, 81, 87, 88, 85, 89, 90, 86, 0, 69, 70, 66, 67, 68, 65, 64, 63, 61, 62, 0, 1, 2, 8, 7, 9, 10, 6, 5, 3, 4, 0, 74, 71, 72, 73, 75, 78, 80, 79, 77, 76, 58, 60, 59, 57, 56, 55, 54, 53, 51, 52, 0, 11, 13, 15, 18, 17, 19, 20, 16, 14, 12, 0, 43, 48, 47, 45, 42, 41, 44, 46, 49, 50, 0, 21, 22, 23, 26, 25, 29, 27, 30, 28, 24, 0]
Elapsed time: 323.9960250854492

i:0	151994.71694453259
i:50	114811.50852910045
i:100	113137.66309464273
i:150	111319.81370335535
i:200	111186.59879633306
i:250	109727.31594002586
i:300	109653.27641163432
i:350	109401.6222953648
i:400	109306.9074885082
i:450	109306.9074885082
i:500	109201.56039607116
i:550	108657.14407995442
i:600	108447.97967597151
i:650	108447.9796759715
best: 108016.24726831593
routes: [0, 11, 13, 16, 15, 17, 19, 20, 18, 14, 12, 0, 21, 23, 25, 27, 29, 30, 28, 26, 24, 22, 0, 92, 91, 93, 96, 94, 95, 97, 98, 99, 100, 31, 33, 32, 37, 35, 36, 40, 39, 38, 34, 0, 43, 47, 49, 50, 48, 46, 44, 41, 45, 42, 0, 90, 86, 89, 84, 83, 85, 82, 81, 87, 88, 0, 61, 62, 63, 64, 65, 68, 67, 66, 69, 70, 0, 1, 2, 8, 9, 7, 10, 5, 6, 3, 4, 0, 54, 55, 57, 59, 60, 58, 56, 52, 51, 53, 79, 77, 80, 78, 75, 73, 72, 71, 74, 76, 0]
Elapsed time: 324.67147302627563

mean: 106266.4684211675
std: 1450.1624215601166
mean-time: 327.46441781520844
std-time: 5.5434629988864526