i:0	65273.96622879409
i:50	52858.009019228586
i:100	52126.911897798454
i:150	52072.224791200024
i:200	51867.52748836362
i:250	51437.77259518942
i:300	51154.47481337922
i:350	50794.39210589582
i:400	50575.00304126556
i:450	50399.07073207695
i:500	50179.192531531604
i:550	50012.87840658563
i:600	49927.9131327909
i:650	49716.133765560226
best: 49716.133765560226
routes: [0, 4, 3, 7, 8, 9, 10, 5, 6, 2, 1, 31, 32, 33, 34, 35, 38, 36, 37, 39, 40, 0, 23, 22, 25, 27, 29, 30, 28, 26, 24, 21, 48, 47, 41, 42, 43, 45, 46, 49, 50, 44, 0, 11, 13, 12, 15, 16, 17, 19, 20, 18, 14, 0]
Elapsed time: 186.96231126785278

i:0	70193.25594628244
i:50	53379.85653090899
i:100	50977.83599435961
i:150	49854.20299313244
i:200	49854.20299313244
i:250	49724.58420208363
i:300	49724.58420208363
i:350	49300.14429383598
i:400	49300.14429383598
i:450	49300.14429383598
i:500	49300.14429383598
i:550	49300.14429383598
i:600	49300.14429383598
i:650	49300.14429383598
best: 49300.14429383598
routes: [0, 23, 24, 26, 29, 30, 28, 27, 25, 22, 21, 48, 47, 41, 42, 43, 45, 46, 49, 50, 44, 0, 11, 13, 12, 16, 15, 17, 19, 20, 18, 14, 39, 40, 36, 37, 38, 35, 34, 33, 31, 32, 0, 1, 3, 2, 8, 7, 9, 10, 5, 6, 4, 0]
Elapsed time: 149.4028012752533

i:0	65536.46208560813
i:50	52577.04586044515
i:100	52421.34944313204
i:150	51928.76803371103
i:200	51798.56594735321
i:250	51719.186101480824
i:300	51398.17032482021
i:350	50542.32582743374
i:400	50337.096111568404
i:450	50116.55907977403
i:500	49889.22585494001
i:550	49889.22585494001
i:600	49703.48080813432
i:650	49703.48080813432
best: 49703.48080813432
routes: [0, 11, 13, 12, 15, 17, 19, 20, 18, 16, 14, 39, 40, 36, 37, 38, 35, 34, 33, 31, 32, 0, 50, 46, 49, 44, 43, 45, 42, 41, 47, 48, 21, 22, 23, 25, 24, 26, 29, 30, 27, 28, 0, 5, 6, 10, 9, 7, 8, 2, 1, 3, 4, 0]
Elapsed time: 186.7077465057373

i:0	69007.35486856292
i:50	51004.580391841104
i:100	49999.09767094522
i:150	49928.35602696935
i:200	49928.35602696935
i:250	49850.4007577264
i:300	49850.4007577264
i:350	49706.198906276935
i:400	49706.198906276935
i:450	49706.198906276935
i:500	49611.556185616
i:550	49596.52411599181
i:600	49596.52411599181
i:650	49596.52411599181
best: 49596.52411599181
routes: [0, 23, 22, 25, 27, 29, 30, 28, 26, 24, 21, 47, 41, 42, 43, 45, 48, 46, 49, 50, 44, 0, 4, 5, 6, 7, 10, 9, 8, 2, 3, 1, 31, 32, 33, 34, 35, 38, 36, 37, 39, 40, 0, 11, 13, 12, 15, 17, 19, 20, 18, 16, 14, 0]
Elapsed time: 155.87798380851746

i:0	65089.53920775346
i:50	52033.55985053185
i:100	51483.87101998688
i:150	51272.18155566881
i:200	51221.499109911354
i:250	51085.24683149425
i:300	51065.45213377157
i:350	51065.45213377157
i:400	51065.45213377157
i:450	51065.45213377157
i:500	51065.45213377157
i:550	51065.45213377157
i:600	51065.45213377157
i:650	51065.45213377157
best: 51065.45213377157
routes: [0, 4, 3, 6, 5, 10, 7, 9, 8, 2, 1, 31, 32, 33, 34, 35, 37, 38, 36, 39, 40, 0, 50, 49, 45, 46, 44, 43, 42, 41, 47, 48, 21, 25, 27, 24, 26, 29, 30, 28, 23, 22, 0, 11, 13, 15, 17, 19, 20, 18, 16, 14, 12, 0]
Elapsed time: 147.32177710533142

i:0	65341.25786879186
i:50	52020.79444773254
i:100	50934.56629532109
i:150	50814.8093806211
i:200	50446.21235061025
i:250	49805.830837296395
i:300	49754.620803654776
i:350	49712.69405847687
i:400	49712.69405847687
i:450	49712.69405847687
i:500	49712.69405847687
i:550	49712.69405847687
i:600	49712.69405847687
i:650	49667.014092817386
best: 49667.014092817386
routes: [0, 12, 13, 15, 17, 19, 20, 18, 16, 14, 11, 39, 40, 37, 38, 36, 35, 34, 33, 31, 32, 0, 23, 24, 26, 29, 30, 28, 27, 25, 22, 21, 48, 47, 41, 42, 43, 45, 46, 49, 50, 44, 0, 5, 6, 10, 9, 7, 8, 2, 1, 3, 4, 0]
Elapsed time: 166.51763486862183

i:0	69031.29919454441
i:50	51020.060860349804
i:100	50490.87079599693
i:150	50001.28783678171
i:200	49793.2564304841
i:250	49649.05457903464
i:300	49649.05457903464
i:350	49649.05457903464
i:400	49649.05457903464
i:450	49239.98354185401
i:500	49194.30357619453
i:550	49194.30357619453
i:600	49194.30357619453
i:650	49194.30357619453
best: 49194.30357619453
routes: [0, 11, 13, 12, 15, 17, 19, 20, 18, 16, 14, 39, 40, 36, 37, 38, 35, 34, 33, 31, 32, 0, 23, 22, 25, 27, 29, 30, 28, 26, 24, 21, 48, 47, 41, 42, 43, 45, 46, 49, 50, 44, 0, 5, 6, 10, 9, 7, 8, 2, 1, 3, 4, 0]
Elapsed time: 159.44169759750366

i:0	66781.85017753002
i:50	52207.811697097546
i:100	51547.93683035788
i:150	51232.987430020476
i:200	50815.92437830883
i:250	50815.92437830883
i:300	50815.92437830883
i:350	50593.76725761642
i:400	50419.32205108205
i:450	50419.32205108205
i:500	50079.4109896697
i:550	49977.909447486636
i:600	49977.909447486636
i:650	49948.946482481326
best: 49813.96692798855
routes: [0, 4, 3, 6, 5, 10, 9, 7, 8, 2, 1, 31, 32, 33, 34, 35, 38, 36, 37, 39, 40, 0, 50, 46, 49, 44, 43, 45, 42, 41, 47, 48, 21, 22, 23, 25, 24, 26, 29, 30, 27, 28, 0, 11, 13, 12, 15, 17, 19, 20, 18, 16, 14, 0]
Elapsed time: 168.27894735336304

i:0	65962.59539221859
i:50	51963.28009318937
i:100	51049.60666743102
i:150	50493.03790553785
i:200	50051.768094138795
i:250	50051.768094138795
i:300	49762.86563597268
i:350	49762.86563597268
i:400	49762.86563597268
i:450	49762.86563597268
i:500	49762.86563597268
i:550	49645.209375168415
i:600	49645.209375168415
i:650	49645.209375168415
best: 49645.209375168415
routes: [0, 12, 13, 15, 17, 19, 20, 18, 16, 14, 11, 39, 40, 36, 37, 38, 35, 34, 33, 31, 32, 0, 23, 24, 26, 29, 30, 28, 27, 25, 22, 21, 46, 44, 43, 42, 41, 47, 48, 45, 49, 50, 0, 1, 3, 2, 8, 7, 9, 10, 5, 6, 4, 0]
Elapsed time: 165.30934381484985

i:0	67237.99939527434
i:50	51229.247807787964
i:100	50880.15922399402
i:150	50824.257099023045
i:200	50745.75807515369
i:250	50745.75807515369
i:300	50607.7830414811
i:350	50607.7830414811
i:400	50403.0857386447
i:450	50403.0857386447
i:500	50403.0857386447
i:550	50403.0857386447
i:600	50097.53546885628
i:650	50097.53546885628
best: 50097.53546885628
routes: [0, 23, 22, 25, 27, 29, 30, 28, 26, 24, 21, 49, 50, 44, 43, 45, 42, 41, 47, 48, 46, 0, 4, 3, 6, 5, 10, 9, 7, 8, 2, 1, 31, 32, 33, 34, 35, 38, 36, 37, 39, 40, 0, 11, 13, 15, 17, 19, 20, 18, 16, 14, 12, 0]
Elapsed time: 152.6819305419922

mean: 49779.97645583191
std: 490.1227722573493
mean-time: 163.85021741390227
std-time: 13.32341057127353