i:0	84134.56871599315
i:50	67070.55518366268
i:100	67070.55518366268
i:150	66755.78590179741
i:200	66755.78590179741
i:250	66168.99310545558
i:300	66168.99310545558
i:350	66168.99310545558
i:400	66168.99310545558
i:450	66168.99310545558
i:500	66168.99310545558
i:550	66168.99310545558
i:600	66168.99310545558
i:650	66168.99310545558
best: 66168.99310545558
routes: [0, 49, 50, 48, 47, 46, 33, 31, 32, 34, 35, 40, 38, 37, 39, 36, 29, 30, 28, 27, 26, 0, 8, 7, 9, 10, 6, 25, 23, 22, 24, 21, 45, 43, 41, 42, 44, 5, 3, 4, 1, 2, 0, 12, 15, 13, 14, 11, 18, 17, 20, 19, 16, 0]
Elapsed time: 41.711204290390015

i:0	100455.41705766413
i:50	65379.98396326779
i:100	65379.98396326779
i:150	65379.98396326779
i:200	64878.627474772366
i:250	64878.627474772366
i:300	64878.627474772366
i:350	64878.627474772366
i:400	64878.627474772366
i:450	64612.48359887149
i:500	64612.48359887149
i:550	64612.48359887149
i:600	64612.48359887149
i:650	64612.48359887149
best: 64612.48359887149
routes: [0, 49, 50, 48, 47, 46, 34, 35, 33, 32, 31, 40, 38, 37, 39, 36, 29, 30, 28, 27, 26, 0, 8, 7, 9, 10, 6, 24, 25, 23, 22, 21, 41, 42, 45, 43, 44, 5, 3, 1, 2, 4, 0, 12, 15, 13, 14, 11, 18, 17, 20, 19, 16, 0]
Elapsed time: 44.877408504486084

i:0	93700.02256835092
i:50	65674.19340830384
i:100	65581.64636818564
i:150	65581.64636818564
i:200	65053.320402502824
i:250	65053.320402502824
i:300	65053.320402502824
i:350	65053.320402502824
i:400	65053.320402502824
i:450	65053.320402502824
i:500	65053.320402502824
i:550	65053.320402502824
i:600	65053.320402502824
i:650	65053.320402502824
best: 65053.320402502824
routes: [0, 26, 28, 27, 29, 30, 39, 36, 38, 37, 40, 33, 31, 32, 34, 35, 50, 49, 48, 47, 46, 0, 4, 3, 1, 2, 5, 44, 43, 45, 41, 42, 24, 21, 22, 25, 23, 6, 8, 7, 9, 10, 0, 11, 12, 15, 13, 14, 20, 18, 17, 19, 16, 0]
Elapsed time: 49.263845920562744

i:0	286428.4449761785
i:50	66222.13354961658
i:100	66192.49621493767
i:150	66192.49621493767
i:200	66192.49621493767
i:250	65562.33363593734
i:300	65562.33363593734
i:350	65562.33363593734
i:400	65562.33363593734
i:450	65562.33363593734
i:500	65562.33363593734
i:550	65562.33363593734
i:600	65562.33363593734
i:650	65562.33363593734
best: 65562.33363593734
routes: [0, 8, 7, 9, 10, 6, 25, 23, 22, 24, 21, 45, 43, 41, 42, 44, 2, 4, 5, 3, 1, 0, 26, 28, 27, 29, 30, 39, 36, 38, 37, 40, 32, 34, 35, 33, 31, 50, 49, 48, 47, 46, 0, 12, 15, 13, 14, 11, 18, 17, 20, 19, 16, 0]
Elapsed time: 44.14474272727966

i:0	83974.64804483438
i:50	66941.05571535531
i:100	66381.05258392876
i:150	66265.9833348221
i:200	65635.82075582177
i:250	65206.626695747065
i:300	65206.626695747065
i:350	65206.626695747065
i:400	65206.626695747065
i:450	65206.626695747065
i:500	65206.626695747065
i:550	65206.626695747065
i:600	65206.626695747065
i:650	65206.626695747065
best: 65206.626695747065
routes: [0, 26, 28, 27, 29, 30, 39, 36, 38, 37, 40, 32, 34, 35, 33, 31, 50, 49, 48, 47, 46, 0, 4, 5, 3, 1, 2, 44, 43, 41, 42, 45, 24, 25, 23, 21, 22, 9, 10, 8, 7, 6, 0, 13, 14, 11, 12, 15, 20, 18, 17, 19, 16, 0]
Elapsed time: 43.076425075531006

i:0	88909.62283728027
i:50	65996.8982708236
i:100	65834.2709997517
i:150	65204.10842075136
i:200	65204.10842075136
i:250	65204.10842075136
i:300	65204.10842075136
i:350	65204.10842075136
i:400	65204.10842075136
i:450	65204.10842075136
i:500	65204.10842075136
i:550	65204.10842075136
i:600	65204.10842075136
i:650	65204.10842075136
best: 65204.10842075136
routes: [0, 8, 7, 9, 10, 6, 23, 22, 24, 25, 21, 44, 43, 45, 41, 42, 1, 2, 5, 3, 4, 0, 26, 28, 27, 29, 30, 39, 36, 38, 37, 40, 31, 32, 34, 35, 33, 50, 49, 48, 47, 46, 0, 12, 15, 13, 14, 11, 18, 17, 20, 19, 16, 0]
Elapsed time: 49.15499210357666

i:0	82731.06378977725
i:50	65654.83410915514
i:100	65654.83410915514
i:150	65654.83410915514
i:200	65654.83410915514
i:250	65654.83410915514
i:300	65332.83067577217
i:350	65332.83067577217
i:400	65332.83067577217
i:450	65332.83067577217
i:500	65332.83067577217
i:550	65332.83067577217
i:600	65332.83067577217
i:650	65332.83067577217
best: 65332.83067577217
routes: [0, 4, 5, 3, 1, 2, 44, 43, 42, 45, 41, 21, 22, 24, 25, 23, 6, 8, 7, 9, 10, 0, 26, 28, 27, 29, 30, 39, 36, 38, 37, 40, 31, 32, 34, 35, 33, 50, 49, 48, 47, 46, 0, 16, 20, 19, 18, 17, 14, 13, 12, 15, 11, 0]
Elapsed time: 50.58651304244995

i:0	100201.27376049449
i:50	66959.55585964819
i:100	66654.92051772508
i:150	66654.92051772508
i:200	66325.35797160056
i:250	66325.35797160056
i:300	66325.35797160056
i:350	66325.35797160056
i:400	66325.35797160056
i:450	66325.35797160056
i:500	66325.35797160056
i:550	66325.35797160056
i:600	66325.35797160056
i:650	66325.35797160056
best: 66325.35797160056
routes: [0, 49, 50, 48, 47, 46, 33, 34, 31, 32, 35, 40, 38, 37, 39, 36, 29, 30, 28, 27, 26, 0, 4, 3, 1, 2, 5, 44, 43, 42, 45, 41, 21, 22, 24, 25, 23, 6, 8, 7, 9, 10, 0, 14, 13, 12, 15, 11, 18, 17, 20, 19, 16, 0]
Elapsed time: 53.42220187187195

i:0	86858.02450980738
i:50	67008.66296469004
i:100	66898.7804120611
i:150	66898.7804120611
i:200	66898.7804120611
i:250	66898.7804120611
i:300	66898.7804120611
i:350	66898.7804120611
i:400	66898.7804120611
i:450	66898.7804120611
i:500	66898.7804120611
i:550	66898.7804120611
i:600	66898.7804120611
i:650	66898.7804120611
best: 66898.7804120611
routes: [0, 49, 50, 48, 47, 46, 33, 31, 32, 34, 35, 40, 38, 37, 39, 36, 29, 30, 28, 27, 26, 0, 4, 3, 1, 2, 5, 44, 43, 42, 45, 41, 24, 21, 22, 25, 23, 6, 8, 7, 9, 10, 0, 14, 13, 12, 15, 11, 18, 17, 20, 19, 16, 0]
Elapsed time: 55.6356897354126

i:0	491707.40187652153
i:50	67014.92108482319
i:100	66852.34218765897
i:150	66852.34218765897
i:200	66638.88861233412
i:250	66638.88861233412
i:300	66638.88861233412
i:350	66638.88861233412
i:400	66638.88861233412
i:450	66638.88861233412
i:500	66638.88861233412
i:550	66638.88861233412
i:600	66638.88861233412
i:650	66638.88861233412
best: 66638.88861233412
routes: [0, 49, 50, 48, 47, 46, 33, 34, 31, 32, 35, 40, 38, 37, 39, 36, 29, 30, 28, 27, 26, 0, 4, 1, 2, 5, 3, 44, 43, 42, 45, 41, 21, 22, 24, 25, 23, 6, 8, 7, 9, 10, 0, 12, 15, 13, 14, 11, 18, 17, 20, 19, 16, 0]
Elapsed time: 49.97982406616211

mean: 65700.37235310338
std: 719.2766840766423
mean-time: 48.18528473377228
std-time: 4.350930023246523