i:0	80671.6469820375
i:50	61141.16091776316
i:100	61141.16091776316
i:150	60656.74166439795
i:200	60656.74166439795
i:250	60600.447054835866
i:300	60600.447054835866
i:350	60600.447054835866
i:400	60600.447054835866
i:450	60600.447054835866
i:500	60600.447054835866
i:550	60600.447054835866
i:600	60600.447054835866
i:650	60600.447054835866
best: 60600.447054835866
routes: [0, 26, 28, 27, 29, 30, 39, 36, 38, 37, 40, 33, 34, 35, 32, 31, 50, 49, 48, 47, 46, 1, 2, 5, 3, 4, 0, 44, 43, 45, 42, 41, 21, 24, 23, 25, 22, 6, 8, 7, 9, 10, 12, 11, 14, 13, 15, 20, 18, 17, 19, 16, 0]
Elapsed time: 59.011658906936646

i:0	80320.76135483957
i:50	60514.62528671404
i:100	58875.42167597845
i:150	58875.42167597845
i:200	58526.012186143154
i:250	58526.012186143154
i:300	58526.012186143154
i:350	58526.012186143154
i:400	58526.012186143154
i:450	58526.012186143154
i:500	58526.012186143154
i:550	58526.012186143154
i:600	58526.012186143154
i:650	58526.012186143154
best: 58526.012186143154
routes: [0, 49, 50, 48, 47, 46, 33, 34, 35, 32, 31, 40, 38, 37, 39, 36, 29, 30, 28, 27, 26, 0, 16, 20, 17, 19, 18, 11, 14, 13, 15, 12, 8, 7, 9, 10, 6, 23, 22, 24, 25, 21, 41, 42, 45, 43, 44, 5, 3, 2, 1, 4, 0]
Elapsed time: 70.64595556259155

i:0	77861.21852418233
i:50	58951.40661480301
i:100	58877.8103722793
i:150	58873.00971086038
i:200	58873.00971086038
i:250	58873.00971086038
i:300	58173.611438460764
i:350	58173.611438460764
i:400	58173.611438460764
i:450	58173.611438460764
i:500	58173.611438460764
i:550	58173.611438460764
i:600	58173.611438460764
i:650	58173.611438460764
best: 58173.611438460764
routes: [0, 49, 50, 48, 47, 46, 33, 34, 35, 32, 31, 40, 38, 37, 39, 36, 29, 30, 28, 27, 26, 0, 16, 20, 17, 19, 18, 11, 14, 13, 15, 12, 8, 7, 9, 10, 6, 23, 25, 22, 24, 21, 41, 42, 45, 43, 44, 5, 3, 2, 1, 4, 0]
Elapsed time: 102.69035816192627

i:0	85792.99722231127
i:50	59167.09243692311
i:100	58894.800366924625
i:150	58894.800366924625
i:200	58894.800366924625
i:250	58528.924641529404
i:300	58528.924641529404
i:350	58528.924641529404
i:400	58528.924641529404
i:450	58528.924641529404
i:500	58528.924641529404
i:550	58528.924641529404
i:600	58528.924641529404
i:650	58528.924641529404
best: 58528.924641529404
routes: [0, 26, 28, 27, 29, 30, 39, 36, 38, 37, 40, 33, 34, 35, 32, 31, 50, 49, 48, 47, 46, 0, 16, 20, 17, 19, 18, 11, 14, 13, 15, 12, 8, 7, 9, 10, 6, 23, 25, 22, 24, 21, 41, 42, 45, 43, 44, 5, 3, 2, 1, 4, 0]
Elapsed time: 70.50459599494934

i:0	86331.12496474583
i:50	59540.44849012658
i:100	58445.249464888664
i:150	58173.611438460764
i:200	58173.611438460764
i:250	58173.611438460764
i:300	58173.611438460764
i:350	58173.611438460764
i:400	58173.611438460764
i:450	58173.611438460764
i:500	58173.611438460764
i:550	58173.611438460764
i:600	58173.611438460764
i:650	58173.611438460764
best: 58173.611438460764
routes: [0, 16, 20, 17, 19, 18, 11, 14, 13, 15, 12, 8, 7, 9, 10, 6, 23, 25, 22, 24, 21, 41, 42, 45, 43, 44, 5, 3, 2, 1, 4, 0, 49, 50, 48, 47, 46, 33, 34, 35, 32, 31, 40, 38, 37, 39, 36, 29, 30, 28, 27, 26, 0]
Elapsed time: 88.43860578536987

i:0	83236.80211802962
i:50	61519.12546458322
i:100	61022.44985673932
i:150	61022.44985673932
i:200	61022.44985673932
i:250	60911.42164699068
i:300	60671.50949985712
i:350	59993.179117475454
i:400	59993.179117475454
i:450	59993.179117475454
i:500	59465.85890906276
i:550	59174.030380783595
i:600	59174.030380783595
i:650	59174.030380783595
best: 59174.030380783595
routes: [0, 4, 5, 3, 1, 2, 29, 30, 27, 26, 28, 39, 36, 38, 37, 40, 33, 34, 35, 32, 31, 50, 49, 48, 47, 46, 0, 44, 43, 45, 42, 41, 21, 24, 23, 25, 22, 6, 8, 7, 9, 10, 12, 15, 13, 14, 11, 18, 17, 20, 19, 16, 0]
Elapsed time: 85.13949203491211

i:0	82937.48216992118
i:50	60478.59741575447
i:100	59540.486810040515
i:150	59540.486810040515
i:200	59540.486810040515
i:250	59540.486810040515
i:300	59540.486810040515
i:350	59454.61710658153
i:400	59025.473567100096
i:450	59025.473567100096
i:500	59025.473567100096
i:550	59025.473567100096
i:600	58714.96651372487
i:650	58714.96651372487
best: 58714.96651372487
routes: [0, 4, 3, 1, 2, 5, 23, 25, 22, 24, 21, 41, 42, 45, 43, 44, 39, 40, 38, 37, 36, 29, 30, 28, 27, 26, 0, 50, 49, 48, 47, 46, 31, 32, 35, 33, 34, 16, 18, 17, 19, 20, 15, 13, 14, 11, 12, 8, 7, 9, 10, 6, 0]
Elapsed time: 72.72225213050842

i:0	83237.45674921901
i:50	58976.431168708936
i:100	58859.57263885694
i:150	58859.57263885694
i:200	58528.924641529404
i:250	58528.924641529404
i:300	58528.924641529404
i:350	58528.924641529404
i:400	58528.924641529404
i:450	58528.924641529404
i:500	58528.924641529404
i:550	58528.924641529404
i:600	58528.924641529404
i:650	58528.924641529404
best: 58528.924641529404
routes: [0, 26, 28, 27, 29, 30, 39, 36, 38, 37, 40, 33, 34, 35, 32, 31, 50, 49, 48, 47, 46, 0, 16, 20, 17, 19, 18, 11, 14, 13, 15, 12, 8, 7, 9, 10, 6, 23, 25, 22, 24, 21, 41, 42, 45, 43, 44, 5, 3, 2, 1, 4, 0]
Elapsed time: 78.58681321144104

i:0	85256.26571850899
i:50	61432.764186475935
i:100	61432.764186475935
i:150	59428.82661830117
i:200	59320.52449771663
i:250	58997.76712333369
i:300	58997.76712333369
i:350	58913.944375546096
i:400	58913.944375546096
i:450	58913.944375546096
i:500	58913.944375546096
i:550	58913.944375546096
i:600	58913.944375546096
i:650	58913.944375546096
best: 58913.944375546096
routes: [0, 4, 5, 3, 2, 1, 39, 36, 38, 37, 40, 33, 34, 35, 32, 31, 50, 49, 48, 47, 46, 0, 16, 20, 17, 19, 18, 11, 14, 13, 15, 12, 8, 7, 9, 10, 6, 23, 25, 22, 24, 21, 41, 42, 45, 43, 44, 29, 30, 28, 27, 26, 0]
Elapsed time: 138.758642911911

i:0	82708.44749940353
i:50	61121.394765410485
i:100	60040.072360658465
i:150	59437.99201077482
i:200	59437.99201077482
i:250	59437.99201077482
i:300	59025.473567100096
i:350	59025.473567100096
i:400	59025.473567100096
i:450	59025.473567100096
i:500	59025.473567100096
i:550	59025.473567100096
i:600	59025.473567100096
i:650	59025.473567100096
best: 59025.473567100096
routes: [0, 4, 3, 1, 2, 5, 23, 22, 24, 25, 21, 41, 42, 45, 43, 44, 39, 40, 38, 37, 36, 29, 30, 28, 27, 26, 0, 50, 49, 48, 47, 46, 31, 32, 35, 33, 34, 16, 18, 17, 19, 20, 15, 13, 14, 11, 12, 8, 7, 9, 10, 6, 0]
Elapsed time: 112.04272508621216

mean: 58835.994623811406
std: 666.810529287512
mean-time: 87.85410997867584
std-time: 22.689325087073758