i:0	65555.59813497125
i:50	49780.22378568776
i:100	48340.99094489603
i:150	48112.82587494648
i:200	47629.91844770977
i:250	46808.61566145613
i:300	46620.37900911571
i:350	46599.16759082755
i:400	46599.16759082755
i:450	46599.16759082755
i:500	46599.16759082755
i:550	46599.16759082755
i:600	46599.16759082755
i:650	46599.16759082755
best: 46413.67338030598
routes: [0, 4, 1, 2, 3, 6, 5, 10, 7, 8, 9, 50, 44, 46, 49, 45, 43, 42, 41, 47, 48, 21, 24, 26, 29, 30, 27, 25, 22, 23, 28, 0, 11, 13, 12, 15, 17, 19, 20, 18, 16, 14, 39, 40, 36, 37, 38, 35, 34, 33, 31, 32, 0]
Elapsed time: 160.66177320480347

i:0	66805.33465003522
i:50	51657.53598374752
i:100	51141.975481783855
i:150	51081.77013386128
i:200	49690.13263140271
i:250	48733.6799595473
i:300	48553.41958129902
i:350	48319.18690071421
i:400	48319.18690071421
i:450	48308.4016559266
i:500	47993.41535331329
i:550	47993.41535331329
i:600	47993.41535331329
i:650	47993.41535331329
best: 47993.41535331329
routes: [0, 4, 5, 6, 3, 1, 2, 8, 7, 10, 9, 50, 46, 49, 44, 43, 45, 42, 41, 47, 48, 21, 22, 23, 28, 27, 25, 24, 26, 29, 30, 0, 11, 12, 13, 15, 17, 19, 20, 18, 16, 14, 31, 32, 33, 34, 35, 38, 37, 36, 39, 40, 0]
Elapsed time: 196.59690117835999

i:0	65616.66005592821
i:50	49916.67287301109
i:100	49603.55624934257
i:150	48842.87692802763
i:200	48802.555653469826
i:250	48327.38563784638
i:300	48321.96024962995
i:350	47967.163844026945
i:400	47967.163844026945
i:450	47965.25524826457
i:500	47965.25524826457
i:550	47965.25524826457
i:600	47954.76173324388
i:650	47954.76173324388
best: 47840.21612929263
routes: [0, 4, 3, 6, 5, 10, 7, 9, 8, 2, 1, 31, 32, 33, 34, 35, 38, 37, 36, 39, 40, 0, 50, 44, 46, 45, 43, 42, 41, 47, 49, 48, 21, 22, 23, 25, 27, 24, 26, 29, 30, 28, 15, 17, 19, 20, 18, 16, 14, 11, 13, 12, 0]
Elapsed time: 191.73179268836975

i:0	65256.090459593695
i:50	51424.64424316884
i:100	50907.735439745666
i:150	50639.27498647441
i:200	50386.33629839154
i:250	49981.57072423506
i:300	49369.684751949426
i:350	49026.69226736233
i:400	48223.781973781566
i:450	47187.78538302212
i:500	47182.78338992345
i:550	47149.76953579508
i:600	47149.76953579508
i:650	46603.336936766915
best: 46598.33494366824
routes: [0, 4, 1, 2, 3, 6, 5, 10, 7, 8, 9, 50, 44, 46, 49, 45, 43, 42, 41, 47, 48, 21, 24, 26, 29, 30, 28, 27, 25, 23, 22, 0, 11, 13, 12, 15, 17, 19, 20, 18, 16, 14, 39, 40, 37, 38, 36, 35, 34, 33, 31, 32, 0]
Elapsed time: 207.42141032218933

i:0	67701.72871599591
i:50	50098.65879417058
i:100	49569.915476889
i:150	49397.60500843385
i:200	49249.77416969299
i:250	49143.49978409204
i:300	48936.58764932533
i:350	48451.62173628378
i:400	48324.509587268374
i:450	47102.77307922386
i:500	46188.38389444494
i:550	46188.38389444494
i:600	46058.765103396116
i:650	46058.765103396116
best: 46058.765103396116
routes: [0, 23, 24, 26, 29, 30, 28, 27, 25, 22, 21, 48, 47, 41, 42, 45, 43, 44, 46, 49, 50, 8, 7, 9, 10, 5, 6, 2, 1, 3, 4, 0, 11, 13, 12, 15, 17, 19, 20, 18, 16, 14, 39, 40, 36, 37, 38, 35, 34, 33, 31, 32, 0]
Elapsed time: 194.62891244888306

i:0	68260.12547008232
i:50	50201.73404165309
i:100	48380.97263373394
i:150	47924.92326490719
i:200	47736.96249729025
i:250	47427.55504174976
i:300	46968.38653519358
i:350	46738.80521911621
i:400	46638.77512783666
i:450	46314.36531086857
i:500	46314.36531086857
i:550	46314.36531086857
i:600	46314.36531086857
i:650	46314.36531086857
best: 46314.36531086857
routes: [0, 23, 22, 25, 27, 29, 30, 28, 26, 24, 21, 47, 41, 42, 43, 45, 48, 49, 50, 46, 44, 8, 7, 9, 10, 5, 6, 2, 1, 3, 4, 0, 11, 12, 15, 17, 19, 20, 18, 16, 13, 14, 39, 40, 36, 37, 38, 35, 34, 33, 31, 32, 0]
Elapsed time: 172.44688606262207

i:0	67592.67651689277
i:50	50378.28657487586
i:100	49771.38611324408
i:150	48174.03482103577
i:200	47814.73146480988
i:250	47673.71750739959
i:300	47112.18367281259
i:350	46660.71650117923
i:400	46660.71650117923
i:450	46660.71650117923
i:500	46660.71650117923
i:550	46599.39656989441
i:600	46599.39656989441
i:650	46599.39656989441
best: 46599.39656989441
routes: [0, 4, 1, 2, 3, 6, 5, 10, 7, 8, 9, 50, 46, 49, 44, 43, 45, 42, 41, 47, 48, 21, 22, 23, 25, 24, 26, 29, 30, 27, 28, 0, 11, 13, 12, 16, 15, 17, 19, 20, 18, 14, 39, 40, 36, 37, 38, 35, 34, 33, 31, 32, 0]
Elapsed time: 151.22250413894653

i:0	67211.2010899602
i:50	49854.45375264902
i:100	49053.16663869768
i:150	48959.890125113634
i:200	48956.54459566449
i:250	48054.15376096062
i:300	47637.584056884865
i:350	47438.33243284748
i:400	47438.33243284748
i:450	47438.33243284748
i:500	47438.33243284748
i:550	47438.33243284748
i:600	47411.336106281204
i:650	47411.336106281204
best: 47411.336106281204
routes: [0, 4, 3, 1, 2, 8, 6, 5, 10, 7, 9, 50, 44, 46, 49, 45, 43, 42, 41, 47, 48, 21, 22, 23, 25, 27, 24, 26, 29, 30, 28, 0, 12, 15, 17, 19, 20, 18, 16, 14, 13, 11, 31, 32, 33, 34, 35, 38, 37, 36, 39, 40, 0]
Elapsed time: 171.2460367679596

i:0	68186.92740311995
i:50	48201.86086430247
i:100	47266.01489648971
i:150	47161.128618322255
i:200	46694.24165794533
i:250	46485.88130865175
i:300	45993.690248055995
i:350	45993.690248055995
i:400	45948.01028239651
i:450	45948.01028239651
i:500	45948.01028239651
i:550	45948.01028239651
i:600	45948.01028239651
i:650	45948.01028239651
best: 45948.01028239651
routes: [0, 11, 13, 12, 15, 17, 19, 20, 18, 16, 14, 39, 40, 36, 37, 38, 35, 34, 33, 31, 32, 0, 23, 22, 25, 27, 29, 30, 28, 26, 24, 21, 48, 47, 41, 42, 43, 45, 46, 49, 50, 44, 8, 7, 9, 10, 5, 6, 2, 1, 3, 4, 0]
Elapsed time: 183.1367061138153

i:0	66649.82127757519
i:50	49581.14581945284
i:100	49253.60356683751
i:150	49227.205693041964
i:200	48691.730991040415
i:250	48412.33427603364
i:300	48197.593494997825
i:350	47518.49351524784
i:400	47302.01902936098
i:450	46941.18140765019
i:500	46736.94434966131
i:550	46736.94434966131
i:600	46736.94434966131
i:650	46736.94434966131
best: 46736.94434966131
routes: [0, 12, 15, 17, 19, 20, 18, 16, 14, 13, 11, 39, 40, 36, 37, 38, 35, 34, 33, 31, 32, 0, 23, 28, 27, 29, 30, 26, 24, 25, 22, 21, 47, 41, 42, 43, 45, 48, 46, 49, 50, 44, 8, 7, 9, 10, 5, 6, 2, 1, 3, 4, 0]
Elapsed time: 174.43509101867676

mean: 46791.44575290782
std: 680.0427479171323
mean-time: 180.35280139446257
std-time: 16.59634311199891