i:0	83454.17035674647
i:50	56810.07745659251
i:100	56361.86033442445
i:150	55864.11212007604
i:200	55864.11212007604
i:250	55864.11212007604
i:300	55864.11212007604
i:350	55670.88604287495
i:400	55670.88604287495
i:450	55670.88604287495
i:500	55670.88604287495
i:550	55670.88604287495
i:600	55670.88604287495
i:650	55670.88604287495
best: 55670.88604287495
routes: [0, 5, 1, 2, 4, 3, 39, 40, 38, 37, 36, 28, 30, 29, 27, 26, 45, 41, 44, 43, 42, 21, 24, 25, 23, 22, 7, 9, 8, 10, 6, 0, 46, 48, 47, 49, 50, 34, 35, 33, 31, 32, 19, 18, 17, 20, 16, 15, 13, 11, 12, 14, 0]
Elapsed time: 107.89118146896362

i:0	79820.05827585887
i:50	58495.53549527095
i:100	56493.99287413302
i:150	54553.61771913609
i:200	54553.61771913609
i:250	54481.181572381785
i:300	54481.181572381785
i:350	54481.181572381785
i:400	54481.181572381785
i:450	54481.181572381785
i:500	54481.181572381785
i:550	54481.181572381785
i:600	54481.181572381785
i:650	54481.181572381785
best: 54481.181572381785
routes: [0, 45, 41, 44, 43, 42, 27, 26, 30, 29, 28, 39, 40, 38, 37, 36, 33, 32, 31, 34, 35, 48, 47, 49, 50, 46, 0, 19, 18, 17, 20, 16, 15, 13, 11, 12, 14, 6, 8, 10, 9, 7, 23, 25, 22, 21, 24, 5, 1, 4, 3, 2, 0]
Elapsed time: 76.60221862792969

i:0	82213.11401619895
i:50	55117.72020037127
i:100	54481.181572381785
i:150	54481.181572381785
i:200	54481.181572381785
i:250	54481.181572381785
i:300	54481.181572381785
i:350	54481.181572381785
i:400	54481.181572381785
i:450	54481.181572381785
i:500	54481.181572381785
i:550	54481.181572381785
i:600	54481.181572381785
i:650	54481.181572381785
best: 54481.181572381785
routes: [0, 45, 41, 44, 43, 42, 27, 26, 30, 29, 28, 39, 40, 38, 37, 36, 33, 32, 31, 34, 35, 48, 47, 49, 50, 46, 0, 19, 18, 17, 20, 16, 15, 13, 11, 12, 14, 6, 8, 10, 9, 7, 23, 25, 22, 21, 24, 5, 1, 4, 3, 2, 0]
Elapsed time: 60.335952043533325

i:0	82349.84300526488
i:50	55906.974036636304
i:100	55337.45097421489
i:150	54967.955918041866
i:200	54876.6139351632
i:250	54765.546386148155
i:300	54765.546386148155
i:350	54765.546386148155
i:400	54765.546386148155
i:450	54765.546386148155
i:500	54765.546386148155
i:550	54765.546386148155
i:600	54765.546386148155
i:650	54765.546386148155
best: 54765.546386148155
routes: [0, 46, 48, 47, 49, 50, 34, 35, 33, 32, 31, 40, 38, 37, 39, 36, 28, 30, 29, 27, 26, 0, 19, 18, 17, 20, 16, 15, 13, 11, 12, 14, 6, 8, 10, 9, 7, 23, 25, 22, 24, 21, 43, 42, 45, 41, 44, 4, 3, 2, 5, 1, 0]
Elapsed time: 69.4596700668335

i:0	83746.8966355541
i:50	57112.610847837204
i:100	56318.110551199294
i:150	55864.11212007604
i:200	55864.11212007604
i:250	55864.11212007604
i:300	55864.11212007604
i:350	55670.88604287495
i:400	55670.88604287495
i:450	55670.88604287495
i:500	55670.88604287495
i:550	55670.88604287495
i:600	55670.88604287495
i:650	55670.88604287495
best: 55670.88604287495
routes: [0, 5, 1, 2, 4, 3, 39, 40, 38, 37, 36, 28, 30, 29, 27, 26, 45, 41, 44, 43, 42, 21, 24, 25, 23, 22, 7, 9, 8, 10, 6, 0, 46, 48, 47, 49, 50, 34, 35, 33, 31, 32, 19, 18, 17, 20, 16, 15, 13, 11, 12, 14, 0]
Elapsed time: 121.15195655822754

i:0	80173.14313236161
i:50	54977.0379635111
i:100	54977.0379635111
i:150	54977.0379635111
i:200	54726.20129474638
i:250	54726.20129474638
i:300	54678.73610806599
i:350	54678.73610806599
i:400	54678.73610806599
i:450	54678.73610806599
i:500	54678.73610806599
i:550	54678.73610806599
i:600	54678.73610806599
i:650	54678.73610806599
best: 54678.73610806599
routes: [0, 1, 2, 4, 3, 5, 23, 25, 22, 21, 24, 7, 9, 8, 10, 6, 11, 12, 14, 13, 15, 17, 16, 20, 19, 18, 0, 45, 41, 44, 43, 42, 27, 26, 30, 29, 28, 39, 40, 38, 37, 36, 33, 32, 31, 34, 35, 48, 47, 49, 50, 46, 0]
Elapsed time: 47.592734575271606

i:0	84447.02340156568
i:50	57101.168443664006
i:100	56200.55211578558
i:150	55864.11212007604
i:200	55864.11212007604
i:250	55864.11212007604
i:300	55864.11212007604
i:350	55864.11212007604
i:400	55864.11212007604
i:450	55670.88604287495
i:500	55670.88604287495
i:550	55670.88604287495
i:600	55670.88604287495
i:650	55670.88604287495
best: 55670.88604287495
routes: [0, 5, 1, 2, 4, 3, 39, 40, 38, 37, 36, 28, 30, 29, 27, 26, 45, 41, 44, 43, 42, 21, 24, 25, 23, 22, 7, 9, 8, 10, 6, 0, 46, 48, 47, 49, 50, 34, 35, 33, 31, 32, 19, 18, 17, 20, 16, 15, 13, 11, 12, 14, 0]
Elapsed time: 113.55809569358826

i:0	84969.85862562679
i:50	56584.034963267615
i:100	54876.6139351632
i:150	54876.6139351632
i:200	54765.546386148155
i:250	54765.546386148155
i:300	54765.546386148155
i:350	54765.546386148155
i:400	54765.546386148155
i:450	54765.546386148155
i:500	54765.546386148155
i:550	54765.546386148155
i:600	54765.546386148155
i:650	54765.546386148155
best: 54765.546386148155
routes: [0, 46, 48, 47, 49, 50, 34, 35, 33, 32, 31, 40, 38, 37, 39, 36, 28, 30, 29, 27, 26, 0, 19, 18, 17, 20, 16, 15, 13, 11, 12, 14, 6, 8, 10, 9, 7, 23, 25, 22, 24, 21, 43, 42, 45, 41, 44, 4, 3, 2, 5, 1, 0]
Elapsed time: 77.00064778327942

i:0	100408.30250656087
i:50	56594.3111469072
i:100	56401.485188136256
i:150	56251.44684797055
i:200	54765.546386148155
i:250	54765.546386148155
i:300	54765.546386148155
i:350	54765.546386148155
i:400	54765.546386148155
i:450	54765.546386148155
i:500	54765.546386148155
i:550	54765.546386148155
i:600	54765.546386148155
i:650	54765.546386148155
best: 54765.546386148155
routes: [0, 46, 48, 47, 49, 50, 34, 35, 33, 32, 31, 40, 38, 37, 39, 36, 28, 30, 29, 27, 26, 0, 19, 18, 17, 20, 16, 15, 13, 11, 12, 14, 6, 8, 10, 9, 7, 23, 25, 22, 24, 21, 43, 42, 45, 41, 44, 4, 3, 2, 5, 1, 0]
Elapsed time: 83.55860805511475

i:0	78942.72022072764
i:50	56291.64151916955
i:100	55952.67703347389
i:150	55864.11212007604
i:200	55864.11212007604
i:250	55864.11212007604
i:300	55670.88604287495
i:350	55670.88604287495
i:400	55670.88604287495
i:450	55670.88604287495
i:500	55670.88604287495
i:550	55670.88604287495
i:600	55670.88604287495
i:650	55670.88604287495
best: 55670.88604287495
routes: [0, 5, 1, 2, 4, 3, 39, 40, 38, 37, 36, 28, 30, 29, 27, 26, 45, 41, 44, 43, 42, 21, 24, 25, 23, 22, 7, 9, 8, 10, 6, 0, 46, 48, 47, 49, 50, 34, 35, 33, 31, 32, 19, 18, 17, 20, 16, 15, 13, 11, 12, 14, 0]
Elapsed time: 96.3290753364563

mean: 55062.128258277386
std: 506.77551503692837
mean-time: 85.3480140209198
std-time: 22.714273911473235