i:0	294530.2659600175
i:50	65784.10455561185
i:100	65150.3080203405
i:150	65070.232373002334
i:200	65070.232373002334
i:250	65070.232373002334
i:300	65070.232373002334
i:350	65070.232373002334
i:400	65070.232373002334
i:450	64924.618548216495
i:500	64924.618548216495
i:550	64924.618548216495
i:600	64924.618548216495
i:650	64924.618548216495
best: 64924.618548216495
routes: [0, 3, 5, 1, 2, 4, 45, 41, 42, 44, 43, 21, 22, 24, 25, 23, 7, 9, 8, 10, 6, 0, 46, 48, 47, 49, 50, 31, 32, 34, 35, 33, 40, 39, 38, 37, 36, 29, 30, 28, 27, 26, 0, 11, 12, 14, 13, 15, 16, 20, 17, 19, 18, 0]
Elapsed time: 77.99474096298218

i:0	288875.26277510746
i:50	66133.0784760007
i:100	65350.09874059117
i:150	65181.62858996645
i:200	65181.62858996645
i:250	65181.62858996645
i:300	64956.70745581784
i:350	64956.70745581784
i:400	64956.70745581784
i:450	64956.70745581784
i:500	64956.70745581784
i:550	64956.70745581784
i:600	64956.70745581784
i:650	64956.70745581784
best: 64956.70745581784
routes: [0, 3, 4, 5, 1, 2, 45, 43, 44, 41, 42, 24, 21, 22, 25, 23, 7, 9, 8, 10, 6, 0, 46, 48, 47, 49, 50, 34, 33, 31, 32, 35, 40, 38, 37, 39, 36, 28, 27, 29, 30, 26, 0, 19, 18, 17, 20, 16, 15, 13, 14, 11, 12, 0]
Elapsed time: 81.48397541046143

i:0	84163.3557700966
i:50	64453.87791303414
i:100	63262.67236522208
i:150	63262.67236522208
i:200	63262.67236522208
i:250	63262.67236522208
i:300	63003.01667525545
i:350	63003.01667525545
i:400	63003.01667525545
i:450	63003.01667525545
i:500	63003.01667525545
i:550	63003.01667525545
i:600	63003.01667525545
i:650	63003.01667525545
best: 63003.01667525545
routes: [0, 3, 4, 5, 1, 2, 45, 43, 44, 41, 42, 25, 23, 24, 21, 22, 7, 9, 8, 10, 6, 0, 46, 48, 47, 49, 50, 34, 35, 33, 32, 31, 40, 38, 37, 39, 36, 28, 27, 29, 30, 26, 0, 19, 18, 17, 20, 16, 15, 13, 11, 12, 14, 0]
Elapsed time: 52.9175968170166

i:0	78879.55018343488
i:50	64457.415826854354
i:100	64284.28677223445
i:150	64284.28677223445
i:200	63902.640736704954
i:250	63638.26149412591
i:300	63638.26149412591
i:350	63638.26149412591
i:400	63638.26149412591
i:450	63638.26149412591
i:500	63638.26149412591
i:550	63638.26149412591
i:600	63638.26149412591
i:650	63638.26149412591
best: 63638.26149412591
routes: [0, 1, 2, 4, 5, 3, 45, 43, 44, 41, 42, 23, 24, 21, 22, 25, 7, 9, 8, 10, 6, 0, 46, 48, 47, 49, 50, 34, 35, 33, 32, 31, 40, 38, 37, 39, 36, 28, 27, 29, 30, 26, 0, 19, 18, 17, 20, 16, 15, 13, 12, 14, 11, 0]
Elapsed time: 54.259671449661255

i:0	291533.78990651807
i:50	64799.51409070927
i:100	64579.46977733774
i:150	64579.46977733774
i:200	64579.46977733774
i:250	64319.814087371095
i:300	64319.814087371095
i:350	64319.814087371095
i:400	64319.814087371095
i:450	64319.814087371095
i:500	64319.814087371095
i:550	64319.814087371095
i:600	64319.814087371095
i:650	64319.814087371095
best: 64319.814087371095
routes: [0, 46, 48, 47, 49, 50, 34, 35, 33, 32, 31, 40, 38, 37, 39, 36, 29, 30, 28, 27, 26, 0, 3, 4, 5, 1, 2, 45, 41, 42, 44, 43, 24, 21, 22, 25, 23, 7, 9, 8, 10, 6, 0, 19, 18, 17, 20, 16, 15, 13, 14, 11, 12, 0]
Elapsed time: 62.941383361816406

i:0	87842.29380670871
i:50	65763.3527667104
i:100	65402.67705770455
i:150	64270.689289800765
i:200	64270.689289800765
i:250	64270.689289800765
i:300	64006.26696500828
i:350	64006.26696500828
i:400	64006.26696500828
i:450	64006.26696500828
i:500	64006.26696500828
i:550	64006.26696500828
i:600	64006.26696500828
i:650	64006.26696500828
best: 64006.26696500828
routes: [0, 3, 4, 5, 1, 2, 45, 43, 44, 41, 42, 24, 21, 22, 25, 23, 7, 9, 8, 10, 6, 0, 46, 48, 47, 49, 50, 34, 31, 32, 35, 33, 40, 38, 37, 39, 36, 28, 27, 29, 30, 26, 0, 19, 18, 17, 20, 16, 15, 13, 11, 12, 14, 0]
Elapsed time: 75.59320092201233

i:0	81478.1167508761
i:50	64796.87699896048
i:100	64796.87699896048
i:150	64796.87699896048
i:200	64796.87699896048
i:250	64796.87699896048
i:300	64498.73477979499
i:350	64498.73477979499
i:400	64498.73477979499
i:450	64498.73477979499
i:500	64498.73477979499
i:550	64498.73477979499
i:600	64498.73477979499
i:650	64498.73477979499
best: 64498.73477979499
routes: [0, 19, 18, 17, 20, 16, 15, 13, 14, 11, 12, 6, 10, 9, 8, 7, 25, 23, 24, 21, 22, 0, 45, 43, 42, 44, 41, 39, 40, 38, 37, 36, 28, 27, 29, 30, 26, 3, 4, 5, 1, 2, 0, 46, 48, 47, 49, 50, 34, 35, 33, 31, 32, 0]
Elapsed time: 46.43900418281555

i:0	289680.10445482476
i:50	63048.85461713646
i:100	63048.85461713646
i:150	63048.85461713646
i:200	62719.13767559892
i:250	62719.13767559892
i:300	62719.13767559892
i:350	62719.13767559892
i:400	62719.13767559892
i:450	62719.13767559892
i:500	62719.13767559892
i:550	62719.13767559892
i:600	62719.13767559892
i:650	62719.13767559892
best: 62719.13767559892
routes: [0, 3, 4, 5, 1, 2, 45, 43, 44, 41, 42, 21, 22, 24, 25, 23, 7, 9, 8, 10, 6, 0, 46, 48, 47, 49, 50, 34, 35, 33, 32, 31, 40, 38, 37, 39, 36, 28, 27, 29, 30, 26, 0, 19, 18, 17, 20, 16, 15, 13, 14, 11, 12, 0]
Elapsed time: 48.374849796295166

i:0	284088.1007861835
i:50	65109.28899969053
i:100	64558.14494536674
i:150	63717.64718496344
i:200	63717.64718496344
i:250	63717.64718496344
i:300	63717.64718496344
i:350	63717.64718496344
i:400	63278.46793360321
i:450	63278.46793360321
i:500	63278.46793360321
i:550	63278.46793360321
i:600	63278.46793360321
i:650	63278.46793360321
best: 63278.46793360321
routes: [0, 46, 48, 47, 49, 50, 34, 35, 33, 32, 31, 40, 38, 37, 39, 36, 29, 30, 28, 27, 26, 0, 6, 10, 8, 7, 9, 24, 25, 23, 22, 21, 43, 45, 41, 42, 44, 3, 4, 5, 1, 2, 0, 19, 18, 17, 20, 16, 15, 13, 14, 11, 12, 0]
Elapsed time: 112.15848731994629

i:0	284048.72977774794
i:50	63797.7107312892
i:100	63786.83570187403
i:150	63786.83570187403
i:200	63786.83570187403
i:250	63786.83570187403
i:300	63786.83570187403
i:350	63786.83570187403
i:400	63786.83570187403
i:450	63786.83570187403
i:500	63786.83570187403
i:550	63786.83570187403
i:600	63786.83570187403
i:650	63786.83570187403
best: 63786.83570187403
routes: [0, 19, 18, 17, 20, 16, 15, 13, 14, 11, 12, 6, 10, 8, 7, 9, 25, 23, 24, 21, 22, 0, 1, 2, 4, 5, 3, 45, 43, 42, 44, 41, 27, 29, 30, 26, 28, 39, 40, 38, 37, 36, 0, 46, 48, 47, 49, 50, 34, 35, 33, 31, 32, 0]
Elapsed time: 62.22734498977661

mean: 63913.186131666625
std: 733.3065645169945
mean-time: 67.43902552127838
std-time: 19.003699488542452