i:0	64040.07224399746
i:50	48673.480654241386
i:100	47537.229215764775
i:150	46811.70569253499
i:200	46635.204628986765
i:250	46436.46352642784
i:300	45742.9084140594
i:350	45742.9084140594
i:400	45742.9084140594
i:450	45742.9084140594
i:500	45742.9084140594
i:550	45727.78941255174
i:600	45727.78941255174
i:650	45727.78941255174
best: 45709.93864041271
routes: [0, 3, 1, 2, 4, 5, 7, 9, 10, 8, 6, 13, 14, 12, 17, 16, 15, 20, 19, 18, 11, 50, 49, 48, 47, 46, 45, 44, 43, 41, 42, 0, 21, 22, 23, 26, 24, 25, 27, 29, 30, 28, 39, 37, 36, 34, 31, 32, 33, 35, 38, 40, 0]
Elapsed time: 171.94984602928162

i:0	65731.8773286205
i:50	50741.112800660565
i:100	50381.15578934748
i:150	50284.0695982502
i:200	48760.59396136097
i:250	47838.44184187542
i:300	46422.9983444024
i:350	46060.92477629459
i:400	45942.74713520211
i:450	45910.2177524077
i:500	45910.2177524077
i:550	45910.2177524077
i:600	45722.974892254555
i:650	45722.974892254555
best: 45722.974892254555
routes: [0, 41, 42, 43, 44, 45, 46, 47, 48, 49, 50, 11, 13, 14, 19, 18, 17, 20, 15, 16, 12, 6, 5, 4, 7, 9, 10, 8, 3, 1, 2, 0, 21, 22, 23, 26, 24, 25, 27, 29, 30, 28, 36, 34, 31, 32, 33, 35, 38, 37, 39, 40, 0]
Elapsed time: 179.81322765350342

i:0	62238.988126494776
i:50	49260.819648818986
i:100	48554.76279747884
i:150	47489.627233281055
i:200	46857.61812951959
i:250	46611.828068278104
i:300	46611.828068278104
i:350	46517.925205648855
i:400	46277.75270483098
i:450	46277.75270483098
i:500	46277.75270483098
i:550	46277.75270483098
i:600	46277.75270483098
i:650	46277.75270483098
best: 46277.75270483098
routes: [0, 41, 42, 43, 44, 45, 47, 48, 49, 50, 46, 39, 37, 36, 34, 31, 32, 33, 35, 38, 40, 28, 30, 29, 27, 26, 25, 24, 23, 21, 22, 0, 11, 14, 13, 18, 19, 20, 15, 16, 17, 12, 6, 10, 9, 7, 8, 5, 4, 3, 1, 2, 0]
Elapsed time: 177.21246457099915

i:0	63119.7183262826
i:50	49791.48599617351
i:100	49246.66971110548
i:150	48923.71731586025
i:200	48455.166262615174
i:250	48095.62321960125
i:300	47323.186870918755
i:350	47243.58624374071
i:400	46935.417740709854
i:450	46675.08220461288
i:500	46675.08220461288
i:550	46603.845139665056
i:600	46583.02326636043
i:650	46583.02326636043
best: 46583.02326636043
routes: [0, 41, 42, 43, 44, 45, 47, 48, 49, 50, 46, 40, 39, 37, 38, 35, 33, 32, 31, 34, 36, 28, 30, 29, 27, 26, 25, 24, 23, 21, 22, 0, 13, 14, 11, 19, 20, 16, 15, 17, 18, 12, 6, 5, 4, 7, 9, 10, 8, 3, 1, 2, 0]
Elapsed time: 194.19463086128235

i:0	73056.48020334353
i:50	50436.77524197158
i:100	48511.32808182691
i:150	48069.90398307139
i:200	47340.14494776765
i:250	46966.21812766781
i:300	46966.21812766781
i:350	46912.42822168335
i:400	46753.953898903055
i:450	46281.862058962564
i:500	46244.85859447079
i:550	46203.49501952421
i:600	46203.49501952421
i:650	46182.67314621959
best: 46182.67314621959
routes: [0, 43, 45, 47, 48, 49, 50, 46, 44, 41, 42, 34, 31, 32, 33, 35, 38, 37, 36, 39, 40, 28, 30, 29, 27, 26, 25, 24, 23, 21, 22, 0, 11, 19, 20, 15, 16, 17, 18, 14, 13, 12, 3, 1, 2, 4, 5, 7, 9, 10, 8, 6, 0]
Elapsed time: 212.95447158813477

i:0	66422.04269060584
i:50	49982.33345831255
i:100	48212.10987294712
i:150	48127.490400387556
i:200	48127.490400387556
i:250	48127.490400387556
i:300	48127.490400387556
i:350	47905.93590458848
i:400	47898.04109392142
i:450	47509.48740512142
i:500	46125.90378211485
i:550	45689.823223760206
i:600	45526.028860731414
i:650	45526.028860731414
best: 45526.028860731414
routes: [0, 41, 42, 43, 44, 45, 46, 47, 48, 49, 50, 11, 19, 18, 17, 16, 15, 20, 14, 13, 12, 6, 5, 7, 9, 10, 8, 4, 3, 1, 2, 0, 21, 22, 23, 26, 24, 25, 27, 29, 30, 28, 36, 34, 31, 32, 33, 35, 38, 37, 39, 40, 0]
Elapsed time: 208.46149325370789

i:0	73155.54280642541
i:50	47928.64404325881
i:100	47928.64404325881
i:150	46889.84705503828
i:200	46634.65131342408
i:250	45649.181613128254
i:300	45598.88883017473
i:350	45540.65083767439
i:400	45540.65083767439
i:450	45528.44468010245
i:500	45328.78852801027
i:550	45328.78852801027
i:600	45328.78852801027
i:650	45328.78852801027
best: 45328.78852801027
routes: [0, 41, 42, 43, 44, 45, 46, 47, 48, 49, 50, 11, 19, 18, 17, 16, 15, 20, 14, 13, 12, 10, 9, 7, 8, 5, 4, 2, 1, 3, 6, 0, 21, 22, 23, 26, 24, 25, 27, 29, 30, 28, 39, 37, 36, 34, 31, 32, 33, 35, 38, 40, 0]
Elapsed time: 186.53163862228394

i:0	72402.0716941513
i:50	47612.73353461572
i:100	46799.224352401245
i:150	46054.638456860135
i:200	45939.24690434054
i:250	45939.24690434054
i:300	45939.24690434054
i:350	45939.24690434054
i:400	45811.052497935714
i:450	45770.55154774716
i:500	45583.30868759402
i:550	45583.30868759402
i:600	45583.30868759402
i:650	45583.30868759402
best: 45583.30868759402
routes: [0, 41, 42, 43, 44, 45, 46, 47, 48, 49, 50, 11, 19, 18, 17, 16, 15, 20, 14, 13, 12, 3, 1, 2, 4, 5, 7, 9, 10, 8, 6, 0, 21, 22, 23, 26, 24, 25, 27, 29, 30, 28, 39, 40, 37, 36, 34, 31, 32, 33, 35, 38, 0]
Elapsed time: 172.01697254180908

i:0	62387.096946463935
i:50	49970.54830564182
i:100	49608.86855270016
i:150	49608.86855270016
i:200	49073.84951191001
i:250	49073.84951191001
i:300	48679.01706283798
i:350	47433.415888163516
i:400	46940.583359715354
i:450	46498.446105824725
i:500	45994.19397674792
i:550	45994.19397674792
i:600	45790.86922757895
i:650	45690.45604312326
best: 45690.45604312326
routes: [0, 41, 42, 43, 44, 45, 46, 47, 48, 49, 50, 11, 13, 14, 18, 19, 20, 15, 16, 17, 12, 3, 1, 2, 4, 5, 8, 7, 9, 10, 6, 0, 21, 22, 23, 26, 25, 24, 27, 29, 30, 28, 36, 39, 37, 34, 31, 32, 33, 35, 38, 40, 0]
Elapsed time: 213.75098633766174

i:0	65116.77091183071
i:50	49165.56240384841
i:100	49031.10694343243
i:150	47364.8822256081
i:200	47316.40520054165
i:250	47262.36057546669
i:300	46665.272083696225
i:350	46544.44438478694
i:400	46544.44438478694
i:450	46523.62251148232
i:500	46435.37414688318
i:550	46435.37414688318
i:600	46435.37414688318
i:650	46435.37414688318
best: 46190.03518294472
routes: [0, 43, 45, 47, 48, 49, 50, 46, 44, 41, 42, 40, 39, 34, 31, 32, 33, 35, 38, 37, 36, 28, 30, 29, 27, 26, 25, 24, 23, 21, 22, 0, 11, 14, 13, 18, 19, 20, 16, 15, 17, 12, 6, 10, 9, 7, 8, 5, 4, 3, 1, 2, 0]
Elapsed time: 201.0158200263977

mean: 45879.497995248195
std: 380.373409491749
mean-time: 191.79015514850616
std-time: 15.707510223394985