i:0	69795.38979190303
i:50	48643.859709447905
i:100	48293.416804429384
i:150	48125.03938304724
i:200	48013.4703016055
i:250	47752.119228865056
i:300	47549.93659613144
i:350	47549.93659613144
i:400	47549.93659613144
i:450	47549.93659613144
i:500	47549.93659613144
i:550	47549.93659613144
i:600	47549.93659613144
i:650	47549.93659613144
best: 47549.93659613144
routes: [0, 41, 42, 43, 44, 45, 46, 47, 48, 49, 50, 11, 19, 20, 15, 16, 17, 18, 14, 13, 12, 0, 21, 22, 23, 26, 24, 25, 27, 29, 30, 28, 36, 37, 34, 31, 32, 33, 35, 38, 39, 40, 0, 1, 2, 3, 5, 4, 7, 9, 10, 8, 6, 0]
Elapsed time: 154.55037260055542

i:0	68142.72566481326
i:50	49651.25610350646
i:100	48921.77817342032
i:150	47999.626478323
i:200	47776.12028954093
i:250	47776.12028954093
i:300	47776.12028954093
i:350	47641.18371629846
i:400	47600.6827661099
i:450	47600.6827661099
i:500	47600.6827661099
i:550	47600.6827661099
i:600	47600.6827661099
i:650	47600.6827661099
best: 47600.6827661099
routes: [0, 21, 22, 23, 26, 24, 25, 27, 29, 30, 28, 36, 34, 31, 32, 33, 35, 38, 37, 39, 40, 0, 41, 42, 43, 44, 45, 46, 47, 48, 49, 50, 11, 13, 14, 18, 19, 20, 15, 16, 17, 12, 0, 1, 2, 3, 5, 4, 7, 9, 10, 8, 6, 0]
Elapsed time: 157.3818221092224

i:0	67922.75247015525
i:50	52449.11186469179
i:100	51713.43927907094
i:150	51321.97061168225
i:200	51321.97061168225
i:250	50136.94974883599
i:300	50023.34579631439
i:350	49696.48677548406
i:400	49696.48677548406
i:450	49696.48677548406
i:500	49696.48677548406
i:550	49696.48677548406
i:600	49696.48677548406
i:650	49646.841972077484
best: 49338.06412811766
routes: [0, 36, 34, 31, 32, 33, 35, 38, 37, 39, 40, 28, 30, 29, 27, 25, 24, 26, 23, 21, 22, 0, 41, 42, 43, 44, 45, 47, 48, 46, 49, 50, 11, 13, 14, 18, 19, 20, 15, 16, 17, 12, 0, 1, 2, 3, 5, 4, 7, 9, 10, 8, 6, 0]
Elapsed time: 174.78223848342896

i:0	68783.99516616573
i:50	51180.72486774283
i:100	50833.70092975069
i:150	50382.644305257214
i:200	49959.306669397156
i:250	49959.306669397156
i:300	49882.92844195607
i:350	49865.07766981702
i:400	49773.026205695605
i:450	48604.94626566337
i:500	48168.86570730872
i:550	48168.86570730872
i:600	48168.86570730872
i:650	48058.96347104826
best: 48058.96347104826
routes: [0, 41, 42, 43, 44, 45, 46, 47, 48, 49, 50, 11, 13, 14, 18, 19, 20, 15, 16, 17, 12, 0, 21, 22, 23, 26, 24, 25, 27, 29, 30, 28, 39, 40, 36, 37, 34, 31, 32, 33, 35, 38, 0, 1, 2, 3, 5, 4, 7, 9, 10, 8, 6, 0]
Elapsed time: 183.99129700660706

i:0	68422.04936967889
i:50	49796.19666419549
i:100	49711.601646695504
i:150	49608.506446128464
i:200	49458.10325967943
i:250	49458.10325967943
i:300	49458.10325967943
i:350	49291.14560300379
i:400	49291.14560300379
i:450	49291.14560300379
i:500	49291.14560300379
i:550	49063.14539302163
i:600	49063.14539302163
i:650	49063.14539302163
best: 49063.14539302163
routes: [0, 36, 37, 34, 31, 32, 33, 35, 38, 40, 39, 28, 30, 29, 27, 24, 25, 26, 23, 21, 22, 0, 41, 42, 43, 44, 45, 46, 47, 48, 49, 50, 11, 19, 20, 15, 16, 17, 18, 14, 13, 12, 0, 1, 2, 3, 5, 4, 7, 9, 10, 8, 6, 0]
Elapsed time: 156.1073441505432

i:0	65784.27923702593
i:50	52179.89479933191
i:100	51389.72948783888
i:150	51071.42887719929
i:200	51017.83048620546
i:250	50622.683083633034
i:300	50395.70821694894
i:350	49841.00194075809
i:400	49841.00194075809
i:450	49841.00194075809
i:500	49841.00194075809
i:550	49841.00194075809
i:600	49841.00194075809
i:650	49841.00194075809
best: 49841.00194075809
routes: [0, 13, 14, 12, 17, 15, 16, 20, 19, 18, 11, 50, 49, 47, 48, 46, 45, 44, 43, 41, 42, 0, 36, 34, 31, 32, 33, 35, 38, 37, 39, 40, 28, 30, 29, 27, 24, 25, 26, 23, 21, 22, 0, 1, 2, 3, 5, 4, 7, 9, 10, 8, 6, 0]
Elapsed time: 168.54704976081848

i:0	75976.42868914705
i:50	48915.124199400154
i:100	48280.2052857142
i:150	48109.268261471116
i:200	47999.36602521065
i:250	47999.36602521065
i:300	47999.36602521065
i:350	47999.36602521065
i:400	47999.36602521065
i:450	47999.36602521065
i:500	47999.36602521065
i:550	47999.36602521065
i:600	47958.86507502209
i:650	47958.86507502209
best: 47958.86507502209
routes: [0, 41, 42, 43, 44, 45, 46, 47, 48, 49, 50, 11, 13, 14, 18, 19, 20, 15, 16, 17, 12, 0, 21, 22, 23, 26, 25, 24, 27, 29, 30, 28, 36, 39, 37, 34, 31, 32, 33, 35, 38, 40, 0, 1, 2, 3, 5, 4, 7, 9, 10, 8, 6, 0]
Elapsed time: 145.66786241531372

i:0	68267.52817568276
i:50	51898.90971645035
i:100	50588.91558136619
i:150	49996.532394477676
i:200	49882.92844195607
i:250	49865.07766981702
i:300	49773.026205695605
i:350	49773.026205695605
i:400	49773.026205695605
i:450	49773.026205695605
i:500	48168.86570730872
i:550	48058.96347104826
i:600	48058.96347104826
i:650	48058.96347104826
best: 48058.96347104826
routes: [0, 41, 42, 43, 44, 45, 46, 47, 48, 49, 50, 11, 13, 14, 18, 19, 20, 15, 16, 17, 12, 0, 21, 22, 23, 26, 24, 25, 27, 29, 30, 28, 39, 40, 36, 37, 34, 31, 32, 33, 35, 38, 0, 1, 2, 3, 5, 4, 7, 9, 10, 8, 6, 0]
Elapsed time: 155.49100613594055

i:0	62604.31531224107
i:50	50238.979929573354
i:100	49651.06132218163
i:150	49334.78915689279
i:200	49159.35163346176
i:250	49159.35163346176
i:300	49159.35163346176
i:350	49159.35163346176
i:400	49159.35163346176
i:450	49159.35163346176
i:500	49159.35163346176
i:550	49159.35163346176
i:600	49159.35163346176
i:650	49159.35163346176
best: 49159.35163346176
routes: [0, 36, 37, 34, 31, 32, 33, 35, 38, 40, 39, 28, 30, 29, 27, 24, 25, 26, 23, 21, 22, 0, 41, 42, 43, 44, 45, 46, 47, 48, 49, 50, 11, 19, 18, 20, 15, 16, 17, 12, 13, 14, 0, 1, 2, 3, 5, 4, 7, 9, 10, 8, 6, 0]
Elapsed time: 153.15675830841064

i:0	71370.19573107027
i:50	50228.68652264968
i:100	48382.81611810553
i:150	47955.40607553272
i:200	47529.84061799845
i:250	47428.50899586717
i:300	47428.50899586717
i:350	47428.50899586717
i:400	47428.50899586717
i:450	47428.50899586717
i:500	47428.50899586717
i:550	47416.23666547685
i:600	47416.23666547685
i:650	47416.23666547685
best: 47416.23666547685
routes: [0, 21, 22, 23, 26, 24, 25, 27, 29, 30, 28, 36, 34, 31, 32, 33, 35, 38, 37, 39, 40, 0, 41, 42, 43, 44, 45, 46, 47, 48, 49, 50, 11, 19, 18, 20, 15, 16, 17, 12, 13, 14, 0, 1, 2, 3, 5, 4, 7, 9, 10, 8, 6, 0]
Elapsed time: 157.48789834976196

mean: 48404.521114019604
std: 820.3134274210928
mean-time: 160.71636493206023
std-time: 10.920645804535706