i:0	123960.95313017264
i:50	85934.52708628932
i:100	82249.60201865033
i:150	81256.97645878655
i:200	79129.20962044525
i:250	78490.41800072814
i:300	78330.42654620002
i:350	77966.73879174379
i:400	77966.73879174379
i:450	77618.81995251898
i:500	77618.81995251898
i:550	77204.39936688349
i:600	77093.99143295412
i:650	77093.99143295412
best: 76987.4019605652
routes: [0, 33, 34, 32, 38, 37, 36, 35, 40, 39, 31, 69, 70, 66, 67, 68, 65, 63, 64, 61, 62, 0, 43, 42, 44, 41, 45, 47, 46, 49, 50, 48, 11, 13, 12, 14, 15, 17, 19, 20, 18, 16, 23, 25, 26, 27, 29, 30, 28, 24, 21, 22, 0, 4, 6, 3, 5, 10, 9, 7, 8, 2, 1, 76, 74, 71, 72, 73, 75, 78, 77, 80, 79, 58, 54, 55, 57, 59, 60, 56, 53, 51, 52, 0]
Elapsed time: 323.6907603740692

i:0	114101.87173077503
i:50	85367.37821164915
i:100	83198.83656350736
i:150	81252.17529342728
i:200	80012.19323697014
i:250	79766.55307174622
i:300	79378.77248722997
i:350	79252.81229232447
i:400	78906.30727355025
i:450	77821.42650590514
i:500	77798.19849684465
i:550	77661.08408087032
i:600	77172.72179296227
i:650	77172.72179296227
best: 77107.1832854623
routes: [0, 76, 74, 71, 72, 73, 75, 78, 77, 79, 80, 58, 56, 57, 55, 54, 59, 60, 53, 51, 52, 0, 4, 5, 10, 6, 3, 1, 2, 7, 8, 9, 43, 42, 41, 44, 45, 46, 49, 50, 47, 48, 12, 11, 13, 14, 15, 18, 17, 19, 20, 16, 0, 61, 62, 63, 64, 65, 68, 67, 66, 69, 70, 31, 37, 36, 35, 40, 39, 38, 34, 33, 32, 24, 21, 23, 22, 25, 26, 27, 29, 30, 28, 0]
Elapsed time: 316.69548773765564

i:0	115816.66843958892
i:50	90287.96088534835
i:100	82776.59245893723
i:150	78752.65914702385
i:200	78648.66978797421
i:250	78111.21461336575
i:300	75899.77247498307
i:350	75896.8362703236
i:400	75852.09819819109
i:450	75291.02496199313
i:500	75242.3779223803
i:550	75008.51661562067
i:600	74974.27742558802
i:650	74974.27742558802
best: 74949.86061657229
routes: [0, 51, 52, 53, 57, 54, 55, 56, 59, 60, 58, 79, 77, 76, 74, 71, 72, 73, 75, 78, 80, 0, 11, 12, 14, 15, 18, 13, 16, 20, 19, 17, 48, 50, 46, 49, 47, 45, 44, 41, 42, 43, 9, 7, 8, 2, 1, 3, 6, 10, 5, 4, 0, 21, 23, 22, 25, 26, 27, 29, 30, 28, 24, 33, 32, 37, 36, 35, 40, 39, 38, 34, 31, 69, 70, 66, 67, 68, 65, 64, 63, 61, 62, 0]
Elapsed time: 313.00949454307556

i:0	122722.02959612569
i:50	87581.9575538043
i:100	85078.99192874083
i:150	83465.45189197452
i:200	82126.83708944234
i:250	82126.83708944234
i:300	81651.02974132882
i:350	80639.10685365324
i:400	80565.49806921727
i:450	80509.78446640562
i:500	80252.08736726777
i:550	80252.08736726777
i:600	80252.08736726777
i:650	80128.32332686447
best: 80127.82089863071
routes: [0, 21, 24, 23, 26, 30, 28, 27, 29, 25, 22, 16, 15, 18, 20, 19, 17, 14, 13, 12, 11, 43, 42, 41, 45, 44, 46, 49, 50, 47, 48, 0, 51, 52, 53, 56, 57, 59, 60, 54, 55, 58, 79, 74, 71, 72, 73, 75, 78, 80, 77, 76, 3, 6, 5, 10, 9, 7, 8, 2, 1, 4, 0, 62, 61, 63, 65, 68, 69, 70, 66, 67, 64, 31, 39, 40, 36, 35, 37, 38, 32, 33, 34, 0]
Elapsed time: 328.7370910644531

i:0	121625.26495235931
i:50	86644.2562345107
i:100	83345.48322415224
i:150	83345.48322415224
i:200	83345.48322415224
i:250	82130.60031824793
i:300	81896.09145375917
i:350	80186.58200488065
i:400	79659.04523700404
i:450	79031.01831154981
i:500	78871.60653718495
i:550	78565.60731789366
i:600	78435.1034475475
i:650	78268.67627809622
best: 75400.66450807391
routes: [0, 54, 52, 51, 53, 56, 55, 57, 59, 60, 58, 79, 77, 76, 74, 71, 72, 73, 75, 78, 80, 61, 62, 63, 64, 65, 68, 67, 69, 70, 66, 0, 4, 1, 2, 5, 3, 6, 10, 9, 7, 8, 43, 42, 41, 45, 44, 46, 49, 50, 47, 48, 11, 13, 15, 12, 14, 17, 19, 20, 18, 16, 0, 31, 33, 34, 39, 40, 35, 36, 37, 38, 32, 27, 26, 23, 24, 22, 21, 29, 25, 28, 30, 0]
Elapsed time: 323.190758228302

i:0	123133.47962053452
i:50	92748.1768327743
i:100	82552.15933261551
i:150	82552.15933261551
i:200	81822.52626075754
i:250	81525.6396366739
i:300	80759.865849666
i:350	80283.92802349912
i:400	80083.84338611912
i:450	78623.91402590435
i:500	78201.58744635161
i:550	78121.97168633522
i:600	77813.9960586887
i:650	77813.9960586887
best: 77747.80283965502
routes: [0, 79, 80, 77, 76, 74, 71, 73, 72, 75, 78, 58, 60, 59, 57, 52, 51, 53, 56, 55, 54, 0, 61, 62, 63, 64, 65, 68, 67, 66, 69, 70, 31, 39, 38, 37, 36, 35, 40, 34, 33, 32, 21, 23, 22, 25, 26, 27, 29, 30, 28, 24, 0, 4, 5, 6, 1, 3, 2, 8, 7, 10, 9, 41, 44, 46, 49, 50, 48, 47, 45, 42, 43, 11, 13, 12, 14, 18, 15, 17, 19, 20, 16, 0]
Elapsed time: 321.1026587486267

i:0	123827.5268340813
i:50	86506.16046598439
i:100	82557.34501488908
i:150	81141.06033916818
i:200	76769.53475430241
i:250	75828.12313712564
i:300	74052.99784847513
i:350	73369.31148403237
i:400	73085.38506505995
i:450	73033.5536474073
i:500	72713.67492382052
i:550	72713.67492382052
i:600	72701.99131267978
i:650	72416.55721426391
best: 72338.93263561306
routes: [0, 51, 52, 53, 56, 54, 55, 57, 59, 60, 58, 79, 80, 77, 76, 74, 71, 72, 73, 75, 78, 61, 62, 63, 66, 69, 70, 67, 68, 65, 64, 0, 13, 15, 17, 19, 20, 18, 16, 14, 12, 11, 43, 45, 47, 48, 49, 50, 46, 44, 41, 42, 9, 7, 8, 2, 1, 3, 6, 10, 5, 4, 0, 31, 39, 40, 35, 36, 37, 38, 34, 33, 32, 24, 21, 23, 22, 25, 27, 29, 30, 28, 26, 0]
Elapsed time: 311.2634313106537

i:0	125732.54516049464
i:50	86053.07927830546
i:100	81692.99644454091
i:150	80320.23646817556
i:200	77910.40174928891
i:250	77910.40174928891
i:300	77819.99455981026
i:350	76385.6803068991
i:400	76048.31596831915
i:450	75609.28867103957
i:500	75480.17256983143
i:550	75435.53702413436
i:600	75329.67488267383
i:650	75314.54457378479
best: 75204.63837163491
routes: [0, 52, 51, 53, 55, 54, 56, 57, 59, 60, 58, 77, 76, 79, 80, 78, 75, 73, 72, 71, 74, 0, 21, 24, 23, 22, 25, 26, 27, 29, 30, 28, 32, 33, 34, 38, 37, 36, 35, 40, 39, 31, 69, 70, 67, 68, 66, 65, 64, 63, 61, 62, 0, 4, 5, 6, 3, 1, 2, 8, 7, 9, 10, 43, 41, 42, 45, 47, 44, 46, 49, 50, 48, 11, 13, 12, 14, 17, 19, 20, 18, 15, 16, 0]
Elapsed time: 322.5701868534088

i:0	118078.81387935176
i:50	87867.4583967693
i:100	83522.03632004575
i:150	82958.796647399
i:200	81133.32516424853
i:250	79749.44045889968
i:300	78844.63807896644
i:350	78501.45998536752
i:400	77164.87300056103
i:450	76786.84247643463
i:500	76437.56842950768
i:550	75992.6958086405
i:600	75821.717518805
i:650	75511.37987524325
best: 75434.88527538623
routes: [0, 51, 53, 52, 54, 55, 57, 56, 59, 60, 58, 76, 77, 79, 80, 78, 75, 73, 72, 71, 74, 2, 1, 3, 5, 10, 9, 7, 8, 6, 4, 0, 21, 24, 23, 22, 25, 27, 29, 30, 28, 26, 16, 13, 15, 18, 20, 19, 17, 14, 12, 11, 43, 45, 46, 49, 50, 48, 47, 44, 41, 42, 0, 33, 32, 39, 40, 35, 36, 37, 38, 34, 31, 69, 70, 66, 67, 68, 65, 64, 63, 61, 62, 0]
Elapsed time: 322.9833424091339

i:0	120493.12907021734
i:50	86460.88594238444
i:100	83996.62702903996
i:150	81885.65210014113
i:200	81761.5127087401
i:250	81699.85165504471
i:300	80969.87044285283
i:350	80969.87044285283
i:400	80201.20808427017
i:450	80193.09966184407
i:500	79644.92040687217
i:550	79428.14646251754
i:600	79428.14646251754
i:650	79137.64274290683
best: 79119.15784323517
routes: [0, 76, 74, 71, 72, 73, 75, 78, 79, 77, 80, 63, 65, 68, 67, 69, 70, 66, 64, 61, 62, 0, 31, 38, 37, 36, 35, 40, 39, 34, 33, 32, 30, 28, 27, 29, 25, 26, 24, 21, 23, 22, 20, 19, 17, 18, 16, 15, 14, 13, 11, 12, 0, 51, 52, 53, 59, 60, 58, 56, 57, 55, 54, 41, 43, 42, 45, 44, 46, 49, 50, 47, 48, 10, 9, 7, 8, 2, 1, 3, 6, 5, 4, 0]
Elapsed time: 322.7286503314972

mean: 76441.83482348289
std: 2142.168712084693
mean-time: 320.5971861600876
std-time: 5.068089176591486