i:0	122885.73931272961
i:50	88643.27479944473
i:100	84739.40348282372
i:150	84641.45534070555
i:200	84106.95238459093
i:250	83664.10554010053
i:300	83664.10554010051
i:350	83664.10554010051
i:400	83566.49939812196
i:450	83497.310567045
i:500	83420.72944383592
i:550	83393.96519195942
i:600	83393.96519195942
i:650	83393.96519195942
best: 83373.77066167557
routes: [0, 80, 76, 77, 74, 71, 72, 73, 75, 78, 79, 58, 60, 59, 57, 52, 51, 53, 56, 55, 54, 0, 4, 3, 2, 8, 7, 9, 10, 5, 6, 1, 61, 62, 63, 66, 69, 70, 67, 68, 65, 64, 0, 31, 39, 40, 36, 35, 37, 38, 34, 33, 32, 28, 30, 29, 27, 25, 26, 24, 21, 23, 22, 0, 43, 42, 41, 44, 46, 45, 47, 49, 50, 48, 14, 15, 17, 19, 20, 18, 16, 13, 11, 12, 0]
Elapsed time: 278.5707767009735

i:0	123414.16319152227
i:50	85500.8723171101
i:100	83931.39851471831
i:150	82873.72625006146
i:200	82873.72625006145
i:250	82873.72625006145
i:300	82686.8964932184
i:350	82686.8964932184
i:400	82517.15436004516
i:450	82329.91149989201
i:500	82206.50418025718
i:550	81559.32025980382
i:600	81558.21457479152
i:650	81224.09025568943
best: 80434.93307444354
routes: [0, 4, 3, 1, 2, 6, 5, 10, 7, 8, 9, 43, 42, 41, 44, 46, 45, 47, 49, 50, 48, 0, 21, 23, 25, 27, 29, 30, 28, 26, 24, 22, 13, 11, 12, 15, 14, 17, 19, 20, 18, 16, 0, 51, 52, 53, 56, 54, 55, 57, 59, 60, 58, 76, 77, 79, 74, 71, 72, 73, 75, 78, 80, 0, 61, 62, 63, 64, 65, 66, 67, 68, 69, 70, 31, 33, 34, 39, 38, 40, 35, 36, 37, 32, 0]
Elapsed time: 305.49989461898804

i:0	122268.13071476866
i:50	90621.77073528992
i:100	88304.42085216145
i:150	87553.36921607514
i:200	87061.42397996504
i:250	85753.05656109165
i:300	85753.05656109165
i:350	85556.3762157141
i:400	85382.60609296287
i:450	85097.48419819388
i:500	84820.14244481822
i:550	84810.49536771383
i:600	84810.49536771383
i:650	84755.56436352376
best: 84755.56436352376
routes: [0, 21, 22, 26, 23, 25, 27, 29, 30, 28, 24, 33, 32, 36, 35, 37, 40, 39, 38, 31, 34, 0, 80, 71, 72, 73, 75, 78, 74, 76, 77, 79, 58, 56, 57, 59, 60, 53, 51, 52, 55, 54, 0, 4, 5, 6, 9, 10, 7, 8, 2, 3, 1, 61, 62, 63, 64, 65, 68, 66, 67, 69, 70, 0, 43, 42, 41, 44, 45, 46, 49, 50, 47, 48, 19, 17, 14, 12, 11, 13, 15, 20, 18, 16, 0]
Elapsed time: 307.01085567474365

i:0	121949.46944271994
i:50	87489.79454029124
i:100	87388.86764245777
i:150	86247.9943513614
i:200	84981.57779000935
i:250	84263.67272019656
i:300	83883.34859880275
i:350	83562.03170608322
i:400	83517.85629086432
i:450	83509.63768191138
i:500	83509.63768191136
i:550	83509.63768191136
i:600	83364.56073789141
i:650	83249.4043143691
best: 82787.3016748956
routes: [0, 4, 5, 6, 10, 9, 7, 8, 2, 3, 1, 69, 70, 67, 68, 66, 65, 64, 63, 61, 62, 0, 79, 80, 76, 77, 74, 71, 72, 73, 75, 78, 58, 57, 59, 60, 56, 53, 51, 52, 55, 54, 0, 43, 42, 41, 44, 46, 45, 47, 49, 50, 48, 17, 19, 20, 18, 15, 14, 12, 11, 13, 16, 0, 21, 22, 23, 24, 26, 25, 29, 27, 28, 30, 35, 36, 37, 40, 39, 38, 31, 34, 33, 32, 0]
Elapsed time: 302.9474229812622

i:0	125266.71735800966
i:50	89875.9859449999
i:100	85356.04827246617
i:150	84776.85790137417
i:200	83345.86708626868
i:250	82354.00223074778
i:300	82354.00223074778
i:350	82238.46406279346
i:400	82238.46406279346
i:450	82163.78902695194
i:500	82163.78902695194
i:550	82121.48580863436
i:600	81191.09255953034
i:650	80799.45104583935
best: 80799.45104583935
routes: [0, 31, 39, 38, 34, 33, 32, 37, 40, 35, 36, 30, 28, 27, 29, 25, 26, 24, 21, 23, 22, 0, 51, 52, 53, 56, 54, 55, 57, 59, 60, 58, 76, 74, 71, 72, 73, 75, 78, 77, 79, 80, 0, 13, 15, 18, 16, 20, 19, 17, 14, 12, 11, 43, 41, 44, 46, 49, 50, 48, 47, 45, 42, 0, 4, 5, 6, 10, 9, 7, 8, 2, 3, 1, 61, 62, 63, 64, 65, 68, 67, 69, 70, 66, 0]
Elapsed time: 296.60940623283386

i:0	125191.03268215543
i:50	86233.74386781234
i:100	83764.6283928564
i:150	82599.93769503817
i:200	82599.93769503816
i:250	82565.80598321556
i:300	82426.95152810682
i:350	82291.97197361404
i:400	82270.76055532586
i:450	82270.76055532586
i:500	82270.76055532586
i:550	82270.76055532586
i:600	82270.76055532586
i:650	82270.76055532586
best: 82270.76055532586
routes: [0, 21, 23, 22, 26, 25, 27, 29, 30, 28, 24, 32, 37, 35, 36, 40, 39, 38, 31, 33, 34, 0, 51, 52, 53, 56, 54, 55, 57, 59, 60, 58, 76, 74, 71, 72, 73, 75, 78, 77, 79, 80, 0, 11, 12, 13, 14, 15, 18, 16, 20, 19, 17, 48, 50, 49, 47, 45, 46, 44, 41, 43, 42, 0, 4, 5, 10, 9, 7, 8, 6, 3, 2, 1, 61, 62, 63, 64, 65, 68, 67, 69, 70, 66, 0]
Elapsed time: 237.43767499923706

i:0	125566.67355457834
i:50	87271.65464697457
i:100	85839.94888298193
i:150	84596.65224127642
i:200	83570.7043364355
i:250	83435.72478194273
i:300	82815.50124656792
i:350	82297.28820143307
i:400	82155.03621537084
i:450	81899.45223248124
i:500	81612.35384139032
i:550	81582.11692993449
i:600	81582.11692993449
i:650	81578.06610720619
best: 81416.44800240298
routes: [0, 51, 52, 53, 56, 54, 55, 57, 59, 60, 58, 76, 77, 74, 71, 72, 73, 75, 78, 79, 80, 0, 4, 5, 6, 7, 9, 10, 8, 2, 3, 1, 61, 69, 70, 66, 67, 68, 65, 64, 63, 62, 0, 43, 45, 42, 41, 44, 46, 49, 50, 47, 48, 14, 12, 11, 13, 15, 18, 17, 19, 20, 16, 0, 21, 22, 23, 24, 26, 25, 29, 27, 28, 30, 35, 36, 37, 40, 39, 38, 31, 34, 33, 32, 0]
Elapsed time: 288.9157633781433

i:0	113976.9096071999
i:50	90188.61337063652
i:100	88297.76065730411
i:150	86943.85179511763
i:200	85640.78745025632
i:250	83747.18420145518
i:300	83242.75943662689
i:350	82774.08164445581
i:400	82508.35709560907
i:450	82508.35709560907
i:500	82130.96141524686
i:550	82130.96141524686
i:600	82130.96141524686
i:650	82130.96141524686
best: 82130.96141524686
routes: [0, 13, 16, 20, 17, 19, 18, 15, 14, 12, 11, 48, 50, 49, 47, 45, 46, 44, 41, 43, 42, 0, 51, 52, 53, 56, 54, 55, 57, 59, 60, 58, 76, 77, 74, 71, 72, 73, 75, 78, 79, 80, 0, 31, 39, 40, 36, 35, 37, 38, 34, 33, 32, 28, 30, 29, 27, 25, 26, 24, 21, 23, 22, 0, 4, 3, 6, 5, 10, 9, 7, 8, 2, 1, 61, 63, 65, 66, 69, 70, 67, 68, 64, 62, 0]
Elapsed time: 293.48831605911255

i:0	123583.2504232127
i:50	87474.09788653645
i:100	86266.26718188717
i:150	85135.03382242688
i:200	84923.27871953398
i:250	84181.91421960559
i:300	84007.50081692985
i:350	83843.4070415508
i:400	83802.60146957176
i:450	83755.74622373183
i:500	83755.74622373183
i:550	83750.74423063316
i:600	83730.7873319268
i:650	83512.53088777977
best: 83085.00783586863
routes: [0, 21, 24, 23, 22, 25, 26, 27, 29, 28, 30, 35, 36, 40, 37, 38, 39, 31, 34, 33, 32, 0, 4, 1, 2, 3, 6, 5, 10, 9, 7, 8, 54, 55, 57, 59, 60, 58, 56, 53, 51, 52, 0, 43, 47, 49, 50, 46, 44, 41, 42, 45, 48, 14, 12, 11, 13, 15, 18, 17, 19, 20, 16, 0, 76, 74, 71, 72, 73, 75, 78, 79, 77, 80, 61, 65, 68, 67, 69, 70, 66, 64, 63, 62, 0]
Elapsed time: 303.75963497161865

i:0	124297.4605685489
i:50	89036.95258391675
i:100	88648.09557039509
i:150	88346.23439413749
i:200	86920.67334809815
i:250	86421.73611536896
i:300	85508.06939574439
i:350	84875.20755743967
i:400	83878.57802800515
i:450	83878.57802800515
i:500	83528.39207137185
i:550	83528.39207137184
i:600	83412.74210925058
i:650	83246.64911385003
best: 83121.62160831378
routes: [0, 21, 22, 23, 24, 26, 25, 27, 29, 30, 28, 32, 40, 35, 36, 37, 39, 38, 31, 33, 34, 0, 43, 48, 47, 45, 42, 41, 44, 46, 49, 50, 12, 11, 13, 15, 14, 17, 19, 20, 18, 16, 0, 4, 3, 6, 5, 10, 9, 7, 8, 2, 1, 61, 62, 63, 64, 65, 68, 67, 69, 70, 66, 0, 79, 80, 77, 74, 71, 72, 73, 75, 78, 76, 58, 60, 59, 57, 55, 54, 56, 53, 51, 52, 0]
Elapsed time: 303.99592757225037

mean: 82417.5820237536
std: 1229.3698250533737
mean-time: 291.82356731891633
std-time: 19.999161469351613