i:0	110900.34829622414
i:50	84391.2237225085
i:100	80860.48785921508
i:150	79900.66846374056
i:200	79237.92310829776
i:250	78742.34383715554
i:300	78238.1493053104
i:350	77904.2633638297
i:400	77600.17763029023
i:450	76237.3461547052
i:500	76204.38240636319
i:550	76204.38240636319
i:600	75415.66452127985
i:650	75284.62283218249
best: 75284.62283218249
routes: [0, 41, 42, 43, 46, 44, 45, 47, 48, 63, 62, 60, 57, 59, 58, 61, 64, 49, 51, 50, 52, 53, 55, 56, 54, 0, 11, 13, 12, 15, 16, 14, 10, 9, 35, 40, 39, 37, 38, 36, 34, 33, 72, 71, 65, 66, 69, 67, 70, 68, 7, 8, 2, 1, 3, 6, 5, 4, 0, 73, 74, 75, 76, 77, 80, 79, 78, 25, 28, 27, 26, 32, 31, 30, 29, 24, 23, 21, 22, 20, 17, 19, 18, 0]
Elapsed time: 335.30899834632874

i:0	114580.81732396054
i:50	85999.08807018134
i:100	82629.85741759521
i:150	81962.24938425585
i:200	80870.13449049456
i:250	78822.99037618625
i:300	77466.05387338003
i:350	77141.59754762502
i:400	77141.59754762502
i:450	77078.79468418908
i:500	76919.35798037284
i:550	76919.35798037284
i:600	76669.24042077591
i:650	76363.83985875211
best: 76147.63624771952
routes: [0, 41, 42, 43, 46, 44, 45, 47, 48, 64, 61, 59, 58, 57, 63, 60, 62, 49, 51, 54, 55, 56, 53, 52, 50, 0, 4, 5, 6, 3, 1, 2, 8, 7, 70, 68, 67, 65, 66, 69, 71, 72, 33, 34, 35, 39, 38, 36, 37, 40, 15, 16, 13, 12, 10, 9, 11, 14, 0, 73, 74, 75, 76, 77, 80, 79, 78, 25, 27, 28, 32, 30, 29, 31, 26, 24, 23, 21, 22, 20, 17, 19, 18, 0]
Elapsed time: 328.74363589286804

i:0	114029.985805259
i:50	87107.29217271532
i:100	84477.40121977148
i:150	84210.24614481423
i:200	84037.63185321045
i:250	83334.16522701763
i:300	83007.65060234517
i:350	82242.42903779443
i:400	81972.56079968151
i:450	80581.55703398047
i:500	80581.55703398047
i:550	80581.55703398047
i:600	80504.2988029719
i:650	79327.17594938382
best: 79327.17594938382
routes: [0, 49, 51, 55, 54, 56, 53, 52, 50, 64, 61, 59, 58, 57, 63, 60, 62, 48, 46, 43, 41, 42, 47, 45, 44, 0, 11, 12, 15, 13, 16, 14, 10, 9, 35, 40, 39, 38, 36, 37, 34, 33, 72, 71, 65, 66, 69, 67, 68, 70, 8, 7, 5, 6, 2, 1, 3, 4, 0, 80, 79, 78, 75, 76, 77, 73, 74, 25, 27, 30, 29, 31, 32, 28, 26, 17, 19, 18, 21, 23, 24, 22, 20, 0]
Elapsed time: 335.5785119533539

i:0	117110.25664720754
i:50	87094.17606115033
i:100	83719.98442455861
i:150	81852.87488064505
i:200	79986.2392980918
i:250	79517.23285548914
i:300	79163.62995960936
i:350	79042.59477369658
i:400	78815.00323653086
i:450	78405.9727282325
i:500	77718.40010532123
i:550	76495.52014541434
i:600	76041.38804404423
i:650	75475.5901754756
best: 75475.5901754756
routes: [0, 35, 40, 39, 38, 36, 37, 34, 33, 72, 71, 65, 66, 69, 67, 68, 70, 7, 8, 2, 1, 3, 6, 5, 4, 0, 41, 42, 43, 46, 44, 45, 47, 48, 63, 62, 60, 57, 59, 58, 61, 64, 49, 51, 54, 55, 56, 53, 52, 50, 0, 73, 74, 75, 76, 77, 80, 79, 78, 25, 30, 29, 31, 32, 28, 27, 26, 24, 23, 21, 22, 20, 17, 19, 18, 16, 13, 15, 12, 10, 9, 11, 14, 0]
Elapsed time: 310.0253863334656

i:0	114226.01170839428
i:50	87186.87677058417
i:100	86958.6933401565
i:150	85096.20791018482
i:200	84537.94506646128
i:250	83777.62986453783
i:300	82828.59136169741
i:350	82828.59136169741
i:400	82828.59136169741
i:450	82828.59136169741
i:500	82828.59136169741
i:550	82382.39655958107
i:600	82382.39655958107
i:650	82382.39655958107
best: 82382.39655958107
routes: [0, 17, 19, 18, 21, 23, 24, 22, 20, 14, 12, 15, 13, 16, 11, 10, 9, 35, 37, 40, 39, 36, 38, 34, 33, 65, 66, 69, 71, 72, 70, 67, 68, 0, 4, 5, 6, 7, 8, 2, 1, 3, 62, 60, 57, 59, 58, 61, 64, 63, 48, 46, 43, 41, 42, 47, 45, 44, 0, 73, 75, 76, 74, 77, 80, 79, 78, 50, 49, 53, 52, 51, 54, 55, 56, 25, 27, 28, 32, 30, 29, 31, 26, 0]
Elapsed time: 340.03691267967224

i:0	113040.36381213796
i:50	87337.26286386208
i:100	82920.51547611247
i:150	80154.65282528561
i:200	79334.17724161808
i:250	78187.7022487219
i:300	77517.57832955576
i:350	77365.14017305206
i:400	77058.52798929937
i:450	76213.99182030359
i:500	76200.92723144012
i:550	76200.92723144012
i:600	76135.21882101543
i:650	76123.19272297759
best: 76123.19272297759
routes: [0, 73, 74, 75, 76, 77, 79, 78, 80, 25, 27, 28, 32, 30, 29, 31, 26, 22, 21, 23, 24, 20, 17, 19, 18, 0, 41, 42, 43, 46, 44, 45, 47, 48, 64, 61, 59, 58, 57, 63, 60, 62, 50, 49, 51, 52, 53, 55, 56, 54, 0, 11, 13, 15, 16, 14, 12, 10, 9, 40, 39, 38, 36, 37, 35, 34, 33, 72, 71, 65, 66, 69, 67, 70, 68, 8, 7, 5, 6, 2, 1, 3, 4, 0]
Elapsed time: 335.1523325443268

i:0	120319.99869730641
i:50	89691.02611387422
i:100	86570.34858714842
i:150	84634.04120907972
i:200	82940.77672225876
i:250	82014.14942822461
i:300	80335.96904914605
i:350	79848.67636668224
i:400	78372.99571395438
i:450	77222.95985763094
i:500	76590.88760511627
i:550	76499.1472736574
i:600	76499.1472736574
i:650	76499.1472736574
best: 76499.1472736574
routes: [0, 35, 34, 37, 40, 39, 38, 36, 33, 72, 71, 65, 66, 69, 67, 70, 68, 57, 58, 60, 59, 61, 64, 63, 62, 0, 73, 74, 75, 76, 77, 80, 79, 78, 54, 55, 56, 53, 52, 51, 49, 50, 41, 42, 43, 48, 46, 47, 45, 44, 7, 8, 2, 1, 3, 6, 5, 4, 0, 27, 28, 25, 32, 30, 29, 31, 26, 20, 17, 19, 21, 23, 24, 22, 18, 14, 16, 13, 15, 12, 11, 9, 10, 0]
Elapsed time: 296.5662407875061

i:0	111918.2014777996
i:50	88691.42617879296
i:100	88477.48516644485
i:150	84378.13902197553
i:200	84371.6690388732
i:250	84371.6690388732
i:300	83943.93147223615
i:350	82366.15580178716
i:400	82308.54654139705
i:450	81969.37516896447
i:500	81591.41750071122
i:550	81440.04315592826
i:600	81330.14617638229
i:650	80645.13084643448
best: 80643.49787703165
routes: [0, 75, 73, 74, 76, 80, 79, 77, 78, 54, 55, 56, 51, 49, 50, 53, 52, 25, 28, 27, 32, 30, 29, 31, 26, 0, 4, 6, 2, 1, 3, 5, 7, 8, 63, 60, 57, 59, 58, 61, 64, 62, 48, 46, 47, 45, 44, 43, 41, 42, 0, 17, 19, 18, 22, 21, 23, 24, 20, 11, 14, 16, 13, 15, 12, 10, 9, 40, 39, 38, 36, 37, 35, 34, 33, 71, 65, 66, 69, 72, 67, 68, 70, 0]
Elapsed time: 343.82460165023804

i:0	114623.22489002786
i:50	88026.88779188083
i:100	85299.20562200376
i:150	85152.08025157734
i:200	85152.08025157734
i:250	84089.98014776586
i:300	81787.52257192001
i:350	80440.35091034233
i:400	80440.35091034233
i:450	80109.52159299796
i:500	79399.09585026755
i:550	77854.93000284472
i:600	77168.42533311684
i:650	76562.69813080304
best: 76275.8466337002
routes: [0, 54, 55, 56, 53, 52, 51, 50, 49, 64, 60, 61, 59, 58, 57, 63, 62, 48, 46, 47, 45, 44, 43, 41, 42, 0, 11, 14, 16, 13, 15, 12, 10, 9, 35, 40, 39, 38, 36, 37, 34, 33, 72, 71, 65, 66, 69, 67, 70, 68, 8, 7, 5, 6, 2, 1, 3, 4, 0, 17, 19, 18, 21, 23, 24, 22, 20, 26, 30, 29, 31, 32, 27, 28, 25, 80, 79, 78, 76, 77, 75, 73, 74, 0]
Elapsed time: 332.35327911376953

i:0	121421.17902399582
i:50	84934.61270999104
i:100	81917.30812088287
i:150	80862.24522541466
i:200	80653.50181774877
i:250	79942.19087402584
i:300	79403.51173320482
i:350	78901.28339587188
i:400	78332.61858052415
i:450	77654.97722811479
i:500	76534.47414659467
i:550	76047.02462532364
i:600	76047.02462532364
i:650	76047.02462532364
best: 75873.58814615589
routes: [0, 11, 14, 16, 13, 15, 12, 10, 9, 35, 34, 37, 40, 39, 38, 36, 33, 72, 71, 65, 66, 69, 67, 68, 70, 7, 8, 2, 1, 3, 6, 5, 4, 0, 41, 42, 43, 46, 44, 45, 47, 48, 64, 61, 59, 58, 57, 63, 60, 62, 49, 50, 52, 51, 53, 55, 56, 54, 0, 73, 74, 75, 77, 80, 79, 76, 78, 25, 28, 27, 32, 31, 30, 29, 26, 24, 23, 21, 22, 20, 17, 19, 18, 0]
Elapsed time: 292.2519745826721

mean: 77403.26944178653
std: 2341.8042040536297
mean-time: 324.9841873884201
std-time: 17.53555957919565