i:0	136880.04365710937
i:50	92647.18730502769
i:100	91263.8052272371
i:150	90457.04800671244
i:200	89403.071368109
i:250	88880.79494365546
i:300	88880.79494365546
i:350	88880.79494365546
i:400	88826.78075687049
i:450	88826.78075687049
i:500	88826.78075687049
i:550	88812.8837433709
i:600	88803.437280712
i:650	88803.437280712
best: 88803.437280712
routes: [0, 75, 77, 80, 79, 78, 76, 73, 74, 50, 49, 51, 52, 53, 55, 56, 54, 0, 25, 28, 27, 26, 32, 31, 30, 29, 24, 23, 21, 22, 20, 17, 19, 18, 0, 11, 14, 13, 15, 16, 12, 10, 9, 40, 39, 37, 38, 36, 33, 35, 34, 0, 4, 5, 6, 3, 1, 2, 8, 7, 68, 67, 69, 72, 71, 65, 66, 70, 0, 41, 42, 43, 46, 44, 45, 47, 48, 63, 64, 61, 59, 58, 57, 62, 60, 0]
Elapsed time: 187.7020561695099

i:0	129508.92485186161
i:50	91959.63162848513
i:100	90861.82157116986
i:150	90169.13949529213
i:200	90024.63607728004
i:250	89047.08757157433
i:300	88625.81766004482
i:350	88625.81766004482
i:400	88625.81766004482
i:450	88625.81766004482
i:500	88625.81766004482
i:550	88625.81766004482
i:600	88625.81766004482
i:650	88302.54522782183
best: 88302.54522782183
routes: [0, 73, 74, 75, 76, 77, 80, 79, 78, 54, 55, 56, 53, 50, 49, 51, 52, 0, 70, 68, 67, 69, 65, 66, 71, 72, 33, 36, 38, 39, 37, 34, 35, 40, 0, 17, 19, 18, 21, 24, 23, 22, 20, 26, 30, 29, 31, 32, 27, 28, 25, 0, 4, 3, 1, 2, 7, 8, 6, 5, 9, 11, 10, 12, 13, 15, 16, 14, 0, 41, 42, 43, 46, 44, 45, 47, 48, 64, 61, 59, 58, 57, 63, 60, 62, 0]
Elapsed time: 197.6140284538269

i:0	130213.54688404521
i:50	94181.68311619999
i:100	92218.34946843231
i:150	90893.14334286249
i:200	90314.43115899967
i:250	89347.10256183724
i:300	89347.10256183721
i:350	89267.33038709796
i:400	89267.33038709796
i:450	88574.25063248078
i:500	88021.40911373385
i:550	88021.40911373385
i:600	88021.40911373385
i:650	88008.87567588527
best: 88008.87567588527
routes: [0, 73, 74, 75, 77, 80, 79, 78, 76, 54, 55, 56, 53, 50, 49, 51, 52, 0, 25, 28, 27, 26, 32, 31, 30, 29, 24, 23, 21, 22, 20, 17, 19, 18, 0, 41, 42, 43, 46, 44, 45, 47, 48, 63, 64, 61, 59, 58, 57, 62, 60, 0, 4, 1, 2, 3, 5, 6, 7, 8, 70, 68, 67, 69, 72, 71, 65, 66, 0, 35, 34, 33, 36, 38, 39, 37, 40, 15, 16, 13, 12, 10, 9, 11, 14, 0]
Elapsed time: 208.278954744339

i:0	123197.97931420473
i:50	90871.80890416587
i:100	89598.10973311067
i:150	88851.66107638708
i:200	88851.66107638708
i:250	88575.51166504329
i:300	88575.51166504328
i:350	88575.51166504328
i:400	88022.37327430415
i:450	88022.37327430415
i:500	88022.37327430415
i:550	88022.37327430415
i:600	88022.37327430415
i:650	88022.37327430415
best: 88022.37327430415
routes: [0, 35, 40, 39, 38, 36, 37, 34, 33, 71, 72, 69, 67, 65, 66, 70, 68, 0, 25, 28, 27, 32, 31, 30, 29, 26, 24, 23, 21, 22, 20, 17, 19, 18, 0, 73, 74, 75, 77, 80, 79, 78, 76, 49, 54, 55, 56, 53, 52, 51, 50, 0, 4, 5, 6, 3, 1, 2, 8, 7, 9, 11, 10, 12, 13, 15, 16, 14, 0, 64, 61, 59, 58, 57, 63, 60, 62, 48, 46, 47, 45, 44, 43, 41, 42, 0]
Elapsed time: 187.41882467269897

i:0	124402.38983055107
i:50	90397.35057376919
i:100	89612.5903741793
i:150	89514.65877391043
i:200	89112.49852258511
i:250	88890.59934612447
i:300	88626.23729977592
i:350	88626.23729977592
i:400	88420.95634154805
i:450	88420.95634154805
i:500	88420.95634154805
i:550	88420.95634154805
i:600	88420.95634154805
i:650	88420.95634154805
best: 88420.95634154805
routes: [0, 17, 19, 18, 21, 22, 20, 23, 24, 30, 29, 31, 32, 25, 28, 27, 26, 0, 73, 74, 75, 80, 79, 78, 77, 76, 50, 49, 51, 52, 53, 55, 56, 54, 0, 4, 3, 1, 2, 7, 8, 6, 5, 9, 11, 10, 12, 13, 15, 16, 14, 0, 35, 34, 37, 40, 39, 38, 36, 33, 71, 72, 69, 67, 65, 66, 70, 68, 0, 60, 58, 57, 59, 61, 64, 63, 62, 48, 46, 47, 45, 44, 43, 41, 42, 0]
Elapsed time: 186.69479823112488

i:0	118534.9017514883
i:50	92288.29415677195
i:100	91592.54570826556
i:150	90591.91554487785
i:200	89943.44752040145
i:250	89943.44752040145
i:300	89071.480222763
i:350	88617.29041512562
i:400	88617.29041512562
i:450	88617.29041512562
i:500	88443.85393595787
i:550	88443.85393595787
i:600	88443.85393595787
i:650	88443.85393595787
best: 88443.85393595787
routes: [0, 4, 5, 6, 3, 1, 2, 8, 7, 70, 68, 67, 69, 72, 71, 65, 66, 0, 25, 28, 27, 26, 32, 31, 30, 29, 24, 23, 21, 22, 20, 17, 19, 18, 0, 11, 14, 13, 15, 16, 12, 10, 9, 40, 39, 37, 38, 36, 33, 35, 34, 0, 73, 74, 75, 76, 77, 80, 79, 78, 50, 49, 51, 52, 53, 55, 56, 54, 0, 41, 42, 43, 46, 44, 45, 47, 48, 64, 61, 59, 58, 57, 63, 60, 62, 0]
Elapsed time: 194.48654437065125

i:0	122190.16862006632
i:50	89714.75420617644
i:100	88698.25539080908
i:150	88564.65837595241
i:200	88322.19406124194
i:250	88007.22382610355
i:300	87848.04516925963
i:350	87671.41795603198
i:400	87671.41795603198
i:450	87671.41795603198
i:500	86978.33820141478
i:550	86978.33820141478
i:600	86978.33820141478
i:650	86978.33820141478
best: 86978.33820141478
routes: [0, 35, 40, 39, 38, 36, 37, 34, 33, 71, 72, 69, 67, 65, 66, 70, 68, 0, 73, 74, 75, 77, 80, 79, 78, 76, 54, 55, 56, 53, 50, 49, 51, 52, 0, 25, 28, 27, 32, 31, 30, 29, 26, 24, 23, 21, 22, 20, 17, 19, 18, 0, 4, 3, 1, 2, 7, 8, 6, 5, 9, 11, 10, 12, 13, 15, 16, 14, 0, 41, 42, 43, 46, 44, 45, 47, 48, 63, 64, 61, 59, 58, 57, 62, 60, 0]
Elapsed time: 220.06049346923828

i:0	123325.08280723893
i:50	91971.26687543862
i:100	89910.03115799047
i:150	89476.61228600971
i:200	88470.21169425675
i:250	87971.55182738566
i:300	87696.4611006387
i:350	87525.03795115923
i:400	87525.03795115923
i:450	87525.03795115923
i:500	87525.03795115923
i:550	87421.55704335845
i:600	87321.50228374291
i:650	87200.4203591524
best: 87200.42035915237
routes: [0, 25, 28, 27, 32, 31, 30, 29, 26, 24, 23, 21, 22, 20, 17, 19, 18, 0, 73, 74, 75, 76, 77, 80, 79, 78, 54, 55, 56, 53, 50, 49, 51, 52, 0, 4, 5, 6, 3, 1, 2, 8, 7, 9, 11, 10, 12, 13, 15, 16, 14, 0, 41, 42, 43, 46, 44, 45, 47, 48, 63, 62, 60, 58, 57, 59, 61, 64, 0, 35, 37, 40, 39, 38, 36, 34, 33, 71, 72, 69, 67, 65, 66, 70, 68, 0]
Elapsed time: 238.67009949684143

i:0	127623.63886834534
i:50	92813.94347297288
i:100	90235.07167510765
i:150	89304.28409291037
i:200	88049.47806726591
i:250	88049.4780672659
i:300	87016.09560599724
i:350	87016.09560599724
i:400	87016.09560599724
i:450	87016.09560599724
i:500	87016.09560599724
i:550	87016.09560599724
i:600	87016.09560599724
i:650	87016.09560599724
best: 86640.9977972142
routes: [0, 35, 34, 37, 40, 39, 38, 36, 33, 71, 72, 69, 67, 65, 66, 70, 68, 0, 25, 28, 27, 26, 32, 31, 30, 29, 24, 23, 21, 22, 20, 17, 19, 18, 0, 4, 3, 1, 2, 7, 8, 6, 5, 9, 11, 10, 12, 13, 15, 16, 14, 0, 73, 74, 75, 76, 77, 80, 79, 78, 54, 55, 56, 53, 50, 49, 51, 52, 0, 41, 42, 43, 46, 44, 45, 47, 48, 63, 64, 61, 59, 58, 57, 62, 60, 0]
Elapsed time: 199.54205083847046

i:0	127617.62857993455
i:50	91431.09804108986
i:100	88297.53920481665
i:150	87537.45581682991
i:200	87342.11387824114
i:250	87325.08360381267
i:300	87325.08360381267
i:350	87325.08360381267
i:400	87325.08360381267
i:450	87325.08360381267
i:500	86872.00035845276
i:550	86872.00035845276
i:600	86872.00035845276
i:650	86872.00035845276
best: 86872.00035845276
routes: [0, 25, 28, 27, 32, 31, 30, 29, 26, 24, 23, 21, 22, 20, 17, 19, 18, 0, 35, 34, 37, 40, 39, 38, 36, 33, 71, 72, 69, 67, 65, 66, 70, 68, 0, 4, 3, 1, 2, 7, 8, 6, 5, 9, 11, 10, 12, 13, 15, 16, 14, 0, 73, 74, 75, 76, 77, 80, 79, 78, 54, 55, 56, 53, 50, 49, 51, 52, 0, 41, 42, 43, 46, 44, 45, 47, 48, 60, 63, 64, 61, 59, 58, 57, 62, 0]
Elapsed time: 191.67380023002625

mean: 87769.37984524632
std: 733.6463065649333
mean-time: 201.21416506767272
std-time: 15.949229697050797