i:0	151964.5414428543
i:50	106600.09707790839
i:100	101136.19443485618
i:150	99474.8879242625
i:200	97708.73618243095
i:250	97614.75779105329
i:300	97592.82096111817
i:350	96858.26730027728
i:400	96605.94883512781
i:450	96288.62053496815
i:500	96287.9189966438
i:550	96226.841560411
i:600	94377.48678779362
i:650	94369.22045191251
best: 94369.22045191251
routes: [0, 94, 91, 93, 92, 96, 99, 100, 95, 97, 98, 69, 70, 66, 67, 68, 63, 61, 62, 65, 64, 0, 54, 53, 52, 51, 57, 55, 56, 59, 60, 58, 79, 74, 76, 71, 72, 73, 75, 78, 77, 80, 0, 4, 10, 5, 6, 3, 1, 2, 8, 7, 9, 43, 48, 47, 49, 50, 46, 44, 45, 42, 41, 88, 87, 81, 82, 83, 85, 89, 90, 84, 86, 11, 13, 12, 14, 15, 17, 19, 20, 18, 16, 0, 21, 23, 22, 25, 27, 29, 30, 28, 26, 24, 32, 37, 36, 35, 40, 39, 38, 33, 34, 31, 0]
Elapsed time: 304.190958738327

i:0	154698.96084243665
i:50	109146.65868385954
i:100	108016.86505868043
i:150	105141.05518075038
i:200	99684.49988882974
i:250	96507.53781747964
i:300	95673.14774202177
i:350	94806.60979424848
i:400	94260.3745437709
i:450	93773.48892957893
i:500	93316.46168692796
i:550	93019.66852733977
i:600	93019.66852733977
i:650	93019.66852733977
best: 93019.66852733977
routes: [0, 4, 1, 3, 2, 7, 6, 5, 10, 8, 9, 87, 88, 85, 82, 81, 83, 84, 86, 89, 90, 41, 42, 43, 45, 44, 46, 49, 50, 47, 48, 0, 61, 62, 63, 64, 66, 67, 68, 65, 70, 69, 98, 96, 94, 92, 91, 93, 95, 97, 99, 100, 0, 52, 51, 53, 56, 54, 55, 57, 59, 60, 58, 76, 71, 72, 73, 75, 78, 74, 77, 79, 80, 0, 31, 34, 33, 32, 38, 39, 40, 37, 35, 36, 30, 28, 27, 29, 25, 26, 24, 21, 23, 22, 16, 20, 19, 17, 14, 12, 11, 13, 15, 18, 0]
Elapsed time: 311.33566904067993

i:0	144845.3228647022
i:50	109550.59888484096
i:100	107862.00859694378
i:150	107799.61592375986
i:200	106340.20540146234
i:250	106340.20540146234
i:300	102118.36232790293
i:350	102118.36232790293
i:400	101068.28825923958
i:450	95218.88803333975
i:500	94328.13525836964
i:550	93863.59104612477
i:600	93863.59104612477
i:650	93863.59104612477
best: 93863.59104612477
routes: [0, 93, 94, 95, 97, 99, 98, 100, 96, 91, 92, 61, 62, 63, 65, 68, 67, 69, 70, 66, 64, 0, 31, 40, 35, 36, 32, 33, 34, 38, 39, 37, 28, 30, 29, 27, 25, 26, 24, 21, 23, 22, 0, 52, 51, 53, 56, 54, 55, 57, 59, 60, 58, 76, 72, 73, 75, 78, 71, 74, 77, 79, 80, 0, 4, 5, 10, 2, 6, 1, 3, 8, 7, 9, 90, 84, 86, 89, 87, 81, 83, 82, 85, 88, 41, 42, 43, 45, 44, 46, 49, 50, 47, 48, 14, 17, 19, 20, 18, 15, 12, 11, 13, 16, 0]
Elapsed time: 358.2257251739502

i:0	146273.93096455827
i:50	110636.53489448698
i:100	110115.6324083763
i:150	109660.67845290338
i:200	101257.97358456797
i:250	100046.76870443026
i:300	99159.05725413468
i:350	97375.24150799279
i:400	96982.7751633599
i:450	89444.67457167353
i:500	85957.60783921523
i:550	85887.9516343226
i:600	85887.9516343226
i:650	85887.9516343226
best: 85887.9516343226
routes: [0, 79, 80, 76, 77, 74, 71, 72, 73, 75, 78, 58, 59, 60, 56, 57, 55, 54, 53, 51, 52, 2, 1, 3, 8, 7, 9, 10, 5, 6, 4, 0, 90, 84, 83, 82, 81, 87, 85, 86, 89, 88, 41, 42, 43, 45, 44, 46, 49, 50, 47, 48, 14, 12, 11, 13, 15, 17, 19, 20, 18, 16, 25, 27, 29, 30, 28, 26, 24, 21, 23, 22, 0, 33, 39, 38, 37, 40, 35, 36, 32, 34, 31, 100, 99, 97, 98, 96, 95, 94, 93, 91, 92, 61, 62, 63, 64, 65, 68, 66, 67, 69, 70, 0]
Elapsed time: 322.02266907691956

i:0	150607.96548297012
i:50	112913.09281941938
i:100	108769.50784683379
i:150	108769.50784683379
i:200	108769.50784683379
i:250	108637.26442887752
i:300	107953.54835282447
i:350	105857.34445855439
i:400	105521.73229101703
i:450	96972.20757348438
i:500	91921.1511735553
i:550	90832.60474179566
i:600	90832.60474179566
i:650	90815.30793540893
best: 90815.30793540893
routes: [0, 96, 92, 91, 93, 94, 95, 98, 99, 97, 100, 69, 70, 66, 67, 68, 65, 64, 63, 61, 62, 0, 80, 78, 76, 77, 74, 71, 72, 73, 75, 79, 58, 57, 59, 60, 56, 53, 51, 52, 55, 54, 0, 11, 12, 13, 14, 15, 18, 16, 20, 19, 17, 47, 45, 44, 46, 49, 50, 48, 43, 42, 41, 88, 87, 81, 82, 83, 85, 86, 89, 90, 84, 8, 7, 9, 10, 5, 6, 2, 1, 3, 4, 0, 21, 22, 23, 24, 26, 25, 29, 27, 28, 30, 35, 36, 37, 40, 39, 38, 31, 34, 33, 32, 0]
Elapsed time: 352.25127148628235

i:0	147795.40242559634
i:50	107676.85475372837
i:100	101061.70151397756
i:150	99297.98321761531
i:200	97343.79713003429
i:250	96932.8154927886
i:300	96361.93926096524
i:350	93967.38366630113
i:400	92707.65416371226
i:450	92369.30351670244
i:500	91889.35615188071
i:550	91882.33273455044
i:600	91882.33273455044
i:650	84753.32437381468
best: 84738.56408945199
routes: [0, 54, 57, 55, 56, 52, 51, 53, 59, 60, 58, 76, 74, 71, 72, 73, 75, 78, 77, 79, 80, 0, 69, 70, 66, 67, 68, 65, 64, 63, 62, 61, 91, 92, 93, 94, 95, 97, 98, 96, 99, 100, 31, 39, 38, 37, 36, 35, 40, 34, 33, 32, 28, 30, 29, 27, 25, 26, 24, 21, 23, 22, 0, 4, 5, 10, 9, 7, 8, 2, 1, 3, 6, 90, 86, 85, 84, 83, 82, 81, 87, 89, 88, 41, 42, 43, 45, 44, 46, 49, 50, 47, 48, 11, 12, 14, 17, 19, 20, 18, 15, 13, 16, 0]
Elapsed time: 314.7002742290497

i:0	147353.50113608007
i:50	113903.92879818642
i:100	110030.97699871134
i:150	101049.7746572281
i:200	97055.1124309582
i:250	96751.3867537092
i:300	95944.86665690057
i:350	94203.73219401321
i:400	92959.65418935473
i:450	91185.22942107866
i:500	90724.37190539014
i:550	90716.28639301733
i:600	90637.59990058528
i:650	90637.59990058528
best: 90637.59990058528
routes: [0, 95, 92, 91, 93, 96, 99, 100, 97, 94, 98, 69, 70, 67, 68, 66, 65, 64, 61, 63, 62, 0, 31, 34, 33, 32, 38, 40, 39, 37, 36, 35, 30, 28, 27, 29, 25, 26, 24, 21, 23, 22, 16, 20, 19, 17, 14, 12, 11, 13, 15, 18, 0, 51, 52, 53, 56, 54, 55, 57, 59, 60, 58, 76, 74, 71, 72, 73, 75, 78, 77, 79, 80, 0, 43, 45, 48, 47, 49, 50, 46, 44, 42, 41, 87, 88, 89, 90, 84, 83, 82, 81, 85, 86, 8, 7, 9, 10, 5, 6, 2, 1, 3, 4, 0]
Elapsed time: 313.71803402900696

i:0	140704.10205171982
i:50	111117.38550224419
i:100	108834.06893106959
i:150	106210.27451129313
i:200	100387.23489474598
i:250	100152.61024105112
i:300	99009.37766083542
i:350	97783.90969349697
i:400	97224.39626582192
i:450	96730.53243988618
i:500	96723.62415766405
i:550	96718.4551019535
i:600	96718.4551019535
i:650	96718.4551019535
best: 96718.4551019535
routes: [0, 79, 77, 74, 76, 71, 72, 73, 75, 78, 80, 61, 62, 63, 64, 65, 68, 66, 67, 69, 70, 0, 51, 52, 53, 56, 54, 55, 57, 59, 60, 58, 90, 86, 89, 88, 87, 85, 82, 81, 83, 84, 0, 100, 99, 95, 94, 96, 93, 92, 91, 97, 98, 31, 39, 35, 36, 37, 40, 38, 34, 33, 32, 28, 30, 29, 27, 25, 22, 23, 24, 26, 21, 0, 4, 1, 2, 6, 3, 5, 10, 7, 8, 9, 43, 42, 41, 44, 45, 47, 46, 49, 50, 48, 14, 12, 11, 13, 15, 17, 19, 20, 18, 16, 0]
Elapsed time: 314.13746070861816

i:0	150923.16051488736
i:50	105837.56191956734
i:100	103573.02262777457
i:150	103573.02262777457
i:200	102246.16297299827
i:250	95992.04585724794
i:300	94895.99177204711
i:350	93799.72222058514
i:400	92211.81850990152
i:450	90971.71504770886
i:500	90748.1556407056
i:550	90547.41455385381
i:600	90367.68062156676
i:650	90367.68062156676
best: 90367.68062156676
routes: [0, 51, 52, 53, 56, 54, 55, 57, 59, 60, 58, 79, 80, 76, 77, 74, 71, 72, 73, 75, 78, 2, 1, 3, 8, 7, 9, 10, 5, 6, 4, 0, 96, 97, 98, 99, 100, 95, 94, 93, 91, 92, 61, 62, 63, 64, 65, 68, 67, 69, 70, 66, 0, 90, 85, 87, 81, 82, 83, 84, 86, 89, 88, 41, 42, 45, 44, 46, 49, 50, 47, 48, 43, 11, 13, 12, 14, 15, 17, 19, 20, 18, 16, 0, 31, 34, 33, 32, 38, 39, 40, 37, 35, 36, 30, 28, 27, 29, 25, 26, 24, 21, 23, 22, 0]
Elapsed time: 313.9081642627716

i:0	144040.7736766113
i:50	112191.84388299662
i:100	105967.9835145592
i:150	105273.49265294363
i:200	103726.68379782823
i:250	103726.68379782823
i:300	103726.68379782823
i:350	103726.68379782823
i:400	103726.68379782823
i:450	100190.12534483589
i:500	99952.44276428208
i:550	90251.04013247702
i:600	84598.84231937764
i:650	84598.84231937764
best: 84598.84231937764
routes: [0, 96, 95, 97, 99, 100, 98, 94, 93, 91, 92, 80, 79, 77, 74, 71, 72, 73, 75, 78, 76, 58, 59, 60, 56, 52, 51, 53, 57, 55, 54, 0, 21, 23, 22, 25, 27, 29, 30, 28, 26, 24, 33, 32, 37, 36, 35, 40, 39, 38, 34, 31, 69, 70, 66, 67, 68, 65, 64, 63, 61, 62, 0, 15, 17, 19, 20, 18, 16, 13, 14, 12, 11, 43, 44, 46, 49, 50, 48, 47, 45, 42, 41, 86, 84, 83, 82, 81, 87, 88, 85, 89, 90, 8, 7, 9, 10, 6, 2, 1, 3, 5, 4, 0]
Elapsed time: 377.8533911705017

mean: 90501.68816280438
std: 4009.0791158289735
mean-time: 328.2343617916107
std-time: 23.745390989438256