i:0	149792.66110243008
i:50	109265.96802611634
i:100	106041.64029124848
i:150	103933.4482901564
i:200	100510.87198549308
i:250	96222.69907199635
i:300	94971.50141204704
i:350	93548.86389187907
i:400	93395.60428414785
i:450	92799.93871945875
i:500	92501.09584626569
i:550	92182.43611929173
i:600	92182.43611929173
i:650	92182.43611929173
best: 92182.43611929173
routes: [0, 92, 91, 93, 94, 95, 99, 100, 96, 97, 98, 69, 70, 67, 68, 66, 65, 62, 61, 63, 64, 31, 33, 34, 39, 38, 37, 40, 35, 36, 32, 0, 21, 24, 23, 25, 27, 29, 30, 28, 26, 22, 16, 20, 19, 17, 18, 15, 14, 13, 11, 12, 0, 76, 77, 74, 71, 72, 73, 75, 78, 80, 79, 58, 57, 59, 60, 56, 53, 51, 52, 55, 54, 0, 4, 1, 3, 5, 7, 10, 8, 2, 6, 9, 86, 89, 90, 84, 83, 82, 81, 87, 85, 88, 41, 42, 43, 45, 44, 46, 49, 50, 47, 48, 0]
Elapsed time: 312.3009707927704

i:0	150160.2022838731
i:50	105934.01009095699
i:100	104655.39618196487
i:150	101349.88019161907
i:200	101156.85680288383
i:250	101088.11446215353
i:300	100603.9047800336
i:350	94913.42011841614
i:400	92750.58598728484
i:450	91394.1455935981
i:500	90642.66941652587
i:550	90622.78820916472
i:600	90172.49087649514
i:650	90172.49087649514
best: 90172.49087649514
routes: [0, 96, 93, 92, 91, 94, 95, 97, 98, 99, 100, 69, 70, 67, 68, 66, 65, 64, 63, 61, 62, 76, 74, 71, 72, 73, 75, 78, 77, 79, 80, 0, 43, 42, 41, 44, 45, 47, 46, 49, 50, 48, 14, 12, 11, 13, 15, 18, 17, 19, 20, 16, 25, 27, 29, 30, 28, 26, 24, 21, 23, 22, 0, 4, 3, 1, 2, 8, 6, 5, 10, 7, 9, 90, 86, 89, 88, 87, 81, 82, 83, 85, 84, 59, 60, 58, 56, 57, 55, 54, 53, 51, 52, 0, 31, 39, 40, 35, 36, 37, 38, 34, 33, 32, 0]
Elapsed time: 320.16960859298706

i:0	144886.67688686345
i:50	108565.16791651835
i:100	108565.16791651835
i:150	108087.34854473828
i:200	106306.22068329145
i:250	105006.18880985546
i:300	103741.38389121648
i:350	95727.7716442773
i:400	94227.04558694834
i:450	91218.52708252626
i:500	91061.1546202598
i:550	91061.1546202598
i:600	91061.1546202598
i:650	91061.1546202598
best: 91061.1546202598
routes: [0, 91, 92, 93, 95, 94, 96, 99, 97, 100, 98, 61, 62, 63, 64, 65, 68, 66, 67, 69, 70, 31, 39, 40, 35, 36, 37, 38, 34, 33, 32, 0, 21, 24, 23, 25, 27, 29, 30, 28, 26, 22, 13, 11, 12, 14, 15, 17, 19, 20, 18, 16, 0, 76, 74, 71, 72, 73, 75, 78, 77, 79, 80, 58, 60, 59, 57, 54, 55, 56, 53, 51, 52, 0, 4, 6, 5, 8, 3, 1, 2, 10, 7, 9, 90, 86, 89, 85, 84, 83, 82, 81, 87, 88, 41, 44, 45, 47, 46, 49, 50, 48, 43, 42, 0]
Elapsed time: 325.4933156967163

i:0	139000.8196700524
i:50	109226.74316780547
i:100	102452.18792982696
i:150	97549.97213734742
i:200	96435.23752386372
i:250	94649.76832322814
i:300	94022.98920851015
i:350	92977.10258864521
i:400	92277.5867444142
i:450	92059.77610386515
i:500	91550.87937454056
i:550	91550.87937454056
i:600	91550.87937454056
i:650	91550.87937454056
best: 91550.87937454056
routes: [0, 79, 80, 76, 77, 74, 71, 72, 73, 75, 78, 58, 59, 60, 56, 52, 51, 53, 57, 55, 54, 0, 4, 5, 3, 1, 2, 7, 8, 6, 10, 9, 84, 83, 82, 81, 87, 85, 86, 90, 89, 88, 41, 42, 43, 45, 44, 46, 49, 50, 47, 48, 0, 91, 92, 93, 94, 95, 96, 99, 100, 97, 98, 62, 61, 63, 64, 65, 68, 66, 67, 69, 70, 31, 39, 40, 35, 36, 37, 38, 34, 33, 32, 0, 21, 24, 23, 25, 27, 29, 30, 28, 26, 22, 16, 20, 19, 17, 18, 15, 14, 13, 11, 12, 0]
Elapsed time: 302.68440341949463

i:0	145192.36849717208
i:50	111786.90410048468
i:100	107077.89737961142
i:150	107077.89737961142
i:200	106865.03529785201
i:250	106310.96192480085
i:300	100737.54196425603
i:350	95099.98654003312
i:400	94678.17247572076
i:450	92181.19288067608
i:500	91786.23501401827
i:550	91619.43225344602
i:600	91619.43225344602
i:650	91619.43225344602
best: 91619.43225344602
routes: [0, 93, 95, 97, 98, 99, 100, 96, 94, 91, 92, 61, 62, 63, 66, 69, 70, 67, 68, 65, 64, 0, 76, 74, 71, 72, 73, 75, 78, 77, 80, 79, 58, 60, 59, 57, 54, 55, 56, 53, 51, 52, 2, 8, 7, 9, 10, 5, 6, 3, 1, 4, 0, 90, 86, 89, 84, 83, 85, 82, 81, 87, 88, 41, 42, 43, 45, 44, 46, 49, 50, 47, 48, 14, 17, 19, 20, 18, 15, 12, 11, 13, 16, 0, 31, 34, 33, 38, 39, 40, 36, 35, 37, 32, 28, 30, 29, 27, 25, 26, 24, 21, 23, 22, 0]
Elapsed time: 313.29532527923584

i:0	140187.57823126487
i:50	114344.41093431
i:100	110453.91527276466
i:150	107136.46945502156
i:200	106765.529793422
i:250	98781.33387548906
i:300	96317.39878603563
i:350	94361.3403635469
i:400	94158.78598992877
i:450	93239.4440289635
i:500	92771.30986560989
i:550	92771.30986560989
i:600	92771.30986560989
i:650	92648.08081156909
best: 92648.08081156909
routes: [0, 13, 11, 12, 14, 15, 17, 19, 20, 18, 16, 22, 25, 27, 29, 30, 28, 26, 23, 21, 24, 32, 33, 34, 31, 39, 40, 35, 36, 37, 38, 0, 4, 3, 1, 2, 8, 6, 5, 10, 7, 9, 90, 89, 88, 87, 81, 82, 83, 85, 86, 84, 41, 42, 43, 45, 44, 46, 49, 50, 47, 48, 0, 99, 100, 96, 95, 97, 98, 94, 93, 91, 92, 62, 61, 63, 64, 65, 67, 68, 66, 69, 70, 0, 54, 56, 52, 53, 51, 55, 57, 59, 60, 58, 76, 79, 77, 74, 71, 72, 73, 75, 78, 80, 0]
Elapsed time: 313.32290172576904

i:0	147194.159182577
i:50	110086.55015153962
i:100	103828.49809176904
i:150	97847.9025377448
i:200	96838.79767421198
i:250	94091.73394452342
i:300	93783.72379212972
i:350	93291.87365467988
i:400	92611.52631044507
i:450	91671.76363924748
i:500	91020.48293077489
i:550	91016.55862174075
i:600	91016.55862174075
i:650	91016.55862174075
best: 91016.55862174075
routes: [0, 69, 70, 66, 67, 68, 65, 64, 63, 62, 61, 91, 92, 93, 94, 95, 97, 98, 99, 100, 96, 0, 51, 52, 53, 56, 60, 58, 54, 55, 57, 59, 76, 77, 74, 71, 72, 73, 75, 78, 79, 80, 0, 4, 1, 3, 6, 7, 8, 2, 10, 5, 9, 90, 86, 84, 89, 87, 81, 82, 83, 85, 88, 41, 42, 43, 45, 44, 46, 49, 50, 47, 48, 0, 31, 34, 33, 38, 39, 40, 36, 35, 37, 32, 28, 30, 29, 27, 25, 26, 24, 21, 23, 22, 16, 13, 15, 18, 20, 19, 17, 14, 11, 12, 0]
Elapsed time: 310.32921075820923

i:0	138883.3370601126
i:50	114649.94966928657
i:100	112307.87316648662
i:150	111536.25589884791
i:200	111536.25589884791
i:250	107408.72993887881
i:300	107390.67854482526
i:350	104352.14440211389
i:400	93925.53207775754
i:450	92107.27683528828
i:500	90425.38789243555
i:550	90402.1180439405
i:600	90402.1180439405
i:650	90396.2698628353
best: 90396.2698628353
routes: [0, 51, 52, 53, 56, 54, 55, 57, 59, 60, 58, 76, 74, 71, 72, 73, 75, 78, 77, 79, 80, 0, 16, 20, 18, 13, 11, 12, 14, 15, 17, 19, 29, 30, 28, 27, 25, 26, 23, 22, 21, 24, 32, 33, 37, 36, 35, 40, 39, 38, 31, 34, 0, 4, 5, 10, 6, 3, 1, 2, 8, 7, 9, 90, 86, 89, 84, 83, 85, 82, 81, 87, 88, 41, 45, 44, 46, 49, 50, 47, 48, 43, 42, 0, 96, 92, 91, 93, 94, 95, 98, 99, 97, 100, 69, 70, 66, 67, 68, 65, 64, 63, 61, 62, 0]
Elapsed time: 339.18684220314026

i:0	144398.9777639122
i:50	111138.22599756307
i:100	108334.24411820238
i:150	104281.82700651734
i:200	102027.75931563329
i:250	102027.75931563329
i:300	101993.47485664024
i:350	101209.12294400365
i:400	100216.13243919892
i:450	89397.26804943578
i:500	87823.75478474563
i:550	87527.96984246049
i:600	87458.31363756784
i:650	87453.88097928831
best: 87453.88097928831
routes: [0, 96, 93, 92, 91, 94, 95, 97, 98, 99, 100, 69, 70, 67, 68, 66, 65, 64, 63, 61, 62, 31, 39, 38, 37, 40, 35, 36, 32, 33, 34, 0, 4, 3, 6, 5, 10, 9, 7, 8, 2, 1, 54, 52, 51, 53, 56, 55, 57, 59, 60, 58, 79, 80, 76, 77, 74, 71, 72, 73, 75, 78, 0, 90, 86, 89, 84, 83, 85, 82, 81, 87, 88, 41, 44, 46, 49, 50, 47, 45, 42, 43, 48, 14, 12, 11, 13, 15, 17, 19, 20, 18, 16, 0, 21, 23, 22, 25, 27, 29, 30, 28, 26, 24, 0]
Elapsed time: 342.32038497924805

i:0	153351.26543238043
i:50	111242.32812268985
i:100	110808.71687207877
i:150	108406.77479860527
i:200	104819.94604417351
i:250	99979.37947155
i:300	98352.95593424917
i:350	96486.78851029817
i:400	95836.62597634835
i:450	92682.53786750998
i:500	92382.7272543047
i:550	92375.0110038051
i:600	92375.0110038051
i:650	92375.0110038051
best: 92375.0110038051
routes: [0, 54, 52, 51, 53, 56, 55, 57, 59, 60, 58, 76, 74, 71, 72, 73, 75, 78, 77, 79, 80, 0, 99, 100, 93, 91, 92, 98, 96, 94, 97, 95, 69, 70, 66, 67, 68, 65, 64, 63, 61, 62, 0, 33, 34, 31, 38, 37, 36, 35, 40, 39, 32, 24, 21, 23, 22, 25, 27, 29, 30, 28, 26, 13, 11, 12, 14, 15, 17, 19, 20, 18, 16, 0, 4, 1, 2, 3, 6, 5, 10, 7, 8, 9, 90, 86, 89, 84, 83, 85, 82, 81, 87, 88, 41, 42, 43, 45, 44, 46, 49, 50, 47, 48, 0]
Elapsed time: 318.43459820747375

mean: 91047.61945232718
std: 1424.7001330226665
mean-time: 319.75375616550446
std-time: 12.002288577546937