i:0	154748.45146877156
i:50	120804.90919278101
i:100	117987.46104407427
i:150	115904.50646741097
i:200	115305.91270574808
i:250	114508.5602091531
i:300	114508.5602091531
i:350	114185.42618982578
i:400	113429.41203744893
i:450	111964.30395618347
i:500	108865.41457269486
i:550	107688.1422813083
i:600	107641.45451280716
i:650	107641.45451280716
best: 107641.45451280716
routes: [0, 21, 23, 22, 25, 27, 29, 30, 28, 26, 24, 0, 90, 86, 89, 88, 87, 81, 82, 85, 83, 84, 0, 79, 80, 77, 76, 74, 71, 72, 73, 75, 78, 58, 60, 59, 57, 56, 55, 54, 53, 51, 52, 0, 43, 42, 41, 44, 45, 47, 46, 49, 50, 48, 0, 91, 92, 93, 94, 95, 96, 97, 98, 99, 100, 31, 39, 38, 34, 33, 32, 37, 40, 35, 36, 0, 61, 62, 63, 69, 70, 66, 67, 68, 65, 64, 0, 13, 11, 12, 14, 15, 17, 19, 20, 18, 16, 0, 3, 6, 5, 10, 9, 7, 8, 2, 1, 4, 0]
Elapsed time: 311.7274179458618

i:0	152540.28086530557
i:50	120503.37792013773
i:100	116935.03167317613
i:150	115411.84027169202
i:200	114922.76018492236
i:250	114336.99944928546
i:300	113505.60268570571
i:350	112500.66914777196
i:400	110543.69196958382
i:450	107873.63312239261
i:500	105322.96648943026
i:550	104309.8337513779
i:600	103956.46239597695
i:650	103956.46239597695
best: 103956.46239597695
routes: [0, 11, 14, 17, 19, 20, 18, 15, 12, 13, 16, 0, 43, 42, 41, 44, 45, 47, 46, 49, 50, 48, 0, 91, 92, 93, 94, 95, 96, 97, 98, 99, 100, 31, 39, 38, 40, 35, 36, 37, 32, 33, 34, 0, 21, 25, 27, 29, 30, 28, 26, 24, 23, 22, 0, 84, 86, 85, 83, 82, 81, 87, 88, 89, 90, 0, 61, 62, 63, 64, 65, 68, 67, 66, 69, 70, 0, 51, 52, 53, 56, 54, 55, 57, 59, 60, 58, 76, 74, 71, 72, 73, 75, 78, 77, 79, 80, 0, 4, 3, 6, 5, 10, 9, 7, 8, 2, 1, 0]
Elapsed time: 327.5943684577942

i:0	156647.54291895678
i:50	119449.28995200082
i:100	117088.44305027703
i:150	116583.62680184215
i:200	116555.60914534287
i:250	115595.03562114816
i:300	113971.29710850098
i:350	112012.84963339413
i:400	110811.22538408087
i:450	108903.68348453166
i:500	105778.60754624337
i:550	105277.99577463992
i:600	105230.97665408548
i:650	105230.97665408548
best: 105230.97665408548
routes: [0, 69, 70, 66, 67, 68, 65, 64, 63, 61, 62, 0, 43, 42, 41, 44, 45, 47, 46, 49, 50, 48, 0, 21, 23, 22, 25, 27, 29, 30, 28, 26, 24, 0, 79, 80, 77, 78, 75, 73, 72, 71, 74, 76, 58, 60, 59, 57, 56, 55, 54, 53, 51, 52, 0, 91, 92, 93, 94, 95, 96, 97, 98, 99, 100, 31, 33, 34, 38, 39, 40, 35, 36, 37, 32, 0, 84, 86, 85, 83, 82, 81, 87, 88, 89, 90, 0, 13, 11, 12, 14, 15, 17, 19, 20, 18, 16, 0, 1, 3, 6, 2, 8, 7, 9, 10, 5, 4, 0]
Elapsed time: 302.4200019836426

i:0	159112.24781273253
i:50	123100.0437488535
i:100	116972.72179210861
i:150	115682.70128638641
i:200	114297.13826433315
i:250	110542.5180711222
i:300	108491.94489145529
i:350	106694.53181298026
i:400	106227.95784007706
i:450	105201.40667038455
i:500	104372.21340802283
i:550	103982.69705035083
i:600	103982.69705035083
i:650	103982.69705035083
best: 103982.69705035083
routes: [0, 51, 52, 53, 56, 54, 55, 57, 59, 60, 58, 79, 80, 78, 75, 73, 72, 71, 74, 77, 76, 0, 21, 23, 22, 25, 27, 29, 30, 28, 26, 24, 0, 43, 42, 41, 44, 45, 47, 46, 49, 50, 48, 0, 84, 83, 85, 82, 81, 87, 88, 86, 89, 90, 0, 61, 62, 63, 64, 65, 68, 67, 66, 69, 70, 0, 13, 11, 12, 14, 15, 17, 19, 20, 18, 16, 0, 1, 3, 2, 8, 7, 9, 10, 5, 6, 4, 0, 33, 32, 38, 39, 40, 36, 35, 37, 34, 31, 100, 99, 97, 98, 96, 95, 94, 93, 91, 92, 0]
Elapsed time: 298.49863958358765

i:0	155393.31403624674
i:50	120574.16234764537
i:100	118112.08431380738
i:150	115352.97970008335
i:200	113166.11204786472
i:250	109404.94531625457
i:300	109404.94531625457
i:350	106862.97322066827
i:400	105951.7125110999
i:450	104070.71966648585
i:500	103610.17845627668
i:550	103610.17845627668
i:600	103610.17845627668
i:650	103610.17845627668
best: 103610.17845627668
routes: [0, 51, 52, 53, 56, 54, 55, 57, 59, 60, 58, 79, 77, 76, 74, 71, 72, 73, 75, 78, 80, 0, 43, 42, 41, 44, 45, 47, 46, 49, 50, 48, 0, 4, 3, 6, 5, 10, 9, 7, 8, 2, 1, 0, 69, 70, 66, 67, 68, 65, 64, 63, 61, 62, 0, 13, 11, 12, 14, 15, 17, 19, 20, 18, 16, 0, 21, 23, 22, 25, 27, 29, 30, 28, 26, 24, 0, 90, 86, 89, 88, 87, 81, 82, 85, 83, 84, 0, 33, 32, 37, 36, 35, 40, 39, 38, 34, 31, 100, 99, 98, 97, 96, 95, 94, 93, 91, 92, 0]
Elapsed time: 282.2579550743103

i:0	156827.86355170555
i:50	123933.31201966072
i:100	121083.12373949833
i:150	118861.71169519609
i:200	117721.66779782684
i:250	116771.42589241384
i:300	116090.39778331642
i:350	114139.81731555484
i:400	112661.57679900828
i:450	111837.6679185231
i:500	110215.63980487469
i:550	109048.44561105754
i:600	108265.52355325551
i:650	108265.52355325551
best: 108265.52355325551
routes: [0, 91, 92, 93, 94, 95, 96, 97, 98, 99, 100, 31, 39, 40, 35, 36, 37, 38, 34, 33, 32, 0, 84, 83, 85, 82, 81, 87, 88, 86, 89, 90, 0, 43, 45, 47, 49, 50, 48, 46, 44, 41, 42, 0, 11, 12, 14, 17, 19, 20, 18, 15, 13, 16, 0, 61, 63, 66, 69, 70, 67, 68, 65, 64, 62, 0, 21, 24, 26, 27, 29, 30, 28, 25, 23, 22, 0, 78, 75, 73, 72, 71, 74, 77, 76, 79, 80, 58, 60, 59, 57, 56, 53, 51, 52, 55, 54, 0, 1, 3, 6, 2, 8, 7, 9, 10, 5, 4, 0]
Elapsed time: 321.41543197631836

i:0	147416.7338107762
i:50	118826.30740545635
i:100	118463.08488548014
i:150	117221.52470344209
i:200	116689.36790439667
i:250	115699.27028157606
i:300	115699.27028157606
i:350	113403.52687573538
i:400	109791.09007154738
i:450	107780.08882107218
i:500	106284.90990320347
i:550	106095.12698387181
i:600	106095.1269838718
i:650	106095.1269838718
best: 106095.1269838718
routes: [0, 11, 12, 14, 15, 17, 19, 20, 18, 13, 16, 0, 61, 62, 63, 64, 65, 68, 67, 66, 69, 70, 0, 21, 23, 22, 25, 26, 27, 29, 30, 28, 24, 0, 79, 77, 76, 74, 71, 72, 73, 75, 78, 80, 58, 60, 59, 57, 56, 55, 54, 53, 51, 52, 0, 43, 48, 46, 49, 50, 47, 45, 44, 41, 42, 0, 91, 92, 93, 94, 95, 96, 97, 98, 99, 100, 31, 39, 40, 35, 36, 37, 38, 34, 33, 32, 0, 84, 83, 82, 81, 87, 88, 85, 86, 89, 90, 0, 3, 6, 5, 10, 9, 7, 8, 2, 1, 4, 0]
Elapsed time: 310.40948390960693

i:0	145221.01656671817
i:50	120377.48736602158
i:100	119702.45779502709
i:150	117502.80375328648
i:200	116969.19359869695
i:250	116400.1862695989
i:300	114201.60817103498
i:350	110733.15755807038
i:400	109993.01322298573
i:450	107770.63564319229
i:500	105829.43870606339
i:550	105711.98499717884
i:600	105497.32457590783
i:650	105497.32457590783
best: 105497.32457590783
routes: [0, 91, 92, 93, 94, 95, 96, 97, 98, 99, 100, 31, 39, 38, 40, 35, 36, 37, 32, 33, 34, 0, 43, 48, 46, 49, 50, 47, 45, 44, 41, 42, 0, 51, 53, 52, 54, 55, 57, 56, 59, 60, 58, 79, 80, 77, 76, 74, 71, 72, 73, 75, 78, 0, 13, 11, 12, 14, 17, 19, 20, 18, 15, 16, 0, 84, 86, 85, 83, 82, 81, 87, 88, 89, 90, 0, 4, 1, 3, 6, 5, 10, 9, 7, 8, 2, 0, 61, 62, 63, 64, 65, 68, 67, 66, 69, 70, 0, 21, 27, 29, 30, 28, 26, 25, 22, 23, 24, 0]
Elapsed time: 329.95190024375916

i:0	154646.7513323034
i:50	120536.88683958464
i:100	118229.8405027568
i:150	117765.31074192279
i:200	116513.02969076249
i:250	113861.07433676532
i:300	113035.54903017718
i:350	111961.22756036505
i:400	110879.50561178311
i:450	109255.54026678595
i:500	106497.56941791272
i:550	105724.47374773156
i:600	105506.37695551389
i:650	105494.10462512358
best: 105494.10462512357
routes: [0, 91, 92, 93, 94, 95, 96, 97, 98, 99, 100, 31, 39, 38, 40, 35, 36, 37, 32, 33, 34, 0, 21, 23, 22, 25, 26, 27, 29, 30, 28, 24, 0, 51, 53, 52, 54, 55, 57, 56, 59, 60, 58, 79, 80, 77, 76, 74, 71, 72, 73, 75, 78, 0, 43, 47, 49, 50, 46, 44, 41, 42, 45, 48, 0, 61, 62, 63, 64, 65, 68, 67, 66, 69, 70, 0, 88, 87, 81, 82, 85, 83, 84, 86, 89, 90, 0, 1, 3, 2, 8, 7, 9, 10, 5, 6, 4, 0, 13, 11, 12, 14, 15, 17, 19, 20, 18, 16, 0]
Elapsed time: 341.6342372894287

i:0	158944.5842630127
i:50	120993.56870230765
i:100	118902.7326729028
i:150	115203.78206654266
i:200	115040.43886220935
i:250	112260.80364883148
i:300	111452.6721515802
i:350	110709.98603940624
i:400	109526.14667587657
i:450	105848.55810653727
i:500	104277.75168605061
i:550	104277.7516860506
i:600	104237.25073586205
i:650	104237.25073586205
best: 104237.25073586205
routes: [0, 13, 11, 12, 14, 15, 17, 19, 20, 18, 16, 0, 43, 42, 41, 44, 45, 47, 46, 49, 50, 48, 0, 86, 84, 83, 82, 81, 87, 88, 85, 89, 90, 0, 1, 3, 2, 8, 7, 9, 10, 5, 6, 4, 0, 51, 52, 53, 56, 54, 55, 57, 59, 60, 58, 79, 78, 75, 73, 72, 71, 74, 76, 77, 80, 0, 21, 23, 22, 25, 27, 29, 30, 28, 26, 24, 0, 61, 62, 63, 64, 65, 68, 67, 66, 69, 70, 0, 91, 92, 93, 94, 95, 96, 97, 98, 99, 100, 31, 32, 37, 36, 35, 40, 39, 38, 33, 34, 0]
Elapsed time: 312.1249828338623

mean: 105401.10995435179
std: 1497.1113816586078
mean-time: 313.8034419298172
std-time: 16.31269872097123