i:0	68348.10814359102
i:50	52660.23788971757
i:100	51550.681386016426
i:150	51227.06759383533
i:200	50823.88169688583
i:250	50785.41156861784
i:300	50137.6684778062
i:350	50093.341388594396
i:400	50093.341388594396
i:450	49471.59016461842
i:500	49471.59016461842
i:550	49471.59016461842
i:600	49471.59016461842
i:650	49471.59016461842
best: 49471.59016461842
routes: [0, 23, 22, 25, 27, 29, 30, 28, 26, 24, 21, 48, 47, 41, 42, 43, 45, 46, 49, 50, 44, 0, 4, 5, 6, 7, 10, 9, 8, 2, 3, 1, 31, 32, 33, 34, 35, 38, 36, 37, 39, 40, 0, 11, 13, 12, 15, 17, 19, 20, 18, 16, 14, 0]
Elapsed time: 171.0338490009308

i:0	70548.39423873657
i:50	54091.15489525056
i:100	52160.36599072723
i:150	51895.863476394035
i:200	51895.863476394035
i:250	51175.277809536536
i:300	50598.24015368401
i:350	50368.21827616798
i:400	50014.09888732957
i:450	49662.322975588344
i:500	49338.95712503661
i:550	49338.95712503661
i:600	49338.95712503661
i:650	49338.95712503661
best: 49338.95712503661
routes: [0, 23, 24, 26, 29, 30, 28, 27, 25, 22, 21, 48, 47, 41, 42, 43, 45, 46, 49, 50, 44, 0, 4, 3, 6, 5, 10, 9, 7, 8, 2, 1, 31, 32, 33, 34, 35, 38, 36, 37, 39, 40, 0, 11, 13, 12, 15, 17, 19, 20, 18, 16, 14, 0]
Elapsed time: 174.26172590255737

i:0	66360.21093290336
i:50	53971.46674648461
i:100	53332.22734606074
i:150	52591.497034331514
i:200	52532.712708615865
i:250	52022.01056347442
i:300	51109.34502968681
i:350	50645.00558483238
i:400	50551.03266897494
i:450	50323.69944414092
i:500	50053.63014862798
i:550	50053.63014862798
i:600	50053.63014862798
i:650	50053.63014862798
best: 50053.63014862798
routes: [0, 11, 13, 12, 15, 17, 19, 20, 18, 16, 14, 39, 40, 36, 37, 38, 35, 34, 33, 31, 32, 0, 50, 46, 49, 44, 43, 45, 42, 41, 47, 48, 21, 22, 23, 25, 24, 26, 29, 30, 27, 28, 0, 4, 5, 6, 3, 1, 2, 8, 7, 9, 10, 0]
Elapsed time: 166.48377776145935

i:0	67872.05130601482
i:50	53257.73161971831
i:100	52592.320735453744
i:150	52193.10417906087
i:200	52147.86792422111
i:250	51429.76483079477
i:300	51149.26039690401
i:350	50300.79794084176
i:400	49690.38072312059
i:450	49644.700757461105
i:500	49304.789696048756
i:550	49304.789696048756
i:600	49304.789696048756
i:650	49304.789696048756
best: 49304.789696048756
routes: [0, 23, 22, 25, 27, 29, 30, 28, 26, 24, 21, 48, 47, 41, 42, 43, 45, 46, 49, 50, 44, 0, 4, 3, 6, 5, 10, 9, 7, 8, 2, 1, 31, 32, 33, 34, 35, 38, 36, 37, 39, 40, 0, 11, 13, 12, 15, 17, 19, 20, 18, 16, 14, 0]
Elapsed time: 178.01486134529114

i:0	66295.84709427215
i:50	54947.04195945364
i:100	54256.886088997635
i:150	52870.813885895885
i:200	52290.47258454909
i:250	51203.40234424959
i:300	51052.40257576277
i:350	50317.32531168654
i:400	50061.726198468285
i:450	49697.6839870979
i:500	49697.6839870979
i:550	49697.6839870979
i:600	49697.6839870979
i:650	49697.6839870979
best: 49697.6839870979
routes: [0, 11, 13, 12, 15, 17, 19, 20, 18, 16, 14, 39, 40, 36, 37, 38, 35, 34, 33, 31, 32, 0, 50, 46, 49, 44, 43, 45, 42, 41, 47, 48, 21, 22, 23, 25, 24, 26, 29, 30, 27, 28, 0, 3, 6, 5, 10, 9, 7, 8, 2, 1, 4, 0]
Elapsed time: 170.52530717849731

i:0	66800.706804903
i:50	52811.82752198263
i:100	51862.77998517986
i:150	51503.51510987392
i:200	50970.29675056405
i:250	50970.29675056405
i:300	50635.42242629871
i:350	50220.58435749938
i:400	49992.585968652595
i:450	49992.585968652595
i:500	49992.585968652595
i:550	49992.585968652595
i:600	49992.585968652595
i:650	49992.585968652595
best: 49992.585968652595
routes: [0, 50, 44, 46, 49, 47, 41, 42, 43, 45, 48, 21, 22, 23, 25, 24, 26, 29, 30, 27, 28, 0, 4, 3, 6, 5, 10, 9, 7, 8, 2, 1, 31, 32, 33, 34, 35, 38, 36, 37, 39, 40, 0, 11, 13, 12, 15, 17, 19, 20, 18, 16, 14, 0]
Elapsed time: 161.51041460037231

i:0	68595.40342795347
i:50	53336.19406297531
i:100	52816.60646555226
i:150	52506.30427793922
i:200	51922.047141532166
i:250	50876.365580218364
i:300	49652.123374423405
i:350	49338.95712503661
i:400	49338.95712503661
i:450	49338.95712503661
i:500	49338.95712503661
i:550	49338.95712503661
i:600	49338.95712503661
i:650	49338.95712503661
best: 49338.95712503661
routes: [0, 23, 24, 26, 29, 30, 28, 27, 25, 22, 21, 48, 47, 41, 42, 43, 45, 46, 49, 50, 44, 0, 4, 3, 6, 5, 10, 9, 7, 8, 2, 1, 31, 32, 33, 34, 35, 38, 36, 37, 39, 40, 0, 11, 13, 12, 15, 17, 19, 20, 18, 16, 14, 0]
Elapsed time: 159.59638833999634

i:0	68351.74721733172
i:50	53882.578644019835
i:100	53391.525366433954
i:150	52866.5957776262
i:200	52262.03541615072
i:250	52008.753401928
i:300	50995.58624726008
i:350	50108.04804439561
i:400	49450.80044771518
i:450	49304.789696048756
i:500	49304.789696048756
i:550	49304.789696048756
i:600	49304.789696048756
i:650	49304.789696048756
best: 49304.789696048756
routes: [0, 23, 22, 25, 27, 29, 30, 28, 26, 24, 21, 48, 47, 41, 42, 43, 45, 46, 49, 50, 44, 0, 4, 3, 6, 5, 10, 9, 7, 8, 2, 1, 31, 32, 33, 34, 35, 38, 36, 37, 39, 40, 0, 11, 13, 12, 15, 17, 19, 20, 18, 16, 14, 0]
Elapsed time: 175.69061470031738

i:0	69892.72322618806
i:50	52208.048432806056
i:100	51409.22149627106
i:150	51223.85088913764
i:200	51111.40694227937
i:250	50997.09965931181
i:300	49876.89206824277
i:350	49514.412181206324
i:400	49468.73221554684
i:450	49468.73221554684
i:500	49468.73221554684
i:550	49468.73221554684
i:600	49468.73221554684
i:650	49468.73221554684
best: 49468.73221554684
routes: [0, 4, 6, 5, 10, 9, 7, 8, 3, 2, 1, 31, 32, 33, 34, 35, 38, 36, 37, 39, 40, 0, 23, 22, 25, 27, 29, 30, 28, 26, 24, 21, 48, 47, 41, 42, 43, 45, 46, 49, 50, 44, 0, 11, 13, 12, 15, 17, 19, 20, 18, 16, 14, 0]
Elapsed time: 171.19065856933594

i:0	66734.89529608132
i:50	53958.150370369265
i:100	53901.10741222961
i:150	53883.45256759598
i:200	53748.473013103205
i:250	53348.936414595155
i:300	52618.10255850075
i:350	52284.638640058474
i:400	50363.313131922194
i:450	50363.313131922194
i:500	50284.95679138746
i:550	50284.95679138746
i:600	50284.95679138746
i:650	50284.95679138746
best: 50284.95679138746
routes: [0, 11, 13, 12, 15, 17, 19, 20, 18, 16, 14, 39, 40, 36, 37, 38, 35, 34, 33, 31, 32, 0, 50, 44, 43, 42, 41, 47, 45, 46, 49, 48, 21, 24, 26, 29, 30, 27, 25, 22, 23, 28, 0, 4, 3, 6, 5, 10, 9, 7, 8, 2, 1, 0]
Elapsed time: 174.1743607521057

mean: 49625.66729181019
std: 342.97656662749273
mean-time: 170.24819581508638
std-time: 5.7186288186984005