i:0	94441.3781131193
i:50	65984.16983532748
i:100	65984.16983532748
i:150	65984.16983532748
i:200	65984.16983532748
i:250	65984.16983532748
i:300	65984.16983532748
i:350	65984.16983532748
i:400	65984.16983532748
i:450	65984.16983532748
i:500	65984.16983532748
i:550	65984.16983532748
i:600	65984.16983532748
i:650	65984.16983532748
best: 65984.16983532748
routes: [0, 49, 50, 48, 47, 46, 33, 31, 32, 34, 35, 40, 38, 37, 39, 36, 29, 30, 28, 27, 26, 0, 4, 5, 3, 1, 2, 44, 43, 45, 41, 42, 24, 25, 23, 21, 22, 9, 10, 8, 7, 6, 0, 14, 13, 12, 15, 11, 18, 17, 20, 19, 16, 0]
Elapsed time: 31.35977029800415

i:0	294030.13627194805
i:50	65865.6908997316
i:100	65865.6908997316
i:150	65865.6908997316
i:200	65865.6908997316
i:250	65865.6908997316
i:300	65865.6908997316
i:350	65865.6908997316
i:400	65865.6908997316
i:450	65865.6908997316
i:500	65865.6908997316
i:550	65865.6908997316
i:600	65865.6908997316
i:650	65865.6908997316
best: 65865.6908997316
routes: [0, 49, 50, 48, 47, 46, 34, 35, 33, 32, 31, 40, 38, 37, 39, 36, 29, 30, 28, 27, 26, 0, 1, 2, 4, 3, 5, 44, 43, 45, 41, 42, 24, 25, 23, 21, 22, 9, 10, 8, 7, 6, 0, 12, 15, 13, 14, 11, 18, 17, 20, 19, 16, 0]
Elapsed time: 26.44195532798767

i:0	292595.78335290443
i:50	66627.81444199472
i:100	66627.81444199472
i:150	66627.81444199472
i:200	66627.81444199472
i:250	66627.81444199472
i:300	66627.81444199472
i:350	66627.81444199472
i:400	66627.81444199472
i:450	66627.81444199472
i:500	66627.81444199472
i:550	66627.81444199472
i:600	66627.81444199472
i:650	66627.81444199472
best: 66627.81444199472
routes: [0, 26, 28, 27, 29, 30, 39, 36, 38, 37, 40, 33, 34, 31, 32, 35, 50, 49, 48, 47, 46, 0, 8, 7, 9, 10, 6, 23, 22, 24, 25, 21, 44, 43, 45, 41, 42, 1, 2, 5, 3, 4, 0, 16, 18, 17, 19, 20, 15, 13, 11, 12, 14, 0]
Elapsed time: 31.209857940673828

i:0	98883.87862166646
i:50	69025.1103472422
i:100	68631.7992518038
i:150	68631.7992518038
i:200	68631.7992518038
i:250	68631.7992518038
i:300	68631.7992518038
i:350	68631.7992518038
i:400	68631.7992518038
i:450	68631.7992518038
i:500	68631.7992518038
i:550	68631.7992518038
i:600	68631.7992518038
i:650	68631.7992518038
best: 68631.7992518038
routes: [0, 4, 1, 2, 5, 3, 44, 43, 42, 45, 41, 24, 23, 21, 22, 25, 9, 10, 8, 7, 6, 0, 26, 28, 27, 29, 30, 39, 36, 38, 37, 40, 33, 34, 31, 32, 35, 50, 49, 48, 47, 46, 0, 14, 13, 12, 15, 11, 18, 17, 20, 19, 16, 0]
Elapsed time: 32.9964714050293

i:0	90458.29850192174
i:50	68351.1396990685
i:100	68351.1396990685
i:150	68351.1396990685
i:200	68351.1396990685
i:250	68351.1396990685
i:300	68351.1396990685
i:350	68351.1396990685
i:400	68351.1396990685
i:450	68351.1396990685
i:500	68351.1396990685
i:550	68351.1396990685
i:600	68351.1396990685
i:650	68351.1396990685
best: 68351.1396990685
routes: [0, 4, 1, 2, 5, 3, 39, 36, 38, 37, 40, 33, 31, 32, 34, 35, 50, 49, 48, 47, 46, 0, 22, 25, 23, 24, 21, 41, 42, 45, 43, 44, 29, 30, 28, 27, 26, 0, 18, 17, 19, 16, 20, 15, 13, 14, 11, 12, 8, 7, 9, 10, 6, 0]
Elapsed time: 25.308387756347656

i:0	82137.14825023981
i:50	65190.674564734
i:100	65190.674564734
i:150	65190.674564734
i:200	65190.674564734
i:250	65190.674564734
i:300	65190.674564734
i:350	65190.674564734
i:400	65190.674564734
i:450	65190.674564734
i:500	65190.674564734
i:550	65190.674564734
i:600	65190.674564734
i:650	65190.674564734
best: 65190.674564734
routes: [0, 49, 50, 48, 47, 46, 33, 31, 32, 34, 35, 40, 38, 37, 39, 36, 28, 27, 29, 30, 26, 0, 8, 7, 9, 10, 6, 23, 22, 24, 25, 21, 43, 45, 41, 42, 44, 5, 3, 1, 2, 4, 0, 11, 12, 15, 13, 14, 20, 18, 17, 19, 16, 0]
Elapsed time: 26.90077543258667

i:0	294921.667254015
i:50	66790.57058412766
i:100	66627.94331305576
i:150	66627.94331305576
i:200	66627.94331305576
i:250	66627.94331305576
i:300	66627.94331305576
i:350	66627.94331305576
i:400	66627.94331305576
i:450	66627.94331305576
i:500	66627.94331305576
i:550	66627.94331305576
i:600	66627.94331305576
i:650	66627.94331305576
best: 66627.94331305576
routes: [0, 49, 50, 48, 47, 46, 34, 35, 33, 32, 31, 40, 38, 37, 39, 36, 29, 30, 28, 27, 26, 0, 4, 1, 2, 5, 3, 44, 43, 42, 45, 41, 24, 25, 23, 21, 22, 9, 10, 8, 7, 6, 0, 12, 15, 13, 14, 11, 18, 17, 20, 19, 16, 0]
Elapsed time: 29.365788459777832

i:0	290489.6857202626
i:50	66565.49979031755
i:100	66565.49979031755
i:150	66402.87251924565
i:200	66402.87251924565
i:250	66402.87251924565
i:300	66402.87251924565
i:350	66402.87251924565
i:400	66402.87251924565
i:450	66402.87251924565
i:500	66402.87251924565
i:550	66402.87251924565
i:600	66402.87251924565
i:650	66402.87251924565
best: 66402.87251924565
routes: [0, 49, 50, 48, 47, 46, 34, 35, 33, 32, 31, 40, 38, 37, 39, 36, 28, 27, 29, 30, 26, 0, 1, 2, 4, 3, 5, 44, 43, 45, 41, 42, 24, 25, 23, 21, 22, 9, 10, 8, 7, 6, 0, 12, 15, 13, 14, 11, 18, 17, 20, 19, 16, 0]
Elapsed time: 26.76475214958191

i:0	287465.869405869
i:50	65847.06411256082
i:100	65847.06411256082
i:150	65847.06411256082
i:200	65847.06411256082
i:250	65847.06411256082
i:300	65847.06411256082
i:350	65847.06411256082
i:400	65847.06411256082
i:450	65847.06411256082
i:500	65847.06411256082
i:550	65847.06411256082
i:600	65847.06411256082
i:650	65847.06411256082
best: 65847.06411256082
routes: [0, 26, 28, 27, 29, 30, 39, 36, 38, 37, 40, 33, 34, 31, 32, 35, 50, 49, 48, 47, 46, 0, 8, 7, 9, 10, 6, 23, 22, 24, 25, 21, 41, 42, 45, 43, 44, 5, 3, 4, 1, 2, 0, 16, 20, 19, 18, 17, 14, 13, 12, 15, 11, 0]
Elapsed time: 25.935011386871338

i:0	288942.6529628932
i:50	66031.60688284061
i:100	66031.60688284061
i:150	66031.60688284061
i:200	66031.60688284061
i:250	66031.60688284061
i:300	66031.60688284061
i:350	66031.60688284061
i:400	66031.60688284061
i:450	66031.60688284061
i:500	66031.60688284061
i:550	66031.60688284061
i:600	66031.60688284061
i:650	66031.60688284061
best: 66031.60688284061
routes: [0, 1, 2, 4, 3, 5, 44, 43, 45, 41, 42, 24, 25, 23, 21, 22, 9, 10, 8, 7, 6, 0, 26, 28, 27, 29, 30, 39, 36, 38, 37, 40, 31, 32, 34, 35, 33, 50, 49, 48, 47, 46, 0, 12, 15, 13, 14, 11, 18, 17, 20, 19, 16, 0]
Elapsed time: 26.372337102890015

mean: 66556.0775520363
std: 1049.3073125497006
mean-time: 28.265510725975037
std-time: 2.5891362588212656