i:0	84234.03405690487
i:50	61532.510746186825
i:100	61532.510746186825
i:150	61532.510746186825
i:200	61532.510746186825
i:250	61532.510746186825
i:300	61532.510746186825
i:350	61532.510746186825
i:400	61532.510746186825
i:450	61532.510746186825
i:500	61532.510746186825
i:550	61532.510746186825
i:600	61532.510746186825
i:650	61532.510746186825
best: 61532.510746186825
routes: [0, 26, 28, 27, 29, 30, 39, 36, 38, 37, 40, 33, 34, 35, 32, 31, 50, 49, 48, 47, 46, 0, 44, 43, 45, 42, 41, 21, 24, 23, 25, 22, 6, 8, 7, 9, 10, 12, 11, 14, 13, 15, 20, 18, 17, 19, 16, 0, 4, 5, 3, 1, 2, 0]
Elapsed time: 38.55699110031128

i:0	87594.08790567712
i:50	60600.447054835866
i:100	60600.447054835866
i:150	60600.447054835866
i:200	60600.447054835866
i:250	60600.447054835866
i:300	60600.447054835866
i:350	60600.447054835866
i:400	60600.447054835866
i:450	60600.447054835866
i:500	60600.447054835866
i:550	60600.447054835866
i:600	60600.447054835866
i:650	60600.447054835866
best: 60600.447054835866
routes: [0, 26, 28, 27, 29, 30, 39, 36, 38, 37, 40, 33, 34, 35, 32, 31, 50, 49, 48, 47, 46, 1, 2, 5, 3, 4, 0, 44, 43, 45, 42, 41, 21, 24, 23, 25, 22, 6, 8, 7, 9, 10, 12, 11, 14, 13, 15, 20, 18, 17, 19, 16, 0]
Elapsed time: 38.95243215560913

i:0	87963.86803951253
i:50	60600.447054835866
i:100	59923.35307662264
i:150	59923.35307662264
i:200	59923.35307662264
i:250	59923.35307662264
i:300	59923.35307662264
i:350	59923.35307662264
i:400	59923.35307662264
i:450	59923.35307662264
i:500	59923.35307662264
i:550	59923.35307662264
i:600	59923.35307662264
i:650	59923.35307662264
best: 59923.35307662264
routes: [0, 26, 28, 27, 29, 30, 39, 36, 38, 37, 40, 33, 34, 35, 32, 31, 47, 46, 48, 50, 49, 0, 4, 5, 3, 1, 2, 44, 43, 45, 41, 42, 21, 24, 25, 23, 22, 6, 8, 7, 9, 10, 12, 11, 14, 13, 15, 20, 18, 17, 19, 16, 0]
Elapsed time: 39.33758783340454

i:0	82412.73067568435
i:50	61727.6928728109
i:100	61727.6928728109
i:150	61727.6928728109
i:200	61727.6928728109
i:250	61727.6928728109
i:300	61727.6928728109
i:350	61727.6928728109
i:400	61727.6928728109
i:450	61727.6928728109
i:500	61727.6928728109
i:550	61727.6928728109
i:600	61727.6928728109
i:650	61727.6928728109
best: 61727.6928728109
routes: [0, 26, 28, 27, 29, 30, 39, 36, 38, 37, 40, 33, 34, 35, 32, 31, 49, 50, 48, 47, 46, 0, 11, 14, 13, 15, 12, 8, 7, 9, 10, 6, 23, 25, 22, 24, 21, 41, 42, 45, 43, 44, 5, 3, 2, 1, 4, 0, 18, 17, 20, 19, 16, 0]
Elapsed time: 38.58313775062561

i:0	83108.68383216564
i:50	61731.66057413038
i:100	61727.6928728109
i:150	61727.6928728109
i:200	61727.6928728109
i:250	61727.6928728109
i:300	61727.6928728109
i:350	61727.6928728109
i:400	61727.6928728109
i:450	61727.6928728109
i:500	61727.6928728109
i:550	61727.6928728109
i:600	61727.6928728109
i:650	61727.6928728109
best: 61727.6928728109
routes: [0, 26, 28, 27, 29, 30, 39, 36, 38, 37, 40, 33, 34, 35, 32, 31, 49, 50, 48, 47, 46, 0, 11, 14, 13, 15, 12, 8, 7, 9, 10, 6, 23, 25, 22, 24, 21, 41, 42, 45, 43, 44, 5, 3, 2, 1, 4, 0, 18, 17, 20, 19, 16, 0]
Elapsed time: 36.48379445075989

i:0	81437.01600177409
i:50	58528.924641529404
i:100	58528.924641529404
i:150	58528.924641529404
i:200	58528.924641529404
i:250	58528.924641529404
i:300	58528.924641529404
i:350	58528.924641529404
i:400	58528.924641529404
i:450	58528.924641529404
i:500	58528.924641529404
i:550	58528.924641529404
i:600	58528.924641529404
i:650	58528.924641529404
best: 58528.924641529404
routes: [0, 26, 28, 27, 29, 30, 39, 36, 38, 37, 40, 33, 34, 35, 32, 31, 50, 49, 48, 47, 46, 0, 16, 20, 17, 19, 18, 11, 14, 13, 15, 12, 8, 7, 9, 10, 6, 23, 25, 22, 24, 21, 41, 42, 45, 43, 44, 5, 3, 2, 1, 4, 0]
Elapsed time: 42.52645802497864

i:0	78599.29537670706
i:50	59876.930479522474
i:100	59872.49353972419
i:150	59867.554888587634
i:200	59867.554888587634
i:250	59867.554888587634
i:300	59867.554888587634
i:350	59867.554888587634
i:400	59867.554888587634
i:450	59867.554888587634
i:500	59867.554888587634
i:550	59867.554888587634
i:600	59867.554888587634
i:650	59867.554888587634
best: 59867.554888587634
routes: [0, 29, 30, 27, 26, 28, 39, 36, 38, 37, 40, 32, 34, 35, 33, 31, 50, 49, 47, 46, 48, 0, 4, 3, 1, 2, 5, 44, 43, 45, 41, 42, 21, 24, 25, 23, 22, 6, 8, 7, 9, 10, 12, 11, 14, 13, 15, 20, 18, 17, 19, 16, 0]
Elapsed time: 37.08515739440918

i:0	82479.40461983997
i:50	58528.924641529404
i:100	58528.924641529404
i:150	58528.924641529404
i:200	58528.924641529404
i:250	58528.924641529404
i:300	58528.924641529404
i:350	58528.924641529404
i:400	58528.924641529404
i:450	58528.924641529404
i:500	58528.924641529404
i:550	58528.924641529404
i:600	58528.924641529404
i:650	58528.924641529404
best: 58528.924641529404
routes: [0, 26, 28, 27, 29, 30, 39, 36, 38, 37, 40, 33, 34, 35, 32, 31, 50, 49, 48, 47, 46, 0, 16, 20, 17, 19, 18, 11, 14, 13, 15, 12, 8, 7, 9, 10, 6, 23, 25, 22, 24, 21, 41, 42, 45, 43, 44, 5, 3, 2, 1, 4, 0]
Elapsed time: 37.51140809059143

i:0	85622.6935577693
i:50	59541.67599600241
i:100	59541.67599600241
i:150	59541.67599600241
i:200	59541.67599600241
i:250	59541.67599600241
i:300	59541.67599600241
i:350	59541.67599600241
i:400	59541.67599600241
i:450	59541.67599600241
i:500	59541.67599600241
i:550	59541.67599600241
i:600	59541.67599600241
i:650	59541.67599600241
best: 59541.67599600241
routes: [0, 49, 50, 48, 47, 46, 33, 34, 35, 32, 31, 40, 38, 37, 39, 36, 29, 30, 28, 27, 26, 1, 2, 5, 3, 4, 0, 44, 43, 45, 42, 41, 21, 24, 23, 25, 22, 6, 8, 7, 9, 10, 12, 11, 14, 13, 15, 20, 18, 17, 19, 16, 0]
Elapsed time: 38.56684875488281

i:0	84297.67645119128
i:50	62185.22068421654
i:100	62185.22068421654
i:150	62185.22068421654
i:200	62185.22068421654
i:250	62185.22068421654
i:300	62185.22068421654
i:350	62185.22068421654
i:400	62185.22068421654
i:450	62185.22068421654
i:500	62185.22068421654
i:550	62185.22068421654
i:600	62185.22068421654
i:650	62185.22068421654
best: 62185.22068421654
routes: [0, 26, 28, 27, 29, 30, 39, 36, 38, 37, 40, 33, 34, 35, 32, 31, 50, 49, 48, 47, 46, 0, 8, 7, 9, 10, 6, 23, 25, 22, 24, 21, 41, 42, 45, 43, 44, 11, 14, 13, 12, 15, 20, 18, 17, 19, 16, 0, 4, 5, 3, 1, 2, 0]
Elapsed time: 36.09170150756836

mean: 60416.39974751326
std: 1276.004541192489
mean-time: 38.369551706314084
std-time: 1.7264748339392917