i:0	64961.30842385015
i:50	50577.92494990785
i:100	50278.174768193734
i:150	50278.174768193734
i:200	49629.44606552652
i:250	48854.13401333781
i:300	47671.400936957485
i:350	47583.328405493776
i:400	46954.651439257264
i:450	46698.084733668235
i:500	46235.00416032735
i:550	46235.00416032735
i:600	46235.00416032735
i:650	46235.00416032735
best: 46235.00416032735
routes: [0, 4, 5, 10, 6, 3, 1, 2, 8, 7, 9, 50, 44, 46, 49, 45, 43, 42, 41, 47, 48, 21, 22, 23, 25, 24, 26, 29, 30, 27, 28, 0, 12, 13, 15, 17, 19, 20, 18, 16, 14, 11, 39, 40, 36, 37, 38, 35, 34, 33, 31, 32, 0]
Elapsed time: 170.48177695274353

i:0	68802.56224594038
i:50	51357.6641139903
i:100	51267.655331146125
i:150	50942.39443837554
i:200	50469.4176336312
i:250	49463.24907227346
i:300	47689.84573167351
i:350	47059.2231470434
i:400	46355.4457461701
i:450	46058.652586581906
i:500	46058.652586581906
i:550	46058.652586581906
i:600	46058.652586581906
i:650	46058.652586581906
best: 46058.652586581906
routes: [0, 4, 1, 2, 3, 6, 5, 10, 7, 8, 9, 50, 44, 46, 49, 45, 43, 42, 41, 47, 48, 21, 22, 23, 25, 24, 26, 29, 30, 27, 28, 0, 11, 13, 12, 15, 17, 19, 20, 18, 16, 14, 39, 40, 36, 37, 38, 35, 34, 33, 31, 32, 0]
Elapsed time: 165.79440641403198

i:0	67698.90063399765
i:50	50654.73485064157
i:100	49698.505547569395
i:150	49593.68053132002
i:200	49366.98351864051
i:250	48810.554152692945
i:300	48414.97599411248
i:350	48195.17608457001
i:400	47321.26588147204
i:450	46714.5754416221
i:500	46502.08490453426
i:550	46502.08490453426
i:600	46502.08490453426
i:650	46502.08490453426
best: 46502.08490453426
routes: [0, 4, 3, 1, 2, 8, 6, 5, 10, 7, 9, 50, 44, 46, 49, 45, 43, 42, 41, 47, 48, 21, 24, 25, 27, 26, 29, 30, 28, 23, 22, 0, 11, 13, 12, 15, 17, 19, 20, 18, 16, 14, 39, 40, 36, 37, 38, 35, 34, 33, 31, 32, 0]
Elapsed time: 172.5888237953186

i:0	69757.34751847215
i:50	51879.71597921461
i:100	50584.9154934222
i:150	50070.94419077593
i:200	49616.11593810665
i:250	48466.73640920737
i:300	48305.21067104771
i:350	47673.39349462389
i:400	47673.39349462389
i:450	47273.555191768275
i:500	47273.555191768275
i:550	47273.555191768275
i:600	47273.555191768275
i:650	47273.555191768275
best: 47273.555191768275
routes: [0, 4, 5, 6, 2, 8, 7, 9, 10, 3, 1, 31, 32, 33, 34, 35, 38, 37, 36, 39, 40, 0, 50, 44, 46, 49, 45, 43, 42, 41, 47, 48, 21, 22, 23, 25, 24, 26, 29, 30, 27, 28, 15, 17, 19, 20, 18, 16, 14, 11, 13, 12, 0]
Elapsed time: 178.76097702980042

i:0	66644.42826695542
i:50	50949.297920791825
i:100	49575.81218040826
i:150	49062.76757501876
i:200	48852.799641960504
i:250	47505.09244452228
i:300	47505.09244452228
i:350	47180.68262755418
i:400	46662.97799824714
i:450	45948.01028239651
i:500	45948.01028239651
i:550	45948.01028239651
i:600	45948.01028239651
i:650	45948.01028239651
best: 45948.01028239651
routes: [0, 23, 22, 25, 27, 29, 30, 28, 26, 24, 21, 48, 47, 41, 42, 43, 45, 46, 49, 50, 44, 8, 7, 9, 10, 5, 6, 2, 1, 3, 4, 0, 11, 13, 12, 15, 17, 19, 20, 18, 16, 14, 39, 40, 36, 37, 38, 35, 34, 33, 31, 32, 0]
Elapsed time: 175.2706127166748

i:0	59968.01801612691
i:50	50674.92001884216
i:100	50322.177924988006
i:150	50215.64817293339
i:200	49476.393765335524
i:250	47746.69106175694
i:300	47211.495191226044
i:350	46984.622853512614
i:400	46543.18795547246
i:450	46543.18795547246
i:500	46458.88146891887
i:550	46458.88146891887
i:600	46458.88146891887
i:650	46458.88146891887
best: 46458.88146891887
routes: [0, 23, 25, 27, 29, 30, 28, 26, 24, 22, 21, 49, 50, 44, 43, 42, 41, 47, 48, 45, 46, 8, 7, 9, 10, 5, 6, 2, 1, 3, 4, 0, 11, 13, 12, 15, 17, 19, 20, 18, 16, 14, 39, 40, 36, 37, 38, 35, 34, 33, 31, 32, 0]
Elapsed time: 174.79666447639465

i:0	61492.99129822753
i:50	51588.585272288765
i:100	50889.911547612035
i:150	50494.687624103375
i:200	49848.563543622615
i:250	48159.139554538255
i:300	47830.21528864151
i:350	46816.705823459415
i:400	46614.658448650865
i:450	46328.99427276445
i:500	46133.50449291807
i:550	46133.50449291807
i:600	46133.50449291807
i:650	46133.50449291807
best: 46133.50449291807
routes: [0, 23, 22, 25, 27, 29, 30, 28, 26, 24, 21, 48, 47, 41, 42, 43, 45, 46, 49, 50, 44, 8, 7, 9, 10, 5, 6, 2, 1, 3, 4, 0, 11, 13, 12, 16, 15, 17, 19, 20, 18, 14, 39, 40, 36, 37, 38, 35, 34, 33, 31, 32, 0]
Elapsed time: 182.92450332641602

i:0	64895.648973309915
i:50	49017.98799283499
i:100	48129.81596514349
i:150	48008.97237408408
i:200	48008.97237408408
i:250	47945.18113834023
i:300	47888.57541463266
i:350	47429.66960709839
i:400	47429.66960709839
i:450	46856.06156715234
i:500	46429.849390545685
i:550	46429.849390545685
i:600	46429.849390545685
i:650	46429.849390545685
best: 46429.849390545685
routes: [0, 4, 1, 2, 3, 6, 5, 10, 7, 8, 9, 50, 44, 46, 49, 45, 43, 42, 41, 47, 48, 21, 22, 23, 25, 24, 26, 29, 30, 27, 28, 0, 12, 15, 17, 19, 20, 18, 16, 14, 13, 11, 39, 40, 36, 37, 38, 35, 34, 33, 31, 32, 0]
Elapsed time: 177.86916494369507

i:0	68545.53837745124
i:50	51131.69372342529
i:100	50149.98317133343
i:150	49817.9783527078
i:200	49313.183907396146
i:250	48655.30591512883
i:300	48551.88646724354
i:350	47802.74752487985
i:400	47778.697718302785
i:450	47773.18018133694
i:500	47773.18018133694
i:550	47659.317136982594
i:600	47659.317136982594
i:650	47304.06736419166
best: 47304.06736419166
routes: [0, 4, 1, 2, 3, 6, 5, 10, 7, 8, 9, 50, 44, 46, 49, 45, 43, 42, 41, 47, 48, 21, 24, 26, 29, 30, 28, 27, 25, 23, 22, 0, 11, 12, 13, 15, 17, 19, 20, 18, 16, 14, 31, 32, 33, 34, 35, 38, 37, 36, 39, 40, 0]
Elapsed time: 172.98886513710022

i:0	68499.46842723693
i:50	50739.02358982613
i:100	50371.71124391953
i:150	49880.000073612086
i:200	48983.95562178733
i:250	48809.7608234168
i:300	48085.145387721685
i:350	47322.51722305179
i:400	47125.03481188952
i:450	47007.2972428916
i:500	47007.2972428916
i:550	47007.2972428916
i:600	47007.2972428916
i:650	47007.2972428916
best: 47007.2972428916
routes: [0, 12, 13, 15, 17, 19, 20, 18, 16, 14, 11, 31, 32, 33, 34, 35, 38, 37, 36, 39, 40, 0, 23, 24, 26, 29, 30, 28, 27, 25, 22, 21, 48, 47, 41, 42, 43, 45, 46, 49, 50, 44, 9, 10, 5, 6, 7, 8, 2, 1, 3, 4, 0]
Elapsed time: 178.14672946929932

mean: 46535.09070850742
std: 469.1041465535699
mean-time: 174.96225242614747
std-time: 4.584678502381454