i:0	85377.66602227763
i:50	65028.91879800689
i:100	65028.91879800689
i:150	65028.91879800689
i:200	65028.91879800689
i:250	65028.91879800689
i:300	65028.91879800689
i:350	65028.91879800689
i:400	65028.91879800689
i:450	65028.91879800689
i:500	65028.91879800689
i:550	65028.91879800689
i:600	65028.91879800689
i:650	65028.91879800689
best: 65028.91879800689
routes: [0, 23, 24, 21, 22, 25, 7, 9, 8, 10, 6, 12, 14, 15, 13, 11, 17, 16, 20, 19, 18, 0, 3, 4, 5, 1, 2, 45, 43, 44, 41, 42, 27, 29, 30, 26, 28, 39, 40, 38, 37, 36, 0, 46, 48, 47, 49, 50, 34, 35, 33, 31, 32, 0]
Elapsed time: 32.36972618103027

i:0	95209.16190694227
i:50	64938.4714670666
i:100	64938.4714670666
i:150	64938.4714670666
i:200	64938.4714670666
i:250	64938.4714670666
i:300	64938.4714670666
i:350	64938.4714670666
i:400	64938.4714670666
i:450	64938.4714670666
i:500	64938.4714670666
i:550	64938.4714670666
i:600	64938.4714670666
i:650	64938.4714670666
best: 64938.4714670666
routes: [0, 22, 25, 23, 24, 21, 43, 44, 45, 41, 42, 39, 40, 38, 37, 36, 29, 30, 28, 27, 26, 0, 46, 48, 47, 49, 50, 35, 33, 31, 32, 34, 19, 18, 17, 20, 16, 15, 13, 14, 11, 12, 0, 1, 2, 4, 3, 5, 8, 7, 9, 10, 6, 0]
Elapsed time: 31.007636308670044

i:0	290637.3669010935
i:50	64737.67963572676
i:100	64544.45355852567
i:150	64544.45355852567
i:200	64544.45355852567
i:250	64544.45355852567
i:300	64544.45355852567
i:350	64544.45355852567
i:400	64544.45355852567
i:450	64544.45355852567
i:500	64544.45355852567
i:550	64544.45355852567
i:600	64544.45355852567
i:650	64544.45355852567
best: 64544.45355852567
routes: [0, 1, 2, 5, 3, 4, 44, 43, 45, 41, 42, 25, 23, 24, 21, 22, 7, 9, 8, 10, 6, 0, 27, 29, 30, 26, 28, 39, 40, 38, 37, 36, 33, 31, 32, 34, 35, 48, 47, 49, 50, 46, 0, 19, 18, 17, 20, 16, 15, 13, 12, 14, 11, 0]
Elapsed time: 27.51151132583618

i:0	92822.46956542236
i:50	64964.68738725429
i:100	64520.741501068216
i:150	64520.741501068216
i:200	64520.741501068216
i:250	64520.741501068216
i:300	64520.741501068216
i:350	64520.741501068216
i:400	64520.741501068216
i:450	64520.741501068216
i:500	64520.741501068216
i:550	64520.741501068216
i:600	64520.741501068216
i:650	64520.741501068216
best: 64520.741501068216
routes: [0, 46, 48, 47, 49, 50, 34, 31, 32, 35, 33, 40, 38, 37, 39, 36, 28, 27, 29, 30, 26, 0, 6, 10, 8, 7, 9, 24, 25, 23, 22, 21, 43, 44, 45, 41, 42, 4, 3, 2, 5, 1, 0, 19, 18, 17, 20, 16, 15, 13, 12, 14, 11, 0]
Elapsed time: 38.49358940124512

i:0	85615.44087356018
i:50	62228.05170105215
i:100	62228.05170105215
i:150	62228.05170105215
i:200	62228.05170105215
i:250	62228.05170105215
i:300	62228.05170105215
i:350	62228.05170105215
i:400	62228.05170105215
i:450	62228.05170105215
i:500	62228.05170105215
i:550	62228.05170105215
i:600	62228.05170105215
i:650	62228.05170105215
best: 62228.05170105215
routes: [0, 46, 48, 47, 49, 50, 34, 35, 33, 32, 31, 40, 38, 37, 39, 36, 28, 27, 29, 30, 26, 0, 6, 10, 8, 7, 9, 25, 23, 22, 24, 21, 43, 44, 45, 41, 42, 4, 3, 5, 1, 2, 0, 11, 12, 14, 13, 15, 16, 20, 17, 19, 18, 0]
Elapsed time: 27.425544023513794

i:0	291726.2425018386
i:50	66198.27244251668
i:100	65084.63491424773
i:150	65084.63491424773
i:200	65084.63491424773
i:250	65084.63491424773
i:300	65084.63491424773
i:350	65084.63491424773
i:400	65084.63491424773
i:450	65084.63491424773
i:500	65084.63491424773
i:550	65084.63491424773
i:600	65084.63491424773
i:650	65084.63491424773
best: 65084.63491424773
routes: [0, 19, 18, 17, 20, 16, 15, 13, 14, 11, 12, 6, 10, 8, 7, 9, 25, 23, 24, 21, 22, 0, 5, 1, 2, 4, 3, 45, 43, 41, 42, 44, 27, 26, 30, 29, 28, 39, 40, 38, 37, 36, 0, 33, 31, 32, 34, 35, 47, 49, 48, 50, 46, 0]
Elapsed time: 30.309147119522095

i:0	85913.08710992296
i:50	67569.69626407875
i:100	66510.0502759964
i:150	66510.0502759964
i:200	66510.0502759964
i:250	66510.0502759964
i:300	66510.0502759964
i:350	66510.0502759964
i:400	66510.0502759964
i:450	66510.0502759964
i:500	66510.0502759964
i:550	66510.0502759964
i:600	66510.0502759964
i:650	66510.0502759964
best: 66510.0502759964
routes: [0, 5, 1, 2, 4, 3, 43, 42, 44, 45, 41, 27, 29, 30, 26, 28, 39, 40, 38, 37, 36, 0, 33, 31, 32, 34, 35, 49, 48, 47, 46, 50, 19, 18, 17, 20, 16, 11, 12, 15, 13, 14, 0, 23, 24, 21, 22, 25, 7, 9, 8, 10, 6, 0]
Elapsed time: 25.980901956558228

i:0	81636.28934976915
i:50	64174.70446272077
i:100	64174.70446272077
i:150	64174.70446272077
i:200	64174.70446272077
i:250	64174.70446272077
i:300	64174.70446272077
i:350	64174.70446272077
i:400	64174.70446272077
i:450	64174.70446272077
i:500	64174.70446272077
i:550	64174.70446272077
i:600	64174.70446272077
i:650	64174.70446272077
best: 64174.70446272077
routes: [0, 5, 1, 2, 4, 3, 45, 43, 44, 41, 42, 39, 40, 38, 37, 36, 29, 30, 28, 27, 26, 0, 19, 18, 17, 20, 16, 15, 13, 14, 11, 12, 6, 10, 8, 7, 9, 25, 23, 24, 21, 22, 0, 46, 48, 47, 49, 50, 34, 35, 33, 31, 32, 0]
Elapsed time: 28.536503553390503

i:0	84099.38831949109
i:50	64244.9734871217
i:100	64199.09066075559
i:150	64199.09066075559
i:200	64199.09066075559
i:250	64199.09066075559
i:300	64199.09066075559
i:350	64199.09066075559
i:400	64199.09066075559
i:450	64199.09066075559
i:500	64199.09066075559
i:550	64199.09066075559
i:600	64199.09066075559
i:650	64199.09066075559
best: 64199.09066075559
routes: [0, 19, 18, 17, 20, 16, 15, 13, 14, 11, 12, 6, 10, 8, 7, 9, 25, 23, 24, 21, 22, 0, 3, 4, 5, 1, 2, 45, 43, 42, 44, 41, 27, 26, 30, 29, 28, 39, 40, 38, 37, 36, 0, 46, 48, 47, 49, 50, 34, 35, 33, 31, 32, 0]
Elapsed time: 30.592756986618042

i:0	286127.8744565263
i:50	64858.668280957594
i:100	64858.668280957594
i:150	64858.668280957594
i:200	64858.668280957594
i:250	64858.668280957594
i:300	64858.668280957594
i:350	64858.668280957594
i:400	64540.498926416614
i:450	64540.498926416614
i:500	64540.498926416614
i:550	64540.498926416614
i:600	64540.498926416614
i:650	64540.498926416614
best: 64540.498926416614
routes: [0, 27, 29, 30, 26, 28, 39, 40, 38, 37, 36, 33, 31, 32, 34, 35, 48, 47, 49, 50, 46, 0, 3, 4, 5, 1, 2, 45, 43, 44, 41, 42, 23, 24, 21, 22, 25, 7, 9, 8, 10, 6, 0, 11, 12, 14, 13, 15, 16, 20, 17, 19, 18, 0]
Elapsed time: 69.68366885185242

mean: 64576.96162658567
std: 1007.8214464637823
mean-time: 34.19109857082367
std-time: 12.286068526731691