i:0	68256.43220603692
i:50	52774.61695777233
i:100	50212.396098619116
i:150	50195.01138627851
i:200	50095.34414445028
i:250	49988.58382858168
i:300	49234.16363879284
i:350	48902.05607489027
i:400	48431.83837292749
i:450	47972.29064145301
i:500	47972.29064145301
i:550	47972.29064145301
i:600	47972.29064145301
i:650	47972.29064145301
best: 47972.29064145301
routes: [0, 21, 22, 23, 26, 24, 25, 27, 29, 30, 28, 36, 31, 32, 33, 35, 38, 34, 37, 39, 40, 0, 41, 42, 43, 44, 45, 46, 47, 48, 49, 50, 11, 19, 18, 20, 15, 16, 17, 12, 13, 14, 0, 1, 2, 3, 5, 4, 7, 9, 10, 8, 6, 0]
Elapsed time: 181.14670181274414

i:0	71031.38892848782
i:50	53417.793072812565
i:100	52698.424728399266
i:150	51021.45243172538
i:200	50745.453108817856
i:250	50724.574380077065
i:300	50007.23102432432
i:350	49647.075605891936
i:400	49588.58010506256
i:450	49588.58010506256
i:500	49588.58010506256
i:550	49588.58010506256
i:600	49588.58010506256
i:650	49588.58010506256
best: 49588.58010506256
routes: [0, 39, 40, 36, 37, 34, 31, 32, 33, 35, 38, 28, 30, 29, 27, 24, 25, 26, 23, 21, 22, 0, 41, 42, 43, 44, 45, 46, 47, 48, 49, 50, 11, 19, 18, 20, 15, 16, 17, 12, 13, 14, 0, 1, 2, 3, 5, 4, 7, 9, 10, 8, 6, 0]
Elapsed time: 168.40760016441345

i:0	74737.88692829196
i:50	51018.2660648254
i:100	50283.725654861046
i:150	50249.265457754496
i:200	49695.747914580585
i:250	49501.84293143552
i:300	49125.54861360987
i:350	48977.354380646495
i:400	48977.354380646495
i:450	48123.78456433768
i:500	48123.78456433768
i:550	48123.78456433768
i:600	48123.78456433768
i:650	48123.78456433768
best: 48123.78456433768
routes: [0, 13, 12, 17, 15, 16, 20, 19, 18, 14, 11, 50, 49, 47, 48, 46, 45, 44, 43, 41, 42, 0, 21, 22, 23, 26, 24, 25, 27, 29, 30, 28, 36, 34, 31, 32, 33, 35, 38, 37, 39, 40, 0, 1, 2, 3, 5, 4, 7, 9, 10, 8, 6, 0]
Elapsed time: 171.84167218208313

i:0	70183.85181135299
i:50	51823.85457996228
i:100	49979.55931499416
i:150	49979.55931499416
i:200	49979.55931499416
i:250	49716.71578223972
i:300	49417.5720785761
i:350	49111.88501927706
i:400	48672.45361623097
i:450	48567.09212575174
i:500	48567.09212575174
i:550	48567.09212575174
i:600	48567.09212575174
i:650	48567.09212575174
best: 48567.09212575174
routes: [0, 21, 22, 23, 26, 24, 25, 27, 29, 30, 28, 39, 40, 36, 37, 34, 31, 32, 33, 35, 38, 0, 41, 42, 43, 44, 45, 46, 47, 48, 49, 50, 11, 13, 12, 17, 15, 16, 20, 19, 18, 14, 0, 1, 3, 5, 8, 6, 10, 9, 7, 4, 2, 0]
Elapsed time: 177.654479265213

i:0	68447.7121153008
i:50	54330.6565820182
i:100	51575.912179092935
i:150	51161.42758719234
i:200	50019.38755442563
i:250	49526.425108858486
i:300	48931.746330606795
i:350	48744.50347045365
i:400	47901.45867579056
i:450	47901.45867579056
i:500	47687.7804669297
i:550	47687.7804669297
i:600	47687.7804669297
i:650	47687.7804669297
best: 47687.7804669297
routes: [0, 21, 22, 23, 26, 24, 25, 27, 29, 30, 28, 39, 37, 34, 36, 31, 32, 33, 35, 38, 40, 0, 41, 42, 43, 44, 45, 46, 47, 48, 49, 50, 11, 19, 20, 15, 16, 17, 18, 14, 13, 12, 0, 1, 2, 3, 5, 4, 7, 9, 10, 8, 6, 0]
Elapsed time: 169.23473596572876

i:0	66019.29366764656
i:50	52124.466927417314
i:100	51807.68021831659
i:150	51737.925508066575
i:200	51557.42805114946
i:250	51271.63153158406
i:300	51237.05658835702
i:350	48920.614640270265
i:400	48036.5293948487
i:450	47859.82104543244
i:500	47859.82104543244
i:550	47859.82104543244
i:600	47859.82104543244
i:650	47859.82104543244
best: 47859.82104543244
routes: [0, 21, 22, 23, 26, 24, 25, 27, 29, 30, 28, 36, 37, 34, 31, 32, 33, 35, 38, 39, 40, 0, 41, 42, 43, 44, 45, 46, 47, 48, 49, 50, 11, 19, 18, 20, 15, 16, 17, 12, 13, 14, 0, 1, 3, 5, 8, 6, 10, 9, 7, 4, 2, 0]
Elapsed time: 177.9036316871643

i:0	75746.9029591689
i:50	54106.839723844256
i:100	54081.61385352588
i:150	52916.528844049986
i:200	52609.25646364833
i:250	52470.27905191545
i:300	52175.60497235508
i:350	51362.65066308663
i:400	50980.08440908482
i:450	50752.08419910266
i:500	50752.08419910266
i:550	50752.08419910266
i:600	50752.08419910266
i:650	50752.08419910266
best: 50752.08419910266
routes: [0, 31, 32, 33, 35, 38, 37, 34, 36, 39, 40, 28, 30, 29, 27, 24, 25, 26, 23, 21, 22, 0, 13, 14, 12, 17, 15, 16, 20, 19, 18, 11, 50, 49, 47, 48, 46, 45, 44, 43, 41, 42, 0, 1, 2, 3, 5, 4, 7, 9, 10, 8, 6, 0]
Elapsed time: 171.8983612060547

i:0	71267.51585329801
i:50	53398.335784859795
i:100	52391.64391785506
i:150	52169.223316621894
i:200	51733.43656450611
i:250	51677.6626693644
i:300	50178.52346720535
i:350	49588.956978756796
i:400	49204.75871445965
i:450	48656.6299914856
i:500	48656.6299914856
i:550	48656.6299914856
i:600	48656.6299914856
i:650	48656.6299914856
best: 48656.6299914856
routes: [0, 41, 42, 43, 44, 45, 46, 47, 48, 49, 50, 11, 19, 20, 15, 16, 17, 18, 14, 13, 12, 0, 24, 25, 27, 29, 30, 26, 22, 21, 23, 28, 36, 37, 34, 31, 32, 33, 35, 38, 39, 40, 0, 1, 2, 3, 5, 4, 7, 9, 10, 8, 6, 0]
Elapsed time: 176.0091233253479

i:0	62275.525876552216
i:50	51843.37081005552
i:100	51594.54533801623
i:150	51407.302477863086
i:200	51253.347177173964
i:250	51178.59725770183
i:300	50595.71132715568
i:350	50193.704044793405
i:400	49054.62157646667
i:450	49054.62157646667
i:500	49054.62157646667
i:550	49054.62157646667
i:600	49054.62157646667
i:650	49054.62157646667
best: 49054.62157646667
routes: [0, 41, 42, 43, 44, 45, 46, 47, 48, 49, 50, 11, 19, 18, 20, 15, 16, 17, 12, 13, 14, 0, 36, 34, 31, 32, 33, 35, 38, 37, 39, 40, 28, 30, 29, 27, 24, 25, 26, 23, 21, 22, 0, 1, 2, 3, 5, 4, 7, 9, 10, 8, 6, 0]
Elapsed time: 175.3661561012268

i:0	66167.00676326189
i:50	52025.65628728205
i:100	51604.459035570595
i:150	51252.66121337916
i:200	50477.16488366578
i:250	50248.30792498642
i:300	49736.37542787021
i:350	49572.32111739402
i:400	49387.35184344392
i:450	49291.14560300379
i:500	49063.14539302163
i:550	49063.14539302163
i:600	49063.14539302163
i:650	49063.14539302163
best: 49063.14539302163
routes: [0, 41, 42, 43, 44, 45, 46, 47, 48, 49, 50, 11, 19, 20, 15, 16, 17, 18, 14, 13, 12, 0, 36, 37, 34, 31, 32, 33, 35, 38, 40, 39, 28, 30, 29, 27, 24, 25, 26, 23, 21, 22, 0, 1, 2, 3, 5, 4, 7, 9, 10, 8, 6, 0]
Elapsed time: 173.61901259422302

mean: 48732.58301090437
std: 886.5245814193657
mean-time: 174.30814743041992
std-time: 3.844807013627284