i:0	61516.53706955625
i:50	49434.11132060687
i:100	49159.13275665059
i:150	49159.13275665059
i:200	48795.21851251391
i:250	48699.69612982293
i:300	48696.468203713244
i:350	48224.96682246926
i:400	48052.97867980359
i:450	47990.51464574068
i:500	47708.52518664585
i:550	47708.52518664585
i:600	47708.52518664585
i:650	47708.52518664585
best: 47708.52518664585
routes: [0, 38, 35, 33, 32, 31, 34, 37, 36, 39, 40, 28, 30, 29, 27, 26, 23, 21, 22, 25, 24, 1, 3, 2, 4, 5, 7, 9, 10, 8, 6, 0, 13, 14, 12, 17, 16, 15, 20, 19, 18, 11, 50, 49, 48, 47, 46, 45, 44, 43, 41, 42, 0]
Elapsed time: 189.51124238967896

i:0	69899.2630661396
i:50	50487.754788987506
i:100	49174.26367659656
i:150	49100.15169896673
i:200	48611.6964937794
i:250	48536.184216996466
i:300	47956.11172217397
i:350	47066.88585678063
i:400	46849.3865882799
i:450	45948.50544668407
i:500	45229.566321523685
i:550	45211.715549384644
i:600	45211.715549384644
i:650	45211.715549384644
best: 45211.715549384644
routes: [0, 41, 42, 43, 44, 45, 46, 49, 47, 48, 50, 11, 19, 20, 15, 16, 17, 18, 14, 13, 12, 3, 1, 2, 4, 5, 7, 9, 10, 8, 6, 0, 21, 22, 23, 26, 24, 25, 27, 29, 30, 28, 39, 37, 36, 34, 31, 32, 33, 35, 38, 40, 0]
Elapsed time: 192.17445731163025

i:0	60815.86851178167
i:50	49463.894249127676
i:100	47239.74743960627
i:150	47021.26577311253
i:200	46723.16272843705
i:250	46723.16272843705
i:300	46648.06450084556
i:350	46529.495698429135
i:400	46521.88130268952
i:450	46351.40795747177
i:500	46351.40795747177
i:550	46351.40795747177
i:600	46351.40795747177
i:650	46351.40795747177
best: 46351.40795747177
routes: [0, 21, 22, 23, 26, 24, 25, 27, 29, 30, 28, 36, 37, 34, 31, 32, 33, 35, 38, 39, 40, 0, 6, 3, 1, 2, 4, 5, 8, 10, 7, 9, 15, 16, 17, 20, 19, 18, 12, 13, 14, 11, 50, 49, 48, 47, 46, 45, 44, 43, 41, 42, 0]
Elapsed time: 183.33335614204407

i:0	57607.06337386259
i:50	51499.46482260313
i:100	51458.50646964359
i:150	51012.3968082068
i:200	50998.80376968488
i:250	50905.040756196875
i:300	48935.78355897965
i:350	46575.14443883737
i:400	46388.75881313902
i:450	45845.958669262254
i:500	45629.58149722674
i:550	45629.58149722674
i:600	45629.58149722674
i:650	45629.58149722674
best: 45629.58149722674
routes: [0, 46, 49, 50, 47, 48, 45, 44, 43, 41, 42, 39, 40, 38, 35, 33, 32, 31, 34, 37, 36, 28, 30, 29, 27, 26, 23, 21, 22, 25, 24, 0, 11, 14, 13, 18, 19, 20, 16, 15, 17, 12, 6, 10, 9, 7, 8, 5, 4, 3, 1, 2, 0]
Elapsed time: 200.7303683757782

i:0	69189.77512452033
i:50	50279.468264341034
i:100	49837.50371503639
i:150	49717.69386712905
i:200	49512.81372914895
i:250	49357.51488929897
i:300	49339.76849713571
i:350	49306.2544163793
i:400	49297.612392565185
i:450	49079.571894409295
i:500	49071.94607231715
i:550	49071.94607231715
i:600	49071.94607231715
i:650	49071.94607231715
best: 49071.94607231715
routes: [0, 21, 22, 24, 25, 27, 26, 23, 30, 29, 28, 40, 39, 37, 35, 38, 33, 32, 31, 34, 36, 0, 46, 44, 42, 41, 43, 45, 47, 48, 49, 50, 11, 19, 18, 14, 13, 12, 17, 20, 15, 16, 10, 9, 7, 4, 2, 1, 3, 5, 8, 6, 0]
Elapsed time: 193.54654097557068

i:0	61817.17193603891
i:50	48724.3021030036
i:100	47418.95908888713
i:150	46998.579858840516
i:200	46512.38311858865
i:250	46512.38311858865
i:300	46473.81667717658
i:350	46307.196436039856
i:400	46299.58204030024
i:450	46299.58204030024
i:500	46299.58204030024
i:550	46299.58204030024
i:600	46299.58204030024
i:650	46259.903248427596
best: 46259.903248427596
routes: [0, 21, 22, 23, 26, 24, 25, 27, 29, 30, 28, 36, 34, 31, 32, 33, 35, 38, 37, 39, 40, 0, 6, 3, 1, 2, 5, 4, 7, 8, 10, 9, 15, 16, 17, 20, 19, 18, 12, 13, 14, 11, 50, 49, 48, 47, 46, 45, 44, 43, 41, 42, 0]
Elapsed time: 177.9656264781952

i:0	74800.3491270315
i:50	50041.58222712588
i:100	49105.71112386808
i:150	49105.71112386808
i:200	48700.72369325586
i:250	48700.72369325586
i:300	48025.128940077586
i:350	47817.48088098553
i:400	47469.474135634795
i:450	47353.595131437774
i:500	47344.98591111392
i:550	47344.98591111392
i:600	47344.98591111392
i:650	47344.98591111392
best: 47344.98591111392
routes: [0, 39, 40, 38, 35, 33, 32, 31, 34, 37, 36, 28, 30, 29, 27, 26, 25, 24, 23, 21, 22, 0, 3, 2, 1, 4, 7, 9, 10, 8, 6, 5, 12, 17, 16, 15, 20, 19, 18, 13, 14, 11, 50, 49, 48, 47, 46, 45, 44, 43, 41, 42, 0]
Elapsed time: 184.3247320652008

i:0	61759.02170152328
i:50	47918.02916428356
i:100	46808.46945121785
i:150	46723.121319748236
i:200	46648.89434907313
i:250	46636.17797733638
i:300	46622.33051846424
i:350	46477.542175238545
i:400	45986.87183648432
i:450	45918.751171016294
i:500	45593.78200517054
i:550	45593.78200517054
i:600	45593.78200517054
i:650	45593.78200517054
best: 45593.78200517054
routes: [0, 41, 42, 43, 44, 45, 46, 47, 48, 49, 50, 11, 19, 18, 17, 16, 15, 20, 14, 13, 12, 3, 1, 2, 4, 5, 7, 9, 10, 8, 6, 0, 21, 22, 23, 26, 24, 25, 27, 29, 30, 28, 36, 37, 34, 31, 32, 33, 35, 38, 39, 40, 0]
Elapsed time: 187.85767149925232

i:0	68907.03937320408
i:50	50065.16455648719
i:100	48523.561999812126
i:150	47279.07121310329
i:200	47110.9603439489
i:250	46783.590344693446
i:300	46444.177764885884
i:350	45898.42656733954
i:400	45885.42421135301
i:450	45875.28259113523
i:500	45871.876297619456
i:550	45871.876297619456
i:600	45871.876297619456
i:650	45871.876297619456
best: 45871.876297619456
routes: [0, 46, 49, 50, 47, 48, 45, 44, 43, 41, 42, 38, 35, 33, 32, 31, 34, 36, 37, 39, 40, 28, 30, 29, 27, 26, 23, 21, 22, 25, 24, 0, 11, 19, 18, 17, 20, 15, 16, 14, 13, 12, 6, 10, 9, 7, 8, 5, 4, 3, 1, 2, 0]
Elapsed time: 181.31757068634033

i:0	64323.710860460065
i:50	48027.259115696645
i:100	47194.10870658969
i:150	46723.42245699519
i:200	46536.242402735494
i:250	46535.52542885167
i:300	46336.30733513057
i:350	46167.92991374842
i:400	45968.27376165624
i:450	45412.21978568008
i:500	45412.21978568008
i:550	45412.21978568008
i:600	45412.21978568008
i:650	45398.92312785684
best: 45398.92312785684
routes: [0, 41, 42, 43, 44, 45, 46, 47, 48, 49, 50, 11, 19, 18, 17, 16, 15, 20, 14, 13, 12, 10, 9, 7, 4, 2, 1, 3, 5, 8, 6, 0, 21, 22, 23, 26, 24, 25, 27, 29, 30, 28, 36, 34, 31, 32, 33, 35, 38, 37, 39, 40, 0]
Elapsed time: 171.06926584243774

mean: 46444.264685323455
std: 1169.7670119098207
mean-time: 186.18308317661285
std-time: 8.042531722445975