i:0	78171.38805469446
i:50	55649.80367732185
i:100	55412.502501272655
i:150	54678.73610806599
i:200	54678.73610806599
i:250	54678.73610806599
i:300	54678.73610806599
i:350	54678.73610806599
i:400	54678.73610806599
i:450	54678.73610806599
i:500	54678.73610806599
i:550	54678.73610806599
i:600	54678.73610806599
i:650	54678.73610806599
best: 54678.73610806599
routes: [0, 45, 41, 44, 43, 42, 27, 26, 30, 29, 28, 39, 40, 38, 37, 36, 33, 32, 31, 34, 35, 48, 47, 49, 50, 46, 0, 1, 2, 4, 3, 5, 23, 25, 22, 21, 24, 7, 9, 8, 10, 6, 11, 12, 14, 13, 15, 17, 16, 20, 19, 18, 0]
Elapsed time: 51.2151997089386

i:0	80720.53223766641
i:50	54673.89895120451
i:100	54673.89895120451
i:150	54673.89895120451
i:200	54673.89895120451
i:250	54673.89895120451
i:300	54673.89895120451
i:350	54673.89895120451
i:400	54673.89895120451
i:450	54673.89895120451
i:500	54673.89895120451
i:550	54673.89895120451
i:600	54673.89895120451
i:650	54673.89895120451
best: 54673.89895120451
routes: [0, 46, 48, 47, 49, 50, 34, 35, 33, 32, 31, 40, 38, 37, 39, 36, 28, 30, 29, 27, 26, 3, 4, 5, 1, 2, 0, 45, 41, 44, 43, 42, 21, 24, 25, 23, 22, 7, 9, 8, 10, 6, 11, 12, 14, 13, 15, 17, 16, 20, 19, 18, 0]
Elapsed time: 37.19714856147766

i:0	78593.59891666535
i:50	54678.73610806599
i:100	54678.73610806599
i:150	54678.73610806599
i:200	54678.73610806599
i:250	54678.73610806599
i:300	54678.73610806599
i:350	54678.73610806599
i:400	54678.73610806599
i:450	54678.73610806599
i:500	54678.73610806599
i:550	54678.73610806599
i:600	54678.73610806599
i:650	54678.73610806599
best: 54678.73610806599
routes: [0, 1, 2, 4, 3, 5, 23, 25, 22, 21, 24, 7, 9, 8, 10, 6, 11, 12, 14, 13, 15, 17, 16, 20, 19, 18, 0, 45, 41, 44, 43, 42, 27, 26, 30, 29, 28, 39, 40, 38, 37, 36, 33, 32, 31, 34, 35, 48, 47, 49, 50, 46, 0]
Elapsed time: 32.6405565738678

i:0	84559.4783676313
i:50	54673.89895120451
i:100	54673.89895120451
i:150	54673.89895120451
i:200	54673.89895120451
i:250	54673.89895120451
i:300	54673.89895120451
i:350	54673.89895120451
i:400	54673.89895120451
i:450	54673.89895120451
i:500	54673.89895120451
i:550	54673.89895120451
i:600	54673.89895120451
i:650	54673.89895120451
best: 54673.89895120451
routes: [0, 46, 48, 47, 49, 50, 34, 35, 33, 32, 31, 40, 38, 37, 39, 36, 28, 30, 29, 27, 26, 3, 4, 5, 1, 2, 0, 45, 41, 44, 43, 42, 21, 24, 25, 23, 22, 7, 9, 8, 10, 6, 11, 12, 14, 13, 15, 17, 16, 20, 19, 18, 0]
Elapsed time: 34.61037516593933

i:0	79081.28909857388
i:50	54481.181572381785
i:100	54481.181572381785
i:150	54481.181572381785
i:200	54481.181572381785
i:250	54481.181572381785
i:300	54481.181572381785
i:350	54481.181572381785
i:400	54481.181572381785
i:450	54481.181572381785
i:500	54481.181572381785
i:550	54481.181572381785
i:600	54481.181572381785
i:650	54481.181572381785
best: 54481.181572381785
routes: [0, 45, 41, 44, 43, 42, 27, 26, 30, 29, 28, 39, 40, 38, 37, 36, 33, 32, 31, 34, 35, 48, 47, 49, 50, 46, 0, 19, 18, 17, 20, 16, 15, 13, 11, 12, 14, 6, 8, 10, 9, 7, 23, 25, 22, 21, 24, 5, 1, 4, 3, 2, 0]
Elapsed time: 35.794599771499634

i:0	84241.48490941916
i:50	54481.181572381785
i:100	54481.181572381785
i:150	54481.181572381785
i:200	54481.181572381785
i:250	54481.181572381785
i:300	54481.181572381785
i:350	54481.181572381785
i:400	54481.181572381785
i:450	54481.181572381785
i:500	54481.181572381785
i:550	54481.181572381785
i:600	54481.181572381785
i:650	54481.181572381785
best: 54481.181572381785
routes: [0, 45, 41, 44, 43, 42, 27, 26, 30, 29, 28, 39, 40, 38, 37, 36, 33, 32, 31, 34, 35, 48, 47, 49, 50, 46, 0, 19, 18, 17, 20, 16, 15, 13, 11, 12, 14, 6, 8, 10, 9, 7, 23, 25, 22, 21, 24, 5, 1, 4, 3, 2, 0]
Elapsed time: 36.584394216537476

i:0	84552.27051449212
i:50	58172.02893165353
i:100	56561.48113645789
i:150	56561.48113645789
i:200	56561.48113645789
i:250	56561.48113645789
i:300	56561.48113645789
i:350	56561.48113645789
i:400	56561.48113645789
i:450	56561.48113645789
i:500	56561.48113645789
i:550	56561.48113645789
i:600	56561.48113645789
i:650	56561.48113645789
best: 56561.48113645789
routes: [0, 5, 1, 2, 4, 3, 39, 40, 38, 37, 36, 28, 30, 29, 27, 26, 45, 41, 44, 43, 42, 21, 24, 25, 23, 22, 7, 9, 8, 10, 6, 0, 11, 12, 14, 13, 15, 16, 20, 17, 19, 18, 34, 35, 33, 32, 31, 48, 47, 49, 50, 46, 0]
Elapsed time: 40.096113443374634

i:0	80676.58118581427
i:50	56798.76708438847
i:100	56798.76708438847
i:150	56798.76708438847
i:200	56798.76708438847
i:250	56798.76708438847
i:300	56798.76708438847
i:350	56798.76708438847
i:400	56798.76708438847
i:450	56798.76708438847
i:500	56798.76708438847
i:550	56798.76708438847
i:600	56798.76708438847
i:650	56798.76708438847
best: 56798.76708438847
routes: [0, 19, 18, 20, 17, 16, 15, 13, 11, 12, 14, 6, 8, 7, 10, 9, 23, 25, 22, 21, 24, 5, 1, 4, 3, 2, 0, 50, 47, 49, 46, 48, 34, 35, 33, 32, 31, 40, 38, 37, 39, 36, 28, 30, 29, 27, 26, 45, 41, 44, 43, 42, 0]
Elapsed time: 39.348440408706665

i:0	82039.62096541202
i:50	57557.329516344
i:100	57557.329516344
i:150	57557.329516344
i:200	57557.329516344
i:250	57557.329516344
i:300	57557.329516344
i:350	57557.329516344
i:400	57557.329516344
i:450	57557.329516344
i:500	57557.329516344
i:550	57557.329516344
i:600	57557.329516344
i:650	57557.329516344
best: 57557.329516344
routes: [0, 39, 40, 38, 37, 36, 28, 30, 29, 27, 26, 45, 41, 44, 43, 42, 21, 24, 25, 23, 22, 0, 46, 48, 47, 49, 50, 34, 35, 33, 31, 32, 19, 18, 17, 20, 16, 15, 13, 11, 12, 14, 8, 7, 9, 10, 6, 5, 1, 4, 3, 2, 0]
Elapsed time: 37.80809426307678

i:0	79215.65966355831
i:50	55024.50798951213
i:100	55024.50798951213
i:150	55024.50798951213
i:200	55024.50798951213
i:250	55024.50798951213
i:300	55024.50798951213
i:350	55024.50798951213
i:400	55024.50798951213
i:450	55024.50798951213
i:500	55024.50798951213
i:550	55024.50798951213
i:600	55024.50798951213
i:650	55024.50798951213
best: 55024.50798951213
routes: [0, 46, 48, 47, 49, 50, 34, 35, 33, 32, 31, 40, 38, 37, 39, 36, 28, 30, 29, 27, 26, 0, 19, 18, 17, 20, 16, 15, 13, 11, 12, 14, 6, 10, 9, 8, 7, 23, 25, 22, 24, 21, 43, 42, 45, 41, 44, 4, 3, 2, 5, 1, 0]
Elapsed time: 36.26307487487793

mean: 55360.97189900071
std: 1089.438572277956
mean-time: 38.155799698829654
std-time: 4.810301221119337