i:0	118195.30125756457
i:50	90179.84755479184
i:100	87654.75099780053
i:150	83104.82761892799
i:200	81910.03314703667
i:250	81310.35592086434
i:300	80175.8664414993
i:350	77368.81675834474
i:400	77188.08262073518
i:450	76479.40270228543
i:500	76234.72005080609
i:550	75935.4472031916
i:600	75795.9954420609
i:650	75795.9954420609
best: 75795.9954420609
routes: [0, 61, 62, 63, 64, 65, 68, 67, 66, 69, 70, 31, 34, 33, 38, 39, 40, 35, 36, 37, 32, 0, 1, 2, 8, 6, 3, 4, 5, 10, 7, 9, 76, 77, 74, 71, 72, 73, 75, 78, 80, 79, 58, 60, 59, 57, 56, 53, 51, 52, 55, 54, 0, 43, 45, 42, 41, 44, 46, 49, 50, 47, 48, 14, 17, 19, 20, 18, 15, 12, 11, 13, 16, 22, 25, 27, 29, 30, 28, 26, 23, 21, 24, 0]
Elapsed time: 264.13910031318665

i:0	111227.8490480481
i:50	82394.4931273623
i:100	81443.76209087146
i:150	79964.24308139482
i:200	79294.6331175019
i:250	78919.73577587261
i:300	77163.51344716617
i:350	76751.78107082164
i:400	75523.04452612434
i:450	75078.64600375447
i:500	75078.64600375447
i:550	75078.64600375447
i:600	75078.64600375447
i:650	75078.64600375447
best: 75078.64600375447
routes: [0, 21, 25, 27, 29, 30, 28, 26, 24, 23, 22, 16, 20, 19, 17, 18, 15, 14, 12, 13, 11, 43, 41, 44, 46, 49, 50, 48, 47, 45, 42, 0, 61, 62, 63, 64, 65, 68, 67, 66, 69, 70, 31, 39, 40, 35, 36, 37, 38, 34, 33, 32, 0, 76, 77, 74, 71, 72, 73, 75, 78, 80, 79, 58, 60, 59, 57, 56, 53, 51, 52, 55, 54, 8, 7, 9, 10, 5, 6, 2, 1, 3, 4, 0]
Elapsed time: 231.76718950271606

i:0	117903.1824838146
i:50	84774.49352362825
i:100	78144.24502813279
i:150	77639.73715348824
i:200	74633.4722936428
i:250	72981.06028614727
i:300	72787.10292733277
i:350	72704.09447581506
i:400	72492.7708417355
i:450	71969.68135511606
i:500	71879.05437698904
i:550	71879.05437698904
i:600	71879.05437698904
i:650	71879.05437698904
best: 71879.05437698904
routes: [0, 31, 34, 38, 37, 40, 35, 36, 39, 33, 32, 30, 29, 27, 28, 25, 26, 24, 21, 23, 22, 0, 51, 52, 53, 56, 54, 55, 57, 59, 60, 58, 76, 77, 74, 71, 72, 73, 75, 78, 79, 80, 61, 62, 63, 64, 65, 68, 67, 66, 69, 70, 0, 13, 15, 18, 16, 20, 19, 17, 14, 12, 11, 43, 42, 41, 45, 44, 46, 49, 50, 47, 48, 10, 5, 6, 7, 9, 8, 2, 1, 3, 4, 0]
Elapsed time: 246.1990761756897

i:0	111362.92826375511
i:50	84869.80200167344
i:100	83724.23016223017
i:150	82845.54765477637
i:200	82196.87333908177
i:250	81822.84868464878
i:300	81463.28158319427
i:350	80504.48821057397
i:400	79640.69376285827
i:450	75111.9928466444
i:500	74660.65863710694
i:550	74660.65863710694
i:600	74660.65863710694
i:650	74660.65863710694
best: 74660.65863710694
routes: [0, 4, 5, 10, 6, 3, 1, 2, 8, 7, 9, 43, 42, 41, 44, 45, 47, 46, 49, 50, 48, 14, 12, 11, 13, 15, 17, 19, 20, 18, 16, 0, 21, 22, 23, 24, 26, 25, 29, 27, 28, 30, 35, 36, 37, 40, 39, 38, 32, 33, 34, 31, 69, 70, 66, 67, 68, 65, 64, 63, 61, 62, 0, 78, 75, 73, 72, 71, 74, 77, 76, 79, 80, 53, 51, 52, 55, 57, 59, 60, 58, 56, 54, 0]
Elapsed time: 241.60247945785522

i:0	125269.35429724981
i:50	81383.66132121533
i:100	79689.63478706684
i:150	79358.9646833417
i:200	79243.95989986995
i:250	77447.47089637449
i:300	74461.29099556443
i:350	72400.07307798503
i:400	72208.97812511325
i:450	71712.93328379092
i:500	70793.67976211442
i:550	70793.67976211442
i:600	70793.67976211442
i:650	70793.67976211442
best: 70793.67976211442
routes: [0, 31, 33, 34, 39, 40, 36, 35, 37, 38, 32, 21, 23, 22, 25, 27, 29, 30, 28, 26, 24, 0, 51, 52, 53, 56, 57, 55, 54, 59, 60, 58, 79, 80, 78, 75, 73, 72, 71, 74, 77, 76, 61, 62, 63, 64, 65, 68, 67, 66, 69, 70, 0, 4, 5, 6, 3, 1, 2, 8, 7, 9, 10, 43, 42, 41, 44, 45, 47, 46, 49, 50, 48, 14, 12, 11, 13, 15, 17, 19, 20, 18, 16, 0]
Elapsed time: 244.67238187789917

i:0	123841.52382913846
i:50	87360.75810659953
i:100	82120.06336091626
i:150	79818.8312240773
i:200	79299.36277743882
i:250	76461.81126085545
i:300	74827.23730912714
i:350	74214.11467507033
i:400	73824.16047150842
i:450	72237.62346720454
i:500	72050.3806070514
i:550	72050.3806070514
i:600	72050.3806070514
i:650	72050.3806070514
best: 72050.3806070514
routes: [0, 43, 42, 41, 44, 45, 47, 46, 49, 50, 48, 14, 12, 11, 13, 15, 18, 17, 19, 20, 16, 25, 27, 29, 30, 28, 26, 24, 21, 23, 22, 0, 4, 5, 10, 9, 7, 8, 2, 6, 3, 1, 31, 39, 40, 35, 36, 37, 38, 34, 33, 32, 0, 51, 52, 53, 56, 54, 55, 57, 59, 60, 58, 79, 77, 76, 74, 71, 72, 73, 75, 78, 80, 61, 62, 63, 64, 65, 68, 67, 66, 69, 70, 0]
Elapsed time: 253.58042907714844

i:0	126844.57485238144
i:50	84813.0820224337
i:100	82155.34539569615
i:150	81732.92063508548
i:200	80870.29274265336
i:250	80416.41706922425
i:300	78958.78682845288
i:350	78569.84528821241
i:400	78341.1754675359
i:450	76164.50088551642
i:500	75952.49724262349
i:550	75948.3457265769
i:600	75948.3457265769
i:650	75948.3457265769
best: 75948.3457265769
routes: [0, 61, 62, 63, 64, 65, 68, 67, 66, 69, 70, 31, 33, 32, 35, 36, 37, 40, 39, 38, 34, 0, 21, 24, 26, 23, 22, 25, 27, 28, 30, 29, 16, 15, 18, 20, 19, 17, 14, 12, 13, 11, 43, 42, 41, 45, 44, 46, 49, 50, 47, 48, 0, 79, 80, 78, 75, 73, 72, 71, 74, 77, 76, 58, 60, 59, 57, 56, 53, 51, 52, 55, 54, 8, 7, 9, 10, 5, 6, 2, 1, 3, 4, 0]
Elapsed time: 257.42264342308044

i:0	124022.82462780912
i:50	87767.40829148331
i:100	84385.9052787832
i:150	81817.05504060004
i:200	78217.82424700538
i:250	75734.09052261412
i:300	75211.60177982762
i:350	74613.20313552082
i:400	73342.80775043658
i:450	72928.86946345746
i:500	72578.7750333709
i:550	71997.33162580352
i:600	71997.33162580352
i:650	71997.33162580352
best: 70685.02966697275
routes: [0, 4, 5, 6, 10, 9, 7, 8, 2, 1, 3, 43, 42, 41, 45, 44, 46, 49, 50, 47, 48, 14, 12, 11, 13, 15, 18, 17, 19, 20, 16, 0, 51, 52, 53, 56, 54, 55, 57, 59, 60, 58, 79, 80, 77, 76, 74, 71, 72, 73, 75, 78, 61, 62, 63, 64, 65, 68, 67, 66, 69, 70, 0, 31, 39, 38, 37, 40, 35, 36, 34, 33, 32, 25, 27, 29, 30, 28, 26, 24, 21, 23, 22, 0]
Elapsed time: 295.4939515590668

i:0	115719.32590259262
i:50	89961.30870688449
i:100	84836.0704638288
i:150	83738.24940824667
i:200	82808.80612461922
i:250	80860.2894379278
i:300	79834.64517718871
i:350	78241.57651431733
i:400	76359.67234633371
i:450	75542.36835102578
i:500	75165.69265045124
i:550	75165.69265045124
i:600	75165.69265045124
i:650	75165.69265045124
best: 75165.69265045124
routes: [0, 80, 78, 75, 73, 72, 71, 74, 77, 76, 79, 58, 60, 59, 57, 56, 53, 51, 52, 55, 54, 0, 61, 62, 63, 64, 65, 68, 67, 66, 69, 70, 31, 39, 40, 35, 36, 37, 38, 34, 33, 32, 28, 30, 29, 27, 25, 26, 24, 21, 23, 22, 0, 13, 15, 18, 16, 20, 19, 17, 14, 12, 11, 43, 42, 41, 44, 45, 47, 46, 49, 50, 48, 10, 5, 6, 7, 9, 8, 2, 1, 3, 4, 0]
Elapsed time: 264.12666630744934

i:0	124929.29107954048
i:50	88032.46627920438
i:100	87386.67580644412
i:150	84468.34952180128
i:200	83259.86717102214
i:250	82238.88333505149
i:300	79653.53728374968
i:350	78280.18549681133
i:400	73030.34128975589
i:450	70685.65029851598
i:500	70587.43783685713
i:550	70587.43783685713
i:600	70587.09310537027
i:650	70587.09310537027
best: 70587.09310537027
routes: [0, 4, 1, 2, 3, 6, 5, 10, 7, 8, 9, 43, 42, 41, 44, 45, 47, 46, 49, 50, 48, 14, 12, 11, 13, 15, 17, 19, 20, 18, 16, 0, 31, 33, 34, 38, 39, 40, 35, 36, 37, 32, 24, 23, 22, 21, 25, 26, 27, 29, 30, 28, 0, 51, 52, 53, 56, 54, 55, 57, 59, 60, 58, 79, 80, 77, 76, 74, 71, 72, 73, 75, 78, 61, 62, 63, 64, 65, 68, 67, 66, 69, 70, 0]
Elapsed time: 257.95266580581665

mean: 73264.45759784484
std: 2139.791770179397
mean-time: 255.69565834999085
std-time: 16.497622600027377