i:0	123307.00802193974
i:50	90164.12696447165
i:100	89458.85678404238
i:150	88407.64233351174
i:200	86077.30629166363
i:250	85604.04454019749
i:300	84604.3914086963
i:350	84007.9545887857
i:400	82542.05432738256
i:450	81763.84176562961
i:500	81757.6067614311
i:550	81757.6067614311
i:600	81757.6067614311
i:650	81757.6067614311
best: 81757.6067614311
routes: [0, 51, 52, 53, 56, 55, 54, 57, 59, 60, 58, 76, 79, 77, 74, 71, 72, 73, 75, 78, 80, 0, 13, 15, 18, 16, 20, 19, 17, 14, 12, 11, 43, 48, 46, 49, 50, 47, 45, 44, 41, 42, 0, 4, 3, 6, 5, 10, 9, 7, 8, 2, 1, 61, 63, 65, 68, 67, 69, 70, 66, 64, 62, 0, 31, 39, 40, 35, 36, 37, 38, 34, 33, 32, 30, 28, 27, 29, 25, 26, 24, 21, 23, 22, 0]
Elapsed time: 234.10859966278076

i:0	128756.83792780293
i:50	93024.92602011736
i:100	90915.219755217
i:150	88559.91769583298
i:200	86063.03708321243
i:250	85617.29169980495
i:300	84246.6777725803
i:350	82882.15797371764
i:400	82339.22192306671
i:450	80625.86182525585
i:500	79905.620968098
i:550	79905.620968098
i:600	79905.620968098
i:650	79905.620968098
best: 79905.620968098
routes: [0, 4, 5, 6, 3, 1, 2, 8, 7, 10, 9, 41, 44, 46, 49, 50, 47, 45, 42, 43, 48, 0, 61, 62, 63, 64, 65, 68, 66, 67, 69, 70, 31, 34, 33, 38, 39, 40, 35, 36, 37, 32, 0, 11, 12, 13, 15, 14, 17, 19, 20, 18, 16, 25, 27, 29, 30, 28, 26, 24, 21, 23, 22, 0, 51, 52, 53, 56, 55, 54, 57, 59, 60, 58, 76, 79, 77, 74, 71, 72, 73, 75, 78, 80, 0]
Elapsed time: 256.89129734039307

i:0	118497.08532111609
i:50	88827.83379322983
i:100	87291.88312490244
i:150	85765.08992137222
i:200	85402.63194040337
i:250	84705.38585189282
i:300	82925.94018892944
i:350	80690.73102065932
i:400	80321.5460160762
i:450	79640.37094295814
i:500	78994.0203473647
i:550	78994.0203473647
i:600	78994.0203473647
i:650	78994.0203473647
best: 78994.0203473647
routes: [0, 21, 24, 23, 22, 25, 27, 29, 30, 28, 26, 16, 13, 11, 12, 15, 14, 17, 19, 20, 18, 0, 4, 1, 2, 3, 6, 5, 10, 7, 8, 9, 43, 45, 42, 41, 44, 46, 49, 50, 47, 48, 0, 51, 52, 53, 56, 54, 55, 57, 59, 60, 58, 76, 74, 71, 72, 73, 75, 78, 77, 79, 80, 0, 61, 62, 63, 64, 65, 68, 66, 67, 69, 70, 31, 34, 33, 38, 39, 40, 35, 36, 37, 32, 0]
Elapsed time: 236.21734166145325

i:0	122030.28309212647
i:50	90075.63715510776
i:100	88390.54891780148
i:150	87579.35748088208
i:200	87177.98148164956
i:250	86827.29473956599
i:300	86075.41583877779
i:350	85524.82880801991
i:400	84968.04613233235
i:450	84188.95140578994
i:500	83186.98630257988
i:550	83186.98630257988
i:600	83186.98630257988
i:650	83186.98630257988
best: 83186.98630257988
routes: [0, 4, 6, 5, 10, 9, 7, 8, 3, 2, 1, 61, 62, 63, 64, 65, 68, 66, 67, 69, 70, 0, 11, 13, 15, 18, 16, 20, 19, 17, 14, 12, 50, 49, 47, 45, 46, 44, 41, 42, 43, 48, 0, 31, 34, 33, 38, 39, 40, 36, 35, 37, 32, 21, 23, 25, 27, 29, 30, 28, 26, 24, 22, 0, 76, 74, 71, 72, 73, 75, 78, 77, 79, 80, 58, 60, 59, 57, 54, 55, 56, 53, 51, 52, 0]
Elapsed time: 244.32869482040405

i:0	126631.86310500753
i:50	91569.61505426974
i:100	91153.4667809763
i:150	89979.9643120135
i:200	89173.55616856905
i:250	87651.60731612338
i:300	86258.55718874914
i:350	84533.95225636888
i:400	83082.43626865944
i:450	82761.11937593989
i:500	82761.11937593989
i:550	82761.11937593989
i:600	82761.11937593989
i:650	82761.11937593989
best: 82761.11937593989
routes: [0, 76, 71, 72, 73, 75, 78, 74, 77, 79, 80, 58, 60, 59, 57, 54, 55, 56, 53, 51, 52, 0, 4, 5, 10, 9, 7, 8, 6, 3, 2, 1, 69, 70, 66, 67, 68, 65, 64, 63, 61, 62, 0, 13, 15, 17, 19, 20, 18, 16, 14, 12, 11, 43, 45, 47, 49, 50, 48, 46, 44, 41, 42, 0, 21, 22, 23, 24, 26, 25, 29, 27, 28, 30, 35, 36, 37, 40, 39, 38, 31, 34, 33, 32, 0]
Elapsed time: 224.80817317962646

i:0	118073.944128305
i:50	90841.70527012773
i:100	88978.93128908497
i:150	87352.89834761182
i:200	86050.76757171653
i:250	85334.37934835839
i:300	84004.60603636845
i:350	83063.15752073597
i:400	82451.5130564529
i:450	82111.2481573239
i:500	82111.2481573239
i:550	82111.2481573239
i:600	82111.2481573239
i:650	82111.2481573239
best: 82111.2481573239
routes: [0, 13, 14, 17, 19, 20, 18, 16, 15, 12, 11, 43, 45, 46, 49, 50, 48, 47, 44, 41, 42, 0, 4, 3, 6, 5, 10, 9, 7, 8, 2, 1, 61, 62, 63, 64, 65, 68, 66, 67, 69, 70, 0, 31, 34, 33, 38, 39, 40, 36, 35, 37, 32, 28, 30, 29, 27, 25, 26, 24, 21, 23, 22, 0, 76, 77, 74, 71, 72, 73, 75, 78, 80, 79, 58, 60, 59, 57, 54, 55, 56, 53, 51, 52, 0]
Elapsed time: 227.985004901886

i:0	128218.08422987166
i:50	89224.18979347762
i:100	85620.98886322886
i:150	85091.56664932365
i:200	84987.0853480708
i:250	83226.33194251667
i:300	82748.52329859324
i:350	82573.51937032165
i:400	81257.53923595726
i:450	80917.26847834168
i:500	80874.53614925282
i:550	80856.89909042278
i:600	80856.89909042278
i:650	80856.89909042278
best: 80856.89909042278
routes: [0, 43, 45, 42, 41, 44, 46, 49, 50, 47, 48, 14, 12, 11, 13, 15, 18, 17, 19, 20, 16, 0, 51, 52, 53, 56, 54, 55, 57, 59, 60, 58, 76, 74, 71, 72, 73, 75, 78, 77, 79, 80, 0, 31, 39, 40, 35, 36, 37, 38, 34, 33, 32, 21, 22, 25, 27, 29, 30, 28, 26, 23, 24, 0, 4, 1, 3, 6, 5, 10, 9, 7, 8, 2, 61, 62, 63, 66, 69, 70, 67, 68, 65, 64, 0]
Elapsed time: 230.04838800430298

i:0	115751.78574025721
i:50	89842.88718358043
i:100	87961.77780272817
i:150	85045.15890255204
i:200	83963.37710414059
i:250	83306.05408069465
i:300	82435.44435940335
i:350	81905.54038451935
i:400	81619.31274371172
i:450	81511.66323717339
i:500	80579.87130827385
i:550	80579.87130827385
i:600	80579.87130827385
i:650	80579.87130827385
best: 80579.87130827385
routes: [0, 21, 24, 23, 25, 27, 29, 30, 28, 26, 22, 16, 20, 19, 17, 18, 15, 14, 13, 11, 12, 0, 61, 62, 63, 64, 65, 68, 66, 67, 69, 70, 31, 39, 38, 37, 40, 35, 36, 32, 33, 34, 0, 4, 1, 3, 2, 8, 6, 5, 10, 7, 9, 43, 46, 49, 50, 48, 47, 45, 44, 41, 42, 0, 76, 74, 71, 72, 73, 75, 78, 77, 79, 80, 58, 60, 59, 57, 54, 55, 56, 53, 51, 52, 0]
Elapsed time: 233.04952955245972

i:0	124081.35940155509
i:50	91343.72401671382
i:100	86334.453794817
i:150	86041.33323079489
i:200	85156.58890914476
i:250	83868.33914424614
i:300	82689.34114957089
i:350	81880.83582023236
i:400	81104.87261169664
i:450	80354.93898127608
i:500	79979.73876445377
i:550	79976.332470938
i:600	79976.332470938
i:650	79976.332470938
best: 79976.332470938
routes: [0, 43, 45, 42, 41, 44, 46, 49, 50, 47, 48, 14, 12, 11, 13, 15, 18, 17, 19, 20, 16, 0, 51, 52, 53, 56, 54, 55, 57, 59, 60, 58, 79, 80, 76, 77, 74, 71, 72, 73, 75, 78, 0, 4, 5, 10, 7, 9, 8, 2, 6, 3, 1, 61, 62, 63, 64, 65, 68, 66, 67, 69, 70, 0, 31, 39, 38, 37, 40, 35, 36, 34, 33, 32, 28, 30, 29, 27, 25, 26, 24, 21, 23, 22, 0]
Elapsed time: 233.44463419914246

i:0	137352.1797474689
i:50	87406.7183282399
i:100	84446.62061682371
i:150	83647.01506758576
i:200	83335.57458938127
i:250	82680.67932447078
i:300	82253.84202925628
i:350	81128.28680857412
i:400	79930.78183799965
i:450	78455.90139816696
i:500	78455.90139816696
i:550	78455.90139816696
i:600	78455.90139816696
i:650	78455.90139816696
best: 78455.90139816696
routes: [0, 38, 39, 40, 35, 36, 37, 32, 33, 34, 31, 69, 70, 66, 67, 68, 65, 64, 63, 61, 62, 0, 51, 52, 53, 56, 54, 55, 57, 59, 60, 58, 76, 74, 71, 72, 73, 75, 78, 77, 79, 80, 0, 21, 24, 23, 25, 27, 29, 30, 28, 26, 22, 16, 13, 11, 12, 15, 14, 17, 19, 20, 18, 0, 4, 5, 6, 3, 1, 2, 8, 7, 9, 10, 43, 45, 42, 41, 44, 46, 49, 50, 47, 48, 0]
Elapsed time: 233.03215432167053

mean: 80858.56061805392
std: 1497.7375856452168
mean-time: 235.39138176441193
std-time: 8.687324275048107