i:0	113362.58919531739
i:50	87370.44195838174
i:100	82627.49555976939
i:150	81531.12860647649
i:200	81006.98904645546
i:250	80574.86720725548
i:300	79771.21665451211
i:350	79513.91599164122
i:400	79513.91599164122
i:450	79513.91599164122
i:500	79513.91599164122
i:550	79513.91599164122
i:600	79513.91599164122
i:650	79513.91599164122
best: 79513.91599164122
routes: [0, 73, 75, 74, 77, 80, 79, 78, 76, 52, 53, 50, 49, 51, 55, 56, 54, 25, 28, 27, 32, 30, 29, 31, 26, 0, 70, 68, 67, 66, 69, 65, 71, 72, 33, 36, 38, 39, 37, 34, 35, 40, 15, 12, 10, 9, 11, 13, 16, 14, 21, 23, 24, 22, 20, 17, 19, 18, 0, 4, 1, 3, 5, 6, 7, 8, 2, 63, 64, 61, 59, 58, 57, 62, 60, 48, 46, 47, 45, 44, 43, 41, 42, 0]
Elapsed time: 190.76421546936035

i:0	118006.17369444619
i:50	87168.69846743981
i:100	82774.56703222735
i:150	81706.438319209
i:200	81273.50518486301
i:250	80740.77374620404
i:300	80641.07623217296
i:350	80641.07623217296
i:400	80524.27328745725
i:450	80505.23958241708
i:500	80505.23958241708
i:550	80505.23958241708
i:600	80505.23958241708
i:650	80505.23958241708
best: 80505.23958241708
routes: [0, 4, 6, 5, 1, 3, 2, 8, 7, 33, 36, 38, 39, 37, 34, 35, 40, 9, 11, 13, 12, 10, 15, 16, 14, 0, 68, 70, 67, 69, 72, 71, 65, 66, 60, 57, 59, 58, 61, 64, 63, 62, 48, 46, 47, 45, 44, 43, 41, 42, 0, 78, 80, 79, 77, 75, 76, 73, 74, 55, 54, 56, 50, 49, 51, 53, 52, 25, 28, 27, 32, 30, 29, 31, 26, 24, 23, 21, 22, 20, 17, 19, 18, 0]
Elapsed time: 179.85093688964844

i:0	112805.72164871922
i:50	90921.50909434968
i:100	82785.39685307468
i:150	77598.64138939213
i:200	76729.9526790797
i:250	75923.89610870904
i:300	74978.45905550025
i:350	74886.26537062651
i:400	74886.26537062651
i:450	74886.26537062651
i:500	74886.26537062651
i:550	74886.26537062651
i:600	74886.26537062651
i:650	74886.26537062651
best: 74886.26537062651
routes: [0, 73, 74, 75, 76, 77, 80, 79, 78, 25, 27, 28, 32, 30, 29, 31, 26, 24, 23, 21, 22, 20, 17, 19, 18, 16, 13, 15, 12, 10, 9, 11, 14, 0, 35, 34, 37, 40, 39, 38, 36, 33, 72, 71, 65, 66, 69, 67, 70, 68, 8, 7, 5, 6, 2, 1, 3, 4, 0, 41, 42, 43, 46, 44, 45, 47, 48, 63, 62, 60, 58, 57, 59, 61, 64, 50, 49, 51, 52, 53, 55, 56, 54, 0]
Elapsed time: 194.27362489700317

i:0	116373.73419056792
i:50	91126.38926223136
i:100	87981.17256697957
i:150	87981.17256697957
i:200	87653.72257264066
i:250	87653.72257264066
i:300	81608.87069212153
i:350	79845.1689668238
i:400	79813.8798171133
i:450	79813.8798171133
i:500	79813.8798171133
i:550	79813.8798171133
i:600	79813.8798171133
i:650	79813.8798171133
best: 79813.8798171133
routes: [0, 73, 74, 79, 77, 80, 75, 78, 76, 54, 55, 56, 53, 51, 49, 50, 52, 25, 28, 27, 32, 30, 29, 31, 26, 0, 17, 19, 20, 18, 21, 22, 24, 23, 14, 11, 16, 13, 15, 12, 10, 9, 35, 40, 39, 37, 38, 36, 34, 33, 72, 71, 65, 66, 69, 67, 70, 68, 0, 4, 1, 3, 5, 6, 7, 8, 2, 60, 57, 59, 58, 61, 64, 63, 62, 48, 42, 41, 43, 46, 47, 45, 44, 0]
Elapsed time: 215.2543032169342

i:0	115155.86938582663
i:50	91044.6790177661
i:100	82020.4691130579
i:150	81282.82618474681
i:200	80905.94787219515
i:250	78268.45224109325
i:300	76491.30339504562
i:350	75899.84169605427
i:400	75899.84169605427
i:450	75899.84169605427
i:500	75899.84169605427
i:550	75899.84169605427
i:600	75899.84169605427
i:650	75899.84169605427
best: 75899.84169605427
routes: [0, 11, 14, 16, 13, 15, 12, 10, 9, 40, 39, 38, 36, 37, 35, 34, 33, 72, 71, 65, 66, 69, 67, 70, 68, 44, 45, 47, 48, 46, 43, 41, 42, 0, 4, 1, 3, 5, 6, 7, 8, 2, 63, 62, 60, 57, 59, 58, 61, 64, 50, 49, 51, 52, 53, 56, 54, 55, 80, 79, 78, 76, 77, 75, 73, 74, 0, 25, 28, 27, 32, 30, 29, 31, 26, 22, 24, 23, 21, 18, 17, 19, 20, 0]
Elapsed time: 196.46736860275269

i:0	122432.6414692852
i:50	91382.6018801143
i:100	87519.51914971015
i:150	82909.03367386325
i:200	80399.7467696858
i:250	79826.66806385704
i:300	79028.50515436711
i:350	78976.15023198238
i:400	78976.15023198238
i:450	78976.15023198238
i:500	78976.15023198238
i:550	78976.15023198238
i:600	78976.15023198238
i:650	78976.15023198238
best: 78976.15023198238
routes: [0, 41, 42, 43, 48, 46, 47, 45, 44, 68, 70, 67, 66, 69, 65, 71, 72, 33, 35, 40, 39, 38, 36, 37, 34, 0, 75, 76, 77, 80, 79, 78, 73, 74, 63, 62, 60, 57, 59, 58, 61, 64, 50, 49, 51, 52, 53, 55, 56, 54, 0, 4, 3, 1, 2, 7, 8, 6, 5, 9, 10, 12, 11, 13, 15, 16, 14, 18, 17, 19, 21, 23, 24, 22, 20, 26, 30, 29, 31, 32, 25, 27, 28, 0]
Elapsed time: 192.23418760299683

i:0	128306.2745021014
i:50	92719.0730534719
i:100	90471.85054096399
i:150	90351.44694758099
i:200	89744.46792868606
i:250	81225.09581128162
i:300	79027.34930429069
i:350	77584.19836691447
i:400	77584.19836691447
i:450	77398.48551438542
i:500	77398.48551438542
i:550	77398.48551438542
i:600	77398.48551438542
i:650	77398.48551438542
best: 77398.48551438542
routes: [0, 75, 76, 77, 80, 79, 78, 73, 74, 63, 62, 60, 57, 59, 58, 61, 64, 50, 49, 51, 54, 55, 56, 53, 52, 0, 35, 34, 37, 40, 39, 38, 36, 33, 72, 71, 65, 66, 69, 67, 70, 68, 44, 45, 47, 48, 46, 43, 41, 42, 2, 1, 3, 6, 7, 8, 5, 4, 0, 11, 9, 10, 12, 13, 15, 16, 14, 18, 17, 19, 20, 22, 21, 23, 24, 30, 29, 31, 32, 25, 28, 27, 26, 0]
Elapsed time: 199.72705745697021

i:0	118305.87874626444
i:50	89582.75488367796
i:100	89582.75488367796
i:150	83395.9299000082
i:200	79672.42008856456
i:250	78432.92497030404
i:300	77223.54860655467
i:350	77124.5524656334
i:400	77124.5524656334
i:450	77124.5524656334
i:500	77124.5524656334
i:550	77124.5524656334
i:600	77124.5524656334
i:650	77124.5524656334
best: 77124.5524656334
routes: [0, 41, 42, 43, 48, 46, 47, 45, 44, 68, 70, 67, 66, 69, 65, 71, 72, 33, 35, 40, 39, 38, 36, 37, 34, 0, 73, 74, 75, 76, 77, 79, 78, 80, 54, 55, 56, 53, 52, 51, 50, 49, 64, 61, 59, 58, 57, 63, 60, 62, 0, 25, 32, 30, 29, 31, 28, 27, 26, 24, 21, 23, 22, 20, 17, 19, 18, 14, 16, 13, 15, 12, 11, 9, 10, 5, 6, 7, 8, 2, 1, 3, 4, 0]
Elapsed time: 187.52624464035034

i:0	118863.37940877388
i:50	88775.64746042452
i:100	82976.26624428296
i:150	82083.03404799079
i:200	81201.5086498447
i:250	80599.82372488172
i:300	80030.78050919002
i:350	79961.12430429738
i:400	79961.12430429738
i:450	79261.9864617589
i:500	79261.9864617589
i:550	79261.9864617589
i:600	79261.9864617589
i:650	79261.9864617589
best: 79261.9864617589
routes: [0, 73, 74, 75, 77, 80, 79, 78, 76, 50, 49, 51, 52, 53, 55, 56, 54, 25, 28, 27, 32, 30, 29, 31, 26, 0, 60, 58, 57, 59, 61, 64, 63, 62, 48, 42, 41, 43, 46, 47, 45, 44, 7, 8, 2, 1, 3, 6, 5, 4, 0, 70, 68, 67, 66, 69, 65, 71, 72, 33, 36, 38, 39, 37, 34, 35, 40, 12, 10, 9, 11, 13, 15, 16, 14, 21, 23, 24, 22, 20, 17, 19, 18, 0]
Elapsed time: 185.4837613105774

i:0	117653.34969966051
i:50	85140.83122089341
i:100	82920.87137528734
i:150	79147.26277679084
i:200	78075.20303703644
i:250	77423.90741915502
i:300	76999.8635814028
i:350	76565.15781423458
i:400	76546.42019344425
i:450	76360.7073409152
i:500	74849.62874178945
i:550	74849.62874178945
i:600	74849.62874178945
i:650	74849.62874178945
best: 74849.62874178945
routes: [0, 35, 40, 39, 38, 36, 37, 34, 33, 72, 71, 65, 66, 69, 67, 68, 70, 7, 8, 2, 1, 3, 6, 5, 4, 0, 41, 42, 43, 46, 44, 45, 47, 48, 63, 62, 60, 58, 57, 59, 61, 64, 50, 49, 51, 54, 55, 56, 53, 52, 0, 73, 74, 75, 76, 77, 80, 79, 78, 25, 28, 27, 26, 32, 31, 30, 29, 24, 23, 21, 22, 20, 17, 19, 18, 14, 16, 13, 15, 12, 11, 9, 10, 0]
Elapsed time: 190.4167308807373

mean: 77822.99458734019
std: 1981.1504814153905
mean-time: 193.1998430967331
std-time: 9.08495949008135