i:0	140026.0245018438
i:50	95686.37443747172
i:100	90308.61954842453
i:150	89715.12123981376
i:200	88488.14202800776
i:250	87727.01292418972
i:300	87652.13294291787
i:350	87379.67280324518
i:400	87379.67280324518
i:450	87379.67280324518
i:500	87379.67280324518
i:550	87379.67280324518
i:600	87379.67280324518
i:650	87379.67280324518
best: 87379.67280324518
routes: [0, 4, 3, 1, 2, 7, 8, 6, 5, 9, 11, 10, 12, 13, 15, 16, 14, 0, 41, 42, 43, 46, 44, 45, 47, 48, 63, 62, 60, 58, 57, 59, 61, 64, 0, 73, 74, 75, 76, 77, 80, 79, 78, 54, 55, 56, 53, 50, 49, 51, 52, 0, 35, 40, 39, 38, 36, 37, 34, 33, 71, 72, 69, 67, 65, 66, 70, 68, 0, 25, 27, 28, 26, 32, 31, 30, 29, 24, 23, 22, 21, 18, 17, 19, 20, 0]
Elapsed time: 156.89640760421753

i:0	125118.25650888373
i:50	96581.72016421394
i:100	95821.46966194955
i:150	95065.19414719561
i:200	91309.20828812454
i:250	89811.2438310852
i:300	89811.2438310852
i:350	89416.75613237986
i:400	89416.75613237986
i:450	89416.75613237986
i:500	89416.75613237986
i:550	89416.75613237986
i:600	89416.75613237986
i:650	89416.75613237986
best: 89416.75613237986
routes: [0, 73, 74, 75, 77, 80, 79, 78, 76, 50, 49, 51, 52, 53, 55, 56, 54, 0, 35, 34, 33, 36, 38, 39, 37, 40, 12, 10, 9, 11, 13, 15, 16, 14, 0, 17, 19, 18, 21, 24, 23, 22, 20, 27, 26, 30, 29, 31, 32, 25, 28, 0, 4, 1, 2, 3, 5, 6, 7, 8, 70, 65, 66, 71, 72, 69, 67, 68, 0, 41, 42, 43, 46, 44, 45, 47, 48, 60, 63, 64, 61, 59, 58, 57, 62, 0]
Elapsed time: 155.96724605560303

i:0	126652.02030717723
i:50	96073.67357178741
i:100	93662.8390754624
i:150	92218.61364191867
i:200	90761.11114154961
i:250	89458.26138941201
i:300	88974.41728125047
i:350	88548.6939003317
i:400	88353.12174880608
i:450	88353.12174880608
i:500	88353.12174880608
i:550	88353.12174880608
i:600	88353.12174880608
i:650	88353.12174880608
best: 88353.12174880608
routes: [0, 25, 28, 27, 26, 32, 31, 30, 29, 24, 23, 21, 22, 20, 17, 19, 18, 0, 70, 68, 67, 69, 65, 66, 71, 72, 33, 35, 40, 39, 38, 36, 37, 34, 0, 41, 42, 43, 46, 44, 45, 47, 48, 63, 64, 61, 59, 58, 57, 62, 60, 0, 4, 3, 1, 2, 7, 8, 6, 5, 9, 11, 10, 12, 13, 15, 16, 14, 0, 54, 55, 56, 53, 52, 51, 50, 49, 73, 74, 75, 76, 77, 80, 79, 78, 0]
Elapsed time: 159.14023995399475

i:0	134988.32201230334
i:50	92211.38977927464
i:100	90925.64532275381
i:150	89777.97100028482
i:200	88039.97882455308
i:250	87625.25354348491
i:300	87625.25354348491
i:350	87494.7507682884
i:400	87494.7507682884
i:450	86817.63059084829
i:500	86652.95523675226
i:550	86652.95523675226
i:600	86652.95523675226
i:650	86652.95523675226
best: 86652.95523675226
routes: [0, 73, 74, 75, 76, 77, 80, 79, 78, 54, 55, 56, 53, 50, 49, 51, 52, 0, 4, 3, 1, 2, 7, 8, 6, 5, 9, 11, 10, 12, 13, 15, 16, 14, 0, 35, 40, 39, 38, 36, 37, 34, 33, 71, 72, 69, 67, 65, 66, 70, 68, 0, 25, 28, 27, 26, 32, 31, 30, 29, 24, 23, 21, 22, 20, 17, 19, 18, 0, 41, 42, 43, 46, 44, 45, 47, 48, 63, 64, 61, 59, 58, 57, 62, 60, 0]
Elapsed time: 150.1104691028595

i:0	124622.15580375916
i:50	91192.87051130043
i:100	91156.38362533634
i:150	90676.1165204263
i:200	90676.1165204263
i:250	90480.54436890068
i:300	89904.91621136694
i:350	89408.45977103103
i:400	89408.45977103103
i:450	89408.45977103103
i:500	89408.45977103103
i:550	89408.45977103103
i:600	89408.45977103103
i:650	89408.45977103103
best: 89408.45977103103
routes: [0, 4, 5, 6, 3, 1, 2, 8, 7, 68, 67, 69, 72, 71, 65, 66, 70, 0, 25, 28, 27, 26, 32, 31, 30, 29, 24, 23, 21, 22, 20, 17, 19, 18, 0, 11, 14, 13, 15, 16, 12, 10, 9, 40, 39, 37, 38, 36, 33, 35, 34, 0, 41, 42, 43, 46, 44, 45, 47, 48, 63, 64, 61, 59, 58, 57, 62, 60, 0, 50, 49, 51, 52, 53, 56, 54, 55, 80, 79, 78, 76, 77, 75, 73, 74, 0]
Elapsed time: 145.98840379714966

i:0	121688.7502006464
i:50	96288.53726773657
i:100	93103.87820635902
i:150	89202.57199678823
i:200	87835.68345127194
i:250	87518.9701354118
i:300	87354.96144125971
i:350	87354.96144125971
i:400	87354.96144125971
i:450	87354.96144125971
i:500	87354.96144125971
i:550	87354.96144125971
i:600	87354.96144125971
i:650	87354.96144125971
best: 87354.96144125971
routes: [0, 25, 28, 27, 26, 32, 31, 30, 29, 24, 23, 21, 22, 20, 17, 19, 18, 0, 73, 74, 75, 76, 77, 80, 79, 78, 54, 55, 56, 53, 50, 49, 51, 52, 0, 35, 34, 37, 40, 39, 38, 36, 33, 71, 72, 69, 67, 65, 66, 70, 68, 0, 4, 5, 6, 3, 1, 2, 8, 7, 9, 11, 10, 12, 13, 15, 16, 14, 0, 60, 58, 57, 59, 61, 64, 63, 62, 48, 43, 41, 42, 46, 47, 45, 44, 0]
Elapsed time: 151.19435000419617

i:0	120831.5486166139
i:50	97433.18878735031
i:100	95299.60353808309
i:150	91069.83187936901
i:200	89110.24256979235
i:250	88813.31937927092
i:300	88813.31937927092
i:350	88813.31937927092
i:400	88813.31937927092
i:450	88813.31937927092
i:500	88813.31937927092
i:550	88813.31937927092
i:600	88813.31937927092
i:650	88813.31937927092
best: 88813.31937927092
routes: [0, 41, 42, 43, 46, 44, 45, 47, 48, 63, 64, 61, 59, 58, 57, 62, 60, 0, 4, 1, 2, 3, 5, 6, 7, 8, 68, 67, 69, 72, 71, 65, 66, 70, 0, 73, 74, 75, 77, 80, 79, 78, 76, 50, 49, 51, 52, 53, 55, 56, 54, 0, 35, 34, 33, 36, 38, 39, 37, 40, 15, 16, 13, 12, 10, 9, 11, 14, 0, 25, 28, 27, 26, 32, 31, 30, 29, 24, 23, 21, 22, 17, 19, 18, 20, 0]
Elapsed time: 154.5066659450531

i:0	139080.28697948155
i:50	96879.9319625964
i:100	93688.4149212747
i:150	88874.60677944355
i:200	87700.8607507403
i:250	87572.22899349366
i:300	87455.44730852103
i:350	87420.0168988081
i:400	87420.0168988081
i:450	87420.0168988081
i:500	87420.0168988081
i:550	87420.0168988081
i:600	87420.0168988081
i:650	87420.0168988081
best: 87420.0168988081
routes: [0, 35, 40, 39, 38, 36, 37, 34, 33, 71, 72, 69, 67, 65, 66, 70, 68, 0, 4, 5, 6, 3, 1, 2, 8, 7, 9, 11, 10, 12, 13, 15, 16, 14, 0, 75, 77, 80, 79, 78, 76, 73, 74, 49, 54, 55, 56, 53, 52, 51, 50, 0, 25, 28, 27, 26, 32, 31, 30, 29, 24, 23, 21, 22, 20, 17, 19, 18, 0, 41, 42, 43, 46, 44, 45, 47, 48, 63, 64, 61, 59, 58, 57, 62, 60, 0]
Elapsed time: 152.168550491333

i:0	120059.82710751501
i:50	96524.49712717859
i:100	95257.01249800969
i:150	89361.02285080835
i:200	88478.38583881402
i:250	88239.87823712382
i:300	87879.06486274835
i:350	87879.06486274835
i:400	87879.06486274835
i:450	87879.06486274835
i:500	87879.06486274835
i:550	87879.06486274835
i:600	87879.06486274835
i:650	87879.06486274835
best: 87879.06486274835
routes: [0, 35, 34, 33, 36, 38, 39, 37, 40, 15, 16, 13, 12, 10, 9, 11, 14, 0, 73, 74, 75, 76, 77, 80, 79, 78, 54, 55, 56, 53, 50, 49, 51, 52, 0, 25, 28, 27, 26, 32, 31, 30, 29, 24, 23, 21, 22, 20, 17, 19, 18, 0, 4, 1, 2, 3, 5, 6, 7, 8, 70, 68, 67, 69, 72, 71, 65, 66, 0, 41, 42, 43, 46, 44, 45, 47, 48, 63, 64, 61, 59, 58, 57, 62, 60, 0]
Elapsed time: 155.2455770969391

i:0	119267.84877600291
i:50	91260.93899486893
i:100	90188.1174627102
i:150	89685.90960546226
i:200	89230.83325265202
i:250	89230.83325265202
i:300	89230.83325265202
i:350	89230.83325265202
i:400	89230.83325265202
i:450	89230.83325265202
i:500	89230.83325265202
i:550	89230.83325265202
i:600	89230.83325265202
i:650	89230.83325265202
best: 89230.83325265202
routes: [0, 9, 11, 14, 13, 15, 16, 12, 10, 5, 7, 8, 6, 2, 1, 3, 4, 0, 35, 40, 39, 38, 36, 37, 34, 33, 71, 72, 69, 67, 65, 66, 70, 68, 0, 73, 74, 75, 77, 80, 79, 78, 76, 50, 49, 51, 52, 53, 55, 56, 54, 0, 60, 58, 57, 59, 61, 64, 63, 62, 48, 46, 47, 45, 44, 43, 41, 42, 0, 27, 28, 25, 32, 31, 30, 29, 26, 24, 23, 21, 22, 20, 19, 17, 18, 0]
Elapsed time: 144.55071306228638

mean: 88190.91615269535
std: 943.0809531656921
mean-time: 152.57686231136321
std-time: 4.472865880664685